-.140000  -.980000    0.0000049146705310
-.100000  -.980000    0.0000066822853383
-.060000  -.980000    0.0000073534292426
-.020000  -.980000    0.0000075580947980
0.020000  -.980000    0.0000080059229300
0.060000  -.980000    0.0000087384396429
0.100000  -.980000    0.0000092901996741
0.140000  -.980000    0.0000096894583366
0.180000  -.980000    0.0000107274819425
-.300000  -.940000    0.0000002316781687
-.260000  -.940000    0.0000042298777461
-.220000  -.940000    0.0000054330213373
-.180000  -.940000    0.0000062143040837
-.140000  -.940000    0.0000065783058890
-.100000  -.940000    0.0000071286104983
-.060000  -.940000    0.0000070963908302
-.020000  -.940000    0.0000073677588408
0.020000  -.940000    0.0000075511915059
0.060000  -.940000    0.0000076770774143
0.100000  -.940000    0.0000080994723452
0.140000  -.940000    0.0000081788994402
0.180000  -.940000    0.0000085483409249
0.220000  -.940000    0.0000089059303642
0.260000  -.940000    0.0000095198680708
0.300000  -.940000    0.0000101780794071
0.340000  -.940000    0.0000125410011701
-.380000  -.900000    0.0000006730405803
-.340000  -.900000    0.0000037958226041
-.300000  -.900000    0.0000049167808319
-.260000  -.900000    0.0000057066220498
-.220000  -.900000    0.0000061100598183
-.180000  -.900000    0.0000062706422008
-.140000  -.900000    0.0000066711447187
-.100000  -.900000    0.0000065540565787
-.060000  -.900000    0.0000067406624895
-.020000  -.900000    0.0000068512698132
0.020000  -.900000    0.0000069169942600
0.060000  -.900000    0.0000069606791175
0.100000  -.900000    0.0000069962704586
0.140000  -.900000    0.0000073116933633
0.180000  -.900000    0.0000073834864728
0.220000  -.900000    0.0000077146949651
0.260000  -.900000    0.0000080571144436
0.300000  -.900000    0.0000084361340739
0.340000  -.900000    0.0000090090069235
0.380000  -.900000    0.0000096792195288
0.420000  -.900000    0.0000109038027857
-.420000  -.860000    0.0000025703753761
-.380000  -.860000    0.0000040864968948
-.340000  -.860000    0.0000050971232547
-.300000  -.860000    0.0000056581232487
-.260000  -.860000    0.0000059372741103
-.220000  -.860000    0.0000060185707700
-.180000  -.860000    0.0000063397545784
-.140000  -.860000    0.0000061780819837
-.100000  -.860000    0.0000062973554936
-.060000  -.860000    0.0000063370376034
-.020000  -.860000    0.0000063306186449
0.020000  -.860000    0.0000063056690364
0.060000  -.860000    0.0000062832773935
0.100000  -.860000    0.0000062773386220
0.140000  -.860000    0.0000062943188584
0.180000  -.860000    0.0000065409388883
0.220000  -.860000    0.0000066502405995
0.260000  -.860000    0.0000069686169068
0.300000  -.860000    0.0000073193957132
0.340000  -.860000    0.0000077234218625
0.380000  -.860000    0.0000081893905355
0.420000  -.860000    0.0000088118146293
0.460000  -.860000    0.0000096156621069
0.500000  -.860000    0.0000110962367622
-.500000  -.820000    0.0000005107816561
-.460000  -.820000    0.0000029562197102
-.420000  -.820000    0.0000044071294822
-.380000  -.820000    0.0000048531717345
-.340000  -.820000    0.0000053331758601
-.300000  -.820000    0.0000055651123107
-.260000  -.820000    0.0000060096403432
-.220000  -.820000    0.0000059266408897
-.180000  -.820000    0.0000060807539665
-.140000  -.820000    0.0000058227993624
-.100000  -.820000    0.0000058309118116
-.060000  -.820000    0.0000057781411585
-.020000  -.820000    0.0000056949456252
0.020000  -.820000    0.0000056071024475
0.060000  -.820000    0.0000055347390355
0.100000  -.820000    0.0000054920296815
0.140000  -.820000    0.0000054864902427
0.180000  -.820000    0.0000056590389147
0.220000  -.820000    0.0000057737105701
0.260000  -.820000    0.0000060341448011
0.300000  -.820000    0.0000062781036168
0.340000  -.820000    0.0000066729154880
0.380000  -.820000    0.0000071233316722
0.420000  -.820000    0.0000076598338160
0.460000  -.820000    0.0000082650273033
0.500000  -.820000    0.0000089804365311
0.540000  -.820000    0.0000099515835576
-.540000  -.780000    0.0000010463389293
-.500000  -.780000    0.0000030854026861
-.460000  -.780000    0.0000040162927646
-.420000  -.780000    0.0000048021867359
-.380000  -.780000    0.0000052674734461
-.340000  -.780000    0.0000054987790734
-.300000  -.780000    0.0000055468912613
-.260000  -.780000    0.0000058418851512
-.220000  -.780000    0.0000056436455637
-.180000  -.780000    0.0000057016352124
-.140000  -.780000    0.0000053616314777
-.100000  -.780000    0.0000053043369837
-.060000  -.780000    0.0000051962027733
-.020000  -.780000    0.0000050653171489
0.020000  -.780000    0.0000049368077154
0.060000  -.780000    0.0000048306717937
0.100000  -.780000    0.0000047613142201
0.140000  -.780000    0.0000047372954245
0.180000  -.780000    0.0000048650773599
0.220000  -.780000    0.0000049744005131
0.260000  -.780000    0.0000051925949352
0.300000  -.780000    0.0000054526470744
0.340000  -.780000    0.0000058172446016
0.380000  -.780000    0.0000062433480645
0.420000  -.780000    0.0000067412772169
0.460000  -.780000    0.0000073098669862
0.500000  -.780000    0.0000079297502324
0.540000  -.780000    0.0000086388198155
0.580000  -.780000    0.0000094919145489
0.620000  -.780000    0.0000111407242814
-.580000  -.740000    0.0000010373361643
-.540000  -.740000    0.0000029067562306
-.500000  -.740000    0.0000041832532524
-.460000  -.740000    0.0000045973992117
-.420000  -.740000    0.0000050887635624
-.380000  -.740000    0.0000053497329221
-.340000  -.740000    0.0000054255261222
-.300000  -.740000    0.0000057432491413
-.260000  -.740000    0.0000055593024889
-.220000  -.740000    0.0000056096924323
-.180000  -.740000    0.0000052767308122
-.140000  -.740000    0.0000051845665231
-.100000  -.740000    0.0000050235473421
-.060000  -.740000    0.0000046422076619
-.020000  -.740000    0.0000044890623507
0.020000  -.740000    0.0000043411742530
0.060000  -.740000    0.0000042183087957
0.100000  -.740000    0.0000041993622368
0.140000  -.740000    0.0000041719645661
0.180000  -.740000    0.0000042115750029
0.220000  -.740000    0.0000042980109920
0.260000  -.740000    0.0000045069029443
0.300000  -.740000    0.0000047345103453
0.340000  -.740000    0.0000051100861562
0.380000  -.740000    0.0000055120286550
0.420000  -.740000    0.0000059872236709
0.460000  -.740000    0.0000065407959079
0.500000  -.740000    0.0000070690937249
0.540000  -.740000    0.0000077977375260
0.580000  -.740000    0.0000085132254044
0.620000  -.740000    0.0000093021402403
0.660000  -.740000    0.0000106233309447
-.620000  -.700000    0.0000008108401974
-.580000  -.700000    0.0000028139196938
-.540000  -.700000    0.0000038078226084
-.500000  -.700000    0.0000046661009471
-.460000  -.700000    0.0000052132268767
-.420000  -.700000    0.0000051200193088
-.380000  -.700000    0.0000056554859580
-.340000  -.700000    0.0000056304301575
-.300000  -.700000    0.0000054745771539
-.260000  -.700000    0.0000055605333351
-.220000  -.700000    0.0000052349498133
-.180000  -.700000    0.0000051400192034
-.140000  -.700000    0.0000047311463769
-.100000  -.700000    0.0000045658503572
-.060000  -.700000    0.0000043639288015
-.020000  -.700000    0.0000041542609531
0.020000  -.700000    0.0000039627418758
0.060000  -.700000    0.0000038103330855
0.100000  -.700000    0.0000037127407065
0.140000  -.700000    0.0000036797837957
0.180000  -.700000    0.0000036628664885
0.220000  -.700000    0.0000037955609409
0.260000  -.700000    0.0000038886155243
0.300000  -.700000    0.0000042109096251
0.340000  -.700000    0.0000044790301687
0.380000  -.700000    0.0000048267920395
0.420000  -.700000    0.0000054233730201
0.460000  -.700000    0.0000057959990184
0.500000  -.700000    0.0000064168890802
0.540000  -.700000    0.0000071208389037
0.580000  -.700000    0.0000077305401289
0.620000  -.700000    0.0000084534130460
0.660000  -.700000    0.0000092035067134
0.700000  -.700000    0.0000104364214461
-.660000  -.660000    0.0000002636631557
-.620000  -.660000    0.0000022329754593
-.580000  -.660000    0.0000036453627331
-.540000  -.660000    0.0000042126545551
-.500000  -.660000    0.0000048436152062
-.460000  -.660000    0.0000052382055586
-.420000  -.660000    0.0000054375525253
-.380000  -.660000    0.0000054712343446
-.340000  -.660000    0.0000053619637940
-.300000  -.660000    0.0000055290441619
-.260000  -.660000    0.0000052201535088
-.220000  -.660000    0.0000051633825348
-.180000  -.660000    0.0000047500792181
-.140000  -.660000    0.0000045814875348
-.100000  -.660000    0.0000043515961540
-.060000  -.660000    0.0000040920348189
-.020000  -.660000    0.0000038342376845
0.020000  -.660000    0.0000036056076306
0.060000  -.660000    0.0000034283314395
0.100000  -.660000    0.0000033188394015
0.140000  -.660000    0.0000032875253648
0.180000  -.660000    0.0000033387736844
0.220000  -.660000    0.0000033193568867
0.260000  -.660000    0.0000035645790394
0.300000  -.660000    0.0000036985915119
0.340000  -.660000    0.0000041400607551
0.380000  -.660000    0.0000044673884295
0.420000  -.660000    0.0000048814012153
0.460000  -.660000    0.0000053875521144
0.500000  -.660000    0.0000059842356339
0.540000  -.660000    0.0000066638080332
0.580000  -.660000    0.0000071996926179
0.620000  -.660000    0.0000080519276846
0.660000  -.660000    0.0000085563596656
0.700000  -.660000    0.0000093096830121
0.740000  -.660000    0.0000106511804727
-.660000  -.620000    0.0000017465543049
-.620000  -.620000    0.0000033174345985
-.580000  -.620000    0.0000040259161432
-.540000  -.620000    0.0000047639819323
-.500000  -.620000    0.0000052553347070
-.460000  -.620000    0.0000055435230700
-.420000  -.620000    0.0000056593232701
-.380000  -.620000    0.0000056261726094
-.340000  -.620000    0.0000054635356047
-.300000  -.620000    0.0000051892468044
-.260000  -.620000    0.0000052161110167
-.220000  -.620000    0.0000048048655618
-.180000  -.620000    0.0000046718656906
-.140000  -.620000    0.0000044472520809
-.100000  -.620000    0.0000041633559037
-.060000  -.620000    0.0000038033614080
-.020000  -.620000    0.0000035775138892
0.020000  -.620000    0.0000033742309292
0.060000  -.620000    0.0000032170697670
0.100000  -.620000    0.0000029786519572
0.140000  -.620000    0.0000029501415244
0.180000  -.620000    0.0000030171004260
0.220000  -.620000    0.0000031776512345
0.260000  -.620000    0.0000031945798148
0.300000  -.620000    0.0000035625851728
0.340000  -.620000    0.0000037611571307
0.380000  -.620000    0.0000040427453689
0.420000  -.620000    0.0000044222997173
0.460000  -.620000    0.0000049034852065
0.500000  -.620000    0.0000054833008701
0.540000  -.620000    0.0000061536927989
0.580000  -.620000    0.0000069049896459
0.620000  -.620000    0.0000074441247468
0.660000  -.620000    0.0000083642234429
0.700000  -.620000    0.0000088465054828
0.740000  -.620000    0.0000096444949273
0.780000  -.620000    0.0000109512141533
-.700000  -.580000    0.0000012057384828
-.660000  -.580000    0.0000028131218782
-.620000  -.580000    0.0000036931492759
-.580000  -.580000    0.0000045588752055
-.540000  -.580000    0.0000047396815492
-.500000  -.580000    0.0000051336999693
-.460000  -.580000    0.0000053467423980
-.420000  -.580000    0.0000053980302372
-.380000  -.580000    0.0000057444340838
-.340000  -.580000    0.0000055412179080
-.300000  -.580000    0.0000052350779368
-.260000  -.580000    0.0000052168369830
-.220000  -.580000    0.0000047909540116
-.180000  -.580000    0.0000046166004622
-.140000  -.580000    0.0000043473827516
-.100000  -.580000    0.0000039403469083
-.060000  -.580000    0.0000036868710011
-.020000  -.580000    0.0000034325752504
0.020000  -.580000    0.0000032077847345
0.060000  -.580000    0.0000030379010803
0.100000  -.580000    0.0000029417625744
0.140000  -.580000    0.0000026807488702
0.180000  -.580000    0.0000027637841126
0.220000  -.580000    0.0000029519304316
0.260000  -.580000    0.0000029061415360
0.300000  -.580000    0.0000033185692950
0.340000  -.580000    0.0000034706339449
0.380000  -.580000    0.0000037156657325
0.420000  -.580000    0.0000044517719860
0.460000  -.580000    0.0000049108917488
0.500000  -.580000    0.0000054657562726
0.540000  -.580000    0.0000061105004115
0.580000  -.580000    0.0000064954992828
0.620000  -.580000    0.0000073140403741
0.660000  -.580000    0.0000078662998956
0.700000  -.580000    0.0000085163084081
0.740000  -.580000    0.0000093286844150
0.780000  -.580000    0.0000099363518236
-.740000  -.540000    0.0000002014472611
-.700000  -.540000    0.0000021188067933
-.660000  -.540000    0.0000032030847986
-.620000  -.540000    0.0000042126395002
-.580000  -.540000    0.0000045250004982
-.540000  -.540000    0.0000050392209525
-.500000  -.540000    0.0000053671619555
-.460000  -.540000    0.0000055260978435
-.420000  -.540000    0.0000055322788579
-.380000  -.540000    0.0000058467382754
-.340000  -.540000    0.0000056121649744
-.300000  -.540000    0.0000052806911582
-.260000  -.540000    0.0000052367642782
-.220000  -.540000    0.0000047965782167
-.180000  -.540000    0.0000045944208495
-.140000  -.540000    0.0000041399004721
-.100000  -.540000    0.0000038939915282
-.060000  -.540000    0.0000036143443086
-.020000  -.540000    0.0000033362422215
0.020000  -.540000    0.0000030932836490
0.060000  -.540000    0.0000029133604470
0.100000  -.540000    0.0000028168921888
0.140000  -.540000    0.0000028165483073
0.180000  -.540000    0.0000025837167220
0.220000  -.540000    0.0000027993549633
0.260000  -.540000    0.0000027045775305
0.300000  -.540000    0.0000031595783317
0.340000  -.540000    0.0000032758266625
0.380000  -.540000    0.0000034930329693
0.420000  -.540000    0.0000042847147161
0.460000  -.540000    0.0000047233034625
0.500000  -.540000    0.0000052626982939
0.540000  -.540000    0.0000058964169149
0.580000  -.540000    0.0000066151840085
0.620000  -.540000    0.0000070182257104
0.660000  -.540000    0.0000078961941353
0.700000  -.540000    0.0000084639100986
0.740000  -.540000    0.0000091376719340
0.780000  -.540000    0.0000096530713457
0.820000  -.540000    0.0000102433327514
-.740000  -.500000    0.0000014116329807
-.700000  -.500000    0.0000028691070390
-.660000  -.500000    0.0000037092765077
-.620000  -.500000    0.0000045966869530
-.580000  -.500000    0.0000048097270502
-.540000  -.500000    0.0000052635600538
-.500000  -.500000    0.0000055432265052
-.460000  -.500000    0.0000056624291772
-.420000  -.500000    0.0000056356010050
-.380000  -.500000    0.0000059420445687
-.340000  -.500000    0.0000056827702710
-.300000  -.500000    0.0000053303314307
-.260000  -.500000    0.0000052803650354
-.220000  -.500000    0.0000048249421357
-.180000  -.500000    0.0000046092101023
-.140000  -.500000    0.0000041499897151
-.100000  -.500000    0.0000038871171898
-.060000  -.500000    0.0000035871711561
-.020000  -.500000    0.0000032891645767
0.020000  -.500000    0.0000030308075608
0.060000  -.500000    0.0000028430297242
0.100000  -.500000    0.0000027483299305
0.140000  -.500000    0.0000027604418258
0.180000  -.500000    0.0000024754771824
0.220000  -.500000    0.0000027205628637
0.260000  -.500000    0.0000025891594164
0.300000  -.500000    0.0000030862530070
0.340000  -.500000    0.0000031771306428
0.380000  -.500000    0.0000033746457813
0.420000  -.500000    0.0000042178099705
0.460000  -.500000    0.0000046411978898
0.500000  -.500000    0.0000051685530895
0.540000  -.500000    0.0000057931890796
0.580000  -.500000    0.0000065051058821
0.620000  -.500000    0.0000068444055884
0.660000  -.500000    0.0000077169892316
0.700000  -.500000    0.0000082183109692
0.740000  -.500000    0.0000088059071952
0.780000  -.500000    0.0000095261980057
0.820000  -.500000    0.0000101622641045
0.860000  -.500000    0.0000108769349868
-.780000  -.460000    0.0000002304092296
-.740000  -.460000    0.0000019934075969
-.700000  -.460000    0.0000034033523912
-.660000  -.460000    0.0000040764765489
-.620000  -.460000    0.0000048804141598
-.580000  -.460000    0.0000050152234174
-.540000  -.460000    0.0000054250355630
-.500000  -.460000    0.0000056698365996
-.460000  -.460000    0.0000057604462900
-.420000  -.460000    0.0000057090064573
-.380000  -.460000    0.0000060293613876
-.340000  -.460000    0.0000057512121958
-.300000  -.460000    0.0000053818001808
-.260000  -.460000    0.0000053451198586
-.220000  -.460000    0.0000048732257708
-.180000  -.460000    0.0000046589709103
-.140000  -.460000    0.0000041890478220
-.100000  -.460000    0.0000039177015981
-.060000  -.460000    0.0000036027879422
-.020000  -.460000    0.0000032882990931
0.020000  -.460000    0.0000030166096553
0.060000  -.460000    0.0000028227674797
0.100000  -.460000    0.0000027320577632
0.140000  -.460000    0.0000027591630955
0.180000  -.460000    0.0000024348176094
0.220000  -.460000    0.0000027115699937
0.260000  -.460000    0.0000025557901060
0.300000  -.460000    0.0000030966082280
0.340000  -.460000    0.0000031710926933
0.380000  -.460000    0.0000033567628105
0.420000  -.460000    0.0000042493704989
0.460000  -.460000    0.0000046627573159
0.500000  -.460000    0.0000051816636000
0.540000  -.460000    0.0000057992706977
0.580000  -.460000    0.0000065056950458
0.620000  -.460000    0.0000067897207155
0.660000  -.460000    0.0000076569330759
0.700000  -.460000    0.0000081061453423
0.740000  -.460000    0.0000090973566151
0.780000  -.460000    0.0000097057983243
0.820000  -.460000    0.0000100510555236
0.860000  -.460000    0.0000102167994640
-.780000  -.420000    0.0000011094493157
-.740000  -.420000    0.0000025287514347
-.700000  -.420000    0.0000033912412114
-.660000  -.420000    0.0000043354668842
-.620000  -.420000    0.0000050814002254
-.580000  -.420000    0.0000051505359167
-.540000  -.420000    0.0000055274290551
-.500000  -.420000    0.0000057463020221
-.460000  -.420000    0.0000058156912849
-.420000  -.420000    0.0000057468086399
-.380000  -.420000    0.0000061006394926
-.340000  -.420000    0.0000058083540067
-.300000  -.420000    0.0000054257721169
-.260000  -.420000    0.0000054222696185
-.220000  -.420000    0.0000049338828461
-.180000  -.420000    0.0000047368810392
-.140000  -.420000    0.0000042501177350
-.100000  -.420000    0.0000039805149128
-.060000  -.420000    0.0000036561961965
-.020000  -.420000    0.0000033279980518
0.020000  -.420000    0.0000030443735887
0.060000  -.420000    0.0000028461014747
0.100000  -.420000    0.0000027618864802
0.140000  -.420000    0.0000028071551185
0.180000  -.420000    0.0000024558325683
0.220000  -.420000    0.0000027682783607
0.260000  -.420000    0.0000025983709527
0.300000  -.420000    0.0000031858001950
0.340000  -.420000    0.0000032535933909
0.380000  -.420000    0.0000034342497217
0.420000  -.420000    0.0000043754164206
0.460000  -.420000    0.0000047836365090
0.500000  -.420000    0.0000052975168474
0.540000  -.420000    0.0000059102011655
0.580000  -.420000    0.0000066120407197
0.620000  -.420000    0.0000068463464846
0.660000  -.420000    0.0000077110941413
0.700000  -.420000    0.0000086305473487
0.740000  -.420000    0.0000090941289178
0.780000  -.420000    0.0000096313237591
0.820000  -.420000    0.0000098014557101
0.860000  -.420000    0.0000103259494675
0.900000  -.420000    0.0000109612717876
-.780000  -.380000    0.0000017239827819
-.740000  -.380000    0.0000028973693457
-.700000  -.380000    0.0000040392651218
-.660000  -.380000    0.0000045025779295
-.620000  -.380000    0.0000052060496019
-.580000  -.380000    0.0000057406569440
-.540000  -.380000    0.0000061127082213
-.500000  -.380000    0.0000063293062203
-.460000  -.380000    0.0000063988065281
-.420000  -.380000    0.0000063315757988
-.380000  -.380000    0.0000061399226294
-.340000  -.380000    0.0000058393709703
-.300000  -.380000    0.0000054485080842
-.260000  -.380000    0.0000054983489366
-.220000  -.380000    0.0000049948241197
-.180000  -.380000    0.0000048326269956
-.140000  -.380000    0.0000043259323950
-.100000  -.380000    0.0000040678631011
-.060000  -.380000    0.0000037404276011
-.020000  -.380000    0.0000034007598676
0.020000  -.380000    0.0000031064556451
0.060000  -.380000    0.0000029053813252
0.100000  -.380000    0.0000028303750196
0.140000  -.380000    0.0000028981466114
0.180000  -.380000    0.0000025320124334
0.220000  -.380000    0.0000028853045559
0.260000  -.380000    0.0000027126118090
0.300000  -.380000    0.0000033500532799
0.340000  -.380000    0.0000034191536645
0.380000  -.380000    0.0000036019706421
0.420000  -.380000    0.0000039042735798
0.460000  -.380000    0.0000043253875295
0.500000  -.380000    0.0000048573764606
0.540000  -.380000    0.0000054891158895
0.580000  -.380000    0.0000062095443762
0.620000  -.380000    0.0000070072322235
0.660000  -.380000    0.0000078707562278
0.700000  -.380000    0.0000082327970755
0.740000  -.380000    0.0000092064509718
0.780000  -.380000    0.0000096892637301
0.820000  -.380000    0.0000102587053124
0.860000  -.380000    0.0000105116062037
0.900000  -.380000    0.0000105911904529
-.820000  -.340000    0.0000005515034808
-.780000  -.340000    0.0000021401739837
-.740000  -.340000    0.0000031353090061
-.700000  -.340000    0.0000041940920721
-.660000  -.340000    0.0000045862887015
-.620000  -.340000    0.0000052546892523
-.580000  -.340000    0.0000057667263417
-.540000  -.340000    0.0000061241972615
-.500000  -.340000    0.0000063314155724
-.460000  -.340000    0.0000063945984586
-.420000  -.340000    0.0000063229815231
-.380000  -.340000    0.0000061282870454
-.340000  -.340000    0.0000058252048236
-.300000  -.340000    0.0000060197889284
-.260000  -.340000    0.0000055543709671
-.220000  -.340000    0.0000050398024768
-.180000  -.340000    0.0000049331024562
-.140000  -.340000    0.0000044038520149
-.100000  -.340000    0.0000041702602317
-.060000  -.340000    0.0000038473260857
-.020000  -.340000    0.0000034988185537
0.020000  -.340000    0.0000031946309503
0.060000  -.340000    0.0000029920291678
0.100000  -.340000    0.0000029299563111
0.140000  -.340000    0.0000030262872256
0.180000  -.340000    0.0000026574144965
0.220000  -.340000    0.0000030591151609
0.260000  -.340000    0.0000028952299595
0.300000  -.340000    0.0000028364326156
0.340000  -.340000    0.0000036652789705
0.380000  -.340000    0.0000038549366038
0.420000  -.340000    0.0000041632896874
0.460000  -.340000    0.0000045869009317
0.500000  -.340000    0.0000051191447045
0.540000  -.340000    0.0000057499599106
0.580000  -.340000    0.0000064691984369
0.620000  -.340000    0.0000072657774738
0.660000  -.340000    0.0000081281668519
0.700000  -.340000    0.0000084523110989
0.740000  -.340000    0.0000094237904325
0.780000  -.340000    0.0000098629549558
0.820000  -.340000    0.0000103691430091
0.860000  -.340000    0.0000104606975479
0.900000  -.340000    0.0000105017578091
0.940000  -.340000    0.0000115792933628
-.820000  -.300000    0.0000010624650472
-.780000  -.300000    0.0000024036034557
-.740000  -.300000    0.0000036641745676
-.700000  -.300000    0.0000042570076182
-.660000  -.300000    0.0000050897140134
-.620000  -.300000    0.0000052269614039
-.580000  -.300000    0.0000057160572686
-.540000  -.300000    0.0000060576914867
-.500000  -.300000    0.0000062544972666
-.460000  -.300000    0.0000063121696107
-.420000  -.300000    0.0000062384494747
-.380000  -.300000    0.0000060442109612
-.340000  -.300000    0.0000064222813242
-.300000  -.300000    0.0000060323314921
-.260000  -.300000    0.0000055655693470
-.220000  -.300000    0.0000050477895755
-.180000  -.300000    0.0000050196075890
-.140000  -.300000    0.0000044695348541
-.100000  -.300000    0.0000042774230881
-.060000  -.300000    0.0000039682655822
-.020000  -.300000    0.0000036138893583
0.020000  -.300000    0.0000032987590224
0.060000  -.300000    0.0000030974117111
0.100000  -.300000    0.0000030544420091
0.140000  -.300000    0.0000031885563413
0.180000  -.300000    0.0000028278694136
0.220000  -.300000    0.0000032885268553
0.260000  -.300000    0.0000031429827080
0.300000  -.300000    0.0000031021250203
0.340000  -.300000    0.0000031870029097
0.380000  -.300000    0.0000041938935313
0.420000  -.300000    0.0000045101658888
0.460000  -.300000    0.0000049388707641
0.500000  -.300000    0.0000054729021048
0.540000  -.300000    0.0000061031536130
0.580000  -.300000    0.0000068203461780
0.620000  -.300000    0.0000076154786680
0.660000  -.300000    0.0000078366547951
0.700000  -.300000    0.0000087648968409
0.740000  -.300000    0.0000091285139493
0.780000  -.300000    0.0000101390405363
0.820000  -.300000    0.0000105974922084
0.860000  -.300000    0.0000105709525918
0.900000  -.300000    0.0000108481887542
0.940000  -.300000    0.0000109500454803
-.820000  -.260000    0.0000016003829909
-.780000  -.260000    0.0000028843835055
-.740000  -.260000    0.0000037116358720
-.700000  -.260000    0.0000047115257670
-.660000  -.260000    0.0000050299359741
-.620000  -.260000    0.0000056808543910
-.580000  -.260000    0.0000061872903289
-.540000  -.260000    0.0000065487349486
-.500000  -.260000    0.0000067673257578
-.460000  -.260000    0.0000068482497658
-.420000  -.260000    0.0000067972743726
-.380000  -.260000    0.0000066242066809
-.340000  -.260000    0.0000063405143057
-.300000  -.260000    0.0000059607470988
-.260000  -.260000    0.0000055035551109
-.220000  -.260000    0.0000056373211714
-.180000  -.260000    0.0000050687227082
-.140000  -.260000    0.0000049276259794
-.100000  -.260000    0.0000043755033069
-.060000  -.260000    0.0000040941907131
-.020000  -.260000    0.0000037380851524
0.020000  -.260000    0.0000034126423314
0.060000  -.260000    0.0000032138655240
0.100000  -.260000    0.0000031980432690
0.140000  -.260000    0.0000026984215883
0.180000  -.260000    0.0000030448218692
0.220000  -.260000    0.0000027698292040
0.260000  -.260000    0.0000034603239645
0.300000  -.260000    0.0000034473648499
0.340000  -.260000    0.0000035517512480
0.380000  -.260000    0.0000037776813529
0.420000  -.260000    0.0000041247250502
0.460000  -.260000    0.0000045844997766
0.500000  -.260000    0.0000051467686316
0.540000  -.260000    0.0000058029049343
0.580000  -.260000    0.0000065440051699
0.620000  -.260000    0.0000073574566332
0.660000  -.260000    0.0000082341535875
0.700000  -.260000    0.0000085204497872
0.740000  -.260000    0.0000094949121874
0.780000  -.260000    0.0000098811205627
0.820000  -.260000    0.0000103112442824
0.860000  -.260000    0.0000108089937347
0.900000  -.260000    0.0000109145498517
0.940000  -.260000    0.0000107613212173
-.860000  -.220000    0.0000000718410513
-.820000  -.220000    0.0000018145906115
-.780000  -.220000    0.0000029343359132
-.740000  -.220000    0.0000041098220693
-.700000  -.220000    0.0000046185491702
-.660000  -.220000    0.0000054271278542
-.620000  -.220000    0.0000055110147462
-.580000  -.220000    0.0000059935061074
-.540000  -.220000    0.0000063384885488
-.500000  -.220000    0.0000065469149774
-.460000  -.220000    0.0000066234353908
-.420000  -.220000    0.0000065738781899
-.380000  -.220000    0.0000064083066866
-.340000  -.220000    0.0000061374645574
-.300000  -.220000    0.0000057745233945
-.260000  -.220000    0.0000061275776168
-.220000  -.220000    0.0000056093695678
-.180000  -.220000    0.0000050488835315
-.140000  -.220000    0.0000050313680803
-.100000  -.220000    0.0000044480218126
-.060000  -.220000    0.0000042155575119
-.020000  -.220000    0.0000038634860247
0.020000  -.220000    0.0000035268365938
0.060000  -.220000    0.0000033352338972
0.100000  -.220000    0.0000033616447200
0.140000  -.220000    0.0000028862989479
0.180000  -.220000    0.0000033146912210
0.220000  -.220000    0.0000030812409477
0.260000  -.220000    0.0000029657542187
0.300000  -.220000    0.0000038717949892
0.340000  -.220000    0.0000040041107404
0.380000  -.220000    0.0000042558329883
0.420000  -.220000    0.0000046134801733
0.460000  -.220000    0.0000050766968155
0.500000  -.220000    0.0000056405793698
0.540000  -.220000    0.0000062917885571
0.580000  -.220000    0.0000070250395912
0.620000  -.220000    0.0000078388225418
0.660000  -.220000    0.0000080251114328
0.700000  -.220000    0.0000089629022645
0.740000  -.220000    0.0000092927993123
0.780000  -.220000    0.0000103006274692
0.820000  -.220000    0.0000107006137908
0.860000  -.220000    0.0000111541846836
0.900000  -.220000    0.0000111352424896
0.940000  -.220000    0.0000110983598908
-.860000  -.180000    0.0000004787898299
-.820000  -.180000    0.0000021788401307
-.780000  -.180000    0.0000032698848612
-.740000  -.180000    0.0000039908405574
-.700000  -.180000    0.0000049516721021
-.660000  -.180000    0.0000052166457653
-.620000  -.180000    0.0000058549929212
-.580000  -.180000    0.0000063598854116
-.540000  -.180000    0.0000067301608363
-.500000  -.180000    0.0000069671551777
-.460000  -.180000    0.0000070748771355
-.420000  -.180000    0.0000070585825185
-.380000  -.180000    0.0000069268633146
-.340000  -.180000    0.0000066884527572
-.300000  -.180000    0.0000063533431288
-.260000  -.180000    0.0000059350900635
-.220000  -.180000    0.0000054495711020
-.180000  -.180000    0.0000056804552622
-.140000  -.180000    0.0000050662164540
-.100000  -.180000    0.0000044709556883
-.060000  -.180000    0.0000043208496628
-.020000  -.180000    0.0000039837211849
0.020000  -.180000    0.0000036338279063
0.060000  -.180000    0.0000034580231950
0.100000  -.180000    0.0000035504302048
0.140000  -.180000    0.0000031183147139
0.180000  -.180000    0.0000027621196594
0.220000  -.180000    0.0000034791517310
0.260000  -.180000    0.0000034042033335
0.300000  -.180000    0.0000034560889030
0.340000  -.180000    0.0000036335959486
0.380000  -.180000    0.0000039063489779
0.420000  -.180000    0.0000042921469014
0.460000  -.180000    0.0000047886562785
0.500000  -.180000    0.0000053781755817
0.540000  -.180000    0.0000060661080172
0.580000  -.180000    0.0000068351809745
0.620000  -.180000    0.0000076546340136
0.660000  -.180000    0.0000085457678647
0.700000  -.180000    0.0000087983695423
0.740000  -.180000    0.0000097816283174
0.780000  -.180000    0.0000101332571484
0.820000  -.180000    0.0000105201489768
0.860000  -.180000    0.0000109442558840
0.900000  -.180000    0.0000114789556624
0.940000  -.180000    0.0000111931708665
0.980000  -.180000    0.0000113109407253
-.860000  -.140000    0.0000007005976200
-.820000  -.140000    0.0000021718440736
-.780000  -.140000    0.0000031458163508
-.740000  -.140000    0.0000042552180944
-.700000  -.140000    0.0000047056898194
-.660000  -.140000    0.0000054893181840
-.620000  -.140000    0.0000061462534216
-.580000  -.140000    0.0000066729494711
-.540000  -.140000    0.0000063364665959
-.500000  -.140000    0.0000065488643718
-.460000  -.140000    0.0000066387521236
-.420000  -.140000    0.0000066132898725
-.380000  -.140000    0.0000064813048567
-.340000  -.140000    0.0000062534734680
-.300000  -.140000    0.0000059404121332
-.260000  -.140000    0.0000065287480633
-.220000  -.140000    0.0000060698598536
-.180000  -.140000    0.0000055455776635
-.140000  -.140000    0.0000049761300341
-.100000  -.140000    0.0000050331164675
-.060000  -.140000    0.0000043929424050
-.020000  -.140000    0.0000040933405120
0.020000  -.140000    0.0000037259953248
0.060000  -.140000    0.0000035848687730
0.100000  -.140000    0.0000029986874679
0.140000  -.140000    0.0000034238763259
0.180000  -.140000    0.0000031461523976
0.220000  -.140000    0.0000029945119129
0.260000  -.140000    0.0000029691337214
0.300000  -.140000    0.0000040606458524
0.340000  -.140000    0.0000042321025770
0.380000  -.140000    0.0000045333545505
0.420000  -.140000    0.0000049583325633
0.460000  -.140000    0.0000054675983328
0.500000  -.140000    0.0000060587371722
0.540000  -.140000    0.0000066853399183
0.580000  -.140000    0.0000066586456750
0.620000  -.140000    0.0000075185650584
0.660000  -.140000    0.0000084071957427
0.700000  -.140000    0.0000093567585118
0.740000  -.140000    0.0000096544467897
0.780000  -.140000    0.0000106699438506
0.820000  -.140000    0.0000110338433747
0.860000  -.140000    0.0000114351877986
0.900000  -.140000    0.0000112767223471
0.940000  -.140000    0.0000114575333903
0.980000  -.140000    0.0000111980758377
-.860000  -.100000    0.0000009250524710
-.820000  -.100000    0.0000023776338729
-.780000  -.100000    0.0000033397597345
-.740000  -.100000    0.0000044595581176
-.700000  -.100000    0.0000049047702399
-.660000  -.100000    0.0000057024191262
-.620000  -.100000    0.0000063753747546
-.580000  -.100000    0.0000062242695958
-.540000  -.100000    0.0000065835885173
-.500000  -.100000    0.0000068192340600
-.460000  -.100000    0.0000069355343705
-.420000  -.100000    0.0000069397382534
-.380000  -.100000    0.0000068408014478
-.340000  -.100000    0.0000066489170950
-.300000  -.100000    0.0000063747795082
-.260000  -.100000    0.0000060296961943
-.220000  -.100000    0.0000056243543332
-.180000  -.100000    0.0000051693550712
-.140000  -.100000    0.0000056408973685
-.100000  -.100000    0.0000050233825587
-.060000  -.100000    0.0000043971866432
-.020000  -.100000    0.0000041886833139
0.020000  -.100000    0.0000037967003740
0.060000  -.100000    0.0000037372664480
0.100000  -.100000    0.0000032352015979
0.140000  -.100000    0.0000028550997037
0.180000  -.100000    0.0000036781649719
0.220000  -.100000    0.0000035895517713
0.260000  -.100000    0.0000036199161835
0.300000  -.100000    0.0000037462008104
0.340000  -.100000    0.0000039783210984
0.380000  -.100000    0.0000043021068185
0.420000  -.100000    0.0000047368949396
0.460000  -.100000    0.0000052050833412
0.500000  -.100000    0.0000057820732533
0.540000  -.100000    0.0000066032204448
0.580000  -.100000    0.0000073127728878
0.620000  -.100000    0.0000074056671909
0.660000  -.100000    0.0000083074881474
0.700000  -.100000    0.0000092608756704
0.740000  -.100000    0.0000095623766549
0.780000  -.100000    0.0000105748847891
0.820000  -.100000    0.0000109334455606
0.860000  -.100000    0.0000113209175922
0.900000  -.100000    0.0000117839949292
0.940000  -.100000    0.0000112422576663
0.980000  -.100000    0.0000110311631357
-.860000  -.060000    0.0000010774530972
-.820000  -.060000    0.0000025172684534
-.780000  -.060000    0.0000034717656933
-.740000  -.060000    0.0000041153705573
-.700000  -.060000    0.0000050411150795
-.660000  -.060000    0.0000058489488261
-.620000  -.060000    0.0000058833723231
-.580000  -.060000    0.0000063818589940
-.540000  -.060000    0.0000067566724384
-.500000  -.060000    0.0000070099267065
-.460000  -.060000    0.0000071469114211
-.420000  -.060000    0.0000071749354133
-.380000  -.060000    0.0000071034645420
-.340000  -.060000    0.0000069432292188
-.300000  -.060000    0.0000067061871070
-.260000  -.060000    0.0000064035706967
-.220000  -.060000    0.0000060468790626
-.180000  -.060000    0.0000056457062772
-.140000  -.060000    0.0000052061625328
-.100000  -.060000    0.0000047296538665
-.060000  -.060000    0.0000050650988373
-.020000  -.060000    0.0000042714865203
0.020000  -.060000    0.0000038389550631
0.060000  -.060000    0.0000030858634461
0.100000  -.060000    0.0000036570318406
0.140000  -.060000    0.0000034197534514
0.180000  -.060000    0.0000032982032113
0.220000  -.060000    0.0000032733163306
0.260000  -.060000    0.0000033538651807
0.300000  -.060000    0.0000035321857448
0.340000  -.060000    0.0000037644095542
0.380000  -.060000    0.0000041892820728
0.420000  -.060000    0.0000046328362989
0.460000  -.060000    0.0000051573601091
0.500000  -.060000    0.0000058633739429
0.540000  -.060000    0.0000063163987304
0.580000  -.060000    0.0000073068168445
0.620000  -.060000    0.0000080535825913
0.660000  -.060000    0.0000082481215270
0.700000  -.060000    0.0000091964411849
0.740000  -.060000    0.0000101896296009
0.780000  -.060000    0.0000105129342086
0.820000  -.060000    0.0000108683040040
0.860000  -.060000    0.0000112475187508
0.900000  -.060000    0.0000116918914929
0.940000  -.060000    0.0000117213560091
0.980000  -.060000    0.0000111679181102
-.860000  -.020000    0.0000011544607379
-.820000  -.020000    0.0000025878288976
-.780000  -.020000    0.0000035386096314
-.740000  -.020000    0.0000041799579850
-.700000  -.020000    0.0000051104384972
-.660000  -.020000    0.0000059236401015
-.620000  -.020000    0.0000059573001484
-.580000  -.020000    0.0000064627396136
-.540000  -.020000    0.0000068459373143
-.500000  -.020000    0.0000071087217600
-.460000  -.020000    0.0000072571479898
-.420000  -.020000    0.0000072985476115
-.380000  -.020000    0.0000072428465605
-.340000  -.020000    0.0000071014747236
-.300000  -.020000    0.0000068876240785
-.260000  -.020000    0.0000066134662846
-.220000  -.020000    0.0000062930477437
-.180000  -.020000    0.0000059400010798
-.140000  -.020000    0.0000055666128625
-.100000  -.020000    0.0000051820935239
-.060000  -.020000    0.0000047831944404
-.020000  -.020000    0.0000042924580947
0.020000  -.020000    0.0000038941080389
0.060000  -.020000    0.0000034921741712
0.100000  -.020000    0.0000032654355705
0.140000  -.020000    0.0000031282844323
0.180000  -.020000    0.0000030742834035
0.220000  -.020000    0.0000030983563320
0.260000  -.020000    0.0000032083482579
0.300000  -.020000    0.0000034293961539
0.340000  -.020000    0.0000036219522636
0.380000  -.020000    0.0000042515138937
0.420000  -.020000    0.0000042275652809
0.460000  -.020000    0.0000051675654716
0.500000  -.020000    0.0000058414334996
0.540000  -.020000    0.0000063065816277
0.580000  -.020000    0.0000072602377654
0.620000  -.020000    0.0000080107266883
0.660000  -.020000    0.0000082189937603
0.700000  -.020000    0.0000091641065324
0.740000  -.020000    0.0000101589557683
0.780000  -.020000    0.0000104824621749
0.820000  -.020000    0.0000108363639666
0.860000  -.020000    0.0000112118280559
0.900000  -.020000    0.0000116469360864
0.940000  -.020000    0.0000116561211540
0.980000  -.020000    0.0000115169835540
-.860000  0.020000    0.0000011544607379
-.820000  0.020000    0.0000025878288976
-.780000  0.020000    0.0000035386096314
-.740000  0.020000    0.0000041799579850
-.700000  0.020000    0.0000051104384972
-.660000  0.020000    0.0000059236401015
-.620000  0.020000    0.0000059573001484
-.580000  0.020000    0.0000064627396136
-.540000  0.020000    0.0000068459373143
-.500000  0.020000    0.0000071087217600
-.460000  0.020000    0.0000072571479898
-.420000  0.020000    0.0000072985476115
-.380000  0.020000    0.0000072428465605
-.340000  0.020000    0.0000071014747236
-.300000  0.020000    0.0000068876240785
-.260000  0.020000    0.0000066134662846
-.220000  0.020000    0.0000062930477437
-.180000  0.020000    0.0000059400010798
-.140000  0.020000    0.0000055666128625
-.100000  0.020000    0.0000051820935239
-.060000  0.020000    0.0000047831944404
-.020000  0.020000    0.0000042924580947
0.020000  0.020000    0.0000038941080389
0.060000  0.020000    0.0000034921741712
0.100000  0.020000    0.0000032654355705
0.140000  0.020000    0.0000031282844323
0.180000  0.020000    0.0000030742834035
0.220000  0.020000    0.0000030983563320
0.260000  0.020000    0.0000032083482579
0.300000  0.020000    0.0000034293961539
0.340000  0.020000    0.0000036219522636
0.380000  0.020000    0.0000042515138937
0.420000  0.020000    0.0000042275652809
0.460000  0.020000    0.0000051675654716
0.500000  0.020000    0.0000058414334996
0.540000  0.020000    0.0000063065816277
0.580000  0.020000    0.0000072602377654
0.620000  0.020000    0.0000080107266883
0.660000  0.020000    0.0000082189937603
0.700000  0.020000    0.0000091641065324
0.740000  0.020000    0.0000101589557683
0.780000  0.020000    0.0000104824621749
0.820000  0.020000    0.0000108363639666
0.860000  0.020000    0.0000112118280559
0.900000  0.020000    0.0000116469360864
0.940000  0.020000    0.0000116561211540
0.980000  0.020000    0.0000115169835540
-.860000  0.060000    0.0000010774530972
-.820000  0.060000    0.0000025172684534
-.780000  0.060000    0.0000034717656933
-.740000  0.060000    0.0000041153705573
-.700000  0.060000    0.0000050411150795
-.660000  0.060000    0.0000058489488261
-.620000  0.060000    0.0000058833723231
-.580000  0.060000    0.0000063818589940
-.540000  0.060000    0.0000067566724384
-.500000  0.060000    0.0000070099267065
-.460000  0.060000    0.0000071469114211
-.420000  0.060000    0.0000071749354133
-.380000  0.060000    0.0000071034645420
-.340000  0.060000    0.0000069432292188
-.300000  0.060000    0.0000067061871070
-.260000  0.060000    0.0000064035706967
-.220000  0.060000    0.0000060468790626
-.180000  0.060000    0.0000056457062772
-.140000  0.060000    0.0000052061625328
-.100000  0.060000    0.0000047296538665
-.060000  0.060000    0.0000050650988373
-.020000  0.060000    0.0000042714865203
0.020000  0.060000    0.0000038389550631
0.060000  0.060000    0.0000030858634461
0.100000  0.060000    0.0000036570318406
0.140000  0.060000    0.0000034197534514
0.180000  0.060000    0.0000032982032113
0.220000  0.060000    0.0000032733163306
0.260000  0.060000    0.0000033538651807
0.300000  0.060000    0.0000035321857448
0.340000  0.060000    0.0000037644095542
0.380000  0.060000    0.0000041892820728
0.420000  0.060000    0.0000046328362989
0.460000  0.060000    0.0000051573601091
0.500000  0.060000    0.0000058633739429
0.540000  0.060000    0.0000063163987304
0.580000  0.060000    0.0000073068168445
0.620000  0.060000    0.0000080535825913
0.660000  0.060000    0.0000082481215270
0.700000  0.060000    0.0000091964411849
0.740000  0.060000    0.0000101896296009
0.780000  0.060000    0.0000105129342086
0.820000  0.060000    0.0000108683040040
0.860000  0.060000    0.0000112475187508
0.900000  0.060000    0.0000116918914929
0.940000  0.060000    0.0000117213560091
0.980000  0.060000    0.0000111679181102
-.860000  0.100000    0.0000009250524710
-.820000  0.100000    0.0000023776338729
-.780000  0.100000    0.0000033397597345
-.740000  0.100000    0.0000044595581176
-.700000  0.100000    0.0000049047702399
-.660000  0.100000    0.0000057024191262
-.620000  0.100000    0.0000063753747546
-.580000  0.100000    0.0000062242695958
-.540000  0.100000    0.0000065835885173
-.500000  0.100000    0.0000068192340600
-.460000  0.100000    0.0000069355343705
-.420000  0.100000    0.0000069397382534
-.380000  0.100000    0.0000068408014478
-.340000  0.100000    0.0000066489170950
-.300000  0.100000    0.0000063747795082
-.260000  0.100000    0.0000060296961943
-.220000  0.100000    0.0000056243543332
-.180000  0.100000    0.0000051693550712
-.140000  0.100000    0.0000056408973685
-.100000  0.100000    0.0000050233825587
-.060000  0.100000    0.0000043971866432
-.020000  0.100000    0.0000041886833139
0.020000  0.100000    0.0000037967003740
0.060000  0.100000    0.0000037372664480
0.100000  0.100000    0.0000032352015979
0.140000  0.100000    0.0000028550997037
0.180000  0.100000    0.0000036781649719
0.220000  0.100000    0.0000035895517713
0.260000  0.100000    0.0000036199161835
0.300000  0.100000    0.0000037462008104
0.340000  0.100000    0.0000039783210984
0.380000  0.100000    0.0000043021068185
0.420000  0.100000    0.0000047368949396
0.460000  0.100000    0.0000052050833412
0.500000  0.100000    0.0000057820732533
0.540000  0.100000    0.0000066032204448
0.580000  0.100000    0.0000073127728878
0.620000  0.100000    0.0000074056671909
0.660000  0.100000    0.0000083074881474
0.700000  0.100000    0.0000092608756704
0.740000  0.100000    0.0000095623766549
0.780000  0.100000    0.0000105748847891
0.820000  0.100000    0.0000109334455606
0.860000  0.100000    0.0000113209175922
0.900000  0.100000    0.0000117839949292
0.940000  0.100000    0.0000112422576663
0.980000  0.100000    0.0000110311631357
-.860000  0.140000    0.0000007005976200
-.820000  0.140000    0.0000021718440736
-.780000  0.140000    0.0000031458163508
-.740000  0.140000    0.0000042552180944
-.700000  0.140000    0.0000047056898194
-.660000  0.140000    0.0000054893181840
-.620000  0.140000    0.0000061462534216
-.580000  0.140000    0.0000066729494711
-.540000  0.140000    0.0000063364665959
-.500000  0.140000    0.0000065488643718
-.460000  0.140000    0.0000066387521236
-.420000  0.140000    0.0000066132898725
-.380000  0.140000    0.0000064813048567
-.340000  0.140000    0.0000062534734680
-.300000  0.140000    0.0000059404121332
-.260000  0.140000    0.0000065287480633
-.220000  0.140000    0.0000060698598536
-.180000  0.140000    0.0000055455776635
-.140000  0.140000    0.0000049761300341
-.100000  0.140000    0.0000050331164675
-.060000  0.140000    0.0000043929424050
-.020000  0.140000    0.0000040933405120
0.020000  0.140000    0.0000037259953248
0.060000  0.140000    0.0000035848687730
0.100000  0.140000    0.0000029986874679
0.140000  0.140000    0.0000034238763259
0.180000  0.140000    0.0000031461523976
0.220000  0.140000    0.0000029945119129
0.260000  0.140000    0.0000029691337214
0.300000  0.140000    0.0000040606458524
0.340000  0.140000    0.0000042321025770
0.380000  0.140000    0.0000045333545505
0.420000  0.140000    0.0000049583325633
0.460000  0.140000    0.0000054675983328
0.500000  0.140000    0.0000060587371722
0.540000  0.140000    0.0000066853399183
0.580000  0.140000    0.0000066586456750
0.620000  0.140000    0.0000075185650584
0.660000  0.140000    0.0000084071957427
0.700000  0.140000    0.0000093567585118
0.740000  0.140000    0.0000096544467897
0.780000  0.140000    0.0000106699438506
0.820000  0.140000    0.0000110338433747
0.860000  0.140000    0.0000114351877986
0.900000  0.140000    0.0000112767223471
0.940000  0.140000    0.0000114575333903
0.980000  0.140000    0.0000111980758377
-.860000  0.180000    0.0000004787898299
-.820000  0.180000    0.0000021788401307
-.780000  0.180000    0.0000032698848612
-.740000  0.180000    0.0000039908405574
-.700000  0.180000    0.0000049516721021
-.660000  0.180000    0.0000052166457653
-.620000  0.180000    0.0000058549929212
-.580000  0.180000    0.0000063598854116
-.540000  0.180000    0.0000067301608363
-.500000  0.180000    0.0000069671551777
-.460000  0.180000    0.0000070748771355
-.420000  0.180000    0.0000070585825185
-.380000  0.180000    0.0000069268633146
-.340000  0.180000    0.0000066884527572
-.300000  0.180000    0.0000063533431288
-.260000  0.180000    0.0000059350900635
-.220000  0.180000    0.0000054495711020
-.180000  0.180000    0.0000056804552622
-.140000  0.180000    0.0000050662164540
-.100000  0.180000    0.0000044709556883
-.060000  0.180000    0.0000043208496628
-.020000  0.180000    0.0000039837211849
0.020000  0.180000    0.0000036338279063
0.060000  0.180000    0.0000034580231950
0.100000  0.180000    0.0000035504302048
0.140000  0.180000    0.0000031183147139
0.180000  0.180000    0.0000027621196594
0.220000  0.180000    0.0000034791517310
0.260000  0.180000    0.0000034042033335
0.300000  0.180000    0.0000034560889030
0.340000  0.180000    0.0000036335959486
0.380000  0.180000    0.0000039063489779
0.420000  0.180000    0.0000042921469014
0.460000  0.180000    0.0000047886562785
0.500000  0.180000    0.0000053781755817
0.540000  0.180000    0.0000060661080172
0.580000  0.180000    0.0000068351809745
0.620000  0.180000    0.0000076546340136
0.660000  0.180000    0.0000085457678647
0.700000  0.180000    0.0000087983695423
0.740000  0.180000    0.0000097816283174
0.780000  0.180000    0.0000101332571484
0.820000  0.180000    0.0000105201489768
0.860000  0.180000    0.0000109442558840
0.900000  0.180000    0.0000114789556624
0.940000  0.180000    0.0000111931708665
0.980000  0.180000    0.0000113109407253
-.860000  0.220000    0.0000000718410513
-.820000  0.220000    0.0000018145906115
-.780000  0.220000    0.0000029343359132
-.740000  0.220000    0.0000041098220693
-.700000  0.220000    0.0000046185491702
-.660000  0.220000    0.0000054271278542
-.620000  0.220000    0.0000055110147462
-.580000  0.220000    0.0000059935061074
-.540000  0.220000    0.0000063384885488
-.500000  0.220000    0.0000065469149774
-.460000  0.220000    0.0000066234353908
-.420000  0.220000    0.0000065738781899
-.380000  0.220000    0.0000064083066866
-.340000  0.220000    0.0000061374645574
-.300000  0.220000    0.0000057745233945
-.260000  0.220000    0.0000061275776168
-.220000  0.220000    0.0000056093695678
-.180000  0.220000    0.0000050488835315
-.140000  0.220000    0.0000050313680803
-.100000  0.220000    0.0000044480218126
-.060000  0.220000    0.0000042155575119
-.020000  0.220000    0.0000038634860247
0.020000  0.220000    0.0000035268365938
0.060000  0.220000    0.0000033352338972
0.100000  0.220000    0.0000033616447200
0.140000  0.220000    0.0000028862989479
0.180000  0.220000    0.0000033146912210
0.220000  0.220000    0.0000030812409477
0.260000  0.220000    0.0000029657542187
0.300000  0.220000    0.0000038717949892
0.340000  0.220000    0.0000040041107404
0.380000  0.220000    0.0000042558329883
0.420000  0.220000    0.0000046134801733
0.460000  0.220000    0.0000050766968155
0.500000  0.220000    0.0000056405793698
0.540000  0.220000    0.0000062917885571
0.580000  0.220000    0.0000070250395912
0.620000  0.220000    0.0000078388225418
0.660000  0.220000    0.0000080251114328
0.700000  0.220000    0.0000089629022645
0.740000  0.220000    0.0000092927993123
0.780000  0.220000    0.0000103006274692
0.820000  0.220000    0.0000107006137908
0.860000  0.220000    0.0000111541846836
0.900000  0.220000    0.0000111352424896
0.940000  0.220000    0.0000110983598908
-.820000  0.260000    0.0000016003829909
-.780000  0.260000    0.0000028843835055
-.740000  0.260000    0.0000037116358720
-.700000  0.260000    0.0000047115257670
-.660000  0.260000    0.0000050299359741
-.620000  0.260000    0.0000056808543910
-.580000  0.260000    0.0000061872903289
-.540000  0.260000    0.0000065487349486
-.500000  0.260000    0.0000067673257578
-.460000  0.260000    0.0000068482497658
-.420000  0.260000    0.0000067972743726
-.380000  0.260000    0.0000066242066809
-.340000  0.260000    0.0000063405143057
-.300000  0.260000    0.0000059607470988
-.260000  0.260000    0.0000055035551109
-.220000  0.260000    0.0000056373211714
-.180000  0.260000    0.0000050687227082
-.140000  0.260000    0.0000049276259794
-.100000  0.260000    0.0000043755033069
-.060000  0.260000    0.0000040941907131
-.020000  0.260000    0.0000037380851524
0.020000  0.260000    0.0000034126423314
0.060000  0.260000    0.0000032138655240
0.100000  0.260000    0.0000031980432690
0.140000  0.260000    0.0000026984215883
0.180000  0.260000    0.0000030448218692
0.220000  0.260000    0.0000027698292040
0.260000  0.260000    0.0000034603239645
0.300000  0.260000    0.0000034473648499
0.340000  0.260000    0.0000035517512480
0.380000  0.260000    0.0000037776813529
0.420000  0.260000    0.0000041247250502
0.460000  0.260000    0.0000045844997766
0.500000  0.260000    0.0000051467686316
0.540000  0.260000    0.0000058029049343
0.580000  0.260000    0.0000065440051699
0.620000  0.260000    0.0000073574566332
0.660000  0.260000    0.0000082341535875
0.700000  0.260000    0.0000085204497872
0.740000  0.260000    0.0000094949121874
0.780000  0.260000    0.0000098811205627
0.820000  0.260000    0.0000103112442824
0.860000  0.260000    0.0000108089937347
0.900000  0.260000    0.0000109145498517
0.940000  0.260000    0.0000107613212173
-.820000  0.300000    0.0000010624650472
-.780000  0.300000    0.0000024036034557
-.740000  0.300000    0.0000036641745676
-.700000  0.300000    0.0000042570076182
-.660000  0.300000    0.0000050897140134
-.620000  0.300000    0.0000052269614039
-.580000  0.300000    0.0000057160572686
-.540000  0.300000    0.0000060576914867
-.500000  0.300000    0.0000062544972666
-.460000  0.300000    0.0000063121696107
-.420000  0.300000    0.0000062384494747
-.380000  0.300000    0.0000060442109612
-.340000  0.300000    0.0000064222813242
-.300000  0.300000    0.0000060323314921
-.260000  0.300000    0.0000055655693470
-.220000  0.300000    0.0000050477895755
-.180000  0.300000    0.0000050196075890
-.140000  0.300000    0.0000044695348541
-.100000  0.300000    0.0000042774230881
-.060000  0.300000    0.0000039682655822
-.020000  0.300000    0.0000036138893583
0.020000  0.300000    0.0000032987590224
0.060000  0.300000    0.0000030974117111
0.100000  0.300000    0.0000030544420091
0.140000  0.300000    0.0000031885563413
0.180000  0.300000    0.0000028278694136
0.220000  0.300000    0.0000032885268553
0.260000  0.300000    0.0000031429827080
0.300000  0.300000    0.0000031021250203
0.340000  0.300000    0.0000031870029097
0.380000  0.300000    0.0000041938935313
0.420000  0.300000    0.0000045101658888
0.460000  0.300000    0.0000049388707641
0.500000  0.300000    0.0000054729021048
0.540000  0.300000    0.0000061031536130
0.580000  0.300000    0.0000068203461780
0.620000  0.300000    0.0000076154786680
0.660000  0.300000    0.0000078366547951
0.700000  0.300000    0.0000087648968409
0.740000  0.300000    0.0000091285139493
0.780000  0.300000    0.0000101390405363
0.820000  0.300000    0.0000105974922084
0.860000  0.300000    0.0000105709525918
0.900000  0.300000    0.0000108481887542
0.940000  0.300000    0.0000109500454803
-.820000  0.340000    0.0000005515034808
-.780000  0.340000    0.0000021401739837
-.740000  0.340000    0.0000031353090061
-.700000  0.340000    0.0000041940920721
-.660000  0.340000    0.0000045862887015
-.620000  0.340000    0.0000052546892523
-.580000  0.340000    0.0000057667263417
-.540000  0.340000    0.0000061241972615
-.500000  0.340000    0.0000063314155724
-.460000  0.340000    0.0000063945984586
-.420000  0.340000    0.0000063229815231
-.380000  0.340000    0.0000061282870454
-.340000  0.340000    0.0000058252048236
-.300000  0.340000    0.0000060197889284
-.260000  0.340000    0.0000055543709671
-.220000  0.340000    0.0000050398024768
-.180000  0.340000    0.0000049331024562
-.140000  0.340000    0.0000044038520149
-.100000  0.340000    0.0000041702602317
-.060000  0.340000    0.0000038473260857
-.020000  0.340000    0.0000034988185537
0.020000  0.340000    0.0000031946309503
0.060000  0.340000    0.0000029920291678
0.100000  0.340000    0.0000029299563111
0.140000  0.340000    0.0000030262872256
0.180000  0.340000    0.0000026574144965
0.220000  0.340000    0.0000030591151609
0.260000  0.340000    0.0000028952299595
0.300000  0.340000    0.0000028364326156
0.340000  0.340000    0.0000036652789705
0.380000  0.340000    0.0000038549366038
0.420000  0.340000    0.0000041632896874
0.460000  0.340000    0.0000045869009317
0.500000  0.340000    0.0000051191447045
0.540000  0.340000    0.0000057499599106
0.580000  0.340000    0.0000064691984369
0.620000  0.340000    0.0000072657774738
0.660000  0.340000    0.0000081281668519
0.700000  0.340000    0.0000084523110989
0.740000  0.340000    0.0000094237904325
0.780000  0.340000    0.0000098629549558
0.820000  0.340000    0.0000103691430091
0.860000  0.340000    0.0000104606975479
0.900000  0.340000    0.0000105017578091
0.940000  0.340000    0.0000115792933628
-.780000  0.380000    0.0000017239827819
-.740000  0.380000    0.0000028973693457
-.700000  0.380000    0.0000040392651218
-.660000  0.380000    0.0000045025779295
-.620000  0.380000    0.0000052060496019
-.580000  0.380000    0.0000057406569440
-.540000  0.380000    0.0000061127082213
-.500000  0.380000    0.0000063293062203
-.460000  0.380000    0.0000063988065281
-.420000  0.380000    0.0000063315757988
-.380000  0.380000    0.0000061399226294
-.340000  0.380000    0.0000058393709703
-.300000  0.380000    0.0000054485080842
-.260000  0.380000    0.0000054983489366
-.220000  0.380000    0.0000049948241197
-.180000  0.380000    0.0000048326269956
-.140000  0.380000    0.0000043259323950
-.100000  0.380000    0.0000040678631011
-.060000  0.380000    0.0000037404276011
-.020000  0.380000    0.0000034007598676
0.020000  0.380000    0.0000031064556451
0.060000  0.380000    0.0000029053813252
0.100000  0.380000    0.0000028303750196
0.140000  0.380000    0.0000028981466114
0.180000  0.380000    0.0000025320124334
0.220000  0.380000    0.0000028853045559
0.260000  0.380000    0.0000027126118090
0.300000  0.380000    0.0000033500532799
0.340000  0.380000    0.0000034191536645
0.380000  0.380000    0.0000036019706421
0.420000  0.380000    0.0000039042735798
0.460000  0.380000    0.0000043253875295
0.500000  0.380000    0.0000048573764606
0.540000  0.380000    0.0000054891158895
0.580000  0.380000    0.0000062095443762
0.620000  0.380000    0.0000070072322235
0.660000  0.380000    0.0000078707562278
0.700000  0.380000    0.0000082327970755
0.740000  0.380000    0.0000092064509718
0.780000  0.380000    0.0000096892637301
0.820000  0.380000    0.0000102587053124
0.860000  0.380000    0.0000105116062037
0.900000  0.380000    0.0000105911904529
-.780000  0.420000    0.0000011094493157
-.740000  0.420000    0.0000025287514347
-.700000  0.420000    0.0000033912412114
-.660000  0.420000    0.0000043354668842
-.620000  0.420000    0.0000050814002254
-.580000  0.420000    0.0000051505359167
-.540000  0.420000    0.0000055274290551
-.500000  0.420000    0.0000057463020221
-.460000  0.420000    0.0000058156912849
-.420000  0.420000    0.0000057468086399
-.380000  0.420000    0.0000061006394926
-.340000  0.420000    0.0000058083540067
-.300000  0.420000    0.0000054257721169
-.260000  0.420000    0.0000054222696185
-.220000  0.420000    0.0000049338828461
-.180000  0.420000    0.0000047368810392
-.140000  0.420000    0.0000042501177350
-.100000  0.420000    0.0000039805149128
-.060000  0.420000    0.0000036561961965
-.020000  0.420000    0.0000033279980518
0.020000  0.420000    0.0000030443735887
0.060000  0.420000    0.0000028461014747
0.100000  0.420000    0.0000027618864802
0.140000  0.420000    0.0000028071551185
0.180000  0.420000    0.0000024558325683
0.220000  0.420000    0.0000027682783607
0.260000  0.420000    0.0000025983709527
0.300000  0.420000    0.0000031858001950
0.340000  0.420000    0.0000032535933909
0.380000  0.420000    0.0000034342497217
0.420000  0.420000    0.0000043754164206
0.460000  0.420000    0.0000047836365090
0.500000  0.420000    0.0000052975168474
0.540000  0.420000    0.0000059102011655
0.580000  0.420000    0.0000066120407197
0.620000  0.420000    0.0000068463464846
0.660000  0.420000    0.0000077110941413
0.700000  0.420000    0.0000086305473487
0.740000  0.420000    0.0000090941289178
0.780000  0.420000    0.0000096313237591
0.820000  0.420000    0.0000098014557101
0.860000  0.420000    0.0000103259494675
0.900000  0.420000    0.0000109612717876
-.780000  0.460000    0.0000002304092296
-.740000  0.460000    0.0000019934075969
-.700000  0.460000    0.0000034033523912
-.660000  0.460000    0.0000040764765489
-.620000  0.460000    0.0000048804141598
-.580000  0.460000    0.0000050152234174
-.540000  0.460000    0.0000054250355630
-.500000  0.460000    0.0000056698365996
-.460000  0.460000    0.0000057604462900
-.420000  0.460000    0.0000057090064573
-.380000  0.460000    0.0000060293613876
-.340000  0.460000    0.0000057512121958
-.300000  0.460000    0.0000053818001808
-.260000  0.460000    0.0000053451198586
-.220000  0.460000    0.0000048732257708
-.180000  0.460000    0.0000046589709103
-.140000  0.460000    0.0000041890478220
-.100000  0.460000    0.0000039177015981
-.060000  0.460000    0.0000036027879422
-.020000  0.460000    0.0000032882990931
0.020000  0.460000    0.0000030166096553
0.060000  0.460000    0.0000028227674797
0.100000  0.460000    0.0000027320577632
0.140000  0.460000    0.0000027591630955
0.180000  0.460000    0.0000024348176094
0.220000  0.460000    0.0000027115699937
0.260000  0.460000    0.0000025557901060
0.300000  0.460000    0.0000030966082280
0.340000  0.460000    0.0000031710926933
0.380000  0.460000    0.0000033567628105
0.420000  0.460000    0.0000042493704989
0.460000  0.460000    0.0000046627573159
0.500000  0.460000    0.0000051816636000
0.540000  0.460000    0.0000057992706977
0.580000  0.460000    0.0000065056950458
0.620000  0.460000    0.0000067897207155
0.660000  0.460000    0.0000076569330759
0.700000  0.460000    0.0000081061453423
0.740000  0.460000    0.0000090973566151
0.780000  0.460000    0.0000097057983243
0.820000  0.460000    0.0000100510555236
0.860000  0.460000    0.0000102167994640
-.740000  0.500000    0.0000014116329807
-.700000  0.500000    0.0000028691070390
-.660000  0.500000    0.0000037092765077
-.620000  0.500000    0.0000045966869530
-.580000  0.500000    0.0000048097270502
-.540000  0.500000    0.0000052635600538
-.500000  0.500000    0.0000055432265052
-.460000  0.500000    0.0000056624291772
-.420000  0.500000    0.0000056356010050
-.380000  0.500000    0.0000059420445687
-.340000  0.500000    0.0000056827702710
-.300000  0.500000    0.0000053303314307
-.260000  0.500000    0.0000052803650354
-.220000  0.500000    0.0000048249421357
-.180000  0.500000    0.0000046092101023
-.140000  0.500000    0.0000041499897151
-.100000  0.500000    0.0000038871171898
-.060000  0.500000    0.0000035871711561
-.020000  0.500000    0.0000032891645767
0.020000  0.500000    0.0000030308075608
0.060000  0.500000    0.0000028430297242
0.100000  0.500000    0.0000027483299305
0.140000  0.500000    0.0000027604418258
0.180000  0.500000    0.0000024754771824
0.220000  0.500000    0.0000027205628637
0.260000  0.500000    0.0000025891594164
0.300000  0.500000    0.0000030862530070
0.340000  0.500000    0.0000031771306428
0.380000  0.500000    0.0000033746457813
0.420000  0.500000    0.0000042178099705
0.460000  0.500000    0.0000046411978898
0.500000  0.500000    0.0000051685530895
0.540000  0.500000    0.0000057931890796
0.580000  0.500000    0.0000065051058821
0.620000  0.500000    0.0000068444055884
0.660000  0.500000    0.0000077169892316
0.700000  0.500000    0.0000082183109692
0.740000  0.500000    0.0000088059071952
0.780000  0.500000    0.0000095261980057
0.820000  0.500000    0.0000101622641045
0.860000  0.500000    0.0000108769349868
-.740000  0.540000    0.0000002014472611
-.700000  0.540000    0.0000021188067933
-.660000  0.540000    0.0000032030847986
-.620000  0.540000    0.0000042126395002
-.580000  0.540000    0.0000045250004982
-.540000  0.540000    0.0000050392209525
-.500000  0.540000    0.0000053671619555
-.460000  0.540000    0.0000055260978435
-.420000  0.540000    0.0000055322788579
-.380000  0.540000    0.0000058467382754
-.340000  0.540000    0.0000056121649744
-.300000  0.540000    0.0000052806911582
-.260000  0.540000    0.0000052367642782
-.220000  0.540000    0.0000047965782167
-.180000  0.540000    0.0000045944208495
-.140000  0.540000    0.0000041399004721
-.100000  0.540000    0.0000038939915282
-.060000  0.540000    0.0000036143443086
-.020000  0.540000    0.0000033362422215
0.020000  0.540000    0.0000030932836490
0.060000  0.540000    0.0000029133604470
0.100000  0.540000    0.0000028168921888
0.140000  0.540000    0.0000028165483073
0.180000  0.540000    0.0000025837167220
0.220000  0.540000    0.0000027993549633
0.260000  0.540000    0.0000027045775305
0.300000  0.540000    0.0000031595783317
0.340000  0.540000    0.0000032758266625
0.380000  0.540000    0.0000034930329693
0.420000  0.540000    0.0000042847147161
0.460000  0.540000    0.0000047233034625
0.500000  0.540000    0.0000052626982939
0.540000  0.540000    0.0000058964169149
0.580000  0.540000    0.0000066151840085
0.620000  0.540000    0.0000070182257104
0.660000  0.540000    0.0000078961941353
0.700000  0.540000    0.0000084639100986
0.740000  0.540000    0.0000091376719340
0.780000  0.540000    0.0000096530713457
0.820000  0.540000    0.0000102433327514
-.700000  0.580000    0.0000012057384828
-.660000  0.580000    0.0000028131218782
-.620000  0.580000    0.0000036931492759
-.580000  0.580000    0.0000045588752055
-.540000  0.580000    0.0000047396815492
-.500000  0.580000    0.0000051336999693
-.460000  0.580000    0.0000053467423980
-.420000  0.580000    0.0000053980302372
-.380000  0.580000    0.0000057444340838
-.340000  0.580000    0.0000055412179080
-.300000  0.580000    0.0000052350779368
-.260000  0.580000    0.0000052168369830
-.220000  0.580000    0.0000047909540116
-.180000  0.580000    0.0000046166004622
-.140000  0.580000    0.0000043473827516
-.100000  0.580000    0.0000039403469083
-.060000  0.580000    0.0000036868710011
-.020000  0.580000    0.0000034325752504
0.020000  0.580000    0.0000032077847345
0.060000  0.580000    0.0000030379010803
0.100000  0.580000    0.0000029417625744
0.140000  0.580000    0.0000026807488702
0.180000  0.580000    0.0000027637841126
0.220000  0.580000    0.0000029519304316
0.260000  0.580000    0.0000029061415360
0.300000  0.580000    0.0000033185692950
0.340000  0.580000    0.0000034706339449
0.380000  0.580000    0.0000037156657325
0.420000  0.580000    0.0000044517719860
0.460000  0.580000    0.0000049108917488
0.500000  0.580000    0.0000054657562726
0.540000  0.580000    0.0000061105004115
0.580000  0.580000    0.0000064954992828
0.620000  0.580000    0.0000073140403741
0.660000  0.580000    0.0000078662998956
0.700000  0.580000    0.0000085163084081
0.740000  0.580000    0.0000093286844150
0.780000  0.580000    0.0000099363518236
-.660000  0.620000    0.0000017465543049
-.620000  0.620000    0.0000033174345985
-.580000  0.620000    0.0000040259161432
-.540000  0.620000    0.0000047639819323
-.500000  0.620000    0.0000052553347070
-.460000  0.620000    0.0000055435230700
-.420000  0.620000    0.0000056593232701
-.380000  0.620000    0.0000056261726094
-.340000  0.620000    0.0000054635356047
-.300000  0.620000    0.0000051892468044
-.260000  0.620000    0.0000052161110167
-.220000  0.620000    0.0000048048655618
-.180000  0.620000    0.0000046718656906
-.140000  0.620000    0.0000044472520809
-.100000  0.620000    0.0000041633559037
-.060000  0.620000    0.0000038033614080
-.020000  0.620000    0.0000035775138892
0.020000  0.620000    0.0000033742309292
0.060000  0.620000    0.0000032170697670
0.100000  0.620000    0.0000029786519572
0.140000  0.620000    0.0000029501415244
0.180000  0.620000    0.0000030171004260
0.220000  0.620000    0.0000031776512345
0.260000  0.620000    0.0000031945798148
0.300000  0.620000    0.0000035625851728
0.340000  0.620000    0.0000037611571307
0.380000  0.620000    0.0000040427453689
0.420000  0.620000    0.0000044222997173
0.460000  0.620000    0.0000049034852065
0.500000  0.620000    0.0000054833008701
0.540000  0.620000    0.0000061536927989
0.580000  0.620000    0.0000069049896459
0.620000  0.620000    0.0000074441247468
0.660000  0.620000    0.0000083642234429
0.700000  0.620000    0.0000088465054828
0.740000  0.620000    0.0000096444949273
0.780000  0.620000    0.0000109512141533
-.660000  0.660000    0.0000002636631557
-.620000  0.660000    0.0000022329754593
-.580000  0.660000    0.0000036453627331
-.540000  0.660000    0.0000042126545551
-.500000  0.660000    0.0000048436152062
-.460000  0.660000    0.0000052382055586
-.420000  0.660000    0.0000054375525253
-.380000  0.660000    0.0000054712343446
-.340000  0.660000    0.0000053619637940
-.300000  0.660000    0.0000055290441619
-.260000  0.660000    0.0000052201535088
-.220000  0.660000    0.0000051633825348
-.180000  0.660000    0.0000047500792181
-.140000  0.660000    0.0000045814875348
-.100000  0.660000    0.0000043515961540
-.060000  0.660000    0.0000040920348189
-.020000  0.660000    0.0000038342376845
0.020000  0.660000    0.0000036056076306
0.060000  0.660000    0.0000034283314395
0.100000  0.660000    0.0000033188394015
0.140000  0.660000    0.0000032875253648
0.180000  0.660000    0.0000033387736844
0.220000  0.660000    0.0000033193568867
0.260000  0.660000    0.0000035645790394
0.300000  0.660000    0.0000036985915119
0.340000  0.660000    0.0000041400607551
0.380000  0.660000    0.0000044673884295
0.420000  0.660000    0.0000048814012153
0.460000  0.660000    0.0000053875521144
0.500000  0.660000    0.0000059842356339
0.540000  0.660000    0.0000066638080332
0.580000  0.660000    0.0000071996926179
0.620000  0.660000    0.0000080519276846
0.660000  0.660000    0.0000085563596656
0.700000  0.660000    0.0000093096830121
0.740000  0.660000    0.0000106511804727
-.620000  0.700000    0.0000008108401974
-.580000  0.700000    0.0000028139196938
-.540000  0.700000    0.0000038078226084
-.500000  0.700000    0.0000046661009471
-.460000  0.700000    0.0000052132268767
-.420000  0.700000    0.0000051200193088
-.380000  0.700000    0.0000056554859580
-.340000  0.700000    0.0000056304301575
-.300000  0.700000    0.0000054745771539
-.260000  0.700000    0.0000055605333351
-.220000  0.700000    0.0000052349498133
-.180000  0.700000    0.0000051400192034
-.140000  0.700000    0.0000047311463769
-.100000  0.700000    0.0000045658503572
-.060000  0.700000    0.0000043639288015
-.020000  0.700000    0.0000041542609531
0.020000  0.700000    0.0000039627418758
0.060000  0.700000    0.0000038103330855
0.100000  0.700000    0.0000037127407065
0.140000  0.700000    0.0000036797837957
0.180000  0.700000    0.0000036628664885
0.220000  0.700000    0.0000037955609409
0.260000  0.700000    0.0000038886155243
0.300000  0.700000    0.0000042109096251
0.340000  0.700000    0.0000044790301687
0.380000  0.700000    0.0000048267920395
0.420000  0.700000    0.0000054233730201
0.460000  0.700000    0.0000057959990184
0.500000  0.700000    0.0000064168890802
0.540000  0.700000    0.0000071208389037
0.580000  0.700000    0.0000077305401289
0.620000  0.700000    0.0000084534130460
0.660000  0.700000    0.0000092035067134
0.700000  0.700000    0.0000104364214461
-.580000  0.740000    0.0000010373361643
-.540000  0.740000    0.0000029067562306
-.500000  0.740000    0.0000041832532524
-.460000  0.740000    0.0000045973992117
-.420000  0.740000    0.0000050887635624
-.380000  0.740000    0.0000053497329221
-.340000  0.740000    0.0000054255261222
-.300000  0.740000    0.0000057432491413
-.260000  0.740000    0.0000055593024889
-.220000  0.740000    0.0000056096924323
-.180000  0.740000    0.0000052767308122
-.140000  0.740000    0.0000051845665231
-.100000  0.740000    0.0000050235473421
-.060000  0.740000    0.0000046422076619
-.020000  0.740000    0.0000044890623507
0.020000  0.740000    0.0000043411742530
0.060000  0.740000    0.0000042183087957
0.100000  0.740000    0.0000041993622368
0.140000  0.740000    0.0000041719645661
0.180000  0.740000    0.0000042115750029
0.220000  0.740000    0.0000042980109920
0.260000  0.740000    0.0000045069029443
0.300000  0.740000    0.0000047345103453
0.340000  0.740000    0.0000051100861562
0.380000  0.740000    0.0000055120286550
0.420000  0.740000    0.0000059872236709
0.460000  0.740000    0.0000065407959079
0.500000  0.740000    0.0000070690937249
0.540000  0.740000    0.0000077977375260
0.580000  0.740000    0.0000085132254044
0.620000  0.740000    0.0000093021402403
0.660000  0.740000    0.0000106233309447
-.540000  0.780000    0.0000010463389293
-.500000  0.780000    0.0000030854026861
-.460000  0.780000    0.0000040162927646
-.420000  0.780000    0.0000048021867359
-.380000  0.780000    0.0000052674734461
-.340000  0.780000    0.0000054987790734
-.300000  0.780000    0.0000055468912613
-.260000  0.780000    0.0000058418851512
-.220000  0.780000    0.0000056436455637
-.180000  0.780000    0.0000057016352124
-.140000  0.780000    0.0000053616314777
-.100000  0.780000    0.0000053043369837
-.060000  0.780000    0.0000051962027733
-.020000  0.780000    0.0000050653171489
0.020000  0.780000    0.0000049368077154
0.060000  0.780000    0.0000048306717937
0.100000  0.780000    0.0000047613142201
0.140000  0.780000    0.0000047372954245
0.180000  0.780000    0.0000048650773599
0.220000  0.780000    0.0000049744005131
0.260000  0.780000    0.0000051925949352
0.300000  0.780000    0.0000054526470744
0.340000  0.780000    0.0000058172446016
0.380000  0.780000    0.0000062433480645
0.420000  0.780000    0.0000067412772169
0.460000  0.780000    0.0000073098669862
0.500000  0.780000    0.0000079297502324
0.540000  0.780000    0.0000086388198155
0.580000  0.780000    0.0000094919145489
0.620000  0.780000    0.0000111407242814
-.500000  0.820000    0.0000005107816561
-.460000  0.820000    0.0000029562197102
-.420000  0.820000    0.0000044071294822
-.380000  0.820000    0.0000048531717345
-.340000  0.820000    0.0000053331758601
-.300000  0.820000    0.0000055651123107
-.260000  0.820000    0.0000060096403432
-.220000  0.820000    0.0000059266408897
-.180000  0.820000    0.0000060807539665
-.140000  0.820000    0.0000058227993624
-.100000  0.820000    0.0000058309118116
-.060000  0.820000    0.0000057781411585
-.020000  0.820000    0.0000056949456252
0.020000  0.820000    0.0000056071024475
0.060000  0.820000    0.0000055347390355
0.100000  0.820000    0.0000054920296815
0.140000  0.820000    0.0000054864902427
0.180000  0.820000    0.0000056590389147
0.220000  0.820000    0.0000057737105701
0.260000  0.820000    0.0000060341448011
0.300000  0.820000    0.0000062781036168
0.340000  0.820000    0.0000066729154880
0.380000  0.820000    0.0000071233316722
0.420000  0.820000    0.0000076598338160
0.460000  0.820000    0.0000082650273033
0.500000  0.820000    0.0000089804365311
0.540000  0.820000    0.0000099515835576
-.420000  0.860000    0.0000025703753761
-.380000  0.860000    0.0000040864968948
-.340000  0.860000    0.0000050971232547
-.300000  0.860000    0.0000056581232487
-.260000  0.860000    0.0000059372741103
-.220000  0.860000    0.0000060185707700
-.180000  0.860000    0.0000063397545784
-.140000  0.860000    0.0000061780819837
-.100000  0.860000    0.0000062973554936
-.060000  0.860000    0.0000063370376034
-.020000  0.860000    0.0000063306186449
0.020000  0.860000    0.0000063056690364
0.060000  0.860000    0.0000062832773935
0.100000  0.860000    0.0000062773386220
0.140000  0.860000    0.0000062943188584
0.180000  0.860000    0.0000065409388883
0.220000  0.860000    0.0000066502405995
0.260000  0.860000    0.0000069686169068
0.300000  0.860000    0.0000073193957132
0.340000  0.860000    0.0000077234218625
0.380000  0.860000    0.0000081893905355
0.420000  0.860000    0.0000088118146293
0.460000  0.860000    0.0000096156621069
0.500000  0.860000    0.0000110962367622
-.380000  0.900000    0.0000006730405803
-.340000  0.900000    0.0000037958226041
-.300000  0.900000    0.0000049167808319
-.260000  0.900000    0.0000057066220498
-.220000  0.900000    0.0000061100598183
-.180000  0.900000    0.0000062706422008
-.140000  0.900000    0.0000066711447187
-.100000  0.900000    0.0000065540565787
-.060000  0.900000    0.0000067406624895
-.020000  0.900000    0.0000068512698132
0.020000  0.900000    0.0000069169942600
0.060000  0.900000    0.0000069606791175
0.100000  0.900000    0.0000069962704586
0.140000  0.900000    0.0000073116933633
0.180000  0.900000    0.0000073834864728
0.220000  0.900000    0.0000077146949651
0.260000  0.900000    0.0000080571144436
0.300000  0.900000    0.0000084361340739
0.340000  0.900000    0.0000090090069235
0.380000  0.900000    0.0000096792195288
0.420000  0.900000    0.0000109038027857
-.300000  0.940000    0.0000002316781687
-.260000  0.940000    0.0000042298777461
-.220000  0.940000    0.0000054330213373
-.180000  0.940000    0.0000062143040837
-.140000  0.940000    0.0000065783058890
-.100000  0.940000    0.0000071286104983
-.060000  0.940000    0.0000070963908302
-.020000  0.940000    0.0000073677588408
0.020000  0.940000    0.0000075511915059
0.060000  0.940000    0.0000076770774143
0.100000  0.940000    0.0000080994723452
0.140000  0.940000    0.0000081788994402
0.180000  0.940000    0.0000085483409249
0.220000  0.940000    0.0000089059303642
0.260000  0.940000    0.0000095198680708
0.300000  0.940000    0.0000101780794071
0.340000  0.940000    0.0000125410011701
-.140000  0.980000    0.0000049146705310
-.100000  0.980000    0.0000066822853383
-.060000  0.980000    0.0000073534292426
-.020000  0.980000    0.0000075580947980
0.020000  0.980000    0.0000080059229300
0.060000  0.980000    0.0000087384396429
0.100000  0.980000    0.0000092901996741
0.140000  0.980000    0.0000096894583366
0.180000  0.980000    0.0000107274819425
