-.180000  -.980000    0.0001338198359071
-.140000  -.980000    0.0001568413769693
-.100000  -.980000    0.0001685913618334
-.060000  -.980000    0.0001750617746643
-.020000  -.980000    0.0001777453878010
0.020000  -.980000    0.0001777453878010
0.060000  -.980000    0.0001750617746643
0.100000  -.980000    0.0001685913618334
0.140000  -.980000    0.0001568413769693
0.180000  -.980000    0.0001338198359071
-.340000  -.940000    0.0001009283803783
-.300000  -.940000    0.0001648812554982
-.260000  -.940000    0.0001864657516317
-.220000  -.940000    0.0002024520930575
-.180000  -.940000    0.0002136623301130
-.140000  -.940000    0.0002229499442349
-.100000  -.940000    0.0002270561399015
-.060000  -.940000    0.0002332315073136
-.020000  -.940000    0.0002350697617440
0.020000  -.940000    0.0002350697617440
0.060000  -.940000    0.0002332315073136
0.100000  -.940000    0.0002270561399015
0.140000  -.940000    0.0002229499442349
0.180000  -.940000    0.0002136623301130
0.220000  -.940000    0.0002024520930575
0.260000  -.940000    0.0001864657516317
0.300000  -.940000    0.0001648812554982
0.340000  -.940000    0.0001009283803783
-.420000  -.900000    0.0001464954102731
-.380000  -.900000    0.0001839852363169
-.340000  -.900000    0.0002058861898098
-.300000  -.900000    0.0002245041487575
-.260000  -.900000    0.0002375865709261
-.220000  -.900000    0.0002493373360320
-.180000  -.900000    0.0002595231146178
-.140000  -.900000    0.0002640047187772
-.100000  -.900000    0.0002717558840691
-.060000  -.900000    0.0002747224863249
-.020000  -.900000    0.0002757729495518
0.020000  -.900000    0.0002757729495518
0.060000  -.900000    0.0002747224863249
0.100000  -.900000    0.0002717558840691
0.140000  -.900000    0.0002640047187772
0.180000  -.900000    0.0002595231146178
0.220000  -.900000    0.0002493373360320
0.260000  -.900000    0.0002375865709261
0.300000  -.900000    0.0002245041487575
0.340000  -.900000    0.0002058861898098
0.380000  -.900000    0.0001839852363169
0.420000  -.900000    0.0001464954102731
-.500000  -.860000    0.0001411173970905
-.460000  -.860000    0.0001864657516317
-.420000  -.860000    0.0002136623301130
-.380000  -.860000    0.0002350697617440
-.340000  -.860000    0.0002503577604718
-.300000  -.860000    0.0002640047187772
-.260000  -.860000    0.0002766830628823
-.220000  -.860000    0.0002882498669908
-.180000  -.860000    0.0002928850953268
-.140000  -.860000    0.0003027130474835
-.100000  -.860000    0.0003055446388520
-.060000  -.860000    0.0003071528096313
-.020000  -.860000    0.0003080916903254
0.020000  -.860000    0.0003080916903254
0.060000  -.860000    0.0003071528096313
0.100000  -.860000    0.0003055446388520
0.140000  -.860000    0.0003027130474835
0.180000  -.860000    0.0002928850953268
0.220000  -.860000    0.0002882498669908
0.260000  -.860000    0.0002766830628823
0.300000  -.860000    0.0002640047187772
0.340000  -.860000    0.0002503577604718
0.380000  -.860000    0.0002350697617440
0.420000  -.860000    0.0002136623301130
0.460000  -.860000    0.0001864657516317
0.500000  -.860000    0.0001411173970905
-.540000  -.820000    0.0001750617746643
-.500000  -.820000    0.0002097791788578
-.460000  -.820000    0.0002350697617440
-.420000  -.820000    0.0002526823726184
-.380000  -.820000    0.0002734209886037
-.340000  -.820000    0.0002882498669908
-.300000  -.820000    0.0003013591647173
-.260000  -.820000    0.0003080916903254
-.220000  -.820000    0.0003199293186914
-.180000  -.820000    0.0003241475875814
-.140000  -.820000    0.0003341496495326
-.100000  -.820000    0.0003365060829813
-.060000  -.820000    0.0003380023181909
-.020000  -.820000    0.0003388878607534
0.020000  -.820000    0.0003388878607534
0.060000  -.820000    0.0003380023181909
0.100000  -.820000    0.0003365060829813
0.140000  -.820000    0.0003341496495326
0.180000  -.820000    0.0003241475875814
0.220000  -.820000    0.0003199293186914
0.260000  -.820000    0.0003080916903254
0.300000  -.820000    0.0003013591647173
0.340000  -.820000    0.0002882498669908
0.380000  -.820000    0.0002734209886037
0.420000  -.820000    0.0002526823726184
0.460000  -.820000    0.0002350697617440
0.500000  -.820000    0.0002097791788578
0.540000  -.820000    0.0001750617746643
-.620000  -.780000    0.0001338198359071
-.580000  -.780000    0.0001924244654143
-.540000  -.780000    0.0002245041487575
-.500000  -.780000    0.0002493373360320
-.460000  -.780000    0.0002717558840691
-.420000  -.780000    0.0002893623267927
-.380000  -.780000    0.0003047305141576
-.340000  -.780000    0.0003190709430272
-.300000  -.780000    0.0003318695803420
-.260000  -.780000    0.0003380023181909
-.220000  -.780000    0.0003499477227911
-.180000  -.780000    0.0003536128585328
-.140000  -.780000    0.0003633393396714
-.100000  -.780000    0.0003663506466948
-.060000  -.780000    0.0003677539454974
-.020000  -.780000    0.0003684040842640
0.020000  -.780000    0.0003684040842640
0.060000  -.780000    0.0003677539454974
0.100000  -.780000    0.0003663506466948
0.140000  -.780000    0.0003633393396714
0.180000  -.780000    0.0003536128585328
0.220000  -.780000    0.0003499477227911
0.260000  -.780000    0.0003380023181909
0.300000  -.780000    0.0003318695803420
0.340000  -.780000    0.0003190709430272
0.380000  -.780000    0.0003047305141576
0.420000  -.780000    0.0002893623267927
0.460000  -.780000    0.0002717558840691
0.500000  -.780000    0.0002493373360320
0.540000  -.780000    0.0002245041487575
0.580000  -.780000    0.0001924244654143
0.620000  -.780000    0.0001338198359071
-.660000  -.740000    0.0001502749972133
-.620000  -.740000    0.0002024520930575
-.580000  -.740000    0.0002350697617440
-.540000  -.740000    0.0002609577243387
-.500000  -.740000    0.0002796506468874
-.460000  -.740000    0.0003027130474835
-.420000  -.740000    0.0003190709430272
-.380000  -.740000    0.0003341496495326
-.340000  -.740000    0.0003478163238511
-.300000  -.740000    0.0003544416025187
-.260000  -.740000    0.0003670837647333
-.220000  -.740000    0.0003716498366784
-.180000  -.740000    0.0003824770307292
-.140000  -.740000    0.0003850668796185
-.100000  -.740000    0.0003875500322270
-.060000  -.740000    0.0003956509246927
-.020000  -.740000    0.0003967056449629
0.020000  -.740000    0.0003967056449629
0.060000  -.740000    0.0003956509246927
0.100000  -.740000    0.0003875500322270
0.140000  -.740000    0.0003850668796185
0.180000  -.740000    0.0003824770307292
0.220000  -.740000    0.0003716498366784
0.260000  -.740000    0.0003670837647333
0.300000  -.740000    0.0003544416025187
0.340000  -.740000    0.0003478163238511
0.380000  -.740000    0.0003341496495326
0.420000  -.740000    0.0003190709430272
0.460000  -.740000    0.0003027130474835
0.500000  -.740000    0.0002796506468874
0.540000  -.740000    0.0002609577243387
0.580000  -.740000    0.0002350697617440
0.620000  -.740000    0.0002024520930575
0.660000  -.740000    0.0001502749972133
-.700000  -.700000    0.0001568413769693
-.660000  -.700000    0.0002058861898098
-.620000  -.700000    0.0002387231807952
-.580000  -.700000    0.0002650550598930
-.540000  -.700000    0.0002902930823642
-.500000  -.700000    0.0003080916903254
-.460000  -.700000    0.0003254046180775
-.420000  -.700000    0.0003464136522085
-.380000  -.700000    0.0003554110764503
-.340000  -.700000    0.0003690767230172
-.300000  -.700000    0.0003824770307292
-.260000  -.700000    0.0003875500322270
-.220000  -.700000    0.0003990160850759
-.180000  -.700000    0.0004022474933190
-.140000  -.700000    0.0004122848651099
-.100000  -.700000    0.0004146139073517
-.060000  -.700000    0.0004157747135844
-.020000  -.700000    0.0004163434822190
0.020000  -.700000    0.0004163434822190
0.060000  -.700000    0.0004157747135844
0.100000  -.700000    0.0004146139073517
0.140000  -.700000    0.0004122848651099
0.180000  -.700000    0.0004022474933190
0.220000  -.700000    0.0003990160850759
0.260000  -.700000    0.0003875500322270
0.300000  -.700000    0.0003824770307292
0.340000  -.700000    0.0003690767230172
0.380000  -.700000    0.0003554110764503
0.420000  -.700000    0.0003464136522085
0.460000  -.700000    0.0003254046180775
0.500000  -.700000    0.0003080916903254
0.540000  -.700000    0.0002902930823642
0.580000  -.700000    0.0002650550598930
0.620000  -.700000    0.0002387231807952
0.660000  -.700000    0.0002058861898098
0.700000  -.700000    0.0001568413769693
-.740000  -.660000    0.0001502749972133
-.700000  -.660000    0.0002058861898098
-.660000  -.660000    0.0002400738881154
-.620000  -.660000    0.0002717558840691
-.580000  -.660000    0.0002928850953268
-.540000  -.660000    0.0003180616817282
-.500000  -.660000    0.0003357893720963
-.460000  -.660000    0.0003521922815293
-.420000  -.660000    0.0003677539454974
-.380000  -.660000    0.0003824770307292
-.340000  -.660000    0.0003956509246927
-.300000  -.660000    0.0004014923545997
-.260000  -.660000    0.0004139514734604
-.220000  -.660000    0.0004176320742612
-.180000  -.660000    0.0004284484822873
-.140000  -.660000    0.0004310597447391
-.100000  -.660000    0.0004327506998088
-.060000  -.660000    0.0004342617768462
-.020000  -.660000    0.0004352331880377
0.020000  -.660000    0.0004352331880377
0.060000  -.660000    0.0004342617768462
0.100000  -.660000    0.0004327506998088
0.140000  -.660000    0.0004310597447391
0.180000  -.660000    0.0004284484822873
0.220000  -.660000    0.0004176320742612
0.260000  -.660000    0.0004139514734604
0.300000  -.660000    0.0004014923545997
0.340000  -.660000    0.0003956509246927
0.380000  -.660000    0.0003824770307292
0.420000  -.660000    0.0003677539454974
0.460000  -.660000    0.0003521922815293
0.500000  -.660000    0.0003357893720963
0.540000  -.660000    0.0003180616817282
0.580000  -.660000    0.0002928850953268
0.620000  -.660000    0.0002717558840691
0.660000  -.660000    0.0002400738881154
0.700000  -.660000    0.0002058861898098
0.740000  -.660000    0.0001502749972133
-.780000  -.620000    0.0001338198359071
-.740000  -.620000    0.0002024520930575
-.700000  -.620000    0.0002387231807952
-.660000  -.620000    0.0002717558840691
-.620000  -.620000    0.0002939725761501
-.580000  -.620000    0.0003199293186914
-.540000  -.620000    0.0003380023181909
-.500000  -.620000    0.0003554110764503
-.460000  -.620000    0.0003716498366784
-.420000  -.620000    0.0003865937914876
-.380000  -.620000    0.0004008278649808
-.340000  -.620000    0.0004146139073517
-.300000  -.620000    0.0004263666103696
-.260000  -.620000    0.0004315917438284
-.220000  -.620000    0.0004423315975955
-.180000  -.620000    0.0004460333607095
-.140000  -.620000    0.0004481914885635
-.100000  -.620000    0.0004507722551084
-.060000  -.620000    0.0004587581278650
-.020000  -.620000    0.0004594991953698
0.020000  -.620000    0.0004594991953698
0.060000  -.620000    0.0004587581278650
0.100000  -.620000    0.0004507722551084
0.140000  -.620000    0.0004481914885635
0.180000  -.620000    0.0004460333607095
0.220000  -.620000    0.0004423315975955
0.260000  -.620000    0.0004315917438284
0.300000  -.620000    0.0004263666103696
0.340000  -.620000    0.0004146139073517
0.380000  -.620000    0.0004008278649808
0.420000  -.620000    0.0003865937914876
0.460000  -.620000    0.0003716498366784
0.500000  -.620000    0.0003554110764503
0.540000  -.620000    0.0003380023181909
0.580000  -.620000    0.0003199293186914
0.620000  -.620000    0.0002939725761501
0.660000  -.620000    0.0002717558840691
0.700000  -.620000    0.0002387231807952
0.740000  -.620000    0.0002024520930575
0.780000  -.620000    0.0001338198359071
-.780000  -.580000    0.0001924244654143
-.740000  -.580000    0.0002350697617440
-.700000  -.580000    0.0002650550598930
-.660000  -.580000    0.0002928850953268
-.620000  -.580000    0.0003199293186914
-.580000  -.580000    0.0003388878607534
-.540000  -.580000    0.0003633393396714
-.500000  -.580000    0.0003807874076484
-.460000  -.580000    0.0003967056449629
-.420000  -.580000    0.0004112089362851
-.380000  -.580000    0.0004184209678117
-.340000  -.580000    0.0004315917438284
-.300000  -.580000    0.0004441879216458
-.260000  -.580000    0.0004481914885635
-.220000  -.580000    0.0004594991953698
-.180000  -.580000    0.0004620843353059
-.140000  -.580000    0.0004649063578163
-.100000  -.580000    0.0004737155012131
-.060000  -.580000    0.0004748698490421
-.020000  -.580000    0.0004753296532447
0.020000  -.580000    0.0004753296532447
0.060000  -.580000    0.0004748698490421
0.100000  -.580000    0.0004737155012131
0.140000  -.580000    0.0004649063578163
0.180000  -.580000    0.0004620843353059
0.220000  -.580000    0.0004594991953698
0.260000  -.580000    0.0004481914885635
0.300000  -.580000    0.0004441879216458
0.340000  -.580000    0.0004315917438284
0.380000  -.580000    0.0004184209678117
0.420000  -.580000    0.0004112089362851
0.460000  -.580000    0.0003967056449629
0.500000  -.580000    0.0003807874076484
0.540000  -.580000    0.0003633393396714
0.580000  -.580000    0.0003388878607534
0.620000  -.580000    0.0003199293186914
0.660000  -.580000    0.0002928850953268
0.700000  -.580000    0.0002650550598930
0.740000  -.580000    0.0002350697617440
0.780000  -.580000    0.0001924244654143
-.820000  -.540000    0.0001750617746643
-.780000  -.540000    0.0002245041487575
-.740000  -.540000    0.0002609577243387
-.700000  -.540000    0.0002902930823642
-.660000  -.540000    0.0003180616817282
-.620000  -.540000    0.0003380023181909
-.580000  -.540000    0.0003633393396714
-.540000  -.540000    0.0003816981830022
-.500000  -.540000    0.0003983507332313
-.460000  -.540000    0.0004139514734604
-.420000  -.540000    0.0004284484822873
-.380000  -.540000    0.0004352331880377
-.340000  -.540000    0.0004475818912336
-.300000  -.540000    0.0004601184785513
-.260000  -.540000    0.0004639997518770
-.220000  -.540000    0.0004748698490421
-.180000  -.540000    0.0004772438724432
-.140000  -.540000    0.0004867631399210
-.100000  -.540000    0.0004886432074818
-.060000  -.540000    0.0004894602268830
-.020000  -.540000    0.0004898567441344
0.020000  -.540000    0.0004898567441344
0.060000  -.540000    0.0004894602268830
0.100000  -.540000    0.0004886432074818
0.140000  -.540000    0.0004867631399210
0.180000  -.540000    0.0004772438724432
0.220000  -.540000    0.0004748698490421
0.260000  -.540000    0.0004639997518770
0.300000  -.540000    0.0004601184785513
0.340000  -.540000    0.0004475818912336
0.380000  -.540000    0.0004352331880377
0.420000  -.540000    0.0004284484822873
0.460000  -.540000    0.0004139514734604
0.500000  -.540000    0.0003983507332313
0.540000  -.540000    0.0003816981830022
0.580000  -.540000    0.0003633393396714
0.620000  -.540000    0.0003380023181909
0.660000  -.540000    0.0003180616817282
0.700000  -.540000    0.0002902930823642
0.740000  -.540000    0.0002609577243387
0.780000  -.540000    0.0002245041487575
0.820000  -.540000    0.0001750617746643
-.860000  -.500000    0.0001411173970905
-.820000  -.500000    0.0002097791788578
-.780000  -.500000    0.0002493373360320
-.740000  -.500000    0.0002796506468874
-.700000  -.500000    0.0003080916903254
-.660000  -.500000    0.0003357893720963
-.620000  -.500000    0.0003554110764503
-.580000  -.500000    0.0003807874076484
-.540000  -.500000    0.0003983507332313
-.500000  -.500000    0.0004146139073517
-.460000  -.500000    0.0004299198257666
-.420000  -.500000    0.0004441879216458
-.380000  -.500000    0.0004507722551084
-.340000  -.500000    0.0004626230446288
-.300000  -.500000    0.0004748698490421
-.260000  -.500000    0.0004787549248044
-.220000  -.500000    0.0004890688672998
-.180000  -.500000    0.0004914691408507
-.140000  -.500000    0.0005009201335121
-.100000  -.500000    0.0005022784808593
-.060000  -.500000    0.0005029834237750
-.020000  -.500000    0.0005034066164499
0.020000  -.500000    0.0005034066164499
0.060000  -.500000    0.0005029834237750
0.100000  -.500000    0.0005022784808593
0.140000  -.500000    0.0005009201335121
0.180000  -.500000    0.0004914691408507
0.220000  -.500000    0.0004890688672998
0.260000  -.500000    0.0004787549248044
0.300000  -.500000    0.0004748698490421
0.340000  -.500000    0.0004626230446288
0.380000  -.500000    0.0004507722551084
0.420000  -.500000    0.0004441879216458
0.460000  -.500000    0.0004299198257666
0.500000  -.500000    0.0004146139073517
0.540000  -.500000    0.0003983507332313
0.580000  -.500000    0.0003807874076484
0.620000  -.500000    0.0003554110764503
0.660000  -.500000    0.0003357893720963
0.700000  -.500000    0.0003080916903254
0.740000  -.500000    0.0002796506468874
0.780000  -.500000    0.0002493373360320
0.820000  -.500000    0.0002097791788578
0.860000  -.500000    0.0001411173970905
-.860000  -.460000    0.0001864657516317
-.820000  -.460000    0.0002350697617440
-.780000  -.460000    0.0002717558840691
-.740000  -.460000    0.0003027130474835
-.700000  -.460000    0.0003254046180775
-.660000  -.460000    0.0003521922815293
-.620000  -.460000    0.0003716498366784
-.580000  -.460000    0.0003967056449629
-.540000  -.460000    0.0004139514734604
-.500000  -.460000    0.0004299198257666
-.460000  -.460000    0.0004448934556339
-.420000  -.460000    0.0004587581278650
-.380000  -.460000    0.0004649063578163
-.340000  -.460000    0.0004766810995372
-.300000  -.460000    0.0004886432074818
-.260000  -.460000    0.0004922773015202
-.220000  -.460000    0.0005022784808593
-.180000  -.460000    0.0005046107485265
-.140000  -.460000    0.0005137993111794
-.100000  -.460000    0.0005148565199831
-.060000  -.460000    0.0005155191329042
-.020000  -.460000    0.0005159868933957
0.020000  -.460000    0.0005159868933957
0.060000  -.460000    0.0005155191329042
0.100000  -.460000    0.0005148565199831
0.140000  -.460000    0.0005137993111794
0.180000  -.460000    0.0005046107485265
0.220000  -.460000    0.0005022784808593
0.260000  -.460000    0.0004922773015202
0.300000  -.460000    0.0004886432074818
0.340000  -.460000    0.0004766810995372
0.380000  -.460000    0.0004649063578163
0.420000  -.460000    0.0004587581278650
0.460000  -.460000    0.0004448934556339
0.500000  -.460000    0.0004299198257666
0.540000  -.460000    0.0004139514734604
0.580000  -.460000    0.0003967056449629
0.620000  -.460000    0.0003716498366784
0.660000  -.460000    0.0003521922815293
0.700000  -.460000    0.0003254046180775
0.740000  -.460000    0.0003027130474835
0.780000  -.460000    0.0002717558840691
0.820000  -.460000    0.0002350697617440
0.860000  -.460000    0.0001864657516317
-.900000  -.420000    0.0001464954102731
-.860000  -.420000    0.0002136623301130
-.820000  -.420000    0.0002526823726184
-.780000  -.420000    0.0002893623267927
-.740000  -.420000    0.0003190709430272
-.700000  -.420000    0.0003464136522085
-.660000  -.420000    0.0003677539454974
-.620000  -.420000    0.0003865937914876
-.580000  -.420000    0.0004112089362851
-.540000  -.420000    0.0004284484822873
-.500000  -.420000    0.0004441879216458
-.460000  -.420000    0.0004587581278650
-.420000  -.420000    0.0004720005041567
-.380000  -.420000    0.0004779231602718
-.340000  -.420000    0.0004898567441344
-.300000  -.420000    0.0005014715365507
-.260000  -.420000    0.0005046107485265
-.220000  -.420000    0.0005145624644452
-.180000  -.420000    0.0005166114197229
-.140000  -.420000    0.0005255926388789
-.100000  -.420000    0.0005264359467083
-.060000  -.420000    0.0005270401937247
-.020000  -.420000    0.0005275312241988
0.020000  -.420000    0.0005275312241988
0.060000  -.420000    0.0005270401937247
0.100000  -.420000    0.0005264359467083
0.140000  -.420000    0.0005255926388789
0.180000  -.420000    0.0005166114197229
0.220000  -.420000    0.0005145624644452
0.260000  -.420000    0.0005046107485265
0.300000  -.420000    0.0005014715365507
0.340000  -.420000    0.0004898567441344
0.380000  -.420000    0.0004779231602718
0.420000  -.420000    0.0004720005041567
0.460000  -.420000    0.0004587581278650
0.500000  -.420000    0.0004441879216458
0.540000  -.420000    0.0004284484822873
0.580000  -.420000    0.0004112089362851
0.620000  -.420000    0.0003865937914876
0.660000  -.420000    0.0003677539454974
0.700000  -.420000    0.0003464136522085
0.740000  -.420000    0.0003190709430272
0.780000  -.420000    0.0002893623267927
0.820000  -.420000    0.0002526823726184
0.860000  -.420000    0.0002136623301130
0.900000  -.420000    0.0001464954102731
-.900000  -.380000    0.0001839852363169
-.860000  -.380000    0.0002350697617440
-.820000  -.380000    0.0002734209886037
-.780000  -.380000    0.0003047305141576
-.740000  -.380000    0.0003341496495326
-.700000  -.380000    0.0003554110764503
-.660000  -.380000    0.0003824770307292
-.620000  -.380000    0.0004008278649808
-.580000  -.380000    0.0004184209678117
-.540000  -.380000    0.0004352331880377
-.500000  -.380000    0.0004507722551084
-.460000  -.380000    0.0004649063578163
-.420000  -.380000    0.0004779231602718
-.380000  -.380000    0.0004902976978763
-.340000  -.380000    0.0005022784808593
-.300000  -.380000    0.0005132297768871
-.260000  -.380000    0.0005159868933957
-.220000  -.380000    0.0005259440730045
-.180000  -.380000    0.0005275312241988
-.140000  -.380000    0.0005363745797707
-.100000  -.380000    0.0005370413965536
-.060000  -.380000    0.0005375260830441
-.020000  -.380000    0.0005379976599613
0.020000  -.380000    0.0005379976599613
0.060000  -.380000    0.0005375260830441
0.100000  -.380000    0.0005370413965536
0.140000  -.380000    0.0005363745797707
0.180000  -.380000    0.0005275312241988
0.220000  -.380000    0.0005259440730045
0.260000  -.380000    0.0005159868933957
0.300000  -.380000    0.0005132297768871
0.340000  -.380000    0.0005022784808593
0.380000  -.380000    0.0004902976978763
0.420000  -.380000    0.0004779231602718
0.460000  -.380000    0.0004649063578163
0.500000  -.380000    0.0004507722551084
0.540000  -.380000    0.0004352331880377
0.580000  -.380000    0.0004184209678117
0.620000  -.380000    0.0004008278649808
0.660000  -.380000    0.0003824770307292
0.700000  -.380000    0.0003554110764503
0.740000  -.380000    0.0003341496495326
0.780000  -.380000    0.0003047305141576
0.820000  -.380000    0.0002734209886037
0.860000  -.380000    0.0002350697617440
0.900000  -.380000    0.0001839852363169
-.940000  -.340000    0.0001009283803783
-.900000  -.340000    0.0002058861898098
-.860000  -.340000    0.0002503577604718
-.820000  -.340000    0.0002882498669908
-.780000  -.340000    0.0003190709430272
-.740000  -.340000    0.0003478163238511
-.700000  -.340000    0.0003690767230172
-.660000  -.340000    0.0003956509246927
-.620000  -.340000    0.0004146139073517
-.580000  -.340000    0.0004315917438284
-.540000  -.340000    0.0004475818912336
-.500000  -.340000    0.0004626230446288
-.460000  -.340000    0.0004766810995372
-.420000  -.340000    0.0004898567441344
-.380000  -.340000    0.0005022784808593
-.340000  -.340000    0.0005137993111794
-.300000  -.340000    0.0005174418066404
-.260000  -.340000    0.0005266946123679
-.220000  -.340000    0.0005363745797707
-.180000  -.340000    0.0005375260830441
-.140000  -.340000    0.0005461453134358
-.100000  -.340000    0.0005466905561123
-.060000  -.340000    0.0005469752864062
-.020000  -.340000    0.0005473753065633
0.020000  -.340000    0.0005473753065633
0.060000  -.340000    0.0005469752864062
0.100000  -.340000    0.0005466905561123
0.140000  -.340000    0.0005461453134358
0.180000  -.340000    0.0005375260830441
0.220000  -.340000    0.0005363745797707
0.260000  -.340000    0.0005266946123679
0.300000  -.340000    0.0005174418066404
0.340000  -.340000    0.0005137993111794
0.380000  -.340000    0.0005022784808593
0.420000  -.340000    0.0004898567441344
0.460000  -.340000    0.0004766810995372
0.500000  -.340000    0.0004626230446288
0.540000  -.340000    0.0004475818912336
0.580000  -.340000    0.0004315917438284
0.620000  -.340000    0.0004146139073517
0.660000  -.340000    0.0003956509246927
0.700000  -.340000    0.0003690767230172
0.740000  -.340000    0.0003478163238511
0.780000  -.340000    0.0003190709430272
0.820000  -.340000    0.0002882498669908
0.860000  -.340000    0.0002503577604718
0.900000  -.340000    0.0002058861898098
0.940000  -.340000    0.0001009283803783
-.940000  -.300000    0.0001648812554982
-.900000  -.300000    0.0002245041487575
-.860000  -.300000    0.0002640047187772
-.820000  -.300000    0.0003013591647173
-.780000  -.300000    0.0003318695803420
-.740000  -.300000    0.0003544416025187
-.700000  -.300000    0.0003824770307292
-.660000  -.300000    0.0004014923545997
-.620000  -.300000    0.0004263666103696
-.580000  -.300000    0.0004441879216458
-.540000  -.300000    0.0004601184785513
-.500000  -.300000    0.0004748698490421
-.460000  -.300000    0.0004886432074818
-.420000  -.300000    0.0005014715365507
-.380000  -.300000    0.0005132297768871
-.340000  -.300000    0.0005174418066404
-.300000  -.300000    0.0005270401937247
-.260000  -.300000    0.0005368837676531
-.220000  -.300000    0.0005455546011595
-.180000  -.300000    0.0005467781757130
-.140000  -.300000    0.0005548309406882
-.100000  -.300000    0.0005554367263500
-.060000  -.300000    0.0005554397541738
-.020000  -.300000    0.0005557041263983
0.020000  -.300000    0.0005557041263983
0.060000  -.300000    0.0005554397541738
0.100000  -.300000    0.0005554367263500
0.140000  -.300000    0.0005548309406882
0.180000  -.300000    0.0005467781757130
0.220000  -.300000    0.0005455546011595
0.260000  -.300000    0.0005368837676531
0.300000  -.300000    0.0005270401937247
0.340000  -.300000    0.0005174418066404
0.380000  -.300000    0.0005132297768871
0.420000  -.300000    0.0005014715365507
0.460000  -.300000    0.0004886432074818
0.500000  -.300000    0.0004748698490421
0.540000  -.300000    0.0004601184785513
0.580000  -.300000    0.0004441879216458
0.620000  -.300000    0.0004263666103696
0.660000  -.300000    0.0004014923545997
0.700000  -.300000    0.0003824770307292
0.740000  -.300000    0.0003544416025187
0.780000  -.300000    0.0003318695803420
0.820000  -.300000    0.0003013591647173
0.860000  -.300000    0.0002640047187772
0.900000  -.300000    0.0002245041487575
0.940000  -.300000    0.0001648812554982
-.940000  -.260000    0.0001864657516317
-.900000  -.260000    0.0002375865709261
-.860000  -.260000    0.0002766830628823
-.820000  -.260000    0.0003080916903254
-.780000  -.260000    0.0003380023181909
-.740000  -.260000    0.0003670837647333
-.700000  -.260000    0.0003875500322270
-.660000  -.260000    0.0004139514734604
-.620000  -.260000    0.0004315917438284
-.580000  -.260000    0.0004481914885635
-.540000  -.260000    0.0004639997518770
-.500000  -.260000    0.0004787549248044
-.460000  -.260000    0.0004922773015202
-.420000  -.260000    0.0005046107485265
-.380000  -.260000    0.0005159868933957
-.340000  -.260000    0.0005266946123679
-.300000  -.260000    0.0005368837676531
-.260000  -.260000    0.0005461453134358
-.220000  -.260000    0.0005473753065633
-.180000  -.260000    0.0005554367263500
-.140000  -.260000    0.0005563129521428
-.100000  -.260000    0.0005632552590302
-.060000  -.260000    0.0005628968963243
-.020000  -.260000    0.0005629622357784
0.020000  -.260000    0.0005629622357784
0.060000  -.260000    0.0005628968963243
0.100000  -.260000    0.0005632552590302
0.140000  -.260000    0.0005563129521428
0.180000  -.260000    0.0005554367263500
0.220000  -.260000    0.0005473753065633
0.260000  -.260000    0.0005461453134358
0.300000  -.260000    0.0005368837676531
0.340000  -.260000    0.0005266946123679
0.380000  -.260000    0.0005159868933957
0.420000  -.260000    0.0005046107485265
0.460000  -.260000    0.0004922773015202
0.500000  -.260000    0.0004787549248044
0.540000  -.260000    0.0004639997518770
0.580000  -.260000    0.0004481914885635
0.620000  -.260000    0.0004315917438284
0.660000  -.260000    0.0004139514734604
0.700000  -.260000    0.0003875500322270
0.740000  -.260000    0.0003670837647333
0.780000  -.260000    0.0003380023181909
0.820000  -.260000    0.0003080916903254
0.860000  -.260000    0.0002766830628823
0.900000  -.260000    0.0002375865709261
0.940000  -.260000    0.0001864657516317
-.940000  -.220000    0.0002024520930575
-.900000  -.220000    0.0002493373360320
-.860000  -.220000    0.0002882498669908
-.820000  -.220000    0.0003199293186914
-.780000  -.220000    0.0003499477227911
-.740000  -.220000    0.0003716498366784
-.700000  -.220000    0.0003990160850759
-.660000  -.220000    0.0004176320742612
-.620000  -.220000    0.0004423315975955
-.580000  -.220000    0.0004594991953698
-.540000  -.220000    0.0004748698490421
-.500000  -.220000    0.0004890688672998
-.460000  -.220000    0.0005022784808593
-.420000  -.220000    0.0005145624644452
-.380000  -.220000    0.0005259440730045
-.340000  -.220000    0.0005363745797707
-.300000  -.220000    0.0005455546011595
-.260000  -.220000    0.0005473753065633
-.220000  -.220000    0.0005553930371367
-.180000  -.220000    0.0005632997278846
-.140000  -.220000    0.0005629622357784
-.100000  -.220000    0.0005702199714820
-.060000  -.220000    0.0005695095567090
-.020000  -.220000    0.0005692815958432
0.020000  -.220000    0.0005692815958432
0.060000  -.220000    0.0005695095567090
0.100000  -.220000    0.0005702199714820
0.140000  -.220000    0.0005629622357784
0.180000  -.220000    0.0005632997278846
0.220000  -.220000    0.0005553930371367
0.260000  -.220000    0.0005473753065633
0.300000  -.220000    0.0005455546011595
0.340000  -.220000    0.0005363745797707
0.380000  -.220000    0.0005259440730045
0.420000  -.220000    0.0005145624644452
0.460000  -.220000    0.0005022784808593
0.500000  -.220000    0.0004890688672998
0.540000  -.220000    0.0004748698490421
0.580000  -.220000    0.0004594991953698
0.620000  -.220000    0.0004423315975955
0.660000  -.220000    0.0004176320742612
0.700000  -.220000    0.0003990160850759
0.740000  -.220000    0.0003716498366784
0.780000  -.220000    0.0003499477227911
0.820000  -.220000    0.0003199293186914
0.860000  -.220000    0.0002882498669908
0.900000  -.220000    0.0002493373360320
0.940000  -.220000    0.0002024520930575
-.980000  -.180000    0.0001338198359071
-.940000  -.180000    0.0002136623301130
-.900000  -.180000    0.0002595231146178
-.860000  -.180000    0.0002928850953268
-.820000  -.180000    0.0003241475875814
-.780000  -.180000    0.0003536128585328
-.740000  -.180000    0.0003824770307292
-.700000  -.180000    0.0004022474933190
-.660000  -.180000    0.0004284484822873
-.620000  -.180000    0.0004460333607095
-.580000  -.180000    0.0004620843353059
-.540000  -.180000    0.0004772438724432
-.500000  -.180000    0.0004914691408507
-.460000  -.180000    0.0005046107485265
-.420000  -.180000    0.0005166114197229
-.380000  -.180000    0.0005275312241988
-.340000  -.180000    0.0005375260830441
-.300000  -.180000    0.0005467781757130
-.260000  -.180000    0.0005554367263500
-.220000  -.180000    0.0005632997278846
-.180000  -.180000    0.0005634423208021
-.140000  -.180000    0.0005695095567090
-.100000  -.180000    0.0005761141657755
-.060000  -.180000    0.0005751109620761
-.020000  -.180000    0.0005744508876404
0.020000  -.180000    0.0005744508876404
0.060000  -.180000    0.0005751109620761
0.100000  -.180000    0.0005761141657755
0.140000  -.180000    0.0005695095567090
0.180000  -.180000    0.0005634423208021
0.220000  -.180000    0.0005632997278846
0.260000  -.180000    0.0005554367263500
0.300000  -.180000    0.0005467781757130
0.340000  -.180000    0.0005375260830441
0.380000  -.180000    0.0005275312241988
0.420000  -.180000    0.0005166114197229
0.460000  -.180000    0.0005046107485265
0.500000  -.180000    0.0004914691408507
0.540000  -.180000    0.0004772438724432
0.580000  -.180000    0.0004620843353059
0.620000  -.180000    0.0004460333607095
0.660000  -.180000    0.0004284484822873
0.700000  -.180000    0.0004022474933190
0.740000  -.180000    0.0003824770307292
0.780000  -.180000    0.0003536128585328
0.820000  -.180000    0.0003241475875814
0.860000  -.180000    0.0002928850953268
0.900000  -.180000    0.0002595231146178
0.940000  -.180000    0.0002136623301130
0.980000  -.180000    0.0001338198359071
-.980000  -.140000    0.0001568413769693
-.940000  -.140000    0.0002229499442349
-.900000  -.140000    0.0002640047187772
-.860000  -.140000    0.0003027130474835
-.820000  -.140000    0.0003341496495326
-.780000  -.140000    0.0003633393396714
-.740000  -.140000    0.0003850668796185
-.700000  -.140000    0.0004122848651099
-.660000  -.140000    0.0004310597447391
-.620000  -.140000    0.0004481914885635
-.580000  -.140000    0.0004649063578163
-.540000  -.140000    0.0004867631399210
-.500000  -.140000    0.0005009201335121
-.460000  -.140000    0.0005137993111794
-.420000  -.140000    0.0005255926388789
-.380000  -.140000    0.0005363745797707
-.340000  -.140000    0.0005461453134358
-.300000  -.140000    0.0005548309406882
-.260000  -.140000    0.0005563129521428
-.220000  -.140000    0.0005629622357784
-.180000  -.140000    0.0005695095567090
-.140000  -.140000    0.0005758572121715
-.100000  -.140000    0.0005744505530455
-.060000  -.140000    0.0005803392156709
-.020000  -.140000    0.0005791816148895
0.020000  -.140000    0.0005791816148895
0.060000  -.140000    0.0005803392156709
0.100000  -.140000    0.0005744505530455
0.140000  -.140000    0.0005758572121715
0.180000  -.140000    0.0005695095567090
0.220000  -.140000    0.0005629622357784
0.260000  -.140000    0.0005563129521428
0.300000  -.140000    0.0005548309406882
0.340000  -.140000    0.0005461453134358
0.380000  -.140000    0.0005363745797707
0.420000  -.140000    0.0005255926388789
0.460000  -.140000    0.0005137993111794
0.500000  -.140000    0.0005009201335121
0.540000  -.140000    0.0004867631399210
0.580000  -.140000    0.0004649063578163
0.620000  -.140000    0.0004481914885635
0.660000  -.140000    0.0004310597447391
0.700000  -.140000    0.0004122848651099
0.740000  -.140000    0.0003850668796185
0.780000  -.140000    0.0003633393396714
0.820000  -.140000    0.0003341496495326
0.860000  -.140000    0.0003027130474835
0.900000  -.140000    0.0002640047187772
0.940000  -.140000    0.0002229499442349
0.980000  -.140000    0.0001568413769693
-.980000  -.100000    0.0001685913618334
-.940000  -.100000    0.0002270561399015
-.900000  -.100000    0.0002717558840691
-.860000  -.100000    0.0003055446388520
-.820000  -.100000    0.0003365060829813
-.780000  -.100000    0.0003663506466948
-.740000  -.100000    0.0003875500322270
-.700000  -.100000    0.0004146139073517
-.660000  -.100000    0.0004327506998088
-.620000  -.100000    0.0004507722551084
-.580000  -.100000    0.0004737155012131
-.540000  -.100000    0.0004886432074818
-.500000  -.100000    0.0005022784808593
-.460000  -.100000    0.0005148565199831
-.420000  -.100000    0.0005264359467083
-.380000  -.100000    0.0005370413965536
-.340000  -.100000    0.0005466905561123
-.300000  -.100000    0.0005554367263500
-.260000  -.100000    0.0005632552590302
-.220000  -.100000    0.0005702199714820
-.180000  -.100000    0.0005761141657755
-.140000  -.100000    0.0005744505530455
-.100000  -.100000    0.0005791816148895
-.060000  -.100000    0.0005841253379635
-.020000  -.100000    0.0005808160734226
0.020000  -.100000    0.0005808160734226
0.060000  -.100000    0.0005841253379635
0.100000  -.100000    0.0005791816148895
0.140000  -.100000    0.0005744505530455
0.180000  -.100000    0.0005761141657755
0.220000  -.100000    0.0005702199714820
0.260000  -.100000    0.0005632552590302
0.300000  -.100000    0.0005554367263500
0.340000  -.100000    0.0005466905561123
0.380000  -.100000    0.0005370413965536
0.420000  -.100000    0.0005264359467083
0.460000  -.100000    0.0005148565199831
0.500000  -.100000    0.0005022784808593
0.540000  -.100000    0.0004886432074818
0.580000  -.100000    0.0004737155012131
0.620000  -.100000    0.0004507722551084
0.660000  -.100000    0.0004327506998088
0.700000  -.100000    0.0004146139073517
0.740000  -.100000    0.0003875500322270
0.780000  -.100000    0.0003663506466948
0.820000  -.100000    0.0003365060829813
0.860000  -.100000    0.0003055446388520
0.900000  -.100000    0.0002717558840691
0.940000  -.100000    0.0002270561399015
0.980000  -.100000    0.0001685913618334
-.980000  -.060000    0.0001750617746643
-.940000  -.060000    0.0002332315073136
-.900000  -.060000    0.0002747224863249
-.860000  -.060000    0.0003071528096313
-.820000  -.060000    0.0003380023181909
-.780000  -.060000    0.0003677539454974
-.740000  -.060000    0.0003956509246927
-.700000  -.060000    0.0004157747135844
-.660000  -.060000    0.0004342617768462
-.620000  -.060000    0.0004587581278650
-.580000  -.060000    0.0004748698490421
-.540000  -.060000    0.0004894602268830
-.500000  -.060000    0.0005029834237750
-.460000  -.060000    0.0005155191329042
-.420000  -.060000    0.0005270401937247
-.380000  -.060000    0.0005375260830441
-.340000  -.060000    0.0005469752864062
-.300000  -.060000    0.0005554397541738
-.260000  -.060000    0.0005628968963243
-.220000  -.060000    0.0005695095567090
-.180000  -.060000    0.0005751109620761
-.140000  -.060000    0.0005803392156709
-.100000  -.060000    0.0005841253379635
-.060000  -.060000    0.0005802428620088
-.020000  -.060000    0.0005828401925486
0.020000  -.060000    0.0005828401925486
0.060000  -.060000    0.0005802428620088
0.100000  -.060000    0.0005841253379635
0.140000  -.060000    0.0005803392156709
0.180000  -.060000    0.0005751109620761
0.220000  -.060000    0.0005695095567090
0.260000  -.060000    0.0005628968963243
0.300000  -.060000    0.0005554397541738
0.340000  -.060000    0.0005469752864062
0.380000  -.060000    0.0005375260830441
0.420000  -.060000    0.0005270401937247
0.460000  -.060000    0.0005155191329042
0.500000  -.060000    0.0005029834237750
0.540000  -.060000    0.0004894602268830
0.580000  -.060000    0.0004748698490421
0.620000  -.060000    0.0004587581278650
0.660000  -.060000    0.0004342617768462
0.700000  -.060000    0.0004157747135844
0.740000  -.060000    0.0003956509246927
0.780000  -.060000    0.0003677539454974
0.820000  -.060000    0.0003380023181909
0.860000  -.060000    0.0003071528096313
0.900000  -.060000    0.0002747224863249
0.940000  -.060000    0.0002332315073136
0.980000  -.060000    0.0001750617746643
-.980000  -.020000    0.0001777453878010
-.940000  -.020000    0.0002350697617440
-.900000  -.020000    0.0002757729495518
-.860000  -.020000    0.0003080916903254
-.820000  -.020000    0.0003388878607534
-.780000  -.020000    0.0003684040842640
-.740000  -.020000    0.0003967056449629
-.700000  -.020000    0.0004163434822190
-.660000  -.020000    0.0004352331880377
-.620000  -.020000    0.0004594991953698
-.580000  -.020000    0.0004753296532447
-.540000  -.020000    0.0004898567441344
-.500000  -.020000    0.0005034066164499
-.460000  -.020000    0.0005159868933957
-.420000  -.020000    0.0005275312241988
-.380000  -.020000    0.0005379976599613
-.340000  -.020000    0.0005473753065633
-.300000  -.020000    0.0005557041263983
-.260000  -.020000    0.0005629622357784
-.220000  -.020000    0.0005692815958432
-.180000  -.020000    0.0005744508876404
-.140000  -.020000    0.0005791816148895
-.100000  -.020000    0.0005808160734226
-.060000  -.020000    0.0005828401925486
-.020000  -.020000    0.0005875688451682
0.020000  -.020000    0.0005875688451682
0.060000  -.020000    0.0005828401925486
0.100000  -.020000    0.0005808160734226
0.140000  -.020000    0.0005791816148895
0.180000  -.020000    0.0005744508876404
0.220000  -.020000    0.0005692815958432
0.260000  -.020000    0.0005629622357784
0.300000  -.020000    0.0005557041263983
0.340000  -.020000    0.0005473753065633
0.380000  -.020000    0.0005379976599613
0.420000  -.020000    0.0005275312241988
0.460000  -.020000    0.0005159868933957
0.500000  -.020000    0.0005034066164499
0.540000  -.020000    0.0004898567441344
0.580000  -.020000    0.0004753296532447
0.620000  -.020000    0.0004594991953698
0.660000  -.020000    0.0004352331880377
0.700000  -.020000    0.0004163434822190
0.740000  -.020000    0.0003967056449629
0.780000  -.020000    0.0003684040842640
0.820000  -.020000    0.0003388878607534
0.860000  -.020000    0.0003080916903254
0.900000  -.020000    0.0002757729495518
0.940000  -.020000    0.0002350697617440
0.980000  -.020000    0.0001777453878010
-.980000  0.020000    0.0001777453878010
-.940000  0.020000    0.0002350697617440
-.900000  0.020000    0.0002757729495518
-.860000  0.020000    0.0003080916903254
-.820000  0.020000    0.0003388878607534
-.780000  0.020000    0.0003684040842640
-.740000  0.020000    0.0003967056449629
-.700000  0.020000    0.0004163434822190
-.660000  0.020000    0.0004352331880377
-.620000  0.020000    0.0004594991953698
-.580000  0.020000    0.0004753296532447
-.540000  0.020000    0.0004898567441344
-.500000  0.020000    0.0005034066164499
-.460000  0.020000    0.0005159868933957
-.420000  0.020000    0.0005275312241988
-.380000  0.020000    0.0005379976599613
-.340000  0.020000    0.0005473753065633
-.300000  0.020000    0.0005557041263983
-.260000  0.020000    0.0005629622357784
-.220000  0.020000    0.0005692815958432
-.180000  0.020000    0.0005744508876404
-.140000  0.020000    0.0005791816148895
-.100000  0.020000    0.0005808160734226
-.060000  0.020000    0.0005828401925486
-.020000  0.020000    0.0005875688451682
0.020000  0.020000    0.0005875688451682
0.060000  0.020000    0.0005828401925486
0.100000  0.020000    0.0005808160734226
0.140000  0.020000    0.0005791816148895
0.180000  0.020000    0.0005744508876404
0.220000  0.020000    0.0005692815958432
0.260000  0.020000    0.0005629622357784
0.300000  0.020000    0.0005557041263983
0.340000  0.020000    0.0005473753065633
0.380000  0.020000    0.0005379976599613
0.420000  0.020000    0.0005275312241988
0.460000  0.020000    0.0005159868933957
0.500000  0.020000    0.0005034066164499
0.540000  0.020000    0.0004898567441344
0.580000  0.020000    0.0004753296532447
0.620000  0.020000    0.0004594991953698
0.660000  0.020000    0.0004352331880377
0.700000  0.020000    0.0004163434822190
0.740000  0.020000    0.0003967056449629
0.780000  0.020000    0.0003684040842640
0.820000  0.020000    0.0003388878607534
0.860000  0.020000    0.0003080916903254
0.900000  0.020000    0.0002757729495518
0.940000  0.020000    0.0002350697617440
0.980000  0.020000    0.0001777453878010
-.980000  0.060000    0.0001750617746643
-.940000  0.060000    0.0002332315073136
-.900000  0.060000    0.0002747224863249
-.860000  0.060000    0.0003071528096313
-.820000  0.060000    0.0003380023181909
-.780000  0.060000    0.0003677539454974
-.740000  0.060000    0.0003956509246927
-.700000  0.060000    0.0004157747135844
-.660000  0.060000    0.0004342617768462
-.620000  0.060000    0.0004587581278650
-.580000  0.060000    0.0004748698490421
-.540000  0.060000    0.0004894602268830
-.500000  0.060000    0.0005029834237750
-.460000  0.060000    0.0005155191329042
-.420000  0.060000    0.0005270401937247
-.380000  0.060000    0.0005375260830441
-.340000  0.060000    0.0005469752864062
-.300000  0.060000    0.0005554397541738
-.260000  0.060000    0.0005628968963243
-.220000  0.060000    0.0005695095567090
-.180000  0.060000    0.0005751109620761
-.140000  0.060000    0.0005803392156709
-.100000  0.060000    0.0005841253379635
-.060000  0.060000    0.0005802428620088
-.020000  0.060000    0.0005828401925486
0.020000  0.060000    0.0005828401925486
0.060000  0.060000    0.0005802428620088
0.100000  0.060000    0.0005841253379635
0.140000  0.060000    0.0005803392156709
0.180000  0.060000    0.0005751109620761
0.220000  0.060000    0.0005695095567090
0.260000  0.060000    0.0005628968963243
0.300000  0.060000    0.0005554397541738
0.340000  0.060000    0.0005469752864062
0.380000  0.060000    0.0005375260830441
0.420000  0.060000    0.0005270401937247
0.460000  0.060000    0.0005155191329042
0.500000  0.060000    0.0005029834237750
0.540000  0.060000    0.0004894602268830
0.580000  0.060000    0.0004748698490421
0.620000  0.060000    0.0004587581278650
0.660000  0.060000    0.0004342617768462
0.700000  0.060000    0.0004157747135844
0.740000  0.060000    0.0003956509246927
0.780000  0.060000    0.0003677539454974
0.820000  0.060000    0.0003380023181909
0.860000  0.060000    0.0003071528096313
0.900000  0.060000    0.0002747224863248
0.940000  0.060000    0.0002332315073136
0.980000  0.060000    0.0001750617746643
-.980000  0.100000    0.0001685913618334
-.940000  0.100000    0.0002270561399015
-.900000  0.100000    0.0002717558840691
-.860000  0.100000    0.0003055446388520
-.820000  0.100000    0.0003365060829813
-.780000  0.100000    0.0003663506466948
-.740000  0.100000    0.0003875500322270
-.700000  0.100000    0.0004146139073517
-.660000  0.100000    0.0004327506998088
-.620000  0.100000    0.0004507722551084
-.580000  0.100000    0.0004737155012131
-.540000  0.100000    0.0004886432074818
-.500000  0.100000    0.0005022784808593
-.460000  0.100000    0.0005148565199831
-.420000  0.100000    0.0005264359467083
-.380000  0.100000    0.0005370413965536
-.340000  0.100000    0.0005466905561123
-.300000  0.100000    0.0005554367263500
-.260000  0.100000    0.0005632552590302
-.220000  0.100000    0.0005702199714820
-.180000  0.100000    0.0005761141657755
-.140000  0.100000    0.0005744505530455
-.100000  0.100000    0.0005791816148895
-.060000  0.100000    0.0005841253379635
-.020000  0.100000    0.0005808160734226
0.020000  0.100000    0.0005808160734226
0.060000  0.100000    0.0005841253379635
0.100000  0.100000    0.0005791816148895
0.140000  0.100000    0.0005744505530455
0.180000  0.100000    0.0005761141657755
0.220000  0.100000    0.0005702199714820
0.260000  0.100000    0.0005632552590302
0.300000  0.100000    0.0005554367263500
0.340000  0.100000    0.0005466905561123
0.380000  0.100000    0.0005370413965536
0.420000  0.100000    0.0005264359467083
0.460000  0.100000    0.0005148565199831
0.500000  0.100000    0.0005022784808593
0.540000  0.100000    0.0004886432074818
0.580000  0.100000    0.0004737155012131
0.620000  0.100000    0.0004507722551084
0.660000  0.100000    0.0004327506998088
0.700000  0.100000    0.0004146139073517
0.740000  0.100000    0.0003875500322270
0.780000  0.100000    0.0003663506466948
0.820000  0.100000    0.0003365060829813
0.860000  0.100000    0.0003055446388520
0.900000  0.100000    0.0002717558840691
0.940000  0.100000    0.0002270561399015
0.980000  0.100000    0.0001685913618334
-.980000  0.140000    0.0001568413769693
-.940000  0.140000    0.0002229499442349
-.900000  0.140000    0.0002640047187772
-.860000  0.140000    0.0003027130474835
-.820000  0.140000    0.0003341496495326
-.780000  0.140000    0.0003633393396714
-.740000  0.140000    0.0003850668796185
-.700000  0.140000    0.0004122848651099
-.660000  0.140000    0.0004310597447391
-.620000  0.140000    0.0004481914885635
-.580000  0.140000    0.0004649063578163
-.540000  0.140000    0.0004867631399210
-.500000  0.140000    0.0005009201335121
-.460000  0.140000    0.0005137993111794
-.420000  0.140000    0.0005255926388789
-.380000  0.140000    0.0005363745797707
-.340000  0.140000    0.0005461453134358
-.300000  0.140000    0.0005548309406882
-.260000  0.140000    0.0005563129521428
-.220000  0.140000    0.0005629622357784
-.180000  0.140000    0.0005695095567090
-.140000  0.140000    0.0005758572121715
-.100000  0.140000    0.0005744505530455
-.060000  0.140000    0.0005803392156709
-.020000  0.140000    0.0005791816148895
0.020000  0.140000    0.0005791816148895
0.060000  0.140000    0.0005803392156709
0.100000  0.140000    0.0005744505530455
0.140000  0.140000    0.0005758572121715
0.180000  0.140000    0.0005695095567090
0.220000  0.140000    0.0005629622357784
0.260000  0.140000    0.0005563129521428
0.300000  0.140000    0.0005548309406882
0.340000  0.140000    0.0005461453134358
0.380000  0.140000    0.0005363745797707
0.420000  0.140000    0.0005255926388789
0.460000  0.140000    0.0005137993111794
0.500000  0.140000    0.0005009201335121
0.540000  0.140000    0.0004867631399210
0.580000  0.140000    0.0004649063578163
0.620000  0.140000    0.0004481914885635
0.660000  0.140000    0.0004310597447391
0.700000  0.140000    0.0004122848651099
0.740000  0.140000    0.0003850668796185
0.780000  0.140000    0.0003633393396714
0.820000  0.140000    0.0003341496495326
0.860000  0.140000    0.0003027130474835
0.900000  0.140000    0.0002640047187772
0.940000  0.140000    0.0002229499442349
0.980000  0.140000    0.0001568413769693
-.980000  0.180000    0.0001338198359071
-.940000  0.180000    0.0002136623301130
-.900000  0.180000    0.0002595231146178
-.860000  0.180000    0.0002928850953268
-.820000  0.180000    0.0003241475875814
-.780000  0.180000    0.0003536128585328
-.740000  0.180000    0.0003824770307292
-.700000  0.180000    0.0004022474933190
-.660000  0.180000    0.0004284484822873
-.620000  0.180000    0.0004460333607095
-.580000  0.180000    0.0004620843353059
-.540000  0.180000    0.0004772438724432
-.500000  0.180000    0.0004914691408507
-.460000  0.180000    0.0005046107485265
-.420000  0.180000    0.0005166114197229
-.380000  0.180000    0.0005275312241988
-.340000  0.180000    0.0005375260830441
-.300000  0.180000    0.0005467781757130
-.260000  0.180000    0.0005554367263500
-.220000  0.180000    0.0005632997278846
-.180000  0.180000    0.0005634423208021
-.140000  0.180000    0.0005695095567090
-.100000  0.180000    0.0005761141657755
-.060000  0.180000    0.0005751109620761
-.020000  0.180000    0.0005744508876404
0.020000  0.180000    0.0005744508876404
0.060000  0.180000    0.0005751109620761
0.100000  0.180000    0.0005761141657755
0.140000  0.180000    0.0005695095567090
0.180000  0.180000    0.0005634423208021
0.220000  0.180000    0.0005632997278846
0.260000  0.180000    0.0005554367263500
0.300000  0.180000    0.0005467781757130
0.340000  0.180000    0.0005375260830441
0.380000  0.180000    0.0005275312241988
0.420000  0.180000    0.0005166114197229
0.460000  0.180000    0.0005046107485265
0.500000  0.180000    0.0004914691408507
0.540000  0.180000    0.0004772438724432
0.580000  0.180000    0.0004620843353059
0.620000  0.180000    0.0004460333607095
0.660000  0.180000    0.0004284484822873
0.700000  0.180000    0.0004022474933190
0.740000  0.180000    0.0003824770307292
0.780000  0.180000    0.0003536128585328
0.820000  0.180000    0.0003241475875814
0.860000  0.180000    0.0002928850953268
0.900000  0.180000    0.0002595231146178
0.940000  0.180000    0.0002136623301130
0.980000  0.180000    0.0001338198359071
-.940000  0.220000    0.0002024520930575
-.900000  0.220000    0.0002493373360320
-.860000  0.220000    0.0002882498669908
-.820000  0.220000    0.0003199293186914
-.780000  0.220000    0.0003499477227911
-.740000  0.220000    0.0003716498366784
-.700000  0.220000    0.0003990160850759
-.660000  0.220000    0.0004176320742612
-.620000  0.220000    0.0004423315975955
-.580000  0.220000    0.0004594991953698
-.540000  0.220000    0.0004748698490421
-.500000  0.220000    0.0004890688672998
-.460000  0.220000    0.0005022784808593
-.420000  0.220000    0.0005145624644452
-.380000  0.220000    0.0005259440730045
-.340000  0.220000    0.0005363745797707
-.300000  0.220000    0.0005455546011595
-.260000  0.220000    0.0005473753065633
-.220000  0.220000    0.0005553930371367
-.180000  0.220000    0.0005632997278846
-.140000  0.220000    0.0005629622357784
-.100000  0.220000    0.0005702199714820
-.060000  0.220000    0.0005695095567090
-.020000  0.220000    0.0005692815958432
0.020000  0.220000    0.0005692815958432
0.060000  0.220000    0.0005695095567090
0.100000  0.220000    0.0005702199714820
0.140000  0.220000    0.0005629622357784
0.180000  0.220000    0.0005632997278846
0.220000  0.220000    0.0005553930371367
0.260000  0.220000    0.0005473753065633
0.300000  0.220000    0.0005455546011595
0.340000  0.220000    0.0005363745797707
0.380000  0.220000    0.0005259440730045
0.420000  0.220000    0.0005145624644452
0.460000  0.220000    0.0005022784808593
0.500000  0.220000    0.0004890688672998
0.540000  0.220000    0.0004748698490421
0.580000  0.220000    0.0004594991953698
0.620000  0.220000    0.0004423315975955
0.660000  0.220000    0.0004176320742612
0.700000  0.220000    0.0003990160850759
0.740000  0.220000    0.0003716498366784
0.780000  0.220000    0.0003499477227911
0.820000  0.220000    0.0003199293186914
0.860000  0.220000    0.0002882498669908
0.900000  0.220000    0.0002493373360320
0.940000  0.220000    0.0002024520930575
-.940000  0.260000    0.0001864657516317
-.900000  0.260000    0.0002375865709261
-.860000  0.260000    0.0002766830628823
-.820000  0.260000    0.0003080916903254
-.780000  0.260000    0.0003380023181909
-.740000  0.260000    0.0003670837647333
-.700000  0.260000    0.0003875500322270
-.660000  0.260000    0.0004139514734604
-.620000  0.260000    0.0004315917438284
-.580000  0.260000    0.0004481914885635
-.540000  0.260000    0.0004639997518770
-.500000  0.260000    0.0004787549248044
-.460000  0.260000    0.0004922773015202
-.420000  0.260000    0.0005046107485265
-.380000  0.260000    0.0005159868933957
-.340000  0.260000    0.0005266946123679
-.300000  0.260000    0.0005368837676531
-.260000  0.260000    0.0005461453134358
-.220000  0.260000    0.0005473753065633
-.180000  0.260000    0.0005554367263500
-.140000  0.260000    0.0005563129521428
-.100000  0.260000    0.0005632552590302
-.060000  0.260000    0.0005628968963243
-.020000  0.260000    0.0005629622357784
0.020000  0.260000    0.0005629622357784
0.060000  0.260000    0.0005628968963243
0.100000  0.260000    0.0005632552590302
0.140000  0.260000    0.0005563129521428
0.180000  0.260000    0.0005554367263500
0.220000  0.260000    0.0005473753065633
0.260000  0.260000    0.0005461453134358
0.300000  0.260000    0.0005368837676531
0.340000  0.260000    0.0005266946123679
0.380000  0.260000    0.0005159868933957
0.420000  0.260000    0.0005046107485265
0.460000  0.260000    0.0004922773015202
0.500000  0.260000    0.0004787549248044
0.540000  0.260000    0.0004639997518770
0.580000  0.260000    0.0004481914885635
0.620000  0.260000    0.0004315917438284
0.660000  0.260000    0.0004139514734604
0.700000  0.260000    0.0003875500322270
0.740000  0.260000    0.0003670837647333
0.780000  0.260000    0.0003380023181909
0.820000  0.260000    0.0003080916903254
0.860000  0.260000    0.0002766830628823
0.900000  0.260000    0.0002375865709261
0.940000  0.260000    0.0001864657516317
-.940000  0.300000    0.0001648812554982
-.900000  0.300000    0.0002245041487575
-.860000  0.300000    0.0002640047187772
-.820000  0.300000    0.0003013591647173
-.780000  0.300000    0.0003318695803420
-.740000  0.300000    0.0003544416025187
-.700000  0.300000    0.0003824770307292
-.660000  0.300000    0.0004014923545997
-.620000  0.300000    0.0004263666103696
-.580000  0.300000    0.0004441879216458
-.540000  0.300000    0.0004601184785513
-.500000  0.300000    0.0004748698490421
-.460000  0.300000    0.0004886432074818
-.420000  0.300000    0.0005014715365507
-.380000  0.300000    0.0005132297768871
-.340000  0.300000    0.0005174418066404
-.300000  0.300000    0.0005270401937247
-.260000  0.300000    0.0005368837676531
-.220000  0.300000    0.0005455546011595
-.180000  0.300000    0.0005467781757130
-.140000  0.300000    0.0005548309406882
-.100000  0.300000    0.0005554367263500
-.060000  0.300000    0.0005554397541738
-.020000  0.300000    0.0005557041263983
0.020000  0.300000    0.0005557041263983
0.060000  0.300000    0.0005554397541738
0.100000  0.300000    0.0005554367263500
0.140000  0.300000    0.0005548309406882
0.180000  0.300000    0.0005467781757130
0.220000  0.300000    0.0005455546011595
0.260000  0.300000    0.0005368837676531
0.300000  0.300000    0.0005270401937247
0.340000  0.300000    0.0005174418066404
0.380000  0.300000    0.0005132297768871
0.420000  0.300000    0.0005014715365507
0.460000  0.300000    0.0004886432074818
0.500000  0.300000    0.0004748698490421
0.540000  0.300000    0.0004601184785513
0.580000  0.300000    0.0004441879216458
0.620000  0.300000    0.0004263666103696
0.660000  0.300000    0.0004014923545997
0.700000  0.300000    0.0003824770307292
0.740000  0.300000    0.0003544416025187
0.780000  0.300000    0.0003318695803420
0.820000  0.300000    0.0003013591647173
0.860000  0.300000    0.0002640047187772
0.900000  0.300000    0.0002245041487575
0.940000  0.300000    0.0001648812554982
-.940000  0.340000    0.0001009283803783
-.900000  0.340000    0.0002058861898098
-.860000  0.340000    0.0002503577604718
-.820000  0.340000    0.0002882498669908
-.780000  0.340000    0.0003190709430272
-.740000  0.340000    0.0003478163238511
-.700000  0.340000    0.0003690767230172
-.660000  0.340000    0.0003956509246927
-.620000  0.340000    0.0004146139073517
-.580000  0.340000    0.0004315917438284
-.540000  0.340000    0.0004475818912336
-.500000  0.340000    0.0004626230446288
-.460000  0.340000    0.0004766810995372
-.420000  0.340000    0.0004898567441344
-.380000  0.340000    0.0005022784808593
-.340000  0.340000    0.0005137993111794
-.300000  0.340000    0.0005174418066404
-.260000  0.340000    0.0005266946123679
-.220000  0.340000    0.0005363745797707
-.180000  0.340000    0.0005375260830441
-.140000  0.340000    0.0005461453134358
-.100000  0.340000    0.0005466905561123
-.060000  0.340000    0.0005469752864062
-.020000  0.340000    0.0005473753065633
0.020000  0.340000    0.0005473753065633
0.060000  0.340000    0.0005469752864062
0.100000  0.340000    0.0005466905561123
0.140000  0.340000    0.0005461453134358
0.180000  0.340000    0.0005375260830441
0.220000  0.340000    0.0005363745797707
0.260000  0.340000    0.0005266946123679
0.300000  0.340000    0.0005174418066404
0.340000  0.340000    0.0005137993111794
0.380000  0.340000    0.0005022784808593
0.420000  0.340000    0.0004898567441344
0.460000  0.340000    0.0004766810995372
0.500000  0.340000    0.0004626230446288
0.540000  0.340000    0.0004475818912336
0.580000  0.340000    0.0004315917438284
0.620000  0.340000    0.0004146139073517
0.660000  0.340000    0.0003956509246927
0.700000  0.340000    0.0003690767230172
0.740000  0.340000    0.0003478163238511
0.780000  0.340000    0.0003190709430272
0.820000  0.340000    0.0002882498669908
0.860000  0.340000    0.0002503577604718
0.900000  0.340000    0.0002058861898098
0.940000  0.340000    0.0001009283803783
-.900000  0.380000    0.0001839852363169
-.860000  0.380000    0.0002350697617440
-.820000  0.380000    0.0002734209886037
-.780000  0.380000    0.0003047305141576
-.740000  0.380000    0.0003341496495326
-.700000  0.380000    0.0003554110764503
-.660000  0.380000    0.0003824770307292
-.620000  0.380000    0.0004008278649808
-.580000  0.380000    0.0004184209678117
-.540000  0.380000    0.0004352331880377
-.500000  0.380000    0.0004507722551084
-.460000  0.380000    0.0004649063578163
-.420000  0.380000    0.0004779231602718
-.380000  0.380000    0.0004902976978763
-.340000  0.380000    0.0005022784808593
-.300000  0.380000    0.0005132297768871
-.260000  0.380000    0.0005159868933957
-.220000  0.380000    0.0005259440730045
-.180000  0.380000    0.0005275312241988
-.140000  0.380000    0.0005363745797707
-.100000  0.380000    0.0005370413965536
-.060000  0.380000    0.0005375260830441
-.020000  0.380000    0.0005379976599613
0.020000  0.380000    0.0005379976599613
0.060000  0.380000    0.0005375260830441
0.100000  0.380000    0.0005370413965536
0.140000  0.380000    0.0005363745797707
0.180000  0.380000    0.0005275312241988
0.220000  0.380000    0.0005259440730045
0.260000  0.380000    0.0005159868933957
0.300000  0.380000    0.0005132297768871
0.340000  0.380000    0.0005022784808593
0.380000  0.380000    0.0004902976978763
0.420000  0.380000    0.0004779231602718
0.460000  0.380000    0.0004649063578163
0.500000  0.380000    0.0004507722551084
0.540000  0.380000    0.0004352331880377
0.580000  0.380000    0.0004184209678117
0.620000  0.380000    0.0004008278649808
0.660000  0.380000    0.0003824770307292
0.700000  0.380000    0.0003554110764503
0.740000  0.380000    0.0003341496495326
0.780000  0.380000    0.0003047305141576
0.820000  0.380000    0.0002734209886037
0.860000  0.380000    0.0002350697617440
0.900000  0.380000    0.0001839852363169
-.900000  0.420000    0.0001464954102731
-.860000  0.420000    0.0002136623301130
-.820000  0.420000    0.0002526823726184
-.780000  0.420000    0.0002893623267927
-.740000  0.420000    0.0003190709430272
-.700000  0.420000    0.0003464136522085
-.660000  0.420000    0.0003677539454974
-.620000  0.420000    0.0003865937914876
-.580000  0.420000    0.0004112089362851
-.540000  0.420000    0.0004284484822873
-.500000  0.420000    0.0004441879216458
-.460000  0.420000    0.0004587581278650
-.420000  0.420000    0.0004720005041567
-.380000  0.420000    0.0004779231602718
-.340000  0.420000    0.0004898567441344
-.300000  0.420000    0.0005014715365507
-.260000  0.420000    0.0005046107485265
-.220000  0.420000    0.0005145624644452
-.180000  0.420000    0.0005166114197229
-.140000  0.420000    0.0005255926388789
-.100000  0.420000    0.0005264359467083
-.060000  0.420000    0.0005270401937247
-.020000  0.420000    0.0005275312241988
0.020000  0.420000    0.0005275312241988
0.060000  0.420000    0.0005270401937247
0.100000  0.420000    0.0005264359467083
0.140000  0.420000    0.0005255926388789
0.180000  0.420000    0.0005166114197229
0.220000  0.420000    0.0005145624644452
0.260000  0.420000    0.0005046107485265
0.300000  0.420000    0.0005014715365507
0.340000  0.420000    0.0004898567441344
0.380000  0.420000    0.0004779231602718
0.420000  0.420000    0.0004720005041567
0.460000  0.420000    0.0004587581278650
0.500000  0.420000    0.0004441879216458
0.540000  0.420000    0.0004284484822873
0.580000  0.420000    0.0004112089362851
0.620000  0.420000    0.0003865937914876
0.660000  0.420000    0.0003677539454974
0.700000  0.420000    0.0003464136522085
0.740000  0.420000    0.0003190709430272
0.780000  0.420000    0.0002893623267927
0.820000  0.420000    0.0002526823726184
0.860000  0.420000    0.0002136623301130
0.900000  0.420000    0.0001464954102731
-.860000  0.460000    0.0001864657516317
-.820000  0.460000    0.0002350697617440
-.780000  0.460000    0.0002717558840691
-.740000  0.460000    0.0003027130474835
-.700000  0.460000    0.0003254046180775
-.660000  0.460000    0.0003521922815293
-.620000  0.460000    0.0003716498366784
-.580000  0.460000    0.0003967056449629
-.540000  0.460000    0.0004139514734604
-.500000  0.460000    0.0004299198257666
-.460000  0.460000    0.0004448934556339
-.420000  0.460000    0.0004587581278650
-.380000  0.460000    0.0004649063578163
-.340000  0.460000    0.0004766810995372
-.300000  0.460000    0.0004886432074818
-.260000  0.460000    0.0004922773015202
-.220000  0.460000    0.0005022784808593
-.180000  0.460000    0.0005046107485265
-.140000  0.460000    0.0005137993111794
-.100000  0.460000    0.0005148565199831
-.060000  0.460000    0.0005155191329042
-.020000  0.460000    0.0005159868933957
0.020000  0.460000    0.0005159868933957
0.060000  0.460000    0.0005155191329042
0.100000  0.460000    0.0005148565199831
0.140000  0.460000    0.0005137993111794
0.180000  0.460000    0.0005046107485265
0.220000  0.460000    0.0005022784808593
0.260000  0.460000    0.0004922773015202
0.300000  0.460000    0.0004886432074818
0.340000  0.460000    0.0004766810995372
0.380000  0.460000    0.0004649063578163
0.420000  0.460000    0.0004587581278650
0.460000  0.460000    0.0004448934556339
0.500000  0.460000    0.0004299198257666
0.540000  0.460000    0.0004139514734604
0.580000  0.460000    0.0003967056449629
0.620000  0.460000    0.0003716498366784
0.660000  0.460000    0.0003521922815293
0.700000  0.460000    0.0003254046180775
0.740000  0.460000    0.0003027130474835
0.780000  0.460000    0.0002717558840691
0.820000  0.460000    0.0002350697617440
0.860000  0.460000    0.0001864657516317
-.860000  0.500000    0.0001411173970905
-.820000  0.500000    0.0002097791788578
-.780000  0.500000    0.0002493373360320
-.740000  0.500000    0.0002796506468874
-.700000  0.500000    0.0003080916903254
-.660000  0.500000    0.0003357893720963
-.620000  0.500000    0.0003554110764503
-.580000  0.500000    0.0003807874076484
-.540000  0.500000    0.0003983507332313
-.500000  0.500000    0.0004146139073517
-.460000  0.500000    0.0004299198257666
-.420000  0.500000    0.0004441879216458
-.380000  0.500000    0.0004507722551084
-.340000  0.500000    0.0004626230446288
-.300000  0.500000    0.0004748698490421
-.260000  0.500000    0.0004787549248044
-.220000  0.500000    0.0004890688672998
-.180000  0.500000    0.0004914691408507
-.140000  0.500000    0.0005009201335121
-.100000  0.500000    0.0005022784808593
-.060000  0.500000    0.0005029834237750
-.020000  0.500000    0.0005034066164499
0.020000  0.500000    0.0005034066164499
0.060000  0.500000    0.0005029834237750
0.100000  0.500000    0.0005022784808593
0.140000  0.500000    0.0005009201335121
0.180000  0.500000    0.0004914691408507
0.220000  0.500000    0.0004890688672998
0.260000  0.500000    0.0004787549248044
0.300000  0.500000    0.0004748698490421
0.340000  0.500000    0.0004626230446288
0.380000  0.500000    0.0004507722551084
0.420000  0.500000    0.0004441879216458
0.460000  0.500000    0.0004299198257666
0.500000  0.500000    0.0004146139073517
0.540000  0.500000    0.0003983507332313
0.580000  0.500000    0.0003807874076484
0.620000  0.500000    0.0003554110764503
0.660000  0.500000    0.0003357893720963
0.700000  0.500000    0.0003080916903254
0.740000  0.500000    0.0002796506468874
0.780000  0.500000    0.0002493373360320
0.820000  0.500000    0.0002097791788578
0.860000  0.500000    0.0001411173970905
-.820000  0.540000    0.0001750617746643
-.780000  0.540000    0.0002245041487575
-.740000  0.540000    0.0002609577243387
-.700000  0.540000    0.0002902930823642
-.660000  0.540000    0.0003180616817282
-.620000  0.540000    0.0003380023181909
-.580000  0.540000    0.0003633393396714
-.540000  0.540000    0.0003816981830022
-.500000  0.540000    0.0003983507332313
-.460000  0.540000    0.0004139514734604
-.420000  0.540000    0.0004284484822873
-.380000  0.540000    0.0004352331880377
-.340000  0.540000    0.0004475818912336
-.300000  0.540000    0.0004601184785513
-.260000  0.540000    0.0004639997518770
-.220000  0.540000    0.0004748698490421
-.180000  0.540000    0.0004772438724432
-.140000  0.540000    0.0004867631399210
-.100000  0.540000    0.0004886432074818
-.060000  0.540000    0.0004894602268830
-.020000  0.540000    0.0004898567441344
0.020000  0.540000    0.0004898567441344
0.060000  0.540000    0.0004894602268830
0.100000  0.540000    0.0004886432074818
0.140000  0.540000    0.0004867631399210
0.180000  0.540000    0.0004772438724432
0.220000  0.540000    0.0004748698490421
0.260000  0.540000    0.0004639997518770
0.300000  0.540000    0.0004601184785513
0.340000  0.540000    0.0004475818912336
0.380000  0.540000    0.0004352331880377
0.420000  0.540000    0.0004284484822873
0.460000  0.540000    0.0004139514734604
0.500000  0.540000    0.0003983507332313
0.540000  0.540000    0.0003816981830022
0.580000  0.540000    0.0003633393396714
0.620000  0.540000    0.0003380023181909
0.660000  0.540000    0.0003180616817282
0.700000  0.540000    0.0002902930823642
0.740000  0.540000    0.0002609577243387
0.780000  0.540000    0.0002245041487575
0.820000  0.540000    0.0001750617746643
-.780000  0.580000    0.0001924244654143
-.740000  0.580000    0.0002350697617440
-.700000  0.580000    0.0002650550598930
-.660000  0.580000    0.0002928850953268
-.620000  0.580000    0.0003199293186914
-.580000  0.580000    0.0003388878607534
-.540000  0.580000    0.0003633393396714
-.500000  0.580000    0.0003807874076484
-.460000  0.580000    0.0003967056449629
-.420000  0.580000    0.0004112089362851
-.380000  0.580000    0.0004184209678117
-.340000  0.580000    0.0004315917438284
-.300000  0.580000    0.0004441879216458
-.260000  0.580000    0.0004481914885635
-.220000  0.580000    0.0004594991953698
-.180000  0.580000    0.0004620843353059
-.140000  0.580000    0.0004649063578163
-.100000  0.580000    0.0004737155012131
-.060000  0.580000    0.0004748698490421
-.020000  0.580000    0.0004753296532447
0.020000  0.580000    0.0004753296532447
0.060000  0.580000    0.0004748698490421
0.100000  0.580000    0.0004737155012131
0.140000  0.580000    0.0004649063578163
0.180000  0.580000    0.0004620843353059
0.220000  0.580000    0.0004594991953698
0.260000  0.580000    0.0004481914885635
0.300000  0.580000    0.0004441879216458
0.340000  0.580000    0.0004315917438284
0.380000  0.580000    0.0004184209678117
0.420000  0.580000    0.0004112089362851
0.460000  0.580000    0.0003967056449629
0.500000  0.580000    0.0003807874076484
0.540000  0.580000    0.0003633393396714
0.580000  0.580000    0.0003388878607534
0.620000  0.580000    0.0003199293186914
0.660000  0.580000    0.0002928850953268
0.700000  0.580000    0.0002650550598930
0.740000  0.580000    0.0002350697617440
0.780000  0.580000    0.0001924244654143
-.780000  0.620000    0.0001338198359071
-.740000  0.620000    0.0002024520930575
-.700000  0.620000    0.0002387231807952
-.660000  0.620000    0.0002717558840691
-.620000  0.620000    0.0002939725761501
-.580000  0.620000    0.0003199293186914
-.540000  0.620000    0.0003380023181909
-.500000  0.620000    0.0003554110764503
-.460000  0.620000    0.0003716498366784
-.420000  0.620000    0.0003865937914876
-.380000  0.620000    0.0004008278649808
-.340000  0.620000    0.0004146139073517
-.300000  0.620000    0.0004263666103696
-.260000  0.620000    0.0004315917438284
-.220000  0.620000    0.0004423315975955
-.180000  0.620000    0.0004460333607095
-.140000  0.620000    0.0004481914885635
-.100000  0.620000    0.0004507722551084
-.060000  0.620000    0.0004587581278650
-.020000  0.620000    0.0004594991953698
0.020000  0.620000    0.0004594991953698
0.060000  0.620000    0.0004587581278650
0.100000  0.620000    0.0004507722551084
0.140000  0.620000    0.0004481914885635
0.180000  0.620000    0.0004460333607095
0.220000  0.620000    0.0004423315975955
0.260000  0.620000    0.0004315917438284
0.300000  0.620000    0.0004263666103696
0.340000  0.620000    0.0004146139073517
0.380000  0.620000    0.0004008278649808
0.420000  0.620000    0.0003865937914876
0.460000  0.620000    0.0003716498366784
0.500000  0.620000    0.0003554110764503
0.540000  0.620000    0.0003380023181909
0.580000  0.620000    0.0003199293186914
0.620000  0.620000    0.0002939725761501
0.660000  0.620000    0.0002717558840691
0.700000  0.620000    0.0002387231807952
0.740000  0.620000    0.0002024520930575
0.780000  0.620000    0.0001338198359071
-.740000  0.660000    0.0001502749972133
-.700000  0.660000    0.0002058861898098
-.660000  0.660000    0.0002400738881154
-.620000  0.660000    0.0002717558840691
-.580000  0.660000    0.0002928850953268
-.540000  0.660000    0.0003180616817282
-.500000  0.660000    0.0003357893720963
-.460000  0.660000    0.0003521922815293
-.420000  0.660000    0.0003677539454974
-.380000  0.660000    0.0003824770307292
-.340000  0.660000    0.0003956509246927
-.300000  0.660000    0.0004014923545997
-.260000  0.660000    0.0004139514734604
-.220000  0.660000    0.0004176320742612
-.180000  0.660000    0.0004284484822873
-.140000  0.660000    0.0004310597447391
-.100000  0.660000    0.0004327506998088
-.060000  0.660000    0.0004342617768462
-.020000  0.660000    0.0004352331880377
0.020000  0.660000    0.0004352331880377
0.060000  0.660000    0.0004342617768462
0.100000  0.660000    0.0004327506998088
0.140000  0.660000    0.0004310597447391
0.180000  0.660000    0.0004284484822873
0.220000  0.660000    0.0004176320742612
0.260000  0.660000    0.0004139514734604
0.300000  0.660000    0.0004014923545997
0.340000  0.660000    0.0003956509246927
0.380000  0.660000    0.0003824770307292
0.420000  0.660000    0.0003677539454974
0.460000  0.660000    0.0003521922815293
0.500000  0.660000    0.0003357893720963
0.540000  0.660000    0.0003180616817282
0.580000  0.660000    0.0002928850953268
0.620000  0.660000    0.0002717558840691
0.660000  0.660000    0.0002400738881154
0.700000  0.660000    0.0002058861898098
0.740000  0.660000    0.0001502749972133
-.700000  0.700000    0.0001568413769693
-.660000  0.700000    0.0002058861898098
-.620000  0.700000    0.0002387231807952
-.580000  0.700000    0.0002650550598930
-.540000  0.700000    0.0002902930823642
-.500000  0.700000    0.0003080916903254
-.460000  0.700000    0.0003254046180775
-.420000  0.700000    0.0003464136522085
-.380000  0.700000    0.0003554110764503
-.340000  0.700000    0.0003690767230172
-.300000  0.700000    0.0003824770307292
-.260000  0.700000    0.0003875500322270
-.220000  0.700000    0.0003990160850759
-.180000  0.700000    0.0004022474933190
-.140000  0.700000    0.0004122848651099
-.100000  0.700000    0.0004146139073517
-.060000  0.700000    0.0004157747135844
-.020000  0.700000    0.0004163434822190
0.020000  0.700000    0.0004163434822190
0.060000  0.700000    0.0004157747135844
0.100000  0.700000    0.0004146139073517
0.140000  0.700000    0.0004122848651099
0.180000  0.700000    0.0004022474933190
0.220000  0.700000    0.0003990160850759
0.260000  0.700000    0.0003875500322270
0.300000  0.700000    0.0003824770307292
0.340000  0.700000    0.0003690767230172
0.380000  0.700000    0.0003554110764503
0.420000  0.700000    0.0003464136522085
0.460000  0.700000    0.0003254046180775
0.500000  0.700000    0.0003080916903254
0.540000  0.700000    0.0002902930823642
0.580000  0.700000    0.0002650550598930
0.620000  0.700000    0.0002387231807952
0.660000  0.700000    0.0002058861898098
0.700000  0.700000    0.0001568413769693
-.660000  0.740000    0.0001502749972133
-.620000  0.740000    0.0002024520930575
-.580000  0.740000    0.0002350697617440
-.540000  0.740000    0.0002609577243387
-.500000  0.740000    0.0002796506468874
-.460000  0.740000    0.0003027130474835
-.420000  0.740000    0.0003190709430272
-.380000  0.740000    0.0003341496495326
-.340000  0.740000    0.0003478163238511
-.300000  0.740000    0.0003544416025187
-.260000  0.740000    0.0003670837647333
-.220000  0.740000    0.0003716498366784
-.180000  0.740000    0.0003824770307292
-.140000  0.740000    0.0003850668796185
-.100000  0.740000    0.0003875500322270
-.060000  0.740000    0.0003956509246927
-.020000  0.740000    0.0003967056449629
0.020000  0.740000    0.0003967056449629
0.060000  0.740000    0.0003956509246927
0.100000  0.740000    0.0003875500322270
0.140000  0.740000    0.0003850668796185
0.180000  0.740000    0.0003824770307292
0.220000  0.740000    0.0003716498366784
0.260000  0.740000    0.0003670837647333
0.300000  0.740000    0.0003544416025187
0.340000  0.740000    0.0003478163238511
0.380000  0.740000    0.0003341496495326
0.420000  0.740000    0.0003190709430272
0.460000  0.740000    0.0003027130474835
0.500000  0.740000    0.0002796506468874
0.540000  0.740000    0.0002609577243387
0.580000  0.740000    0.0002350697617440
0.620000  0.740000    0.0002024520930575
0.660000  0.740000    0.0001502749972133
-.620000  0.780000    0.0001338198359071
-.580000  0.780000    0.0001924244654143
-.540000  0.780000    0.0002245041487575
-.500000  0.780000    0.0002493373360320
-.460000  0.780000    0.0002717558840691
-.420000  0.780000    0.0002893623267927
-.380000  0.780000    0.0003047305141576
-.340000  0.780000    0.0003190709430272
-.300000  0.780000    0.0003318695803420
-.260000  0.780000    0.0003380023181909
-.220000  0.780000    0.0003499477227911
-.180000  0.780000    0.0003536128585328
-.140000  0.780000    0.0003633393396714
-.100000  0.780000    0.0003663506466948
-.060000  0.780000    0.0003677539454974
-.020000  0.780000    0.0003684040842640
0.020000  0.780000    0.0003684040842640
0.060000  0.780000    0.0003677539454974
0.100000  0.780000    0.0003663506466948
0.140000  0.780000    0.0003633393396714
0.180000  0.780000    0.0003536128585328
0.220000  0.780000    0.0003499477227911
0.260000  0.780000    0.0003380023181909
0.300000  0.780000    0.0003318695803420
0.340000  0.780000    0.0003190709430272
0.380000  0.780000    0.0003047305141576
0.420000  0.780000    0.0002893623267927
0.460000  0.780000    0.0002717558840691
0.500000  0.780000    0.0002493373360320
0.540000  0.780000    0.0002245041487575
0.580000  0.780000    0.0001924244654143
0.620000  0.780000    0.0001338198359071
-.540000  0.820000    0.0001750617746643
-.500000  0.820000    0.0002097791788578
-.460000  0.820000    0.0002350697617440
-.420000  0.820000    0.0002526823726184
-.380000  0.820000    0.0002734209886037
-.340000  0.820000    0.0002882498669908
-.300000  0.820000    0.0003013591647173
-.260000  0.820000    0.0003080916903254
-.220000  0.820000    0.0003199293186914
-.180000  0.820000    0.0003241475875814
-.140000  0.820000    0.0003341496495326
-.100000  0.820000    0.0003365060829813
-.060000  0.820000    0.0003380023181909
-.020000  0.820000    0.0003388878607534
0.020000  0.820000    0.0003388878607534
0.060000  0.820000    0.0003380023181909
0.100000  0.820000    0.0003365060829813
0.140000  0.820000    0.0003341496495326
0.180000  0.820000    0.0003241475875814
0.220000  0.820000    0.0003199293186914
0.260000  0.820000    0.0003080916903254
0.300000  0.820000    0.0003013591647173
0.340000  0.820000    0.0002882498669908
0.380000  0.820000    0.0002734209886037
0.420000  0.820000    0.0002526823726184
0.460000  0.820000    0.0002350697617440
0.500000  0.820000    0.0002097791788578
0.540000  0.820000    0.0001750617746643
-.500000  0.860000    0.0001411173970905
-.460000  0.860000    0.0001864657516317
-.420000  0.860000    0.0002136623301130
-.380000  0.860000    0.0002350697617440
-.340000  0.860000    0.0002503577604718
-.300000  0.860000    0.0002640047187772
-.260000  0.860000    0.0002766830628823
-.220000  0.860000    0.0002882498669908
-.180000  0.860000    0.0002928850953268
-.140000  0.860000    0.0003027130474835
-.100000  0.860000    0.0003055446388520
-.060000  0.860000    0.0003071528096313
-.020000  0.860000    0.0003080916903254
0.020000  0.860000    0.0003080916903254
0.060000  0.860000    0.0003071528096313
0.100000  0.860000    0.0003055446388520
0.140000  0.860000    0.0003027130474835
0.180000  0.860000    0.0002928850953268
0.220000  0.860000    0.0002882498669908
0.260000  0.860000    0.0002766830628823
0.300000  0.860000    0.0002640047187772
0.340000  0.860000    0.0002503577604718
0.380000  0.860000    0.0002350697617440
0.420000  0.860000    0.0002136623301130
0.460000  0.860000    0.0001864657516317
0.500000  0.860000    0.0001411173970905
-.420000  0.900000    0.0001464954102731
-.380000  0.900000    0.0001839852363169
-.340000  0.900000    0.0002058861898098
-.300000  0.900000    0.0002245041487575
-.260000  0.900000    0.0002375865709261
-.220000  0.900000    0.0002493373360320
-.180000  0.900000    0.0002595231146178
-.140000  0.900000    0.0002640047187772
-.100000  0.900000    0.0002717558840691
-.060000  0.900000    0.0002747224863248
-.020000  0.900000    0.0002757729495518
0.020000  0.900000    0.0002757729495518
0.060000  0.900000    0.0002747224863248
0.100000  0.900000    0.0002717558840691
0.140000  0.900000    0.0002640047187772
0.180000  0.900000    0.0002595231146178
0.220000  0.900000    0.0002493373360320
0.260000  0.900000    0.0002375865709261
0.300000  0.900000    0.0002245041487575
0.340000  0.900000    0.0002058861898098
0.380000  0.900000    0.0001839852363169
0.420000  0.900000    0.0001464954102731
-.340000  0.940000    0.0001009283803783
-.300000  0.940000    0.0001648812554982
-.260000  0.940000    0.0001864657516317
-.220000  0.940000    0.0002024520930575
-.180000  0.940000    0.0002136623301130
-.140000  0.940000    0.0002229499442349
-.100000  0.940000    0.0002270561399015
-.060000  0.940000    0.0002332315073136
-.020000  0.940000    0.0002350697617440
0.020000  0.940000    0.0002350697617440
0.060000  0.940000    0.0002332315073136
0.100000  0.940000    0.0002270561399015
0.140000  0.940000    0.0002229499442349
0.180000  0.940000    0.0002136623301130
0.220000  0.940000    0.0002024520930575
0.260000  0.940000    0.0001864657516317
0.300000  0.940000    0.0001648812554982
0.340000  0.940000    0.0001009283803783
-.180000  0.980000    0.0001338198359071
-.140000  0.980000    0.0001568413769693
-.100000  0.980000    0.0001685913618334
-.060000  0.980000    0.0001750617746643
-.020000  0.980000    0.0001777453878010
0.020000  0.980000    0.0001777453878010
0.060000  0.980000    0.0001750617746643
0.100000  0.980000    0.0001685913618334
0.140000  0.980000    0.0001568413769693
0.180000  0.980000    0.0001338198359071
