-.140000  -.980000    0.0000025942864639
-.100000  -.980000    0.0000051213709962
-.060000  -.980000    0.0000062999305492
-.020000  -.980000    0.0000068692975567
0.020000  -.980000    0.0000075403876343
0.060000  -.980000    0.0000083924069872
0.100000  -.980000    0.0000090059753503
0.140000  -.980000    0.0000093963223078
0.180000  -.980000    0.0000101109565825
-.260000  -.940000    0.0000014686389373
-.220000  -.940000    0.0000035876999542
-.180000  -.940000    0.0000049085163839
-.140000  -.940000    0.0000056904095722
-.100000  -.940000    0.0000065395032048
-.060000  -.940000    0.0000067651672135
-.020000  -.940000    0.0000072260001453
0.020000  -.940000    0.0000075582827156
0.060000  -.940000    0.0000077926706874
0.100000  -.940000    0.0000083118336852
0.140000  -.940000    0.0000084181444048
0.180000  -.940000    0.0000088077345106
0.220000  -.940000    0.0000091396468726
0.260000  -.940000    0.0000096695129486
0.300000  -.940000    0.0000101071416314
0.340000  -.940000    0.0000109155665406
-.340000  -.900000    0.0000009350216773
-.300000  -.900000    0.0000028953990368
-.260000  -.900000    0.0000042077150321
-.220000  -.900000    0.0000050412764912
-.180000  -.900000    0.0000055552567643
-.140000  -.900000    0.0000062176676473
-.100000  -.900000    0.0000063339909712
-.060000  -.900000    0.0000066964922200
-.020000  -.900000    0.0000069509994480
0.020000  -.900000    0.0000071235323442
0.060000  -.900000    0.0000072367901644
0.100000  -.900000    0.0000073082398986
0.140000  -.900000    0.0000076925781164
0.180000  -.900000    0.0000077326117137
0.220000  -.900000    0.0000080784287775
0.260000  -.900000    0.0000084062091338
0.300000  -.900000    0.0000087286949531
0.340000  -.900000    0.0000092431446165
0.380000  -.900000    0.0000097228578524
0.420000  -.900000    0.0000104206910428
-.380000  -.860000    0.0000017264924419
-.340000  -.860000    0.0000032440062730
-.300000  -.860000    0.0000042589778426
-.260000  -.860000    0.0000049264342617
-.220000  -.860000    0.0000053393570599
-.180000  -.860000    0.0000059139466225
-.140000  -.860000    0.0000059783877359
-.100000  -.860000    0.0000062749449869
-.060000  -.860000    0.0000064655371944
-.020000  -.860000    0.0000065756740483
0.020000  -.860000    0.0000066286463031
0.060000  -.860000    0.0000066450778923
0.100000  -.860000    0.0000066420544079
0.140000  -.860000    0.0000066327480469
0.180000  -.860000    0.0000069341512243
0.220000  -.860000    0.0000069567474868
0.260000  -.860000    0.0000072841472769
0.300000  -.860000    0.0000076220403388
0.340000  -.860000    0.0000079801902556
0.380000  -.860000    0.0000083610149340
0.420000  -.860000    0.0000089204739582
0.460000  -.860000    0.0000095503706790
0.500000  -.860000    0.0000103100380347
-.460000  -.820000    0.0000001609308875
-.420000  -.820000    0.0000020413687491
-.380000  -.820000    0.0000031034481311
-.340000  -.820000    0.0000039778003777
-.300000  -.820000    0.0000045681751844
-.260000  -.820000    0.0000052745694188
-.220000  -.820000    0.0000054702283803
-.180000  -.820000    0.0000058515345832
-.140000  -.820000    0.0000057698224024
-.100000  -.820000    0.0000059242157723
-.060000  -.820000    0.0000059901066356
-.020000  -.820000    0.0000059925414685
0.020000  -.820000    0.0000059533560804
0.060000  -.820000    0.0000058925111399
0.100000  -.820000    0.0000058268934722
0.140000  -.820000    0.0000057699743364
0.180000  -.820000    0.0000060031493023
0.220000  -.820000    0.0000060063524589
0.260000  -.820000    0.0000062932298269
0.300000  -.820000    0.0000063871849280
0.340000  -.820000    0.0000067643800158
0.380000  -.820000    0.0000071785449791
0.420000  -.820000    0.0000077874185344
0.460000  -.820000    0.0000082622678856
0.500000  -.820000    0.0000088819858473
0.540000  -.820000    0.0000096117377466
-.500000  -.780000    0.0000003009514584
-.460000  -.780000    0.0000018233467649
-.420000  -.780000    0.0000029885403900
-.380000  -.780000    0.0000038255347216
-.340000  -.780000    0.0000044050661149
-.300000  -.780000    0.0000047732839692
-.260000  -.780000    0.0000052968744650
-.220000  -.780000    0.0000053410493303
-.180000  -.780000    0.0000055846670521
-.140000  -.780000    0.0000053901519284
-.100000  -.780000    0.0000054412080671
-.060000  -.780000    0.0000054160475435
-.020000  -.780000    0.0000053374967365
0.020000  -.780000    0.0000052290551890
0.060000  -.780000    0.0000051095362321
0.100000  -.780000    0.0000049956486338
0.140000  -.780000    0.0000049015389452
0.180000  -.780000    0.0000050743472782
0.220000  -.780000    0.0000050596561486
0.260000  -.780000    0.0000053027884341
0.300000  -.780000    0.0000054011469944
0.340000  -.780000    0.0000057582782333
0.380000  -.780000    0.0000061683053291
0.420000  -.780000    0.0000066298650712
0.460000  -.780000    0.0000071398866063
0.500000  -.780000    0.0000078095635219
0.540000  -.780000    0.0000084704555610
0.580000  -.780000    0.0000091765337647
0.620000  -.780000    0.0000099532779620
-.540000  -.740000    0.0000001791354019
-.500000  -.740000    0.0000017621876438
-.460000  -.740000    0.0000027189837304
-.420000  -.740000    0.0000035499139010
-.380000  -.740000    0.0000041432480501
-.340000  -.740000    0.0000045347594273
-.300000  -.740000    0.0000050738778843
-.260000  -.740000    0.0000051438281317
-.220000  -.740000    0.0000053920165848
-.180000  -.740000    0.0000052163431247
-.140000  -.740000    0.0000052522910114
-.100000  -.740000    0.0000052020056144
-.060000  -.740000    0.0000048206346241
-.020000  -.740000    0.0000046868580035
0.020000  -.740000    0.0000045296104828
0.060000  -.740000    0.0000043699528589
0.100000  -.740000    0.0000044248000079
0.140000  -.740000    0.0000043039885895
0.180000  -.740000    0.0000042276897724
0.220000  -.740000    0.0000043585503057
0.260000  -.740000    0.0000044010027300
0.300000  -.740000    0.0000046478370093
0.340000  -.740000    0.0000048307573719
0.380000  -.740000    0.0000052217663329
0.420000  -.740000    0.0000056788041639
0.460000  -.740000    0.0000061980718840
0.500000  -.740000    0.0000068674006843
0.540000  -.740000    0.0000074891619631
0.580000  -.740000    0.0000081992844522
0.620000  -.740000    0.0000089236275672
0.660000  -.740000    0.0000097461518381
-.540000  -.700000    0.0000013846070505
-.500000  -.700000    0.0000025601049089
-.460000  -.700000    0.0000034451500707
-.420000  -.700000    0.0000038046336115
-.380000  -.700000    0.0000045394971661
-.340000  -.700000    0.0000048101944566
-.300000  -.700000    0.0000049210482167
-.260000  -.700000    0.0000052023874118
-.220000  -.700000    0.0000050562400298
-.180000  -.700000    0.0000051028037026
-.140000  -.700000    0.0000047768549355
-.100000  -.700000    0.0000046737024376
-.060000  -.700000    0.0000045144302955
-.020000  -.700000    0.0000043184871205
0.020000  -.700000    0.0000041091776267
0.060000  -.700000    0.0000039081739606
0.100000  -.700000    0.0000037327413799
0.140000  -.700000    0.0000035977085829
0.180000  -.700000    0.0000036238573792
0.220000  -.700000    0.0000036011097791
0.260000  -.700000    0.0000037255568047
0.300000  -.700000    0.0000038516902196
0.340000  -.700000    0.0000041261392371
0.380000  -.700000    0.0000044805360904
0.420000  -.700000    0.0000048487963289
0.460000  -.700000    0.0000054244417120
0.500000  -.700000    0.0000060062640219
0.540000  -.700000    0.0000066490119238
0.580000  -.700000    0.0000073659593611
0.620000  -.700000    0.0000080898499909
0.660000  -.700000    0.0000087911522869
0.700000  -.700000    0.0000095411608558
-.580000  -.660000    0.0000010294341843
-.540000  -.660000    0.0000020780422458
-.500000  -.660000    0.0000029847372916
-.460000  -.660000    0.0000036747929624
-.420000  -.660000    0.0000041743846512
-.380000  -.660000    0.0000045009645719
-.340000  -.660000    0.0000046668942141
-.300000  -.660000    0.0000050026564233
-.260000  -.660000    0.0000048994704223
-.220000  -.660000    0.0000049849982843
-.180000  -.660000    0.0000046840417955
-.140000  -.660000    0.0000045913255622
-.100000  -.660000    0.0000044225680294
-.060000  -.660000    0.0000042034624073
-.020000  -.660000    0.0000039556528290
0.020000  -.660000    0.0000037022043928
0.060000  -.660000    0.0000034665284470
0.100000  -.660000    0.0000032667717829
0.140000  -.660000    0.0000031178909387
0.180000  -.660000    0.0000030313146231
0.220000  -.660000    0.0000030405270375
0.260000  -.660000    0.0000031012612795
0.300000  -.660000    0.0000032463637023
0.340000  -.660000    0.0000034771704314
0.380000  -.660000    0.0000037955300373
0.420000  -.660000    0.0000042034310636
0.460000  -.660000    0.0000046965541971
0.500000  -.660000    0.0000052738706663
0.540000  -.660000    0.0000059252655628
0.580000  -.660000    0.0000066383421299
0.620000  -.660000    0.0000073982345940
0.660000  -.660000    0.0000081173245394
0.700000  -.660000    0.0000088149408453
0.740000  -.660000    0.0000096244106195
-.620000  -.620000    0.0000005474019947
-.580000  -.620000    0.0000017022605217
-.540000  -.620000    0.0000026841568699
-.500000  -.620000    0.0000034509633525
-.460000  -.620000    0.0000040284718479
-.420000  -.620000    0.0000044339621331
-.380000  -.620000    0.0000046785660346
-.340000  -.620000    0.0000047721470258
-.300000  -.620000    0.0000047269892463
-.260000  -.620000    0.0000048737065334
-.220000  -.620000    0.0000046100991115
-.180000  -.620000    0.0000045550530524
-.140000  -.620000    0.0000044055230169
-.100000  -.620000    0.0000041820865994
-.060000  -.620000    0.0000037531211239
-.020000  -.620000    0.0000035026969031
0.020000  -.620000    0.0000032510329042
0.060000  -.620000    0.0000030172037591
0.100000  -.620000    0.0000028460343409
0.140000  -.620000    0.0000026872561986
0.180000  -.620000    0.0000026007077898
0.220000  -.620000    0.0000025945048198
0.260000  -.620000    0.0000026177186826
0.300000  -.620000    0.0000027846812921
0.340000  -.620000    0.0000029710550784
0.380000  -.620000    0.0000032512969239
0.420000  -.620000    0.0000036303780669
0.460000  -.620000    0.0000041047857332
0.500000  -.620000    0.0000046726620067
0.540000  -.620000    0.0000053222104101
0.580000  -.620000    0.0000060405751535
0.620000  -.620000    0.0000067741026263
0.660000  -.620000    0.0000075954576209
0.700000  -.620000    0.0000082941484122
0.740000  -.620000    0.0000090088702394
0.780000  -.620000    0.0000095585309597
-.620000  -.580000    0.0000012217219463
-.580000  -.580000    0.0000022820938256
-.540000  -.580000    0.0000028851869105
-.500000  -.580000    0.0000035208937093
-.460000  -.580000    0.0000039966477035
-.420000  -.580000    0.0000043166833203
-.380000  -.580000    0.0000047986613245
-.340000  -.580000    0.0000048344500596
-.300000  -.580000    0.0000047387359662
-.260000  -.580000    0.0000048329635988
-.220000  -.580000    0.0000045337526637
-.180000  -.580000    0.0000044322320140
-.140000  -.580000    0.0000042371714606
-.100000  -.580000    0.0000038022854768
-.060000  -.580000    0.0000035414239545
-.020000  -.580000    0.0000032590685238
0.020000  -.580000    0.0000029814122042
0.060000  -.580000    0.0000027286434814
0.100000  -.580000    0.0000025229920601
0.140000  -.580000    0.0000023156874618
0.180000  -.580000    0.0000022321731895
0.220000  -.580000    0.0000022386642338
0.260000  -.580000    0.0000022077431724
0.300000  -.580000    0.0000024016211400
0.340000  -.580000    0.0000025455153444
0.380000  -.580000    0.0000027914436211
0.420000  -.580000    0.0000032787735435
0.460000  -.580000    0.0000037210515900
0.500000  -.580000    0.0000042628256856
0.540000  -.580000    0.0000048973145459
0.580000  -.580000    0.0000055232417220
0.620000  -.580000    0.0000063102313234
0.660000  -.580000    0.0000070639161080
0.700000  -.580000    0.0000078353472882
0.740000  -.580000    0.0000086264189097
0.780000  -.580000    0.0000092087821946
-.660000  -.540000    0.0000006492893444
-.620000  -.540000    0.0000017799383878
-.580000  -.540000    0.0000024884860635
-.540000  -.540000    0.0000032053599835
-.500000  -.540000    0.0000037694007581
-.460000  -.540000    0.0000041826415098
-.420000  -.540000    0.0000044463618456
-.380000  -.540000    0.0000048822370038
-.340000  -.540000    0.0000048714312156
-.300000  -.540000    0.0000047352207177
-.260000  -.540000    0.0000047917831492
-.220000  -.540000    0.0000044637375739
-.180000  -.540000    0.0000043274706220
-.140000  -.540000    0.0000038960804712
-.100000  -.540000    0.0000036544560430
-.060000  -.540000    0.0000033657938058
-.020000  -.540000    0.0000030570062447
0.020000  -.540000    0.0000027577655209
0.060000  -.540000    0.0000024902919589
0.100000  -.540000    0.0000022773178605
0.140000  -.540000    0.0000021373519211
0.180000  -.540000    0.0000019303562323
0.220000  -.540000    0.0000019526290486
0.260000  -.540000    0.0000018752310617
0.300000  -.540000    0.0000020979908960
0.340000  -.540000    0.0000022057074864
0.380000  -.540000    0.0000024214260431
0.420000  -.540000    0.0000029505411003
0.460000  -.540000    0.0000033708484611
0.500000  -.540000    0.0000038967846085
0.540000  -.540000    0.0000045213204397
0.580000  -.540000    0.0000052330669252
0.620000  -.540000    0.0000058884426380
0.660000  -.540000    0.0000067404671529
0.700000  -.540000    0.0000075085914678
0.740000  -.540000    0.0000082944160572
0.780000  -.540000    0.0000089364848899
0.820000  -.540000    0.0000093848287297
-.700000  -.500000    0.0000000211166294
-.660000  -.500000    0.0000011857865183
-.620000  -.500000    0.0000022005549105
-.580000  -.500000    0.0000027955626562
-.540000  -.500000    0.0000034458535759
-.500000  -.500000    0.0000039540288737
-.460000  -.500000    0.0000043175268319
-.420000  -.500000    0.0000045363232922
-.380000  -.500000    0.0000049413164271
-.340000  -.500000    0.0000048932778594
-.300000  -.500000    0.0000047240974901
-.260000  -.500000    0.0000047583754372
-.220000  -.500000    0.0000044059132334
-.180000  -.500000    0.0000042466767890
-.140000  -.500000    0.0000038019876633
-.100000  -.500000    0.0000035390476154
-.060000  -.500000    0.0000032289412543
-.020000  -.500000    0.0000028986585454
0.020000  -.500000    0.0000025810035905
0.060000  -.500000    0.0000023025407895
0.100000  -.500000    0.0000020852610467
0.140000  -.500000    0.0000019503799431
0.180000  -.500000    0.0000016940492204
0.220000  -.500000    0.0000017359241089
0.260000  -.500000    0.0000016194816526
0.300000  -.500000    0.0000018742208612
0.340000  -.500000    0.0000019516557460
0.380000  -.500000    0.0000021428239774
0.420000  -.500000    0.0000027146301684
0.460000  -.500000    0.0000031155347284
0.500000  -.500000    0.0000036265455550
0.540000  -.500000    0.0000042400808296
0.580000  -.500000    0.0000049462845765
0.620000  -.500000    0.0000055575388686
0.660000  -.500000    0.0000064161079496
0.700000  -.500000    0.0000071663402785
0.740000  -.500000    0.0000079366715745
0.780000  -.500000    0.0000087114355694
0.820000  -.500000    0.0000093528532905
0.860000  -.500000    0.0000095718645957
-.700000  -.460000    0.0000005884447884
-.660000  -.460000    0.0000015931757901
-.620000  -.460000    0.0000025150600688
-.580000  -.460000    0.0000030247288608
-.540000  -.460000    0.0000036233421001
-.500000  -.460000    0.0000040869941608
-.460000  -.460000    0.0000044107373979
-.420000  -.460000    0.0000045932495899
-.380000  -.460000    0.0000049809481063
-.340000  -.460000    0.0000049035843700
-.300000  -.460000    0.0000047089974717
-.260000  -.460000    0.0000047347004509
-.220000  -.460000    0.0000043612881031
-.180000  -.460000    0.0000041915155844
-.140000  -.460000    0.0000037335393507
-.100000  -.460000    0.0000034564221562
-.060000  -.460000    0.0000031301399083
-.020000  -.460000    0.0000027828493613
0.020000  -.460000    0.0000024493884929
0.060000  -.460000    0.0000021623625138
0.100000  -.460000    0.0000019441959126
0.140000  -.460000    0.0000018170019845
0.180000  -.460000    0.0000015214137618
0.220000  -.460000    0.0000015858729522
0.260000  -.460000    0.0000014385353148
0.300000  -.460000    0.0000017291601847
0.340000  -.460000    0.0000017838137867
0.380000  -.460000    0.0000019539916536
0.420000  -.460000    0.0000025709244802
0.460000  -.460000    0.0000029553535109
0.500000  -.460000    0.0000034526783984
0.540000  -.460000    0.0000040555307320
0.580000  -.460000    0.0000047554632042
0.620000  -.460000    0.0000053175727274
0.660000  -.460000    0.0000061819489297
0.700000  -.460000    0.0000069118050290
0.740000  -.460000    0.0000078610351951
0.780000  -.460000    0.0000086382299945
0.820000  -.460000    0.0000092061301280
0.860000  -.460000    0.0000094336814502
-.700000  -.420000    0.0000009158144395
-.660000  -.420000    0.0000018962007331
-.620000  -.420000    0.0000027455842347
-.580000  -.420000    0.0000031906479651
-.540000  -.420000    0.0000037475366492
-.500000  -.420000    0.0000041751450530
-.460000  -.420000    0.0000044664102308
-.420000  -.420000    0.0000046201025778
-.380000  -.420000    0.0000050011161699
-.340000  -.420000    0.0000049014695252
-.300000  -.420000    0.0000046874084748
-.260000  -.420000    0.0000047181977549
-.220000  -.420000    0.0000043281942143
-.180000  -.420000    0.0000041593701666
-.140000  -.420000    0.0000036877857112
-.100000  -.420000    0.0000034045697070
-.060000  -.420000    0.0000030662373885
-.020000  -.420000    0.0000027058065943
0.020000  -.420000    0.0000023594244159
0.060000  -.420000    0.0000020651911092
0.100000  -.420000    0.0000018499422718
0.140000  -.420000    0.0000017348762836
0.180000  -.420000    0.0000014077840627
0.220000  -.420000    0.0000015001165354
0.260000  -.420000    0.0000013299072642
0.300000  -.420000    0.0000016602255455
0.340000  -.420000    0.0000016984178923
0.380000  -.420000    0.0000018536050571
0.420000  -.420000    0.0000025180702614
0.460000  -.420000    0.0000028894676838
0.500000  -.420000    0.0000033745492283
0.540000  -.420000    0.0000039673870899
0.580000  -.420000    0.0000046605355959
0.620000  -.420000    0.0000051681218812
0.660000  -.420000    0.0000060367561474
0.700000  -.420000    0.0000069678472102
0.740000  -.420000    0.0000077007155622
0.780000  -.420000    0.0000084620347904
0.820000  -.420000    0.0000089867598926
0.860000  -.420000    0.0000095341663911
0.900000  -.420000    0.0000097307243018
-.740000  -.380000    0.0000002387753731
-.700000  -.380000    0.0000013492709050
-.660000  -.380000    0.0000021149065349
-.620000  -.380000    0.0000029069255065
-.580000  -.380000    0.0000035823480623
-.540000  -.380000    0.0000041347663669
-.500000  -.380000    0.0000045561469118
-.460000  -.380000    0.0000048406042255
-.420000  -.380000    0.0000049869133953
-.380000  -.380000    0.0000049976186689
-.340000  -.380000    0.0000048817044174
-.300000  -.380000    0.0000046535950066
-.260000  -.380000    0.0000047025723265
-.220000  -.380000    0.0000042992279746
-.180000  -.380000    0.0000041448756519
-.140000  -.380000    0.0000036594457971
-.100000  -.380000    0.0000033788939852
-.060000  -.380000    0.0000030338537493
-.020000  -.380000    0.0000026626446495
0.020000  -.380000    0.0000023061364928
0.060000  -.380000    0.0000020058857553
0.100000  -.380000    0.0000017961787521
0.140000  -.380000    0.0000016976753396
0.180000  -.380000    0.0000013476546364
0.220000  -.380000    0.0000014741925888
0.260000  -.380000    0.0000012904708726
0.300000  -.380000    0.0000016654406895
0.340000  -.380000    0.0000016937564880
0.380000  -.380000    0.0000018386023637
0.420000  -.380000    0.0000021063954766
0.460000  -.380000    0.0000024930413133
0.500000  -.380000    0.0000029959533102
0.540000  -.380000    0.0000036056414963
0.580000  -.380000    0.0000043130132714
0.620000  -.380000    0.0000051085374431
0.660000  -.380000    0.0000059800972889
0.700000  -.380000    0.0000066476707439
0.740000  -.380000    0.0000076229253563
0.780000  -.380000    0.0000083710849314
0.820000  -.380000    0.0000091262145152
0.860000  -.380000    0.0000096163147601
0.900000  -.380000    0.0000097369519349
-.740000  -.340000    0.0000005576542638
-.700000  -.340000    0.0000015792074620
-.660000  -.340000    0.0000022645266312
-.620000  -.340000    0.0000030092643583
-.580000  -.340000    0.0000036490860736
-.540000  -.340000    0.0000041733078615
-.500000  -.340000    0.0000045715476089
-.460000  -.340000    0.0000048364596053
-.420000  -.340000    0.0000049659721508
-.380000  -.340000    0.0000049632294421
-.340000  -.340000    0.0000048362395687
-.300000  -.340000    0.0000050139685654
-.260000  -.340000    0.0000046773298988
-.220000  -.340000    0.0000042657163754
-.180000  -.340000    0.0000041396175472
-.140000  -.340000    0.0000036410660527
-.100000  -.340000    0.0000033730357483
-.060000  -.340000    0.0000030274427590
-.020000  -.340000    0.0000026469711702
0.020000  -.340000    0.0000022820404227
0.060000  -.340000    0.0000019779904662
0.100000  -.340000    0.0000017773921303
0.140000  -.340000    0.0000017027088954
0.180000  -.340000    0.0000013379734601
0.220000  -.340000    0.0000015066623877
0.260000  -.340000    0.0000013167920154
0.300000  -.340000    0.0000012305777474
0.340000  -.340000    0.0000017696367664
0.380000  -.340000    0.0000019096782984
0.420000  -.340000    0.0000021698936282
0.460000  -.340000    0.0000025494564929
0.500000  -.340000    0.0000030430194741
0.540000  -.340000    0.0000036448935256
0.580000  -.340000    0.0000043464768579
0.620000  -.340000    0.0000051394178687
0.660000  -.340000    0.0000060126897842
0.700000  -.340000    0.0000066364884186
0.740000  -.340000    0.0000076264364347
0.780000  -.340000    0.0000083570842142
0.820000  -.340000    0.0000091022378401
0.860000  -.340000    0.0000095493230579
0.900000  -.340000    0.0000097576972809
0.940000  -.340000    0.0000096666960562
-.740000  -.300000    0.0000008880560344
-.700000  -.300000    0.0000017324142961
-.660000  -.300000    0.0000025842500872
-.620000  -.300000    0.0000030604433939
-.580000  -.300000    0.0000036679856268
-.540000  -.300000    0.0000041657241665
-.500000  -.300000    0.0000045417145663
-.460000  -.300000    0.0000047882915103
-.420000  -.300000    0.0000049031346813
-.380000  -.300000    0.0000048895130689
-.340000  -.300000    0.0000052080102802
-.300000  -.300000    0.0000049675932176
-.260000  -.300000    0.0000046293165494
-.220000  -.300000    0.0000042153618162
-.180000  -.300000    0.0000041319316997
-.140000  -.300000    0.0000036230119231
-.100000  -.300000    0.0000033792263695
-.060000  -.300000    0.0000030412288199
-.020000  -.300000    0.0000026543261984
0.020000  -.300000    0.0000022803383701
0.060000  -.300000    0.0000019763986275
0.100000  -.300000    0.0000017883987303
0.140000  -.300000    0.0000017456395583
0.180000  -.300000    0.0000013762345147
0.220000  -.300000    0.0000015966337802
0.260000  -.300000    0.0000014101704016
0.300000  -.300000    0.0000013263303203
0.340000  -.300000    0.0000013644117795
0.380000  -.300000    0.0000020662043110
0.420000  -.300000    0.0000023238969564
0.460000  -.300000    0.0000026968058951
0.500000  -.300000    0.0000031839565777
0.540000  -.300000    0.0000037778965116
0.580000  -.300000    0.0000044733941122
0.620000  -.300000    0.0000052626490753
0.660000  -.300000    0.0000057623071482
0.700000  -.300000    0.0000067071278920
0.740000  -.300000    0.0000073919083686
0.780000  -.300000    0.0000084187550162
0.820000  -.300000    0.0000091537244411
0.860000  -.300000    0.0000095711822611
0.900000  -.300000    0.0000099952345588
0.940000  -.300000    0.0000099420608096
-.780000  -.260000    0.0000000350541001
-.740000  -.260000    0.0000010605926355
-.700000  -.260000    0.0000020197024688
-.660000  -.260000    0.0000026230448208
-.620000  -.260000    0.0000033373949411
-.580000  -.260000    0.0000039558796537
-.540000  -.260000    0.0000044649481213
-.500000  -.260000    0.0000048530638878
-.460000  -.260000    0.0000051125395045
-.420000  -.260000    0.0000052403008029
-.380000  -.260000    0.0000052388187850
-.340000  -.260000    0.0000051140286872
-.300000  -.260000    0.0000048765862373
-.260000  -.260000    0.0000045422612541
-.220000  -.260000    0.0000045980706725
-.180000  -.260000    0.0000041064770155
-.140000  -.260000    0.0000039355873109
-.100000  -.260000    0.0000033882513802
-.060000  -.260000    0.0000030676483658
-.020000  -.260000    0.0000026783599480
0.020000  -.260000    0.0000022951757763
0.060000  -.260000    0.0000019937353596
0.100000  -.260000    0.0000018267529669
0.140000  -.260000    0.0000013513292387
0.180000  -.260000    0.0000014624680200
0.220000  -.260000    0.0000011669079421
0.260000  -.260000    0.0000015741869328
0.300000  -.260000    0.0000015015752997
0.340000  -.260000    0.0000015449267712
0.380000  -.260000    0.0000017088118938
0.420000  -.260000    0.0000019928304396
0.460000  -.260000    0.0000023911623096
0.500000  -.260000    0.0000029025365027
0.540000  -.260000    0.0000035171786011
0.580000  -.260000    0.0000042292949157
0.620000  -.260000    0.0000050304191089
0.660000  -.260000    0.0000059113368770
0.700000  -.260000    0.0000065071823028
0.740000  -.260000    0.0000075054517239
0.780000  -.260000    0.0000082220527014
0.820000  -.260000    0.0000089533258610
0.860000  -.260000    0.0000096629131473
0.900000  -.260000    0.0000100406751495
0.940000  -.260000    0.0000099676447025
-.780000  -.220000    0.0000002475149238
-.740000  -.220000    0.0000013061471474
-.700000  -.220000    0.0000020540646552
-.660000  -.220000    0.0000028664807406
-.620000  -.220000    0.0000032940493307
-.580000  -.220000    0.0000038811445594
-.540000  -.220000    0.0000043638573009
-.500000  -.220000    0.0000047299349627
-.460000  -.220000    0.0000049725197990
-.420000  -.220000    0.0000050889803337
-.380000  -.220000    0.0000050812471484
-.340000  -.220000    0.0000049563594863
-.300000  -.220000    0.0000047237267638
-.260000  -.220000    0.0000049425328657
-.220000  -.220000    0.0000045245772808
-.180000  -.220000    0.0000040435633543
-.140000  -.220000    0.0000039484710365
-.100000  -.220000    0.0000033881451862
-.060000  -.220000    0.0000031008466056
-.020000  -.220000    0.0000027132875960
0.020000  -.220000    0.0000023208768929
0.060000  -.220000    0.0000020245134384
0.100000  -.220000    0.0000018916235463
0.140000  -.220000    0.0000014226452135
0.180000  -.220000    0.0000016049691851
0.220000  -.220000    0.0000013298519035
0.260000  -.220000    0.0000011614153789
0.300000  -.220000    0.0000017638439442
0.340000  -.220000    0.0000018168800295
0.380000  -.220000    0.0000019863296596
0.420000  -.220000    0.0000022668134342
0.460000  -.220000    0.0000026613389268
0.500000  -.220000    0.0000031679281307
0.540000  -.220000    0.0000037753824379
0.580000  -.220000    0.0000044809498045
0.620000  -.220000    0.0000052785282722
0.660000  -.220000    0.0000057322852195
0.700000  -.220000    0.0000066850052198
0.740000  -.220000    0.0000073479103566
0.780000  -.220000    0.0000083855476663
0.820000  -.220000    0.0000091056605154
0.860000  -.220000    0.0000098178863510
0.900000  -.220000    0.0000101662127387
0.940000  -.220000    0.0000102659813892
-.780000  -.180000    0.0000004404361052
-.740000  -.180000    0.0000013542452259
-.700000  -.180000    0.0000022568724120
-.660000  -.180000    0.0000028067472334
-.620000  -.180000    0.0000034956884232
-.580000  -.180000    0.0000040962236727
-.540000  -.180000    0.0000045941572860
-.500000  -.180000    0.0000049778674742
-.460000  -.180000    0.0000052404909333
-.420000  -.180000    0.0000053789687863
-.380000  -.180000    0.0000053948637283
-.340000  -.180000    0.0000052932656909
-.300000  -.180000    0.0000050813075498
-.260000  -.180000    0.0000047708138217
-.220000  -.180000    0.0000043758380782
-.180000  -.180000    0.0000044755205218
-.140000  -.180000    0.0000039224901989
-.100000  -.180000    0.0000033624042067
-.060000  -.180000    0.0000031307553907
-.020000  -.180000    0.0000027547116917
0.020000  -.180000    0.0000023510094036
0.060000  -.180000    0.0000020664393222
0.100000  -.180000    0.0000019882704978
0.140000  -.180000    0.0000015404979042
0.180000  -.180000    0.0000011634076477
0.220000  -.180000    0.0000015772401375
0.260000  -.180000    0.0000014354236678
0.300000  -.180000    0.0000014067182241
0.340000  -.180000    0.0000014944754611
0.380000  -.180000    0.0000016940357438
0.420000  -.180000    0.0000020073523153
0.460000  -.180000    0.0000024298027138
0.500000  -.180000    0.0000029555444932
0.540000  -.180000    0.0000035766892184
0.580000  -.180000    0.0000042938780403
0.620000  -.180000    0.0000050975645227
0.660000  -.180000    0.0000059959748161
0.700000  -.180000    0.0000065519231735
0.740000  -.180000    0.0000075620169681
0.780000  -.180000    0.0000082572350281
0.820000  -.180000    0.0000089810304741
0.860000  -.180000    0.0000096816754906
0.900000  -.180000    0.0000103599314732
0.940000  -.180000    0.0000103693557454
0.980000  -.180000    0.0000099529774150
-.780000  -.140000    0.0000005292461497
-.740000  -.140000    0.0000015118169452
-.700000  -.140000    0.0000021927432915
-.660000  -.140000    0.0000029667792273
-.620000  -.140000    0.0000036681619698
-.580000  -.140000    0.0000042830705987
-.540000  -.140000    0.0000043928709814
-.500000  -.140000    0.0000047459036652
-.460000  -.140000    0.0000049819019494
-.420000  -.140000    0.0000050996062429
-.380000  -.140000    0.0000051022964634
-.340000  -.140000    0.0000049961345313
-.300000  -.140000    0.0000047900373265
-.260000  -.140000    0.0000051617748875
-.220000  -.140000    0.0000047875969296
-.180000  -.140000    0.0000043339225839
-.140000  -.140000    0.0000038196360793
-.100000  -.140000    0.0000037662161512
-.060000  -.140000    0.0000031460076959
-.020000  -.140000    0.0000027966641349
0.020000  -.140000    0.0000023800270925
0.060000  -.140000    0.0000021218717132
0.100000  -.140000    0.0000015588623572
0.140000  -.140000    0.0000017292436919
0.180000  -.140000    0.0000014006986079
0.220000  -.140000    0.0000011821227684
0.260000  -.140000    0.0000010810771614
0.300000  -.140000    0.0000018175773575
0.340000  -.140000    0.0000019151425081
0.380000  -.140000    0.0000021174268913
0.420000  -.140000    0.0000024236297243
0.460000  -.140000    0.0000028401154322
0.500000  -.140000    0.0000033555761230
0.540000  -.140000    0.0000039691726879
0.580000  -.140000    0.0000041815157850
0.620000  -.140000    0.0000050062023914
0.660000  -.140000    0.0000058631241886
0.700000  -.140000    0.0000068400808479
0.740000  -.140000    0.0000074586269858
0.780000  -.140000    0.0000085196406044
0.820000  -.140000    0.0000092204255899
0.860000  -.140000    0.0000099254517248
0.900000  -.140000    0.0000102384248524
0.940000  -.140000    0.0000105620243058
0.980000  -.140000    0.0000101402033987
-.780000  -.100000    0.0000006393420460
-.740000  -.100000    0.0000016345022383
-.700000  -.100000    0.0000023087050366
-.660000  -.100000    0.0000030927356752
-.620000  -.100000    0.0000038055580946
-.580000  -.100000    0.0000040560192276
-.540000  -.100000    0.0000045315156170
-.500000  -.100000    0.0000048984990928
-.460000  -.100000    0.0000051514071110
-.420000  -.100000    0.0000052891608739
-.380000  -.100000    0.0000053149482461
-.340000  -.100000    0.0000052348990176
-.300000  -.100000    0.0000050575376541
-.260000  -.100000    0.0000047926659552
-.220000  -.100000    0.0000044513156746
-.180000  -.100000    0.0000040442056220
-.140000  -.100000    0.0000042910581889
-.100000  -.100000    0.0000037184619047
-.060000  -.100000    0.0000031212083085
-.020000  -.100000    0.0000028376627064
0.020000  -.100000    0.0000024027641960
0.060000  -.100000    0.0000022076705681
0.100000  -.100000    0.0000016966367818
0.140000  -.100000    0.0000012841353717
0.180000  -.100000    0.0000017743745721
0.220000  -.100000    0.0000016025804132
0.260000  -.100000    0.0000015308120458
0.300000  -.100000    0.0000015591860636
0.340000  -.100000    0.0000016877047550
0.380000  -.100000    0.0000019198695435
0.420000  -.100000    0.0000022460196076
0.460000  -.100000    0.0000027010768840
0.500000  -.100000    0.0000031799426181
0.540000  -.100000    0.0000038586098526
0.580000  -.100000    0.0000045390434775
0.620000  -.100000    0.0000048429033332
0.660000  -.100000    0.0000058339638769
0.700000  -.100000    0.0000067353154975
0.740000  -.100000    0.0000073930709374
0.780000  -.100000    0.0000084395706838
0.820000  -.100000    0.0000091459867444
0.860000  -.100000    0.0000098472772027
0.900000  -.100000    0.0000105241564785
0.940000  -.100000    0.0000104457955112
0.980000  -.100000    0.0000101334485435
-.780000  -.060000    0.0000007146547677
-.740000  -.060000    0.0000015363463273
-.700000  -.060000    0.0000023883594643
-.660000  -.060000    0.0000031799604683
-.620000  -.060000    0.0000035641825851
-.580000  -.060000    0.0000041449231175
-.540000  -.060000    0.0000046294923178
-.500000  -.060000    0.0000050076074284
-.460000  -.060000    0.0000052741253931
-.420000  -.060000    0.0000054285207301
-.380000  -.060000    0.0000054739090165
-.340000  -.060000    0.0000054171992953
-.300000  -.060000    0.0000052673052410
-.260000  -.060000    0.0000050348078823
-.220000  -.060000    0.0000047305509625
-.180000  -.060000    0.0000043651148635
-.140000  -.060000    0.0000039468410361
-.100000  -.060000    0.0000034810845065
-.060000  -.060000    0.0000036217643750
-.020000  -.060000    0.0000028781043406
0.020000  -.060000    0.0000024129746120
0.060000  -.060000    0.0000017173680247
0.100000  -.060000    0.0000019922283026
0.140000  -.060000    0.0000016820244734
0.180000  -.060000    0.0000014669734437
0.220000  -.060000    0.0000013443418650
0.260000  -.060000    0.0000013124111828
0.300000  -.060000    0.0000013736963953
0.340000  -.060000    0.0000015330093126
0.380000  -.060000    0.0000017803237714
0.420000  -.060000    0.0000021440623468
0.460000  -.060000    0.0000025670031383
0.500000  -.060000    0.0000031357473096
0.540000  -.060000    0.0000038111596688
0.580000  -.060000    0.0000044883094487
0.620000  -.060000    0.0000053502003285
0.660000  -.060000    0.0000056708352747
0.700000  -.060000    0.0000067116232062
0.740000  -.060000    0.0000077317568841
0.780000  -.060000    0.0000083883254454
0.820000  -.060000    0.0000091000353533
0.860000  -.060000    0.0000097995540672
0.900000  -.060000    0.0000104647440787
0.940000  -.060000    0.0000107502448274
0.980000  -.060000    0.0000102880211098
-.780000  -.020000    0.0000007529146661
-.740000  -.020000    0.0000015734233576
-.700000  -.020000    0.0000024289607998
-.660000  -.020000    0.0000032246509930
-.620000  -.020000    0.0000036058769491
-.580000  -.020000    0.0000041907823404
-.540000  -.020000    0.0000046803552993
-.500000  -.020000    0.0000050646827617
-.460000  -.020000    0.0000053388352585
-.420000  -.020000    0.0000055027462101
-.380000  -.020000    0.0000055595265104
-.340000  -.020000    0.0000055168686506
-.300000  -.020000    0.0000053842083012
-.260000  -.020000    0.0000051733644639
-.220000  -.020000    0.0000048966911010
-.180000  -.020000    0.0000045684928995
-.140000  -.020000    0.0000042009367247
-.100000  -.020000    0.0000038052432548
-.060000  -.020000    0.0000033834406650
-.020000  -.020000    0.0000028813409732
0.020000  -.020000    0.0000024419253903
0.060000  -.020000    0.0000019981120354
0.100000  -.020000    0.0000016878381474
0.140000  -.020000    0.0000014524987014
0.180000  -.020000    0.0000012891183124
0.220000  -.020000    0.0000012021892977
0.260000  -.020000    0.0000011975348191
0.300000  -.020000    0.0000012779676972
0.340000  -.020000    0.0000014540175628
0.380000  -.020000    0.0000017061732406
0.420000  -.020000    0.0000021020306953
0.460000  -.020000    0.0000024636140484
0.500000  -.020000    0.0000032313684217
0.540000  -.020000    0.0000034604383886
0.580000  -.020000    0.0000045247058118
0.620000  -.020000    0.0000054428757323
0.660000  -.020000    0.0000055728646913
0.700000  -.020000    0.0000067192855170
0.740000  -.020000    0.0000076972984037
0.780000  -.020000    0.0000083639571002
0.820000  -.020000    0.0000090782516851
0.860000  -.020000    0.0000097769644353
0.900000  -.020000    0.0000104368670960
0.940000  -.020000    0.0000107124054467
0.980000  -.020000    0.0000105596555357
-.780000  0.020000    0.0000007529146661
-.740000  0.020000    0.0000015734233576
-.700000  0.020000    0.0000024289607998
-.660000  0.020000    0.0000032246509930
-.620000  0.020000    0.0000036058769491
-.580000  0.020000    0.0000041907823404
-.540000  0.020000    0.0000046803552993
-.500000  0.020000    0.0000050646827617
-.460000  0.020000    0.0000053388352585
-.420000  0.020000    0.0000055027462101
-.380000  0.020000    0.0000055595265104
-.340000  0.020000    0.0000055168686506
-.300000  0.020000    0.0000053842083012
-.260000  0.020000    0.0000051733644639
-.220000  0.020000    0.0000048966911010
-.180000  0.020000    0.0000045684928995
-.140000  0.020000    0.0000042009367247
-.100000  0.020000    0.0000038052432548
-.060000  0.020000    0.0000033834406650
-.020000  0.020000    0.0000028813409732
0.020000  0.020000    0.0000024419253903
0.060000  0.020000    0.0000019981120354
0.100000  0.020000    0.0000016878381474
0.140000  0.020000    0.0000014524987014
0.180000  0.020000    0.0000012891183124
0.220000  0.020000    0.0000012021892977
0.260000  0.020000    0.0000011975348191
0.300000  0.020000    0.0000012779676972
0.340000  0.020000    0.0000014540175628
0.380000  0.020000    0.0000017061732406
0.420000  0.020000    0.0000021020306953
0.460000  0.020000    0.0000024636140484
0.500000  0.020000    0.0000032313684217
0.540000  0.020000    0.0000034604383886
0.580000  0.020000    0.0000045247058118
0.620000  0.020000    0.0000054428757323
0.660000  0.020000    0.0000055728646913
0.700000  0.020000    0.0000067192855170
0.740000  0.020000    0.0000076972984037
0.780000  0.020000    0.0000083639571002
0.820000  0.020000    0.0000090782516851
0.860000  0.020000    0.0000097769644353
0.900000  0.020000    0.0000104368670960
0.940000  0.020000    0.0000107124054467
0.980000  0.020000    0.0000105596555357
-.780000  0.060000    0.0000007146547677
-.740000  0.060000    0.0000015363463273
-.700000  0.060000    0.0000023883594643
-.660000  0.060000    0.0000031799604683
-.620000  0.060000    0.0000035641825851
-.580000  0.060000    0.0000041449231175
-.540000  0.060000    0.0000046294923178
-.500000  0.060000    0.0000050076074284
-.460000  0.060000    0.0000052741253931
-.420000  0.060000    0.0000054285207301
-.380000  0.060000    0.0000054739090165
-.340000  0.060000    0.0000054171992953
-.300000  0.060000    0.0000052673052410
-.260000  0.060000    0.0000050348078823
-.220000  0.060000    0.0000047305509625
-.180000  0.060000    0.0000043651148635
-.140000  0.060000    0.0000039468410361
-.100000  0.060000    0.0000034810845065
-.060000  0.060000    0.0000036217643750
-.020000  0.060000    0.0000028781043406
0.020000  0.060000    0.0000024129746120
0.060000  0.060000    0.0000017173680247
0.100000  0.060000    0.0000019922283026
0.140000  0.060000    0.0000016820244734
0.180000  0.060000    0.0000014669734437
0.220000  0.060000    0.0000013443418650
0.260000  0.060000    0.0000013124111828
0.300000  0.060000    0.0000013736963953
0.340000  0.060000    0.0000015330093126
0.380000  0.060000    0.0000017803237714
0.420000  0.060000    0.0000021440623468
0.460000  0.060000    0.0000025670031383
0.500000  0.060000    0.0000031357473096
0.540000  0.060000    0.0000038111596688
0.580000  0.060000    0.0000044883094487
0.620000  0.060000    0.0000053502003285
0.660000  0.060000    0.0000056708352747
0.700000  0.060000    0.0000067116232062
0.740000  0.060000    0.0000077317568841
0.780000  0.060000    0.0000083883254454
0.820000  0.060000    0.0000091000353533
0.860000  0.060000    0.0000097995540672
0.900000  0.060000    0.0000104647440787
0.940000  0.060000    0.0000107502448274
0.980000  0.060000    0.0000102880211098
-.780000  0.100000    0.0000006393420460
-.740000  0.100000    0.0000016345022383
-.700000  0.100000    0.0000023087050366
-.660000  0.100000    0.0000030927356752
-.620000  0.100000    0.0000038055580946
-.580000  0.100000    0.0000040560192276
-.540000  0.100000    0.0000045315156170
-.500000  0.100000    0.0000048984990928
-.460000  0.100000    0.0000051514071110
-.420000  0.100000    0.0000052891608739
-.380000  0.100000    0.0000053149482461
-.340000  0.100000    0.0000052348990176
-.300000  0.100000    0.0000050575376541
-.260000  0.100000    0.0000047926659552
-.220000  0.100000    0.0000044513156746
-.180000  0.100000    0.0000040442056220
-.140000  0.100000    0.0000042910581889
-.100000  0.100000    0.0000037184619047
-.060000  0.100000    0.0000031212083085
-.020000  0.100000    0.0000028376627064
0.020000  0.100000    0.0000024027641960
0.060000  0.100000    0.0000022076705681
0.100000  0.100000    0.0000016966367818
0.140000  0.100000    0.0000012841353717
0.180000  0.100000    0.0000017743745721
0.220000  0.100000    0.0000016025804132
0.260000  0.100000    0.0000015308120458
0.300000  0.100000    0.0000015591860636
0.340000  0.100000    0.0000016877047550
0.380000  0.100000    0.0000019198695435
0.420000  0.100000    0.0000022460196076
0.460000  0.100000    0.0000027010768840
0.500000  0.100000    0.0000031799426181
0.540000  0.100000    0.0000038586098526
0.580000  0.100000    0.0000045390434775
0.620000  0.100000    0.0000048429033332
0.660000  0.100000    0.0000058339638769
0.700000  0.100000    0.0000067353154975
0.740000  0.100000    0.0000073930709374
0.780000  0.100000    0.0000084395706838
0.820000  0.100000    0.0000091459867444
0.860000  0.100000    0.0000098472772027
0.900000  0.100000    0.0000105241564785
0.940000  0.100000    0.0000104457955112
0.980000  0.100000    0.0000101334485435
-.780000  0.140000    0.0000005292461497
-.740000  0.140000    0.0000015118169452
-.700000  0.140000    0.0000021927432915
-.660000  0.140000    0.0000029667792273
-.620000  0.140000    0.0000036681619698
-.580000  0.140000    0.0000042830705987
-.540000  0.140000    0.0000043928709814
-.500000  0.140000    0.0000047459036652
-.460000  0.140000    0.0000049819019494
-.420000  0.140000    0.0000050996062429
-.380000  0.140000    0.0000051022964634
-.340000  0.140000    0.0000049961345313
-.300000  0.140000    0.0000047900373265
-.260000  0.140000    0.0000051617748875
-.220000  0.140000    0.0000047875969296
-.180000  0.140000    0.0000043339225839
-.140000  0.140000    0.0000038196360793
-.100000  0.140000    0.0000037662161512
-.060000  0.140000    0.0000031460076959
-.020000  0.140000    0.0000027966641349
0.020000  0.140000    0.0000023800270925
0.060000  0.140000    0.0000021218717132
0.100000  0.140000    0.0000015588623572
0.140000  0.140000    0.0000017292436919
0.180000  0.140000    0.0000014006986079
0.220000  0.140000    0.0000011821227684
0.260000  0.140000    0.0000010810771614
0.300000  0.140000    0.0000018175773575
0.340000  0.140000    0.0000019151425081
0.380000  0.140000    0.0000021174268913
0.420000  0.140000    0.0000024236297243
0.460000  0.140000    0.0000028401154322
0.500000  0.140000    0.0000033555761230
0.540000  0.140000    0.0000039691726879
0.580000  0.140000    0.0000041815157850
0.620000  0.140000    0.0000050062023914
0.660000  0.140000    0.0000058631241886
0.700000  0.140000    0.0000068400808479
0.740000  0.140000    0.0000074586269858
0.780000  0.140000    0.0000085196406044
0.820000  0.140000    0.0000092204255899
0.860000  0.140000    0.0000099254517248
0.900000  0.140000    0.0000102384248524
0.940000  0.140000    0.0000105620243058
0.980000  0.140000    0.0000101402033987
-.780000  0.180000    0.0000004404361052
-.740000  0.180000    0.0000013542452259
-.700000  0.180000    0.0000022568724120
-.660000  0.180000    0.0000028067472334
-.620000  0.180000    0.0000034956884232
-.580000  0.180000    0.0000040962236727
-.540000  0.180000    0.0000045941572860
-.500000  0.180000    0.0000049778674742
-.460000  0.180000    0.0000052404909333
-.420000  0.180000    0.0000053789687863
-.380000  0.180000    0.0000053948637283
-.340000  0.180000    0.0000052932656909
-.300000  0.180000    0.0000050813075498
-.260000  0.180000    0.0000047708138217
-.220000  0.180000    0.0000043758380782
-.180000  0.180000    0.0000044755205218
-.140000  0.180000    0.0000039224901989
-.100000  0.180000    0.0000033624042067
-.060000  0.180000    0.0000031307553907
-.020000  0.180000    0.0000027547116917
0.020000  0.180000    0.0000023510094036
0.060000  0.180000    0.0000020664393222
0.100000  0.180000    0.0000019882704978
0.140000  0.180000    0.0000015404979042
0.180000  0.180000    0.0000011634076477
0.220000  0.180000    0.0000015772401375
0.260000  0.180000    0.0000014354236678
0.300000  0.180000    0.0000014067182241
0.340000  0.180000    0.0000014944754611
0.380000  0.180000    0.0000016940357438
0.420000  0.180000    0.0000020073523153
0.460000  0.180000    0.0000024298027138
0.500000  0.180000    0.0000029555444932
0.540000  0.180000    0.0000035766892184
0.580000  0.180000    0.0000042938780403
0.620000  0.180000    0.0000050975645227
0.660000  0.180000    0.0000059959748161
0.700000  0.180000    0.0000065519231735
0.740000  0.180000    0.0000075620169681
0.780000  0.180000    0.0000082572350281
0.820000  0.180000    0.0000089810304741
0.860000  0.180000    0.0000096816754906
0.900000  0.180000    0.0000103599314732
0.940000  0.180000    0.0000103693557454
0.980000  0.180000    0.0000099529774150
-.780000  0.220000    0.0000002475149238
-.740000  0.220000    0.0000013061471474
-.700000  0.220000    0.0000020540646552
-.660000  0.220000    0.0000028664807406
-.620000  0.220000    0.0000032940493307
-.580000  0.220000    0.0000038811445594
-.540000  0.220000    0.0000043638573009
-.500000  0.220000    0.0000047299349627
-.460000  0.220000    0.0000049725197990
-.420000  0.220000    0.0000050889803337
-.380000  0.220000    0.0000050812471484
-.340000  0.220000    0.0000049563594863
-.300000  0.220000    0.0000047237267638
-.260000  0.220000    0.0000049425328657
-.220000  0.220000    0.0000045245772808
-.180000  0.220000    0.0000040435633543
-.140000  0.220000    0.0000039484710365
-.100000  0.220000    0.0000033881451862
-.060000  0.220000    0.0000031008466056
-.020000  0.220000    0.0000027132875960
0.020000  0.220000    0.0000023208768929
0.060000  0.220000    0.0000020245134384
0.100000  0.220000    0.0000018916235463
0.140000  0.220000    0.0000014226452135
0.180000  0.220000    0.0000016049691851
0.220000  0.220000    0.0000013298519035
0.260000  0.220000    0.0000011614153789
0.300000  0.220000    0.0000017638439442
0.340000  0.220000    0.0000018168800295
0.380000  0.220000    0.0000019863296596
0.420000  0.220000    0.0000022668134342
0.460000  0.220000    0.0000026613389268
0.500000  0.220000    0.0000031679281307
0.540000  0.220000    0.0000037753824379
0.580000  0.220000    0.0000044809498045
0.620000  0.220000    0.0000052785282722
0.660000  0.220000    0.0000057322852195
0.700000  0.220000    0.0000066850052198
0.740000  0.220000    0.0000073479103566
0.780000  0.220000    0.0000083855476663
0.820000  0.220000    0.0000091056605154
0.860000  0.220000    0.0000098178863510
0.900000  0.220000    0.0000101662127387
0.940000  0.220000    0.0000102659813892
-.780000  0.260000    0.0000000350541001
-.740000  0.260000    0.0000010605926355
-.700000  0.260000    0.0000020197024688
-.660000  0.260000    0.0000026230448208
-.620000  0.260000    0.0000033373949411
-.580000  0.260000    0.0000039558796537
-.540000  0.260000    0.0000044649481213
-.500000  0.260000    0.0000048530638878
-.460000  0.260000    0.0000051125395045
-.420000  0.260000    0.0000052403008029
-.380000  0.260000    0.0000052388187850
-.340000  0.260000    0.0000051140286872
-.300000  0.260000    0.0000048765862373
-.260000  0.260000    0.0000045422612541
-.220000  0.260000    0.0000045980706725
-.180000  0.260000    0.0000041064770155
-.140000  0.260000    0.0000039355873109
-.100000  0.260000    0.0000033882513802
-.060000  0.260000    0.0000030676483658
-.020000  0.260000    0.0000026783599480
0.020000  0.260000    0.0000022951757763
0.060000  0.260000    0.0000019937353596
0.100000  0.260000    0.0000018267529669
0.140000  0.260000    0.0000013513292387
0.180000  0.260000    0.0000014624680200
0.220000  0.260000    0.0000011669079421
0.260000  0.260000    0.0000015741869328
0.300000  0.260000    0.0000015015752997
0.340000  0.260000    0.0000015449267712
0.380000  0.260000    0.0000017088118938
0.420000  0.260000    0.0000019928304396
0.460000  0.260000    0.0000023911623096
0.500000  0.260000    0.0000029025365027
0.540000  0.260000    0.0000035171786011
0.580000  0.260000    0.0000042292949157
0.620000  0.260000    0.0000050304191089
0.660000  0.260000    0.0000059113368770
0.700000  0.260000    0.0000065071823028
0.740000  0.260000    0.0000075054517239
0.780000  0.260000    0.0000082220527014
0.820000  0.260000    0.0000089533258610
0.860000  0.260000    0.0000096629131473
0.900000  0.260000    0.0000100406751495
0.940000  0.260000    0.0000099676447025
-.740000  0.300000    0.0000008880560344
-.700000  0.300000    0.0000017324142961
-.660000  0.300000    0.0000025842500872
-.620000  0.300000    0.0000030604433939
-.580000  0.300000    0.0000036679856268
-.540000  0.300000    0.0000041657241665
-.500000  0.300000    0.0000045417145663
-.460000  0.300000    0.0000047882915103
-.420000  0.300000    0.0000049031346813
-.380000  0.300000    0.0000048895130689
-.340000  0.300000    0.0000052080102802
-.300000  0.300000    0.0000049675932176
-.260000  0.300000    0.0000046293165494
-.220000  0.300000    0.0000042153618162
-.180000  0.300000    0.0000041319316997
-.140000  0.300000    0.0000036230119231
-.100000  0.300000    0.0000033792263695
-.060000  0.300000    0.0000030412288199
-.020000  0.300000    0.0000026543261984
0.020000  0.300000    0.0000022803383701
0.060000  0.300000    0.0000019763986275
0.100000  0.300000    0.0000017883987303
0.140000  0.300000    0.0000017456395583
0.180000  0.300000    0.0000013762345147
0.220000  0.300000    0.0000015966337802
0.260000  0.300000    0.0000014101704016
0.300000  0.300000    0.0000013263303203
0.340000  0.300000    0.0000013644117795
0.380000  0.300000    0.0000020662043110
0.420000  0.300000    0.0000023238969564
0.460000  0.300000    0.0000026968058951
0.500000  0.300000    0.0000031839565777
0.540000  0.300000    0.0000037778965116
0.580000  0.300000    0.0000044733941122
0.620000  0.300000    0.0000052626490753
0.660000  0.300000    0.0000057623071482
0.700000  0.300000    0.0000067071278920
0.740000  0.300000    0.0000073919083686
0.780000  0.300000    0.0000084187550162
0.820000  0.300000    0.0000091537244411
0.860000  0.300000    0.0000095711822611
0.900000  0.300000    0.0000099952345588
0.940000  0.300000    0.0000099420608096
-.740000  0.340000    0.0000005576542638
-.700000  0.340000    0.0000015792074620
-.660000  0.340000    0.0000022645266312
-.620000  0.340000    0.0000030092643583
-.580000  0.340000    0.0000036490860736
-.540000  0.340000    0.0000041733078615
-.500000  0.340000    0.0000045715476089
-.460000  0.340000    0.0000048364596053
-.420000  0.340000    0.0000049659721508
-.380000  0.340000    0.0000049632294421
-.340000  0.340000    0.0000048362395687
-.300000  0.340000    0.0000050139685654
-.260000  0.340000    0.0000046773298988
-.220000  0.340000    0.0000042657163754
-.180000  0.340000    0.0000041396175472
-.140000  0.340000    0.0000036410660527
-.100000  0.340000    0.0000033730357483
-.060000  0.340000    0.0000030274427590
-.020000  0.340000    0.0000026469711702
0.020000  0.340000    0.0000022820404227
0.060000  0.340000    0.0000019779904662
0.100000  0.340000    0.0000017773921303
0.140000  0.340000    0.0000017027088954
0.180000  0.340000    0.0000013379734601
0.220000  0.340000    0.0000015066623877
0.260000  0.340000    0.0000013167920154
0.300000  0.340000    0.0000012305777474
0.340000  0.340000    0.0000017696367664
0.380000  0.340000    0.0000019096782984
0.420000  0.340000    0.0000021698936282
0.460000  0.340000    0.0000025494564929
0.500000  0.340000    0.0000030430194741
0.540000  0.340000    0.0000036448935256
0.580000  0.340000    0.0000043464768579
0.620000  0.340000    0.0000051394178687
0.660000  0.340000    0.0000060126897842
0.700000  0.340000    0.0000066364884186
0.740000  0.340000    0.0000076264364347
0.780000  0.340000    0.0000083570842142
0.820000  0.340000    0.0000091022378401
0.860000  0.340000    0.0000095493230579
0.900000  0.340000    0.0000097576972809
0.940000  0.340000    0.0000096666960562
-.740000  0.380000    0.0000002387753731
-.700000  0.380000    0.0000013492709050
-.660000  0.380000    0.0000021149065349
-.620000  0.380000    0.0000029069255065
-.580000  0.380000    0.0000035823480623
-.540000  0.380000    0.0000041347663669
-.500000  0.380000    0.0000045561469118
-.460000  0.380000    0.0000048406042255
-.420000  0.380000    0.0000049869133953
-.380000  0.380000    0.0000049976186689
-.340000  0.380000    0.0000048817044174
-.300000  0.380000    0.0000046535950066
-.260000  0.380000    0.0000047025723265
-.220000  0.380000    0.0000042992279746
-.180000  0.380000    0.0000041448756519
-.140000  0.380000    0.0000036594457971
-.100000  0.380000    0.0000033788939852
-.060000  0.380000    0.0000030338537493
-.020000  0.380000    0.0000026626446495
0.020000  0.380000    0.0000023061364928
0.060000  0.380000    0.0000020058857553
0.100000  0.380000    0.0000017961787521
0.140000  0.380000    0.0000016976753396
0.180000  0.380000    0.0000013476546364
0.220000  0.380000    0.0000014741925888
0.260000  0.380000    0.0000012904708726
0.300000  0.380000    0.0000016654406895
0.340000  0.380000    0.0000016937564880
0.380000  0.380000    0.0000018386023637
0.420000  0.380000    0.0000021063954766
0.460000  0.380000    0.0000024930413133
0.500000  0.380000    0.0000029959533102
0.540000  0.380000    0.0000036056414963
0.580000  0.380000    0.0000043130132714
0.620000  0.380000    0.0000051085374431
0.660000  0.380000    0.0000059800972889
0.700000  0.380000    0.0000066476707439
0.740000  0.380000    0.0000076229253563
0.780000  0.380000    0.0000083710849314
0.820000  0.380000    0.0000091262145152
0.860000  0.380000    0.0000096163147601
0.900000  0.380000    0.0000097369519349
-.700000  0.420000    0.0000009158144395
-.660000  0.420000    0.0000018962007331
-.620000  0.420000    0.0000027455842347
-.580000  0.420000    0.0000031906479651
-.540000  0.420000    0.0000037475366492
-.500000  0.420000    0.0000041751450530
-.460000  0.420000    0.0000044664102308
-.420000  0.420000    0.0000046201025778
-.380000  0.420000    0.0000050011161699
-.340000  0.420000    0.0000049014695252
-.300000  0.420000    0.0000046874084748
-.260000  0.420000    0.0000047181977549
-.220000  0.420000    0.0000043281942143
-.180000  0.420000    0.0000041593701666
-.140000  0.420000    0.0000036877857112
-.100000  0.420000    0.0000034045697070
-.060000  0.420000    0.0000030662373885
-.020000  0.420000    0.0000027058065943
0.020000  0.420000    0.0000023594244159
0.060000  0.420000    0.0000020651911092
0.100000  0.420000    0.0000018499422718
0.140000  0.420000    0.0000017348762836
0.180000  0.420000    0.0000014077840627
0.220000  0.420000    0.0000015001165354
0.260000  0.420000    0.0000013299072642
0.300000  0.420000    0.0000016602255455
0.340000  0.420000    0.0000016984178923
0.380000  0.420000    0.0000018536050571
0.420000  0.420000    0.0000025180702614
0.460000  0.420000    0.0000028894676838
0.500000  0.420000    0.0000033745492283
0.540000  0.420000    0.0000039673870899
0.580000  0.420000    0.0000046605355959
0.620000  0.420000    0.0000051681218812
0.660000  0.420000    0.0000060367561474
0.700000  0.420000    0.0000069678472102
0.740000  0.420000    0.0000077007155622
0.780000  0.420000    0.0000084620347904
0.820000  0.420000    0.0000089867598926
0.860000  0.420000    0.0000095341663911
0.900000  0.420000    0.0000097307243018
-.700000  0.460000    0.0000005884447884
-.660000  0.460000    0.0000015931757901
-.620000  0.460000    0.0000025150600688
-.580000  0.460000    0.0000030247288608
-.540000  0.460000    0.0000036233421001
-.500000  0.460000    0.0000040869941608
-.460000  0.460000    0.0000044107373979
-.420000  0.460000    0.0000045932495899
-.380000  0.460000    0.0000049809481063
-.340000  0.460000    0.0000049035843700
-.300000  0.460000    0.0000047089974717
-.260000  0.460000    0.0000047347004509
-.220000  0.460000    0.0000043612881031
-.180000  0.460000    0.0000041915155844
-.140000  0.460000    0.0000037335393507
-.100000  0.460000    0.0000034564221562
-.060000  0.460000    0.0000031301399083
-.020000  0.460000    0.0000027828493613
0.020000  0.460000    0.0000024493884929
0.060000  0.460000    0.0000021623625138
0.100000  0.460000    0.0000019441959126
0.140000  0.460000    0.0000018170019845
0.180000  0.460000    0.0000015214137618
0.220000  0.460000    0.0000015858729522
0.260000  0.460000    0.0000014385353148
0.300000  0.460000    0.0000017291601847
0.340000  0.460000    0.0000017838137867
0.380000  0.460000    0.0000019539916536
0.420000  0.460000    0.0000025709244802
0.460000  0.460000    0.0000029553535109
0.500000  0.460000    0.0000034526783984
0.540000  0.460000    0.0000040555307320
0.580000  0.460000    0.0000047554632042
0.620000  0.460000    0.0000053175727274
0.660000  0.460000    0.0000061819489297
0.700000  0.460000    0.0000069118050290
0.740000  0.460000    0.0000078610351951
0.780000  0.460000    0.0000086382299945
0.820000  0.460000    0.0000092061301280
0.860000  0.460000    0.0000094336814502
-.700000  0.500000    0.0000000211166294
-.660000  0.500000    0.0000011857865183
-.620000  0.500000    0.0000022005549105
-.580000  0.500000    0.0000027955626562
-.540000  0.500000    0.0000034458535759
-.500000  0.500000    0.0000039540288737
-.460000  0.500000    0.0000043175268319
-.420000  0.500000    0.0000045363232922
-.380000  0.500000    0.0000049413164271
-.340000  0.500000    0.0000048932778594
-.300000  0.500000    0.0000047240974901
-.260000  0.500000    0.0000047583754372
-.220000  0.500000    0.0000044059132334
-.180000  0.500000    0.0000042466767890
-.140000  0.500000    0.0000038019876633
-.100000  0.500000    0.0000035390476154
-.060000  0.500000    0.0000032289412543
-.020000  0.500000    0.0000028986585454
0.020000  0.500000    0.0000025810035905
0.060000  0.500000    0.0000023025407895
0.100000  0.500000    0.0000020852610467
0.140000  0.500000    0.0000019503799431
0.180000  0.500000    0.0000016940492204
0.220000  0.500000    0.0000017359241089
0.260000  0.500000    0.0000016194816526
0.300000  0.500000    0.0000018742208612
0.340000  0.500000    0.0000019516557460
0.380000  0.500000    0.0000021428239774
0.420000  0.500000    0.0000027146301684
0.460000  0.500000    0.0000031155347284
0.500000  0.500000    0.0000036265455550
0.540000  0.500000    0.0000042400808296
0.580000  0.500000    0.0000049462845765
0.620000  0.500000    0.0000055575388686
0.660000  0.500000    0.0000064161079496
0.700000  0.500000    0.0000071663402785
0.740000  0.500000    0.0000079366715745
0.780000  0.500000    0.0000087114355694
0.820000  0.500000    0.0000093528532905
0.860000  0.500000    0.0000095718645957
-.660000  0.540000    0.0000006492893444
-.620000  0.540000    0.0000017799383878
-.580000  0.540000    0.0000024884860635
-.540000  0.540000    0.0000032053599835
-.500000  0.540000    0.0000037694007581
-.460000  0.540000    0.0000041826415098
-.420000  0.540000    0.0000044463618456
-.380000  0.540000    0.0000048822370038
-.340000  0.540000    0.0000048714312156
-.300000  0.540000    0.0000047352207177
-.260000  0.540000    0.0000047917831492
-.220000  0.540000    0.0000044637375739
-.180000  0.540000    0.0000043274706220
-.140000  0.540000    0.0000038960804712
-.100000  0.540000    0.0000036544560430
-.060000  0.540000    0.0000033657938058
-.020000  0.540000    0.0000030570062447
0.020000  0.540000    0.0000027577655209
0.060000  0.540000    0.0000024902919589
0.100000  0.540000    0.0000022773178605
0.140000  0.540000    0.0000021373519211
0.180000  0.540000    0.0000019303562323
0.220000  0.540000    0.0000019526290486
0.260000  0.540000    0.0000018752310617
0.300000  0.540000    0.0000020979908960
0.340000  0.540000    0.0000022057074864
0.380000  0.540000    0.0000024214260431
0.420000  0.540000    0.0000029505411003
0.460000  0.540000    0.0000033708484611
0.500000  0.540000    0.0000038967846085
0.540000  0.540000    0.0000045213204397
0.580000  0.540000    0.0000052330669252
0.620000  0.540000    0.0000058884426380
0.660000  0.540000    0.0000067404671529
0.700000  0.540000    0.0000075085914678
0.740000  0.540000    0.0000082944160572
0.780000  0.540000    0.0000089364848899
0.820000  0.540000    0.0000093848287297
-.620000  0.580000    0.0000012217219463
-.580000  0.580000    0.0000022820938256
-.540000  0.580000    0.0000028851869105
-.500000  0.580000    0.0000035208937093
-.460000  0.580000    0.0000039966477035
-.420000  0.580000    0.0000043166833203
-.380000  0.580000    0.0000047986613245
-.340000  0.580000    0.0000048344500596
-.300000  0.580000    0.0000047387359662
-.260000  0.580000    0.0000048329635988
-.220000  0.580000    0.0000045337526637
-.180000  0.580000    0.0000044322320140
-.140000  0.580000    0.0000042371714606
-.100000  0.580000    0.0000038022854768
-.060000  0.580000    0.0000035414239545
-.020000  0.580000    0.0000032590685238
0.020000  0.580000    0.0000029814122042
0.060000  0.580000    0.0000027286434814
0.100000  0.580000    0.0000025229920601
0.140000  0.580000    0.0000023156874618
0.180000  0.580000    0.0000022321731895
0.220000  0.580000    0.0000022386642338
0.260000  0.580000    0.0000022077431724
0.300000  0.580000    0.0000024016211400
0.340000  0.580000    0.0000025455153444
0.380000  0.580000    0.0000027914436211
0.420000  0.580000    0.0000032787735435
0.460000  0.580000    0.0000037210515900
0.500000  0.580000    0.0000042628256856
0.540000  0.580000    0.0000048973145459
0.580000  0.580000    0.0000055232417220
0.620000  0.580000    0.0000063102313234
0.660000  0.580000    0.0000070639161080
0.700000  0.580000    0.0000078353472882
0.740000  0.580000    0.0000086264189097
0.780000  0.580000    0.0000092087821946
-.620000  0.620000    0.0000005474019947
-.580000  0.620000    0.0000017022605217
-.540000  0.620000    0.0000026841568699
-.500000  0.620000    0.0000034509633525
-.460000  0.620000    0.0000040284718479
-.420000  0.620000    0.0000044339621331
-.380000  0.620000    0.0000046785660346
-.340000  0.620000    0.0000047721470258
-.300000  0.620000    0.0000047269892463
-.260000  0.620000    0.0000048737065334
-.220000  0.620000    0.0000046100991115
-.180000  0.620000    0.0000045550530524
-.140000  0.620000    0.0000044055230169
-.100000  0.620000    0.0000041820865994
-.060000  0.620000    0.0000037531211239
-.020000  0.620000    0.0000035026969031
0.020000  0.620000    0.0000032510329042
0.060000  0.620000    0.0000030172037591
0.100000  0.620000    0.0000028460343409
0.140000  0.620000    0.0000026872561986
0.180000  0.620000    0.0000026007077898
0.220000  0.620000    0.0000025945048198
0.260000  0.620000    0.0000026177186826
0.300000  0.620000    0.0000027846812921
0.340000  0.620000    0.0000029710550784
0.380000  0.620000    0.0000032512969239
0.420000  0.620000    0.0000036303780669
0.460000  0.620000    0.0000041047857332
0.500000  0.620000    0.0000046726620067
0.540000  0.620000    0.0000053222104101
0.580000  0.620000    0.0000060405751535
0.620000  0.620000    0.0000067741026263
0.660000  0.620000    0.0000075954576209
0.700000  0.620000    0.0000082941484122
0.740000  0.620000    0.0000090088702394
0.780000  0.620000    0.0000095585309597
-.580000  0.660000    0.0000010294341843
-.540000  0.660000    0.0000020780422458
-.500000  0.660000    0.0000029847372916
-.460000  0.660000    0.0000036747929624
-.420000  0.660000    0.0000041743846512
-.380000  0.660000    0.0000045009645719
-.340000  0.660000    0.0000046668942141
-.300000  0.660000    0.0000050026564233
-.260000  0.660000    0.0000048994704223
-.220000  0.660000    0.0000049849982843
-.180000  0.660000    0.0000046840417955
-.140000  0.660000    0.0000045913255622
-.100000  0.660000    0.0000044225680294
-.060000  0.660000    0.0000042034624073
-.020000  0.660000    0.0000039556528290
0.020000  0.660000    0.0000037022043928
0.060000  0.660000    0.0000034665284470
0.100000  0.660000    0.0000032667717829
0.140000  0.660000    0.0000031178909387
0.180000  0.660000    0.0000030313146231
0.220000  0.660000    0.0000030405270375
0.260000  0.660000    0.0000031012612795
0.300000  0.660000    0.0000032463637023
0.340000  0.660000    0.0000034771704314
0.380000  0.660000    0.0000037955300373
0.420000  0.660000    0.0000042034310636
0.460000  0.660000    0.0000046965541971
0.500000  0.660000    0.0000052738706663
0.540000  0.660000    0.0000059252655628
0.580000  0.660000    0.0000066383421299
0.620000  0.660000    0.0000073982345940
0.660000  0.660000    0.0000081173245394
0.700000  0.660000    0.0000088149408453
0.740000  0.660000    0.0000096244106195
-.540000  0.700000    0.0000013846070505
-.500000  0.700000    0.0000025601049089
-.460000  0.700000    0.0000034451500707
-.420000  0.700000    0.0000038046336115
-.380000  0.700000    0.0000045394971661
-.340000  0.700000    0.0000048101944566
-.300000  0.700000    0.0000049210482167
-.260000  0.700000    0.0000052023874118
-.220000  0.700000    0.0000050562400298
-.180000  0.700000    0.0000051028037026
-.140000  0.700000    0.0000047768549355
-.100000  0.700000    0.0000046737024376
-.060000  0.700000    0.0000045144302955
-.020000  0.700000    0.0000043184871205
0.020000  0.700000    0.0000041091776267
0.060000  0.700000    0.0000039081739606
0.100000  0.700000    0.0000037327413799
0.140000  0.700000    0.0000035977085829
0.180000  0.700000    0.0000036238573792
0.220000  0.700000    0.0000036011097791
0.260000  0.700000    0.0000037255568047
0.300000  0.700000    0.0000038516902196
0.340000  0.700000    0.0000041261392371
0.380000  0.700000    0.0000044805360904
0.420000  0.700000    0.0000048487963289
0.460000  0.700000    0.0000054244417120
0.500000  0.700000    0.0000060062640219
0.540000  0.700000    0.0000066490119238
0.580000  0.700000    0.0000073659593611
0.620000  0.700000    0.0000080898499909
0.660000  0.700000    0.0000087911522869
0.700000  0.700000    0.0000095411608558
-.540000  0.740000    0.0000001791354019
-.500000  0.740000    0.0000017621876438
-.460000  0.740000    0.0000027189837304
-.420000  0.740000    0.0000035499139010
-.380000  0.740000    0.0000041432480501
-.340000  0.740000    0.0000045347594273
-.300000  0.740000    0.0000050738778843
-.260000  0.740000    0.0000051438281317
-.220000  0.740000    0.0000053920165848
-.180000  0.740000    0.0000052163431247
-.140000  0.740000    0.0000052522910114
-.100000  0.740000    0.0000052020056144
-.060000  0.740000    0.0000048206346241
-.020000  0.740000    0.0000046868580035
0.020000  0.740000    0.0000045296104828
0.060000  0.740000    0.0000043699528589
0.100000  0.740000    0.0000044248000079
0.140000  0.740000    0.0000043039885895
0.180000  0.740000    0.0000042276897724
0.220000  0.740000    0.0000043585503057
0.260000  0.740000    0.0000044010027300
0.300000  0.740000    0.0000046478370093
0.340000  0.740000    0.0000048307573719
0.380000  0.740000    0.0000052217663329
0.420000  0.740000    0.0000056788041639
0.460000  0.740000    0.0000061980718840
0.500000  0.740000    0.0000068674006843
0.540000  0.740000    0.0000074891619631
0.580000  0.740000    0.0000081992844522
0.620000  0.740000    0.0000089236275672
0.660000  0.740000    0.0000097461518381
-.500000  0.780000    0.0000003009514584
-.460000  0.780000    0.0000018233467649
-.420000  0.780000    0.0000029885403900
-.380000  0.780000    0.0000038255347216
-.340000  0.780000    0.0000044050661149
-.300000  0.780000    0.0000047732839692
-.260000  0.780000    0.0000052968744650
-.220000  0.780000    0.0000053410493303
-.180000  0.780000    0.0000055846670521
-.140000  0.780000    0.0000053901519284
-.100000  0.780000    0.0000054412080671
-.060000  0.780000    0.0000054160475435
-.020000  0.780000    0.0000053374967365
0.020000  0.780000    0.0000052290551890
0.060000  0.780000    0.0000051095362321
0.100000  0.780000    0.0000049956486338
0.140000  0.780000    0.0000049015389452
0.180000  0.780000    0.0000050743472782
0.220000  0.780000    0.0000050596561486
0.260000  0.780000    0.0000053027884341
0.300000  0.780000    0.0000054011469944
0.340000  0.780000    0.0000057582782333
0.380000  0.780000    0.0000061683053291
0.420000  0.780000    0.0000066298650712
0.460000  0.780000    0.0000071398866063
0.500000  0.780000    0.0000078095635219
0.540000  0.780000    0.0000084704555610
0.580000  0.780000    0.0000091765337647
0.620000  0.780000    0.0000099532779620
-.460000  0.820000    0.0000001609308875
-.420000  0.820000    0.0000020413687491
-.380000  0.820000    0.0000031034481311
-.340000  0.820000    0.0000039778003777
-.300000  0.820000    0.0000045681751844
-.260000  0.820000    0.0000052745694188
-.220000  0.820000    0.0000054702283803
-.180000  0.820000    0.0000058515345832
-.140000  0.820000    0.0000057698224024
-.100000  0.820000    0.0000059242157723
-.060000  0.820000    0.0000059901066356
-.020000  0.820000    0.0000059925414685
0.020000  0.820000    0.0000059533560804
0.060000  0.820000    0.0000058925111399
0.100000  0.820000    0.0000058268934722
0.140000  0.820000    0.0000057699743364
0.180000  0.820000    0.0000060031493023
0.220000  0.820000    0.0000060063524589
0.260000  0.820000    0.0000062932298269
0.300000  0.820000    0.0000063871849280
0.340000  0.820000    0.0000067643800158
0.380000  0.820000    0.0000071785449791
0.420000  0.820000    0.0000077874185344
0.460000  0.820000    0.0000082622678856
0.500000  0.820000    0.0000088819858473
0.540000  0.820000    0.0000096117377466
-.380000  0.860000    0.0000017264924419
-.340000  0.860000    0.0000032440062730
-.300000  0.860000    0.0000042589778426
-.260000  0.860000    0.0000049264342617
-.220000  0.860000    0.0000053393570599
-.180000  0.860000    0.0000059139466225
-.140000  0.860000    0.0000059783877359
-.100000  0.860000    0.0000062749449869
-.060000  0.860000    0.0000064655371944
-.020000  0.860000    0.0000065756740483
0.020000  0.860000    0.0000066286463031
0.060000  0.860000    0.0000066450778923
0.100000  0.860000    0.0000066420544079
0.140000  0.860000    0.0000066327480469
0.180000  0.860000    0.0000069341512243
0.220000  0.860000    0.0000069567474868
0.260000  0.860000    0.0000072841472769
0.300000  0.860000    0.0000076220403388
0.340000  0.860000    0.0000079801902556
0.380000  0.860000    0.0000083610149340
0.420000  0.860000    0.0000089204739582
0.460000  0.860000    0.0000095503706790
0.500000  0.860000    0.0000103100380347
-.340000  0.900000    0.0000009350216773
-.300000  0.900000    0.0000028953990368
-.260000  0.900000    0.0000042077150321
-.220000  0.900000    0.0000050412764912
-.180000  0.900000    0.0000055552567643
-.140000  0.900000    0.0000062176676473
-.100000  0.900000    0.0000063339909712
-.060000  0.900000    0.0000066964922200
-.020000  0.900000    0.0000069509994480
0.020000  0.900000    0.0000071235323442
0.060000  0.900000    0.0000072367901644
0.100000  0.900000    0.0000073082398986
0.140000  0.900000    0.0000076925781164
0.180000  0.900000    0.0000077326117137
0.220000  0.900000    0.0000080784287775
0.260000  0.900000    0.0000084062091338
0.300000  0.900000    0.0000087286949531
0.340000  0.900000    0.0000092431446165
0.380000  0.900000    0.0000097228578524
0.420000  0.900000    0.0000104206910428
-.260000  0.940000    0.0000014686389373
-.220000  0.940000    0.0000035876999542
-.180000  0.940000    0.0000049085163839
-.140000  0.940000    0.0000056904095722
-.100000  0.940000    0.0000065395032048
-.060000  0.940000    0.0000067651672135
-.020000  0.940000    0.0000072260001453
0.020000  0.940000    0.0000075582827156
0.060000  0.940000    0.0000077926706874
0.100000  0.940000    0.0000083118336852
0.140000  0.940000    0.0000084181444048
0.180000  0.940000    0.0000088077345106
0.220000  0.940000    0.0000091396468726
0.260000  0.940000    0.0000096695129486
0.300000  0.940000    0.0000101071416314
0.340000  0.940000    0.0000109155665406
-.140000  0.980000    0.0000025942864639
-.100000  0.980000    0.0000051213709962
-.060000  0.980000    0.0000062999305492
-.020000  0.980000    0.0000068692975567
0.020000  0.980000    0.0000075403876343
0.060000  0.980000    0.0000083924069872
0.100000  0.980000    0.0000090059753503
0.140000  0.980000    0.0000093963223078
0.180000  0.980000    0.0000101109565825
