-.140000  -.980000    0.0000301714718112
-.100000  -.980000    0.0000544868149845
-.060000  -.980000    0.0000705392926731
-.020000  -.980000    0.0000819628412581
0.020000  -.980000    0.0000915341942760
0.060000  -.980000    0.0000988547877594
0.100000  -.980000    0.0001021580177846
0.140000  -.980000    0.0001008573631043
0.180000  -.980000    0.0000916050936204
-.260000  -.940000    0.0000292688804738
-.220000  -.940000    0.0000545957144306
-.180000  -.940000    0.0000753978502557
-.140000  -.940000    0.0000922970382437
-.100000  -.940000    0.0001081420103751
-.060000  -.940000    0.0001200830884915
-.020000  -.940000    0.0001314368026703
0.020000  -.940000    0.0001407818379343
0.060000  -.940000    0.0001482528573821
0.100000  -.940000    0.0001538804053885
0.140000  -.940000    0.0001574542376005
0.180000  -.940000    0.0001584231863641
0.220000  -.940000    0.0001566616350898
0.260000  -.940000    0.0001503262527101
0.300000  -.940000    0.0001389456413189
0.340000  -.940000    0.0000976576605066
-.340000  -.900000    0.0000285397991952
-.300000  -.900000    0.0000547239053711
-.260000  -.900000    0.0000773956038179
-.220000  -.900000    0.0000965785183621
-.180000  -.900000    0.0001132859538679
-.140000  -.900000    0.0001297087755774
-.100000  -.900000    0.0001428276953687
-.060000  -.900000    0.0001556802985437
-.020000  -.900000    0.0001668376495484
0.020000  -.900000    0.0001764253725206
0.060000  -.900000    0.0001845292446829
0.100000  -.900000    0.0001911913941677
0.140000  -.900000    0.0001955219465797
0.180000  -.900000    0.0001990633784422
0.220000  -.900000    0.0001995123261158
0.260000  -.900000    0.0001977559159376
0.300000  -.900000    0.0001936769763977
0.340000  -.900000    0.0001843233333259
0.380000  -.900000    0.0001710748893563
0.420000  -.900000    0.0001445460311966
-.420000  -.860000    0.0000142416457709
-.380000  -.860000    0.0000433573904908
-.340000  -.860000    0.0000688597928828
-.300000  -.860000    0.0000907283205880
-.260000  -.860000    0.0001099546543491
-.220000  -.860000    0.0001272084683218
-.180000  -.860000    0.0001445303382106
-.140000  -.860000    0.0001587461477521
-.100000  -.860000    0.0001728785476977
-.060000  -.860000    0.0001854399236963
-.020000  -.860000    0.0001965480558218
0.020000  -.860000    0.0002063007696494
0.060000  -.860000    0.0002147700134636
0.100000  -.860000    0.0002220014645364
0.140000  -.860000    0.0002280080783351
0.180000  -.860000    0.0002310556383787
0.220000  -.860000    0.0002343571892898
0.260000  -.860000    0.0002339389978026
0.300000  -.860000    0.0002315409725289
0.340000  -.860000    0.0002271327682401
0.380000  -.860000    0.0002205355097122
0.420000  -.860000    0.0002077174705928
0.460000  -.860000    0.0001871765973094
0.500000  -.860000    0.0001506098374641
-.460000  -.820000    0.0000236104200070
-.420000  -.820000    0.0000527138925556
-.380000  -.820000    0.0000754467041995
-.340000  -.820000    0.0000974439302114
-.300000  -.820000    0.0001172533140925
-.260000  -.820000    0.0001373533658520
-.220000  -.820000    0.0001538467509690
-.180000  -.820000    0.0001705811987098
-.140000  -.820000    0.0001846977555530
-.100000  -.820000    0.0001987062280812
-.060000  -.820000    0.0002113035720781
-.020000  -.820000    0.0002225795634478
0.020000  -.820000    0.0002326184269942
0.060000  -.820000    0.0002414883247223
0.100000  -.820000    0.0002492317994126
0.140000  -.820000    0.0002558711177839
0.180000  -.820000    0.0002593400633463
0.220000  -.820000    0.0002635499270107
0.260000  -.820000    0.0002637866341561
0.300000  -.820000    0.0002655045533559
0.340000  -.820000    0.0002625249036994
0.380000  -.820000    0.0002576494218063
0.420000  -.820000    0.0002465206769917
0.460000  -.820000    0.0002372524502978
0.500000  -.820000    0.0002206210991726
0.540000  -.820000    0.0001901710462245
-.500000  -.780000    0.0000276089504865
-.460000  -.780000    0.0000541940295823
-.420000  -.780000    0.0000792381007000
-.380000  -.780000    0.0001017395104883
-.340000  -.780000    0.0001222273046813
-.300000  -.780000    0.0001411132021598
-.260000  -.780000    0.0001605949532252
-.220000  -.780000    0.0001768310365144
-.180000  -.780000    0.0001934007346667
-.140000  -.780000    0.0002075980443459
-.100000  -.780000    0.0002217066333250
-.060000  -.780000    0.0002345017346909
-.020000  -.780000    0.0002460601003908
0.020000  -.780000    0.0002564507566354
0.060000  -.780000    0.0002657394838285
0.100000  -.780000    0.0002739733600454
0.140000  -.780000    0.0002811781982598
0.180000  -.780000    0.0002851735377900
0.220000  -.780000    0.0002901125465658
0.260000  -.780000    0.0002909987576507
0.300000  -.780000    0.0002936891705409
0.340000  -.780000    0.0002915717044375
0.380000  -.780000    0.0002876958092194
0.420000  -.780000    0.0002820495456955
0.460000  -.780000    0.0002745340331940
0.500000  -.780000    0.0002598210406022
0.540000  -.780000    0.0002423366357829
0.580000  -.780000    0.0002159664870767
0.620000  -.780000    0.0001600651102952
-.540000  -.740000    0.0000269621328250
-.500000  -.740000    0.0000557694198884
-.460000  -.740000    0.0000790141968380
-.420000  -.740000    0.0001021957546193
-.380000  -.740000    0.0001234906318472
-.340000  -.740000    0.0001432477233838
-.300000  -.740000    0.0001638284199943
-.260000  -.740000    0.0001809820685828
-.220000  -.740000    0.0001986828417770
-.180000  -.740000    0.0002138043353107
-.140000  -.740000    0.0002290238221142
-.100000  -.740000    0.0002429069752881
-.060000  -.740000    0.0002555463743348
-.020000  -.740000    0.0002674440338583
0.020000  -.740000    0.0002782242050846
0.060000  -.740000    0.0002879454421007
0.100000  -.740000    0.0002950760100896
0.140000  -.740000    0.0003025052870077
0.180000  -.740000    0.0003090101251794
0.220000  -.740000    0.0003117394235103
0.260000  -.740000    0.0003161797629260
0.300000  -.740000    0.0003160241235809
0.340000  -.740000    0.0003183729413406
0.380000  -.740000    0.0003153814706529
0.420000  -.740000    0.0003107115992628
0.460000  -.740000    0.0003043352718073
0.500000  -.740000    0.0002905489589620
0.540000  -.740000    0.0002802537521702
0.580000  -.740000    0.0002616930270270
0.620000  -.740000    0.0002339332719624
0.660000  -.740000    0.0001889062398727
-.580000  -.700000    0.0000240696353440
-.540000  -.700000    0.0000515350719064
-.500000  -.700000    0.0000779380326716
-.460000  -.700000    0.0001020050588552
-.420000  -.700000    0.0001214556651015
-.380000  -.700000    0.0001446556161402
-.340000  -.700000    0.0001638738908849
-.300000  -.700000    0.0001819798207158
-.260000  -.700000    0.0002008927802413
-.220000  -.700000    0.0002169230281246
-.180000  -.700000    0.0002333106435208
-.140000  -.700000    0.0002476344462264
-.100000  -.700000    0.0002618275498276
-.060000  -.700000    0.0002748090725558
-.020000  -.700000    0.0002866552996220
0.020000  -.700000    0.0002974354265142
0.060000  -.700000    0.0003072176918915
0.100000  -.700000    0.0003160548678480
0.140000  -.700000    0.0003239860213277
0.180000  -.700000    0.0003285557567686
0.220000  -.700000    0.0003344823841316
0.260000  -.700000    0.0003361665473787
0.300000  -.700000    0.0003401795762775
0.340000  -.700000    0.0003391505422875
0.380000  -.700000    0.0003365197780390
0.420000  -.700000    0.0003374376064069
0.460000  -.700000    0.0003265382850792
0.500000  -.700000    0.0003191505333783
0.540000  -.700000    0.0003100726142721
0.580000  -.700000    0.0002926205442958
0.620000  -.700000    0.0002727160745560
0.660000  -.700000    0.0002432407417411
0.700000  -.700000    0.0001962264833421
-.620000  -.660000    0.0000168544721126
-.580000  -.660000    0.0000464097436075
-.540000  -.660000    0.0000712129448021
-.500000  -.660000    0.0000960853932404
-.460000  -.660000    0.0001191536688304
-.420000  -.660000    0.0001406848809430
-.380000  -.660000    0.0001609094032823
-.340000  -.660000    0.0001800061319896
-.300000  -.660000    0.0002001853413816
-.260000  -.660000    0.0002171482419243
-.220000  -.660000    0.0002347774593257
-.180000  -.660000    0.0002499597001835
-.140000  -.660000    0.0002653117318145
-.100000  -.660000    0.0002794044036275
-.060000  -.660000    0.0002923145779155
-.020000  -.660000    0.0003041234996760
0.020000  -.660000    0.0003149084790173
0.060000  -.660000    0.0003247463777627
0.100000  -.660000    0.0003336931392324
0.140000  -.660000    0.0003417948817910
0.180000  -.660000    0.0003490798637680
0.220000  -.660000    0.0003525818676095
0.260000  -.660000    0.0003580266249713
0.300000  -.660000    0.0003588391714976
0.340000  -.660000    0.0003624884741063
0.380000  -.660000    0.0003607161472048
0.420000  -.660000    0.0003573949402604
0.460000  -.660000    0.0003525353636290
0.500000  -.660000    0.0003461177900380
0.540000  -.660000    0.0003380929754131
0.580000  -.660000    0.0003215836777735
0.620000  -.660000    0.0003098058134152
0.660000  -.660000    0.0002814062549603
0.700000  -.660000    0.0002501785780990
0.740000  -.660000    0.0002008331548565
-.660000  -.620000    0.0000084706663756
-.620000  -.620000    0.0000383663590515
-.580000  -.620000    0.0000642836679941
-.540000  -.620000    0.0000901891976405
-.500000  -.620000    0.0001142614856408
-.460000  -.620000    0.0001367344077222
-.420000  -.620000    0.0001578365432101
-.380000  -.620000    0.0001777527584255
-.340000  -.620000    0.0001966275320632
-.300000  -.620000    0.0002145674882178
-.260000  -.620000    0.0002334948579699
-.220000  -.620000    0.0002495604100982
-.180000  -.620000    0.0002661395809447
-.140000  -.620000    0.0002814111249974
-.100000  -.620000    0.0002954336101457
-.060000  -.620000    0.0003084308910269
-.020000  -.620000    0.0003206747979822
0.020000  -.620000    0.0003319068661137
0.060000  -.620000    0.0003421972152552
0.100000  -.620000    0.0003498010414852
0.140000  -.620000    0.0003580550888249
0.180000  -.620000    0.0003655490347465
0.220000  -.620000    0.0003723019228170
0.260000  -.620000    0.0003749107045911
0.300000  -.620000    0.0003799615964075
0.340000  -.620000    0.0003800370201335
0.380000  -.620000    0.0003786020984546
0.420000  -.620000    0.0003756869084636
0.460000  -.620000    0.0003713018130369
0.500000  -.620000    0.0003654307827828
0.540000  -.620000    0.0003580421495536
0.580000  -.620000    0.0003490828889742
0.620000  -.620000    0.0003311004251053
0.660000  -.620000    0.0003184481168764
0.700000  -.620000    0.0002881432787646
0.740000  -.620000    0.0002551423633210
0.780000  -.620000    0.0001805161705962
-.660000  -.580000    0.0000276658477539
-.620000  -.580000    0.0000547158307957
-.580000  -.580000    0.0000816756049596
-.540000  -.580000    0.0001037793690732
-.500000  -.580000    0.0001272321736868
-.460000  -.580000    0.0001493794737881
-.420000  -.580000    0.0001703573063216
-.380000  -.580000    0.0001929219135510
-.340000  -.580000    0.0002116436399814
-.300000  -.580000    0.0002294725620534
-.260000  -.580000    0.0002483473605531
-.220000  -.580000    0.0002643456387499
-.180000  -.580000    0.0002808819906042
-.140000  -.580000    0.0002961066876668
-.100000  -.580000    0.0003097951983649
-.060000  -.580000    0.0003231095473839
-.020000  -.580000    0.0003353515658563
0.020000  -.580000    0.0003466068082488
0.060000  -.580000    0.0003569550374648
0.100000  -.580000    0.0003664683522207
0.140000  -.580000    0.0003729285645238
0.180000  -.580000    0.0003806146828459
0.220000  -.580000    0.0003876171871934
0.260000  -.580000    0.0003903942326578
0.300000  -.580000    0.0003958056521420
0.340000  -.580000    0.0003961605675890
0.380000  -.580000    0.0003950721718816
0.420000  -.580000    0.0003979801661170
0.460000  -.580000    0.0003945138728958
0.500000  -.580000    0.0003895922719429
0.540000  -.580000    0.0003831884679244
0.580000  -.580000    0.0003681476064948
0.620000  -.580000    0.0003582741611135
0.660000  -.580000    0.0003388745306546
0.700000  -.580000    0.0003171526377766
0.740000  -.580000    0.0002931467502622
0.780000  -.580000    0.0002501126252647
-.700000  -.540000    0.0000148519090415
-.660000  -.540000    0.0000427033147315
-.620000  -.540000    0.0000706149201917
-.580000  -.540000    0.0000937885427992
-.540000  -.540000    0.0001182215862021
-.500000  -.540000    0.0001413344123397
-.460000  -.540000    0.0001632429584800
-.420000  -.540000    0.0001840535662439
-.380000  -.540000    0.0002065874826779
-.340000  -.540000    0.0002252102911615
-.300000  -.540000    0.0002429606994690
-.260000  -.540000    0.0002618413331801
-.220000  -.540000    0.0002777801558996
-.180000  -.540000    0.0002943122269758
-.140000  -.540000    0.0003087237358151
-.100000  -.540000    0.0003231891358145
-.060000  -.540000    0.0003364971429095
-.020000  -.540000    0.0003487421061633
0.020000  -.540000    0.0003600201527136
0.060000  -.540000    0.0003704243903734
0.100000  -.540000    0.0003800318535375
0.140000  -.540000    0.0003889110192324
0.180000  -.540000    0.0003944011726782
0.220000  -.540000    0.0004016410510986
0.260000  -.540000    0.0004046085577062
0.300000  -.540000    0.0004103604352608
0.340000  -.540000    0.0004110100262139
0.380000  -.540000    0.0004102763491023
0.420000  -.540000    0.0004136733893234
0.460000  -.540000    0.0004106584558787
0.500000  -.540000    0.0004062440069280
0.540000  -.540000    0.0004003992893068
0.580000  -.540000    0.0003930916645366
0.620000  -.540000    0.0003766416573229
0.660000  -.540000    0.0003658689094651
0.700000  -.540000    0.0003450776388309
0.740000  -.540000    0.0003219704615258
0.780000  -.540000    0.0002878368511933
0.820000  -.540000    0.0002343316284056
-.740000  -.500000    0.0000015081415316
-.700000  -.500000    0.0000302598367666
-.660000  -.500000    0.0000571515192713
-.620000  -.500000    0.0000844242656286
-.580000  -.500000    0.0001068465805587
-.540000  -.500000    0.0001309458636133
-.500000  -.500000    0.0001538294202762
-.460000  -.500000    0.0001755848321874
-.420000  -.500000    0.0001962931254478
-.380000  -.500000    0.0002188646423916
-.340000  -.500000    0.0002374283281695
-.300000  -.500000    0.0002551303796606
-.260000  -.500000    0.0002740700088138
-.220000  -.500000    0.0002899586401283
-.180000  -.500000    0.0003065255094315
-.140000  -.500000    0.0003208938787562
-.100000  -.500000    0.0003353737830163
-.060000  -.500000    0.0003486876358594
-.020000  -.500000    0.0003609393460185
0.020000  -.500000    0.0003722396287506
0.060000  -.500000    0.0003826945517091
0.100000  -.500000    0.0003923927718811
0.140000  -.500000    0.0004014090555725
0.180000  -.500000    0.0004070022127345
0.220000  -.500000    0.0004144752879892
0.260000  -.500000    0.0004176505863711
0.300000  -.500000    0.0004237352097193
0.340000  -.500000    0.0004246937013420
0.380000  -.500000    0.0004243250932149
0.420000  -.500000    0.0004281902023036
0.460000  -.500000    0.0004256249026165
0.500000  -.500000    0.0004217068106970
0.540000  -.500000    0.0004164058877207
0.580000  -.500000    0.0004096879066380
0.620000  -.500000    0.0003937886062997
0.660000  -.500000    0.0003836817372754
0.700000  -.500000    0.0003634812692356
0.740000  -.500000    0.0003409705909728
0.780000  -.500000    0.0003162597674767
0.820000  -.500000    0.0002803312488905
0.860000  -.500000    0.0001993639867661
-.740000  -.460000    0.0000141194327343
-.700000  -.460000    0.0000437719421001
-.660000  -.460000    0.0000696266428252
-.620000  -.460000    0.0000963653879333
-.580000  -.460000    0.0001182381465581
-.540000  -.460000    0.0001421019783709
-.500000  -.460000    0.0001648367456535
-.460000  -.460000    0.0001865038640361
-.420000  -.460000    0.0002071630653027
-.380000  -.460000    0.0002298219811143
-.340000  -.460000    0.0002483659501325
-.300000  -.460000    0.0002660499509386
-.260000  -.460000    0.0002850980516306
-.220000  -.460000    0.0003009476040676
-.180000  -.460000    0.0003175904057592
-.140000  -.460000    0.0003319054715960
-.100000  -.460000    0.0003464224082700
-.060000  -.460000    0.0003597525775938
-.020000  -.460000    0.0003720135420062
0.020000  -.460000    0.0003833342408157
0.060000  -.460000    0.0003938366026251
0.100000  -.460000    0.0004036233288852
0.140000  -.460000    0.0004127791718875
0.180000  -.460000    0.0004184911127213
0.220000  -.460000    0.0004262023415299
0.260000  -.460000    0.0004296008080807
0.300000  -.460000    0.0004360229751434
0.340000  -.460000    0.0004373005637587
0.380000  -.460000    0.0004373060580327
0.420000  -.460000    0.0004416371840459
0.460000  -.460000    0.0004395233916852
0.500000  -.460000    0.0004360957036317
0.540000  -.460000    0.0004313298189962
0.580000  -.460000    0.0004251846896993
0.620000  -.460000    0.0004098436772444
0.660000  -.460000    0.0004003712141530
0.700000  -.460000    0.0003807582606081
0.740000  -.460000    0.0003678272504155
0.780000  -.460000    0.0003439501864105
0.820000  -.460000    0.0003084126533783
0.860000  -.460000    0.0002524164639969
-.740000  -.420000    0.0000259662595237
-.700000  -.420000    0.0000527752032585
-.660000  -.420000    0.0000802982652405
-.620000  -.420000    0.0001066093686504
-.580000  -.420000    0.0001280976137285
-.540000  -.420000    0.0001517991783493
-.500000  -.420000    0.0001744442891133
-.460000  -.420000    0.0001960723278703
-.420000  -.420000    0.0002167221939768
-.380000  -.420000    0.0002395007989423
-.340000  -.420000    0.0002580619189682
-.300000  -.420000    0.0002757578931276
-.260000  -.420000    0.0002949652232415
-.220000  -.420000    0.0003107924678411
-.180000  -.420000    0.0003275531705908
-.140000  -.420000    0.0003418142773178
-.100000  -.420000    0.0003563893407967
-.060000  -.420000    0.0003697506277771
-.020000  -.420000    0.0003820221480358
0.020000  -.420000    0.0003933605847613
0.060000  -.420000    0.0004039070940845
0.100000  -.420000    0.0004137849144665
0.140000  -.420000    0.0004230853450197
0.180000  -.420000    0.0004289294569549
0.220000  -.420000    0.0004368923187028
0.260000  -.420000    0.0004405284346217
0.300000  -.420000    0.0004473049148858
0.340000  -.420000    0.0004489139360398
0.380000  -.420000    0.0004492988861375
0.420000  -.420000    0.0004541109349456
0.460000  -.420000    0.0004524469828102
0.500000  -.420000    0.0004495121607271
0.540000  -.420000    0.0004452725724440
0.580000  -.420000    0.0004396939674382
0.620000  -.420000    0.0004249010966927
0.660000  -.420000    0.0004160486358457
0.700000  -.420000    0.0004057378342077
0.740000  -.420000    0.0003847550789631
0.780000  -.420000    0.0003614500149291
0.820000  -.420000    0.0003262451150375
0.860000  -.420000    0.0002889322128124
0.900000  -.420000    0.0002138967409392
-.780000  -.380000    0.0000083957677154
-.740000  -.380000    0.0000362006126828
-.700000  -.380000    0.0000650247073414
-.660000  -.380000    0.0000893227005472
-.620000  -.380000    0.0001152906064929
-.580000  -.380000    0.0001401027968140
-.540000  -.380000    0.0001637793662269
-.500000  -.380000    0.0001863572117262
-.460000  -.380000    0.0002078791782443
-.420000  -.380000    0.0002283872890645
-.380000  -.380000    0.0002479248632601
-.340000  -.380000    0.0002665388664021
-.300000  -.380000    0.0002842783088469
-.260000  -.380000    0.0003036903749469
-.220000  -.380000    0.0003195191585258
-.180000  -.380000    0.0003364471148342
-.140000  -.380000    0.0003506575055870
-.100000  -.380000    0.0003653209841466
-.060000  -.380000    0.0003787235227616
-.020000  -.380000    0.0003910104018439
0.020000  -.380000    0.0004023617444616
0.060000  -.380000    0.0004129522389662
0.100000  -.380000    0.0004229231977596
0.140000  -.380000    0.0004323830243088
0.180000  -.380000    0.0004383719537678
0.220000  -.380000    0.0004466121977155
0.260000  -.380000    0.0004504998552258
0.300000  -.380000    0.0004576624894073
0.340000  -.380000    0.0004596105113408
0.380000  -.380000    0.0004603830491006
0.420000  -.380000    0.0004599713309948
0.460000  -.380000    0.0004583547766028
0.500000  -.380000    0.0004554949560041
0.540000  -.380000    0.0004513513380752
0.580000  -.380000    0.0004458802894285
0.620000  -.380000    0.0004390423182297
0.660000  -.380000    0.0004308055093403
0.700000  -.380000    0.0004123752336087
0.740000  -.380000    0.0004007465136168
0.780000  -.380000    0.0003780092108402
0.820000  -.380000    0.0003530213321996
0.860000  -.380000    0.0003159345462527
0.900000  -.380000    0.0002577847399214
-.780000  -.340000    0.0000174555900018
-.740000  -.340000    0.0000447747682399
-.700000  -.340000    0.0000730466564433
-.660000  -.340000    0.0000968366561444
-.620000  -.340000    0.0001225213782411
-.580000  -.340000    0.0001471652113732
-.540000  -.340000    0.0001707672705241
-.500000  -.340000    0.0001933397448561
-.460000  -.340000    0.0002149029716127
-.420000  -.340000    0.0002354822292195
-.380000  -.340000    0.0002551041538825
-.340000  -.340000    0.0002738036979972
-.300000  -.340000    0.0002946237545885
-.260000  -.340000    0.0003112739635759
-.220000  -.340000    0.0003271375869755
-.180000  -.340000    0.0003442872325269
-.140000  -.340000    0.0003584585383179
-.100000  -.340000    0.0003732453431257
-.060000  -.340000    0.0003867109371888
-.020000  -.340000    0.0003990165305176
0.020000  -.340000    0.0004103757220594
0.060000  -.340000    0.0004210090116846
0.100000  -.340000    0.0004310841975049
0.140000  -.340000    0.0004407266377405
0.180000  -.340000    0.0004468732394651
0.220000  -.340000    0.0004554304628466
0.260000  -.340000    0.0004595864073244
0.300000  -.340000    0.0004625980365720
0.340000  -.340000    0.0004694819995560
0.380000  -.340000    0.0004706461647513
0.420000  -.340000    0.0004706647122009
0.460000  -.340000    0.0004695101074304
0.500000  -.340000    0.0004671443484558
0.540000  -.340000    0.0004635234689515
0.580000  -.340000    0.0004586063909667
0.620000  -.340000    0.0004523529644780
0.660000  -.340000    0.0004447313666953
0.700000  -.340000    0.0004268637475830
0.740000  -.340000    0.0004158849321524
0.780000  -.340000    0.0003937154729243
0.820000  -.340000    0.0003692501598180
0.860000  -.340000    0.0003324171601504
0.900000  -.340000    0.0002836609673312
0.940000  -.340000    0.0001650329655132
-.780000  -.300000    0.0000251361297619
-.740000  -.300000    0.0000543148675023
-.700000  -.300000    0.0000795331797612
-.660000  -.300000    0.0001063910669379
-.620000  -.300000    0.0001284068850052
-.580000  -.300000    0.0001529097411974
-.540000  -.300000    0.0001764539376036
-.500000  -.300000    0.0001990347904208
-.460000  -.300000    0.0002206535246119
-.420000  -.300000    0.0002413203364674
-.380000  -.300000    0.0002610483060641
-.340000  -.300000    0.0002833069799822
-.300000  -.300000    0.0003009423602161
-.260000  -.300000    0.0003177001220160
-.220000  -.300000    0.0003336395871164
-.180000  -.300000    0.0003510703643581
-.140000  -.300000    0.0003652278822272
-.100000  -.300000    0.0003801874525889
-.060000  -.300000    0.0003937424098167
-.020000  -.300000    0.0004060689249066
0.020000  -.300000    0.0004174336075817
0.060000  -.300000    0.0004281085477486
0.100000  -.300000    0.0004383073522884
0.140000  -.300000    0.0004481711624147
0.180000  -.300000    0.0004544929479367
0.220000  -.300000    0.0004634279431240
0.260000  -.300000    0.0004678719546577
0.300000  -.300000    0.0004712221601327
0.340000  -.300000    0.0004735111434228
0.380000  -.300000    0.0004801957777274
0.420000  -.300000    0.0004806460192723
0.460000  -.300000    0.0004799504329719
0.500000  -.300000    0.0004780748473650
0.540000  -.300000    0.0004749738989502
0.580000  -.300000    0.0004706061231753
0.620000  -.300000    0.0004649327586909
0.660000  -.300000    0.0004494942594101
0.700000  -.300000    0.0004405741662183
0.740000  -.300000    0.0004209439245889
0.780000  -.300000    0.0004086420410242
0.820000  -.300000    0.0003847097823401
0.860000  -.300000    0.0003481766684265
0.900000  -.300000    0.0003095348470478
0.940000  -.300000    0.0002403698828828
-.820000  -.260000    0.0000049601686227
-.780000  -.260000    0.0000331676225880
-.740000  -.260000    0.0000599193177827
-.700000  -.260000    0.0000879529276386
-.660000  -.260000    0.0001111139368140
-.620000  -.260000    0.0001366781674358
-.580000  -.260000    0.0001612741099979
-.540000  -.260000    0.0001848869130353
-.500000  -.260000    0.0002075112762262
-.460000  -.260000    0.0002291477654480
-.420000  -.260000    0.0002498048579600
-.380000  -.260000    0.0002694907014167
-.340000  -.260000    0.0002882239937922
-.300000  -.260000    0.0003060291676184
-.260000  -.260000    0.0003229390424037
-.220000  -.260000    0.0003419002709413
-.180000  -.260000    0.0003567704651416
-.140000  -.260000    0.0003729843820295
-.100000  -.260000    0.0003861524878293
-.060000  -.260000    0.0003998396981494
-.020000  -.260000    0.0004121969531384
0.020000  -.260000    0.0004235585113935
0.060000  -.260000    0.0004342806848016
0.100000  -.260000    0.0004446359330456
0.140000  -.260000    0.0004518181035215
0.180000  -.260000    0.0004613086197201
0.220000  -.260000    0.0004666797498131
0.260000  -.260000    0.0004754636073011
0.300000  -.260000    0.0004791695500532
0.340000  -.260000    0.0004818487960187
0.380000  -.260000    0.0004834783831190
0.420000  -.260000    0.0004840169604291
0.460000  -.260000    0.0004834251982863
0.500000  -.260000    0.0004816535123484
0.540000  -.260000    0.0004786537360236
0.580000  -.260000    0.0004743858747823
0.620000  -.260000    0.0004688083514935
0.660000  -.260000    0.0004618860536274
0.700000  -.260000    0.0004447464757585
0.740000  -.260000    0.0004344957651091
0.780000  -.260000    0.0004130601308790
0.820000  -.260000    0.0003892697659345
0.860000  -.260000    0.0003632562173559
0.900000  -.260000    0.0003247264404720
0.940000  -.260000    0.0002644512900999
-.820000  -.220000    0.0000104854336675
-.780000  -.220000    0.0000380795474748
-.740000  -.220000    0.0000670832623922
-.700000  -.220000    0.0000916270016823
-.660000  -.220000    0.0001182784562781
-.620000  -.220000    0.0001399512797490
-.580000  -.220000    0.0001644135572200
-.540000  -.220000    0.0001879764905654
-.500000  -.220000    0.0002106207410015
-.460000  -.220000    0.0002323341781118
-.420000  -.220000    0.0002531131072148
-.380000  -.220000    0.0002729564832896
-.340000  -.220000    0.0002918699376455
-.300000  -.220000    0.0003098641961605
-.260000  -.220000    0.0003304433813299
-.220000  -.220000    0.0003463151363532
-.180000  -.220000    0.0003613358348420
-.140000  -.220000    0.0003779839228980
-.100000  -.220000    0.0003911305905967
-.060000  -.220000    0.0004050172576420
-.020000  -.220000    0.0004174199621263
0.020000  -.220000    0.0004287688361529
0.060000  -.220000    0.0004395521951664
0.100000  -.220000    0.0004501211233960
0.140000  -.220000    0.0004574694847599
0.180000  -.220000    0.0004674227276193
0.220000  -.220000    0.0004731060018542
0.260000  -.220000    0.0004778221671647
0.300000  -.220000    0.0004865841219462
0.340000  -.220000    0.0004896624670971
0.380000  -.220000    0.0004917089241026
0.420000  -.220000    0.0004926845559185
0.460000  -.220000    0.0004925599802312
0.500000  -.220000    0.0004912753639758
0.540000  -.220000    0.0004887904773595
0.580000  -.220000    0.0004850515310803
0.620000  -.220000    0.0004800269218602
0.660000  -.220000    0.0004652301421337
0.700000  -.220000    0.0004570102017867
0.740000  -.220000    0.0004380896761156
0.780000  -.220000    0.0004265000352652
0.820000  -.220000    0.0004032334624716
0.860000  -.220000    0.0003777000838357
0.900000  -.220000    0.0003393405151732
0.940000  -.220000    0.0002888731411630
-.820000  -.180000    0.0000158068963860
-.780000  -.180000    0.0000438549810094
-.740000  -.180000    0.0000699001639964
-.700000  -.180000    0.0000975931703866
-.660000  -.180000    0.0001203909054080
-.620000  -.180000    0.0001458363352212
-.580000  -.180000    0.0001704016276383
-.540000  -.180000    0.0001940565901969
-.500000  -.180000    0.0002167844016939
-.460000  -.180000    0.0002385721011122
-.420000  -.180000    0.0002594152784912
-.380000  -.180000    0.0002793100360070
-.340000  -.180000    0.0002982545144355
-.300000  -.180000    0.0003162518408598
-.260000  -.180000    0.0003333088108160
-.220000  -.180000    0.0003494413983719
-.180000  -.180000    0.0003679563445946
-.140000  -.180000    0.0003818697631104
-.100000  -.180000    0.0003950784887972
-.060000  -.180000    0.0004092760348053
-.020000  -.180000    0.0004217604910109
0.020000  -.180000    0.0004330838339481
0.060000  -.180000    0.0004439575805316
0.100000  -.180000    0.0004548465502186
0.140000  -.180000    0.0004624154635442
0.180000  -.180000    0.0004689603851591
0.220000  -.180000    0.0004790353841707
0.260000  -.180000    0.0004841366415999
0.300000  -.180000    0.0004883067704574
0.340000  -.180000    0.0004915056366533
0.380000  -.180000    0.0004936554628903
0.420000  -.180000    0.0004947794370381
0.460000  -.180000    0.0004947551980988
0.500000  -.180000    0.0004935478792940
0.540000  -.180000    0.0004911371066462
0.580000  -.180000    0.0004875149219265
0.620000  -.180000    0.0004826128625375
0.660000  -.180000    0.0004763389125503
0.700000  -.180000    0.0004598275270345
0.740000  -.180000    0.0004502775283019
0.780000  -.180000    0.0004295032816385
0.820000  -.180000    0.0004063584272493
0.860000  -.180000    0.0003808978399261
0.900000  -.180000    0.0003534078463761
0.940000  -.180000    0.0003026521948217
0.980000  -.180000    0.0002042698088490
-.820000  -.140000    0.0000189478024080
-.780000  -.140000    0.0000460808045728
-.740000  -.140000    0.0000745996150500
-.700000  -.140000    0.0000987042907550
-.660000  -.140000    0.0001251011272923
-.620000  -.140000    0.0001506582460898
-.580000  -.140000    0.0001753287630675
-.540000  -.140000    0.0001946451980364
-.500000  -.140000    0.0002173504966198
-.460000  -.140000    0.0002391763135473
-.420000  -.140000    0.0002601098930129
-.380000  -.140000    0.0002801433569256
-.340000  -.140000    0.0002992732643513
-.300000  -.140000    0.0003174943300033
-.260000  -.140000    0.0003389678529956
-.220000  -.140000    0.0003551055987245
-.180000  -.140000    0.0003702695553671
-.140000  -.140000    0.0003844929196505
-.100000  -.140000    0.0004005575477479
-.060000  -.140000    0.0004125897460324
-.020000  -.140000    0.0004252340805035
0.020000  -.140000    0.0004365101018474
0.060000  -.140000    0.0004475459621069
0.100000  -.140000    0.0004557829790276
0.140000  -.140000    0.0004668458118172
0.180000  -.140000    0.0004737918564670
0.220000  -.140000    0.0004799039240697
0.260000  -.140000    0.0004851495925739
0.300000  -.140000    0.0004948098057781
0.340000  -.140000    0.0004983556032987
0.380000  -.140000    0.0005009969065211
0.420000  -.140000    0.0005025402510157
0.460000  -.140000    0.0005028708260942
0.500000  -.140000    0.0005022358014789
0.540000  -.140000    0.0005003950727829
0.580000  -.140000    0.0004895080311976
0.620000  -.140000    0.0004845936126556
0.660000  -.140000    0.0004784418755255
0.700000  -.140000    0.0004708858771094
0.740000  -.140000    0.0004525514001226
0.780000  -.140000    0.0004416701190668
0.820000  -.140000    0.0004190085246801
0.860000  -.140000    0.0003940347425672
0.900000  -.140000    0.0003559684034205
0.940000  -.140000    0.0003159971304119
0.980000  -.140000    0.0002348751215220
-.820000  -.100000    0.0000221837423021
-.780000  -.100000    0.0000494728352406
-.740000  -.100000    0.0000781836969040
-.700000  -.100000    0.0001021964655137
-.660000  -.100000    0.0001286978122694
-.620000  -.100000    0.0001543528635292
-.580000  -.100000    0.0001746062419718
-.540000  -.100000    0.0001982415910464
-.500000  -.100000    0.0002210174808510
-.460000  -.100000    0.0002429163384637
-.420000  -.100000    0.0002639274073749
-.380000  -.100000    0.0002840431416301
-.340000  -.100000    0.0003032606415964
-.300000  -.100000    0.0003215736389493
-.260000  -.100000    0.0003389763524337
-.220000  -.100000    0.0003554609235121
-.180000  -.100000    0.0003710135305672
-.140000  -.100000    0.0003895156394489
-.100000  -.100000    0.0004026381221430
-.060000  -.100000    0.0004148558304316
-.020000  -.100000    0.0004278605132085
0.020000  -.100000    0.0004390524482381
0.060000  -.100000    0.0004504419465631
0.100000  -.100000    0.0004590021901113
0.140000  -.100000    0.0004668011230591
0.180000  -.100000    0.0004785217523669
0.220000  -.100000    0.0004850819044199
0.260000  -.100000    0.0004907543891918
0.300000  -.100000    0.0004954866251501
0.340000  -.100000    0.0004991800029704
0.380000  -.100000    0.0005020649280205
0.420000  -.100000    0.0005032975946335
0.460000  -.100000    0.0005041390300152
0.500000  -.100000    0.0005034019855373
0.540000  -.100000    0.0005013430334207
0.580000  -.100000    0.0004986276992378
0.620000  -.100000    0.0004861428966434
0.660000  -.100000    0.0004799861711280
0.700000  -.100000    0.0004724741409223
0.740000  -.100000    0.0004542536022125
0.780000  -.100000    0.0004433823682915
0.820000  -.100000    0.0004208040372994
0.860000  -.100000    0.0003958830634166
0.900000  -.100000    0.0003688322941391
0.940000  -.100000    0.0003178807287277
0.980000  -.100000    0.0002463597933143
-.820000  -.060000    0.0000243892979364
-.780000  -.060000    0.0000517636403788
-.740000  -.060000    0.0000772154802868
-.700000  -.060000    0.0001045524543669
-.660000  -.060000    0.0001311299461890
-.620000  -.060000    0.0001524719340220
-.580000  -.060000    0.0001769950937220
-.540000  -.060000    0.0002006864425494
-.500000  -.060000    0.0002235202545327
-.460000  -.060000    0.0002454825738297
-.420000  -.060000    0.0002665644163595
-.380000  -.060000    0.0002867615632760
-.340000  -.060000    0.0003060720835190
-.300000  -.060000    0.0003244944182289
-.260000  -.060000    0.0003420253499931
-.220000  -.060000    0.0003586587303913
-.180000  -.060000    0.0003743770298469
-.140000  -.060000    0.0003891524319594
-.100000  -.060000    0.0004029364599947
-.060000  -.060000    0.0004191416251597
-.020000  -.060000    0.0004296597045715
0.020000  -.060000    0.0004407062134954
0.060000  -.060000    0.0004494906402819
0.100000  -.060000    0.0004622370629002
0.140000  -.060000    0.0004706793791806
0.180000  -.060000    0.0004783368766626
0.220000  -.060000    0.0004851227875702
0.260000  -.060000    0.0004909913289750
0.300000  -.060000    0.0004958340886451
0.340000  -.060000    0.0004997882556264
0.380000  -.060000    0.0005024639514244
0.420000  -.060000    0.0005041895183868
0.460000  -.060000    0.0005052544971306
0.500000  -.060000    0.0005040491621672
0.540000  -.060000    0.0005028145748306
0.580000  -.060000    0.0004989761274723
0.620000  -.060000    0.0004952985782700
0.660000  -.060000    0.0004809779492216
0.700000  -.060000    0.0004735379968233
0.740000  -.060000    0.0004646927545648
0.780000  -.060000    0.0004445235881563
0.820000  -.060000    0.0004219996483706
0.860000  -.060000    0.0003971156324359
0.900000  -.060000    0.0003700727679214
0.940000  -.060000    0.0003301509330174
0.980000  -.060000    0.0002577120534750
-.820000  -.020000    0.0000255062318900
-.780000  -.020000    0.0000529182177456
-.740000  -.020000    0.0000783581701230
-.700000  -.020000    0.0001057393681266
-.660000  -.020000    0.0001323572118162
-.620000  -.020000    0.0001536494410420
-.580000  -.020000    0.0001782020033083
-.540000  -.020000    0.0002019246043636
-.500000  -.020000    0.0002247909259827
-.460000  -.020000    0.0002467903496528
-.420000  -.020000    0.0002679145112411
-.380000  -.020000    0.0002881627928286
-.340000  -.020000    0.0003075341270289
-.300000  -.020000    0.0003260320673815
-.260000  -.020000    0.0003436593718767
-.220000  -.020000    0.0003604176066268
-.180000  -.020000    0.0003763088453836
-.140000  -.020000    0.0003913259753810
-.100000  -.020000    0.0004054510194973
-.060000  -.020000    0.0004186155969486
-.020000  -.020000    0.0004304607757017
0.020000  -.020000    0.0004416530233559
0.060000  -.020000    0.0004517531680974
0.100000  -.020000    0.0004613949716027
0.140000  -.020000    0.0004702105759607
0.180000  -.020000    0.0004781176642871
0.220000  -.020000    0.0004850763456734
0.260000  -.020000    0.0004910718498418
0.300000  -.020000    0.0004959790119541
0.340000  -.020000    0.0005001123147527
0.380000  -.020000    0.0005024760067775
0.420000  -.020000    0.0005052583429477
0.460000  -.020000    0.0005041536759140
0.500000  -.020000    0.0005050108729881
0.540000  -.020000    0.0005029962834888
0.580000  -.020000    0.0004997094299062
0.620000  -.020000    0.0004957195519606
0.660000  -.020000    0.0004814873555227
0.700000  -.020000    0.0004740704217836
0.740000  -.020000    0.0004652247636180
0.780000  -.020000    0.0004450940054532
0.820000  -.020000    0.0004225973012945
0.860000  -.020000    0.0003977327027739
0.900000  -.020000    0.0003706941913159
0.940000  -.020000    0.0003307676874930
0.980000  -.020000    0.0002687970291120
-.820000  0.020000    0.0000255062318900
-.780000  0.020000    0.0000529182177456
-.740000  0.020000    0.0000783581701230
-.700000  0.020000    0.0001057393681266
-.660000  0.020000    0.0001323572118162
-.620000  0.020000    0.0001536494410420
-.580000  0.020000    0.0001782020033083
-.540000  0.020000    0.0002019246043636
-.500000  0.020000    0.0002247909259827
-.460000  0.020000    0.0002467903496528
-.420000  0.020000    0.0002679145112411
-.380000  0.020000    0.0002881627928286
-.340000  0.020000    0.0003075341270289
-.300000  0.020000    0.0003260320673815
-.260000  0.020000    0.0003436593718767
-.220000  0.020000    0.0003604176066268
-.180000  0.020000    0.0003763088453836
-.140000  0.020000    0.0003913259753810
-.100000  0.020000    0.0004054510194973
-.060000  0.020000    0.0004186155969486
-.020000  0.020000    0.0004304607757017
0.020000  0.020000    0.0004416530233559
0.060000  0.020000    0.0004517531680974
0.100000  0.020000    0.0004613949716027
0.140000  0.020000    0.0004702105759607
0.180000  0.020000    0.0004781176642871
0.220000  0.020000    0.0004850763456734
0.260000  0.020000    0.0004910718498418
0.300000  0.020000    0.0004959790119541
0.340000  0.020000    0.0005001123147527
0.380000  0.020000    0.0005024760067775
0.420000  0.020000    0.0005052583429477
0.460000  0.020000    0.0005041536759140
0.500000  0.020000    0.0005050108729881
0.540000  0.020000    0.0005029962834888
0.580000  0.020000    0.0004997094299062
0.620000  0.020000    0.0004957195519606
0.660000  0.020000    0.0004814873555227
0.700000  0.020000    0.0004740704217836
0.740000  0.020000    0.0004652247636180
0.780000  0.020000    0.0004450940054532
0.820000  0.020000    0.0004225973012945
0.860000  0.020000    0.0003977327027739
0.900000  0.020000    0.0003706941913159
0.940000  0.020000    0.0003307676874930
0.980000  0.020000    0.0002687970291120
-.820000  0.060000    0.0000243892979364
-.780000  0.060000    0.0000517636403788
-.740000  0.060000    0.0000772154802868
-.700000  0.060000    0.0001045524543669
-.660000  0.060000    0.0001311299461890
-.620000  0.060000    0.0001524719340220
-.580000  0.060000    0.0001769950937220
-.540000  0.060000    0.0002006864425494
-.500000  0.060000    0.0002235202545327
-.460000  0.060000    0.0002454825738297
-.420000  0.060000    0.0002665644163595
-.380000  0.060000    0.0002867615632760
-.340000  0.060000    0.0003060720835190
-.300000  0.060000    0.0003244944182289
-.260000  0.060000    0.0003420253499931
-.220000  0.060000    0.0003586587303913
-.180000  0.060000    0.0003743770298469
-.140000  0.060000    0.0003891524319594
-.100000  0.060000    0.0004029364599947
-.060000  0.060000    0.0004191416251597
-.020000  0.060000    0.0004296597045715
0.020000  0.060000    0.0004407062134954
0.060000  0.060000    0.0004494906402819
0.100000  0.060000    0.0004622370629002
0.140000  0.060000    0.0004706793791806
0.180000  0.060000    0.0004783368766626
0.220000  0.060000    0.0004851227875702
0.260000  0.060000    0.0004909913289750
0.300000  0.060000    0.0004958340886451
0.340000  0.060000    0.0004997882556264
0.380000  0.060000    0.0005024639514244
0.420000  0.060000    0.0005041895183868
0.460000  0.060000    0.0005052544971306
0.500000  0.060000    0.0005040491621672
0.540000  0.060000    0.0005028145748306
0.580000  0.060000    0.0004989761274723
0.620000  0.060000    0.0004952985782700
0.660000  0.060000    0.0004809779492216
0.700000  0.060000    0.0004735379968233
0.740000  0.060000    0.0004646927545648
0.780000  0.060000    0.0004445235881563
0.820000  0.060000    0.0004219996483706
0.860000  0.060000    0.0003971156324359
0.900000  0.060000    0.0003700727679214
0.940000  0.060000    0.0003301509330174
0.980000  0.060000    0.0002577120534750
-.820000  0.100000    0.0000221837423021
-.780000  0.100000    0.0000494728352406
-.740000  0.100000    0.0000781836969040
-.700000  0.100000    0.0001021964655137
-.660000  0.100000    0.0001286978122694
-.620000  0.100000    0.0001543528635292
-.580000  0.100000    0.0001746062419718
-.540000  0.100000    0.0001982415910464
-.500000  0.100000    0.0002210174808510
-.460000  0.100000    0.0002429163384637
-.420000  0.100000    0.0002639274073749
-.380000  0.100000    0.0002840431416301
-.340000  0.100000    0.0003032606415964
-.300000  0.100000    0.0003215736389493
-.260000  0.100000    0.0003389763524337
-.220000  0.100000    0.0003554609235121
-.180000  0.100000    0.0003710135305672
-.140000  0.100000    0.0003895156394489
-.100000  0.100000    0.0004026381221430
-.060000  0.100000    0.0004148558304316
-.020000  0.100000    0.0004278605132085
0.020000  0.100000    0.0004390524482381
0.060000  0.100000    0.0004504419465631
0.100000  0.100000    0.0004590021901113
0.140000  0.100000    0.0004668011230591
0.180000  0.100000    0.0004785217523669
0.220000  0.100000    0.0004850819044199
0.260000  0.100000    0.0004907543891918
0.300000  0.100000    0.0004954866251501
0.340000  0.100000    0.0004991800029704
0.380000  0.100000    0.0005020649280205
0.420000  0.100000    0.0005032975946335
0.460000  0.100000    0.0005041390300152
0.500000  0.100000    0.0005034019855373
0.540000  0.100000    0.0005013430334207
0.580000  0.100000    0.0004986276992378
0.620000  0.100000    0.0004861428966434
0.660000  0.100000    0.0004799861711280
0.700000  0.100000    0.0004724741409223
0.740000  0.100000    0.0004542536022125
0.780000  0.100000    0.0004433823682915
0.820000  0.100000    0.0004208040372994
0.860000  0.100000    0.0003958830634166
0.900000  0.100000    0.0003688322941391
0.940000  0.100000    0.0003178807287277
0.980000  0.100000    0.0002463597933143
-.820000  0.140000    0.0000189478024080
-.780000  0.140000    0.0000460808045728
-.740000  0.140000    0.0000745996150500
-.700000  0.140000    0.0000987042907550
-.660000  0.140000    0.0001251011272923
-.620000  0.140000    0.0001506582460898
-.580000  0.140000    0.0001753287630675
-.540000  0.140000    0.0001946451980364
-.500000  0.140000    0.0002173504966198
-.460000  0.140000    0.0002391763135473
-.420000  0.140000    0.0002601098930129
-.380000  0.140000    0.0002801433569256
-.340000  0.140000    0.0002992732643513
-.300000  0.140000    0.0003174943300033
-.260000  0.140000    0.0003389678529956
-.220000  0.140000    0.0003551055987245
-.180000  0.140000    0.0003702695553671
-.140000  0.140000    0.0003844929196505
-.100000  0.140000    0.0004005575477479
-.060000  0.140000    0.0004125897460324
-.020000  0.140000    0.0004252340805035
0.020000  0.140000    0.0004365101018474
0.060000  0.140000    0.0004475459621069
0.100000  0.140000    0.0004557829790276
0.140000  0.140000    0.0004668458118172
0.180000  0.140000    0.0004737918564670
0.220000  0.140000    0.0004799039240697
0.260000  0.140000    0.0004851495925739
0.300000  0.140000    0.0004948098057781
0.340000  0.140000    0.0004983556032987
0.380000  0.140000    0.0005009969065211
0.420000  0.140000    0.0005025402510157
0.460000  0.140000    0.0005028708260942
0.500000  0.140000    0.0005022358014789
0.540000  0.140000    0.0005003950727829
0.580000  0.140000    0.0004895080311976
0.620000  0.140000    0.0004845936126556
0.660000  0.140000    0.0004784418755255
0.700000  0.140000    0.0004708858771094
0.740000  0.140000    0.0004525514001226
0.780000  0.140000    0.0004416701190668
0.820000  0.140000    0.0004190085246801
0.860000  0.140000    0.0003940347425672
0.900000  0.140000    0.0003559684034205
0.940000  0.140000    0.0003159971304119
0.980000  0.140000    0.0002348751215220
-.820000  0.180000    0.0000158068963860
-.780000  0.180000    0.0000438549810094
-.740000  0.180000    0.0000699001639964
-.700000  0.180000    0.0000975931703866
-.660000  0.180000    0.0001203909054080
-.620000  0.180000    0.0001458363352212
-.580000  0.180000    0.0001704016276383
-.540000  0.180000    0.0001940565901969
-.500000  0.180000    0.0002167844016939
-.460000  0.180000    0.0002385721011122
-.420000  0.180000    0.0002594152784912
-.380000  0.180000    0.0002793100360070
-.340000  0.180000    0.0002982545144355
-.300000  0.180000    0.0003162518408598
-.260000  0.180000    0.0003333088108160
-.220000  0.180000    0.0003494413983719
-.180000  0.180000    0.0003679563445946
-.140000  0.180000    0.0003818697631104
-.100000  0.180000    0.0003950784887972
-.060000  0.180000    0.0004092760348053
-.020000  0.180000    0.0004217604910109
0.020000  0.180000    0.0004330838339481
0.060000  0.180000    0.0004439575805316
0.100000  0.180000    0.0004548465502186
0.140000  0.180000    0.0004624154635442
0.180000  0.180000    0.0004689603851591
0.220000  0.180000    0.0004790353841707
0.260000  0.180000    0.0004841366415999
0.300000  0.180000    0.0004883067704574
0.340000  0.180000    0.0004915056366533
0.380000  0.180000    0.0004936554628903
0.420000  0.180000    0.0004947794370381
0.460000  0.180000    0.0004947551980988
0.500000  0.180000    0.0004935478792940
0.540000  0.180000    0.0004911371066462
0.580000  0.180000    0.0004875149219265
0.620000  0.180000    0.0004826128625375
0.660000  0.180000    0.0004763389125503
0.700000  0.180000    0.0004598275270345
0.740000  0.180000    0.0004502775283019
0.780000  0.180000    0.0004295032816385
0.820000  0.180000    0.0004063584272493
0.860000  0.180000    0.0003808978399261
0.900000  0.180000    0.0003534078463761
0.940000  0.180000    0.0003026521948217
0.980000  0.180000    0.0002042698088490
-.820000  0.220000    0.0000104854336675
-.780000  0.220000    0.0000380795474748
-.740000  0.220000    0.0000670832623922
-.700000  0.220000    0.0000916270016823
-.660000  0.220000    0.0001182784562781
-.620000  0.220000    0.0001399512797490
-.580000  0.220000    0.0001644135572200
-.540000  0.220000    0.0001879764905654
-.500000  0.220000    0.0002106207410015
-.460000  0.220000    0.0002323341781118
-.420000  0.220000    0.0002531131072148
-.380000  0.220000    0.0002729564832896
-.340000  0.220000    0.0002918699376455
-.300000  0.220000    0.0003098641961605
-.260000  0.220000    0.0003304433813299
-.220000  0.220000    0.0003463151363532
-.180000  0.220000    0.0003613358348420
-.140000  0.220000    0.0003779839228980
-.100000  0.220000    0.0003911305905967
-.060000  0.220000    0.0004050172576420
-.020000  0.220000    0.0004174199621263
0.020000  0.220000    0.0004287688361529
0.060000  0.220000    0.0004395521951664
0.100000  0.220000    0.0004501211233960
0.140000  0.220000    0.0004574694847599
0.180000  0.220000    0.0004674227276193
0.220000  0.220000    0.0004731060018542
0.260000  0.220000    0.0004778221671647
0.300000  0.220000    0.0004865841219462
0.340000  0.220000    0.0004896624670971
0.380000  0.220000    0.0004917089241026
0.420000  0.220000    0.0004926845559185
0.460000  0.220000    0.0004925599802312
0.500000  0.220000    0.0004912753639758
0.540000  0.220000    0.0004887904773595
0.580000  0.220000    0.0004850515310803
0.620000  0.220000    0.0004800269218602
0.660000  0.220000    0.0004652301421337
0.700000  0.220000    0.0004570102017867
0.740000  0.220000    0.0004380896761156
0.780000  0.220000    0.0004265000352652
0.820000  0.220000    0.0004032334624716
0.860000  0.220000    0.0003777000838357
0.900000  0.220000    0.0003393405151732
0.940000  0.220000    0.0002888731411630
-.820000  0.260000    0.0000049601686227
-.780000  0.260000    0.0000331676225880
-.740000  0.260000    0.0000599193177827
-.700000  0.260000    0.0000879529276386
-.660000  0.260000    0.0001111139368140
-.620000  0.260000    0.0001366781674358
-.580000  0.260000    0.0001612741099979
-.540000  0.260000    0.0001848869130353
-.500000  0.260000    0.0002075112762262
-.460000  0.260000    0.0002291477654480
-.420000  0.260000    0.0002498048579600
-.380000  0.260000    0.0002694907014167
-.340000  0.260000    0.0002882239937922
-.300000  0.260000    0.0003060291676184
-.260000  0.260000    0.0003229390424037
-.220000  0.260000    0.0003419002709413
-.180000  0.260000    0.0003567704651416
-.140000  0.260000    0.0003729843820295
-.100000  0.260000    0.0003861524878293
-.060000  0.260000    0.0003998396981494
-.020000  0.260000    0.0004121969531384
0.020000  0.260000    0.0004235585113935
0.060000  0.260000    0.0004342806848016
0.100000  0.260000    0.0004446359330456
0.140000  0.260000    0.0004518181035215
0.180000  0.260000    0.0004613086197201
0.220000  0.260000    0.0004666797498131
0.260000  0.260000    0.0004754636073011
0.300000  0.260000    0.0004791695500532
0.340000  0.260000    0.0004818487960187
0.380000  0.260000    0.0004834783831190
0.420000  0.260000    0.0004840169604291
0.460000  0.260000    0.0004834251982863
0.500000  0.260000    0.0004816535123484
0.540000  0.260000    0.0004786537360236
0.580000  0.260000    0.0004743858747823
0.620000  0.260000    0.0004688083514935
0.660000  0.260000    0.0004618860536274
0.700000  0.260000    0.0004447464757585
0.740000  0.260000    0.0004344957651091
0.780000  0.260000    0.0004130601308790
0.820000  0.260000    0.0003892697659345
0.860000  0.260000    0.0003632562173559
0.900000  0.260000    0.0003247264404720
0.940000  0.260000    0.0002644512900999
-.780000  0.300000    0.0000251361297619
-.740000  0.300000    0.0000543148675023
-.700000  0.300000    0.0000795331797612
-.660000  0.300000    0.0001063910669379
-.620000  0.300000    0.0001284068850052
-.580000  0.300000    0.0001529097411974
-.540000  0.300000    0.0001764539376036
-.500000  0.300000    0.0001990347904208
-.460000  0.300000    0.0002206535246119
-.420000  0.300000    0.0002413203364674
-.380000  0.300000    0.0002610483060641
-.340000  0.300000    0.0002833069799822
-.300000  0.300000    0.0003009423602161
-.260000  0.300000    0.0003177001220160
-.220000  0.300000    0.0003336395871164
-.180000  0.300000    0.0003510703643581
-.140000  0.300000    0.0003652278822272
-.100000  0.300000    0.0003801874525889
-.060000  0.300000    0.0003937424098167
-.020000  0.300000    0.0004060689249066
0.020000  0.300000    0.0004174336075817
0.060000  0.300000    0.0004281085477486
0.100000  0.300000    0.0004383073522884
0.140000  0.300000    0.0004481711624147
0.180000  0.300000    0.0004544929479367
0.220000  0.300000    0.0004634279431240
0.260000  0.300000    0.0004678719546577
0.300000  0.300000    0.0004712221601327
0.340000  0.300000    0.0004735111434228
0.380000  0.300000    0.0004801957777274
0.420000  0.300000    0.0004806460192723
0.460000  0.300000    0.0004799504329719
0.500000  0.300000    0.0004780748473650
0.540000  0.300000    0.0004749738989502
0.580000  0.300000    0.0004706061231753
0.620000  0.300000    0.0004649327586909
0.660000  0.300000    0.0004494942594101
0.700000  0.300000    0.0004405741662183
0.740000  0.300000    0.0004209439245889
0.780000  0.300000    0.0004086420410242
0.820000  0.300000    0.0003847097823401
0.860000  0.300000    0.0003481766684265
0.900000  0.300000    0.0003095348470478
0.940000  0.300000    0.0002403698828828
-.780000  0.340000    0.0000174555900018
-.740000  0.340000    0.0000447747682399
-.700000  0.340000    0.0000730466564433
-.660000  0.340000    0.0000968366561444
-.620000  0.340000    0.0001225213782411
-.580000  0.340000    0.0001471652113732
-.540000  0.340000    0.0001707672705241
-.500000  0.340000    0.0001933397448561
-.460000  0.340000    0.0002149029716127
-.420000  0.340000    0.0002354822292195
-.380000  0.340000    0.0002551041538825
-.340000  0.340000    0.0002738036979972
-.300000  0.340000    0.0002946237545885
-.260000  0.340000    0.0003112739635759
-.220000  0.340000    0.0003271375869755
-.180000  0.340000    0.0003442872325269
-.140000  0.340000    0.0003584585383179
-.100000  0.340000    0.0003732453431257
-.060000  0.340000    0.0003867109371888
-.020000  0.340000    0.0003990165305176
0.020000  0.340000    0.0004103757220594
0.060000  0.340000    0.0004210090116846
0.100000  0.340000    0.0004310841975049
0.140000  0.340000    0.0004407266377405
0.180000  0.340000    0.0004468732394651
0.220000  0.340000    0.0004554304628466
0.260000  0.340000    0.0004595864073244
0.300000  0.340000    0.0004625980365720
0.340000  0.340000    0.0004694819995560
0.380000  0.340000    0.0004706461647513
0.420000  0.340000    0.0004706647122009
0.460000  0.340000    0.0004695101074304
0.500000  0.340000    0.0004671443484558
0.540000  0.340000    0.0004635234689515
0.580000  0.340000    0.0004586063909667
0.620000  0.340000    0.0004523529644780
0.660000  0.340000    0.0004447313666953
0.700000  0.340000    0.0004268637475830
0.740000  0.340000    0.0004158849321524
0.780000  0.340000    0.0003937154729243
0.820000  0.340000    0.0003692501598180
0.860000  0.340000    0.0003324171601504
0.900000  0.340000    0.0002836609673312
0.940000  0.340000    0.0001650329655132
-.780000  0.380000    0.0000083957677154
-.740000  0.380000    0.0000362006126828
-.700000  0.380000    0.0000650247073414
-.660000  0.380000    0.0000893227005472
-.620000  0.380000    0.0001152906064929
-.580000  0.380000    0.0001401027968140
-.540000  0.380000    0.0001637793662269
-.500000  0.380000    0.0001863572117262
-.460000  0.380000    0.0002078791782443
-.420000  0.380000    0.0002283872890645
-.380000  0.380000    0.0002479248632601
-.340000  0.380000    0.0002665388664021
-.300000  0.380000    0.0002842783088469
-.260000  0.380000    0.0003036903749469
-.220000  0.380000    0.0003195191585258
-.180000  0.380000    0.0003364471148342
-.140000  0.380000    0.0003506575055870
-.100000  0.380000    0.0003653209841466
-.060000  0.380000    0.0003787235227616
-.020000  0.380000    0.0003910104018439
0.020000  0.380000    0.0004023617444616
0.060000  0.380000    0.0004129522389662
0.100000  0.380000    0.0004229231977596
0.140000  0.380000    0.0004323830243088
0.180000  0.380000    0.0004383719537678
0.220000  0.380000    0.0004466121977155
0.260000  0.380000    0.0004504998552258
0.300000  0.380000    0.0004576624894073
0.340000  0.380000    0.0004596105113408
0.380000  0.380000    0.0004603830491006
0.420000  0.380000    0.0004599713309948
0.460000  0.380000    0.0004583547766028
0.500000  0.380000    0.0004554949560041
0.540000  0.380000    0.0004513513380752
0.580000  0.380000    0.0004458802894285
0.620000  0.380000    0.0004390423182297
0.660000  0.380000    0.0004308055093403
0.700000  0.380000    0.0004123752336087
0.740000  0.380000    0.0004007465136168
0.780000  0.380000    0.0003780092108402
0.820000  0.380000    0.0003530213321996
0.860000  0.380000    0.0003159345462527
0.900000  0.380000    0.0002577847399214
-.740000  0.420000    0.0000259662595237
-.700000  0.420000    0.0000527752032585
-.660000  0.420000    0.0000802982652405
-.620000  0.420000    0.0001066093686504
-.580000  0.420000    0.0001280976137285
-.540000  0.420000    0.0001517991783493
-.500000  0.420000    0.0001744442891133
-.460000  0.420000    0.0001960723278703
-.420000  0.420000    0.0002167221939768
-.380000  0.420000    0.0002395007989423
-.340000  0.420000    0.0002580619189682
-.300000  0.420000    0.0002757578931276
-.260000  0.420000    0.0002949652232415
-.220000  0.420000    0.0003107924678411
-.180000  0.420000    0.0003275531705908
-.140000  0.420000    0.0003418142773178
-.100000  0.420000    0.0003563893407967
-.060000  0.420000    0.0003697506277771
-.020000  0.420000    0.0003820221480358
0.020000  0.420000    0.0003933605847613
0.060000  0.420000    0.0004039070940845
0.100000  0.420000    0.0004137849144665
0.140000  0.420000    0.0004230853450197
0.180000  0.420000    0.0004289294569549
0.220000  0.420000    0.0004368923187028
0.260000  0.420000    0.0004405284346217
0.300000  0.420000    0.0004473049148858
0.340000  0.420000    0.0004489139360398
0.380000  0.420000    0.0004492988861375
0.420000  0.420000    0.0004541109349456
0.460000  0.420000    0.0004524469828102
0.500000  0.420000    0.0004495121607271
0.540000  0.420000    0.0004452725724440
0.580000  0.420000    0.0004396939674382
0.620000  0.420000    0.0004249010966927
0.660000  0.420000    0.0004160486358457
0.700000  0.420000    0.0004057378342077
0.740000  0.420000    0.0003847550789631
0.780000  0.420000    0.0003614500149291
0.820000  0.420000    0.0003262451150375
0.860000  0.420000    0.0002889322128124
0.900000  0.420000    0.0002138967409392
-.740000  0.460000    0.0000141194327343
-.700000  0.460000    0.0000437719421001
-.660000  0.460000    0.0000696266428252
-.620000  0.460000    0.0000963653879333
-.580000  0.460000    0.0001182381465581
-.540000  0.460000    0.0001421019783709
-.500000  0.460000    0.0001648367456535
-.460000  0.460000    0.0001865038640361
-.420000  0.460000    0.0002071630653027
-.380000  0.460000    0.0002298219811143
-.340000  0.460000    0.0002483659501325
-.300000  0.460000    0.0002660499509386
-.260000  0.460000    0.0002850980516306
-.220000  0.460000    0.0003009476040676
-.180000  0.460000    0.0003175904057592
-.140000  0.460000    0.0003319054715960
-.100000  0.460000    0.0003464224082700
-.060000  0.460000    0.0003597525775938
-.020000  0.460000    0.0003720135420062
0.020000  0.460000    0.0003833342408157
0.060000  0.460000    0.0003938366026251
0.100000  0.460000    0.0004036233288852
0.140000  0.460000    0.0004127791718875
0.180000  0.460000    0.0004184911127213
0.220000  0.460000    0.0004262023415299
0.260000  0.460000    0.0004296008080807
0.300000  0.460000    0.0004360229751434
0.340000  0.460000    0.0004373005637587
0.380000  0.460000    0.0004373060580327
0.420000  0.460000    0.0004416371840459
0.460000  0.460000    0.0004395233916852
0.500000  0.460000    0.0004360957036317
0.540000  0.460000    0.0004313298189962
0.580000  0.460000    0.0004251846896993
0.620000  0.460000    0.0004098436772444
0.660000  0.460000    0.0004003712141530
0.700000  0.460000    0.0003807582606081
0.740000  0.460000    0.0003678272504155
0.780000  0.460000    0.0003439501864105
0.820000  0.460000    0.0003084126533783
0.860000  0.460000    0.0002524164639969
-.740000  0.500000    0.0000015081415316
-.700000  0.500000    0.0000302598367666
-.660000  0.500000    0.0000571515192713
-.620000  0.500000    0.0000844242656286
-.580000  0.500000    0.0001068465805587
-.540000  0.500000    0.0001309458636133
-.500000  0.500000    0.0001538294202762
-.460000  0.500000    0.0001755848321874
-.420000  0.500000    0.0001962931254478
-.380000  0.500000    0.0002188646423916
-.340000  0.500000    0.0002374283281695
-.300000  0.500000    0.0002551303796606
-.260000  0.500000    0.0002740700088138
-.220000  0.500000    0.0002899586401283
-.180000  0.500000    0.0003065255094315
-.140000  0.500000    0.0003208938787562
-.100000  0.500000    0.0003353737830163
-.060000  0.500000    0.0003486876358594
-.020000  0.500000    0.0003609393460185
0.020000  0.500000    0.0003722396287506
0.060000  0.500000    0.0003826945517091
0.100000  0.500000    0.0003923927718811
0.140000  0.500000    0.0004014090555725
0.180000  0.500000    0.0004070022127345
0.220000  0.500000    0.0004144752879892
0.260000  0.500000    0.0004176505863711
0.300000  0.500000    0.0004237352097193
0.340000  0.500000    0.0004246937013420
0.380000  0.500000    0.0004243250932149
0.420000  0.500000    0.0004281902023036
0.460000  0.500000    0.0004256249026165
0.500000  0.500000    0.0004217068106970
0.540000  0.500000    0.0004164058877207
0.580000  0.500000    0.0004096879066380
0.620000  0.500000    0.0003937886062997
0.660000  0.500000    0.0003836817372754
0.700000  0.500000    0.0003634812692356
0.740000  0.500000    0.0003409705909728
0.780000  0.500000    0.0003162597674767
0.820000  0.500000    0.0002803312488905
0.860000  0.500000    0.0001993639867661
-.700000  0.540000    0.0000148519090415
-.660000  0.540000    0.0000427033147315
-.620000  0.540000    0.0000706149201917
-.580000  0.540000    0.0000937885427992
-.540000  0.540000    0.0001182215862021
-.500000  0.540000    0.0001413344123397
-.460000  0.540000    0.0001632429584800
-.420000  0.540000    0.0001840535662439
-.380000  0.540000    0.0002065874826779
-.340000  0.540000    0.0002252102911615
-.300000  0.540000    0.0002429606994690
-.260000  0.540000    0.0002618413331801
-.220000  0.540000    0.0002777801558996
-.180000  0.540000    0.0002943122269758
-.140000  0.540000    0.0003087237358151
-.100000  0.540000    0.0003231891358145
-.060000  0.540000    0.0003364971429095
-.020000  0.540000    0.0003487421061633
0.020000  0.540000    0.0003600201527136
0.060000  0.540000    0.0003704243903734
0.100000  0.540000    0.0003800318535375
0.140000  0.540000    0.0003889110192324
0.180000  0.540000    0.0003944011726782
0.220000  0.540000    0.0004016410510986
0.260000  0.540000    0.0004046085577062
0.300000  0.540000    0.0004103604352608
0.340000  0.540000    0.0004110100262139
0.380000  0.540000    0.0004102763491023
0.420000  0.540000    0.0004136733893234
0.460000  0.540000    0.0004106584558787
0.500000  0.540000    0.0004062440069280
0.540000  0.540000    0.0004003992893068
0.580000  0.540000    0.0003930916645366
0.620000  0.540000    0.0003766416573229
0.660000  0.540000    0.0003658689094651
0.700000  0.540000    0.0003450776388309
0.740000  0.540000    0.0003219704615258
0.780000  0.540000    0.0002878368511933
0.820000  0.540000    0.0002343316284056
-.660000  0.580000    0.0000276658477539
-.620000  0.580000    0.0000547158307957
-.580000  0.580000    0.0000816756049596
-.540000  0.580000    0.0001037793690732
-.500000  0.580000    0.0001272321736868
-.460000  0.580000    0.0001493794737881
-.420000  0.580000    0.0001703573063216
-.380000  0.580000    0.0001929219135510
-.340000  0.580000    0.0002116436399814
-.300000  0.580000    0.0002294725620534
-.260000  0.580000    0.0002483473605531
-.220000  0.580000    0.0002643456387499
-.180000  0.580000    0.0002808819906042
-.140000  0.580000    0.0002961066876668
-.100000  0.580000    0.0003097951983649
-.060000  0.580000    0.0003231095473839
-.020000  0.580000    0.0003353515658563
0.020000  0.580000    0.0003466068082488
0.060000  0.580000    0.0003569550374648
0.100000  0.580000    0.0003664683522207
0.140000  0.580000    0.0003729285645238
0.180000  0.580000    0.0003806146828459
0.220000  0.580000    0.0003876171871934
0.260000  0.580000    0.0003903942326578
0.300000  0.580000    0.0003958056521420
0.340000  0.580000    0.0003961605675890
0.380000  0.580000    0.0003950721718816
0.420000  0.580000    0.0003979801661170
0.460000  0.580000    0.0003945138728958
0.500000  0.580000    0.0003895922719429
0.540000  0.580000    0.0003831884679244
0.580000  0.580000    0.0003681476064948
0.620000  0.580000    0.0003582741611135
0.660000  0.580000    0.0003388745306546
0.700000  0.580000    0.0003171526377766
0.740000  0.580000    0.0002931467502622
0.780000  0.580000    0.0002501126252647
-.660000  0.620000    0.0000084706663756
-.620000  0.620000    0.0000383663590515
-.580000  0.620000    0.0000642836679941
-.540000  0.620000    0.0000901891976405
-.500000  0.620000    0.0001142614856408
-.460000  0.620000    0.0001367344077222
-.420000  0.620000    0.0001578365432101
-.380000  0.620000    0.0001777527584255
-.340000  0.620000    0.0001966275320632
-.300000  0.620000    0.0002145674882178
-.260000  0.620000    0.0002334948579699
-.220000  0.620000    0.0002495604100982
-.180000  0.620000    0.0002661395809447
-.140000  0.620000    0.0002814111249974
-.100000  0.620000    0.0002954336101457
-.060000  0.620000    0.0003084308910269
-.020000  0.620000    0.0003206747979822
0.020000  0.620000    0.0003319068661137
0.060000  0.620000    0.0003421972152552
0.100000  0.620000    0.0003498010414852
0.140000  0.620000    0.0003580550888249
0.180000  0.620000    0.0003655490347465
0.220000  0.620000    0.0003723019228170
0.260000  0.620000    0.0003749107045911
0.300000  0.620000    0.0003799615964075
0.340000  0.620000    0.0003800370201335
0.380000  0.620000    0.0003786020984546
0.420000  0.620000    0.0003756869084636
0.460000  0.620000    0.0003713018130369
0.500000  0.620000    0.0003654307827828
0.540000  0.620000    0.0003580421495536
0.580000  0.620000    0.0003490828889742
0.620000  0.620000    0.0003311004251053
0.660000  0.620000    0.0003184481168764
0.700000  0.620000    0.0002881432787646
0.740000  0.620000    0.0002551423633210
0.780000  0.620000    0.0001805161705962
-.620000  0.660000    0.0000168544721126
-.580000  0.660000    0.0000464097436075
-.540000  0.660000    0.0000712129448021
-.500000  0.660000    0.0000960853932404
-.460000  0.660000    0.0001191536688304
-.420000  0.660000    0.0001406848809430
-.380000  0.660000    0.0001609094032823
-.340000  0.660000    0.0001800061319896
-.300000  0.660000    0.0002001853413816
-.260000  0.660000    0.0002171482419243
-.220000  0.660000    0.0002347774593257
-.180000  0.660000    0.0002499597001835
-.140000  0.660000    0.0002653117318145
-.100000  0.660000    0.0002794044036275
-.060000  0.660000    0.0002923145779155
-.020000  0.660000    0.0003041234996760
0.020000  0.660000    0.0003149084790173
0.060000  0.660000    0.0003247463777627
0.100000  0.660000    0.0003336931392324
0.140000  0.660000    0.0003417948817910
0.180000  0.660000    0.0003490798637680
0.220000  0.660000    0.0003525818676095
0.260000  0.660000    0.0003580266249713
0.300000  0.660000    0.0003588391714976
0.340000  0.660000    0.0003624884741063
0.380000  0.660000    0.0003607161472048
0.420000  0.660000    0.0003573949402604
0.460000  0.660000    0.0003525353636290
0.500000  0.660000    0.0003461177900380
0.540000  0.660000    0.0003380929754131
0.580000  0.660000    0.0003215836777735
0.620000  0.660000    0.0003098058134152
0.660000  0.660000    0.0002814062549603
0.700000  0.660000    0.0002501785780990
0.740000  0.660000    0.0002008331548565
-.580000  0.700000    0.0000240696353440
-.540000  0.700000    0.0000515350719064
-.500000  0.700000    0.0000779380326716
-.460000  0.700000    0.0001020050588552
-.420000  0.700000    0.0001214556651015
-.380000  0.700000    0.0001446556161402
-.340000  0.700000    0.0001638738908849
-.300000  0.700000    0.0001819798207158
-.260000  0.700000    0.0002008927802413
-.220000  0.700000    0.0002169230281246
-.180000  0.700000    0.0002333106435208
-.140000  0.700000    0.0002476344462264
-.100000  0.700000    0.0002618275498276
-.060000  0.700000    0.0002748090725558
-.020000  0.700000    0.0002866552996220
0.020000  0.700000    0.0002974354265142
0.060000  0.700000    0.0003072176918915
0.100000  0.700000    0.0003160548678480
0.140000  0.700000    0.0003239860213277
0.180000  0.700000    0.0003285557567686
0.220000  0.700000    0.0003344823841316
0.260000  0.700000    0.0003361665473787
0.300000  0.700000    0.0003401795762775
0.340000  0.700000    0.0003391505422875
0.380000  0.700000    0.0003365197780390
0.420000  0.700000    0.0003374376064069
0.460000  0.700000    0.0003265382850792
0.500000  0.700000    0.0003191505333783
0.540000  0.700000    0.0003100726142721
0.580000  0.700000    0.0002926205442958
0.620000  0.700000    0.0002727160745560
0.660000  0.700000    0.0002432407417411
0.700000  0.700000    0.0001962264833421
-.540000  0.740000    0.0000269621328250
-.500000  0.740000    0.0000557694198884
-.460000  0.740000    0.0000790141968380
-.420000  0.740000    0.0001021957546193
-.380000  0.740000    0.0001234906318472
-.340000  0.740000    0.0001432477233838
-.300000  0.740000    0.0001638284199943
-.260000  0.740000    0.0001809820685828
-.220000  0.740000    0.0001986828417770
-.180000  0.740000    0.0002138043353107
-.140000  0.740000    0.0002290238221142
-.100000  0.740000    0.0002429069752881
-.060000  0.740000    0.0002555463743348
-.020000  0.740000    0.0002674440338583
0.020000  0.740000    0.0002782242050846
0.060000  0.740000    0.0002879454421007
0.100000  0.740000    0.0002950760100896
0.140000  0.740000    0.0003025052870077
0.180000  0.740000    0.0003090101251794
0.220000  0.740000    0.0003117394235103
0.260000  0.740000    0.0003161797629260
0.300000  0.740000    0.0003160241235809
0.340000  0.740000    0.0003183729413406
0.380000  0.740000    0.0003153814706529
0.420000  0.740000    0.0003107115992628
0.460000  0.740000    0.0003043352718073
0.500000  0.740000    0.0002905489589620
0.540000  0.740000    0.0002802537521702
0.580000  0.740000    0.0002616930270270
0.620000  0.740000    0.0002339332719624
0.660000  0.740000    0.0001889062398727
-.500000  0.780000    0.0000276089504865
-.460000  0.780000    0.0000541940295823
-.420000  0.780000    0.0000792381007000
-.380000  0.780000    0.0001017395104883
-.340000  0.780000    0.0001222273046813
-.300000  0.780000    0.0001411132021598
-.260000  0.780000    0.0001605949532252
-.220000  0.780000    0.0001768310365144
-.180000  0.780000    0.0001934007346667
-.140000  0.780000    0.0002075980443459
-.100000  0.780000    0.0002217066333250
-.060000  0.780000    0.0002345017346909
-.020000  0.780000    0.0002460601003908
0.020000  0.780000    0.0002564507566354
0.060000  0.780000    0.0002657394838285
0.100000  0.780000    0.0002739733600454
0.140000  0.780000    0.0002811781982598
0.180000  0.780000    0.0002851735377900
0.220000  0.780000    0.0002901125465658
0.260000  0.780000    0.0002909987576507
0.300000  0.780000    0.0002936891705409
0.340000  0.780000    0.0002915717044375
0.380000  0.780000    0.0002876958092194
0.420000  0.780000    0.0002820495456955
0.460000  0.780000    0.0002745340331940
0.500000  0.780000    0.0002598210406022
0.540000  0.780000    0.0002423366357829
0.580000  0.780000    0.0002159664870767
0.620000  0.780000    0.0001600651102952
-.460000  0.820000    0.0000236104200070
-.420000  0.820000    0.0000527138925556
-.380000  0.820000    0.0000754467041995
-.340000  0.820000    0.0000974439302114
-.300000  0.820000    0.0001172533140925
-.260000  0.820000    0.0001373533658520
-.220000  0.820000    0.0001538467509690
-.180000  0.820000    0.0001705811987098
-.140000  0.820000    0.0001846977555530
-.100000  0.820000    0.0001987062280812
-.060000  0.820000    0.0002113035720781
-.020000  0.820000    0.0002225795634478
0.020000  0.820000    0.0002326184269942
0.060000  0.820000    0.0002414883247223
0.100000  0.820000    0.0002492317994126
0.140000  0.820000    0.0002558711177839
0.180000  0.820000    0.0002593400633463
0.220000  0.820000    0.0002635499270107
0.260000  0.820000    0.0002637866341561
0.300000  0.820000    0.0002655045533559
0.340000  0.820000    0.0002625249036994
0.380000  0.820000    0.0002576494218063
0.420000  0.820000    0.0002465206769917
0.460000  0.820000    0.0002372524502978
0.500000  0.820000    0.0002206210991726
0.540000  0.820000    0.0001901710462245
-.420000  0.860000    0.0000142416457709
-.380000  0.860000    0.0000433573904908
-.340000  0.860000    0.0000688597928828
-.300000  0.860000    0.0000907283205880
-.260000  0.860000    0.0001099546543491
-.220000  0.860000    0.0001272084683218
-.180000  0.860000    0.0001445303382106
-.140000  0.860000    0.0001587461477521
-.100000  0.860000    0.0001728785476977
-.060000  0.860000    0.0001854399236963
-.020000  0.860000    0.0001965480558218
0.020000  0.860000    0.0002063007696494
0.060000  0.860000    0.0002147700134636
0.100000  0.860000    0.0002220014645364
0.140000  0.860000    0.0002280080783351
0.180000  0.860000    0.0002310556383787
0.220000  0.860000    0.0002343571892898
0.260000  0.860000    0.0002339389978026
0.300000  0.860000    0.0002315409725289
0.340000  0.860000    0.0002271327682401
0.380000  0.860000    0.0002205355097122
0.420000  0.860000    0.0002077174705928
0.460000  0.860000    0.0001871765973094
0.500000  0.860000    0.0001506098374641
-.340000  0.900000    0.0000285397991952
-.300000  0.900000    0.0000547239053711
-.260000  0.900000    0.0000773956038179
-.220000  0.900000    0.0000965785183621
-.180000  0.900000    0.0001132859538679
-.140000  0.900000    0.0001297087755774
-.100000  0.900000    0.0001428276953687
-.060000  0.900000    0.0001556802985437
-.020000  0.900000    0.0001668376495484
0.020000  0.900000    0.0001764253725206
0.060000  0.900000    0.0001845292446829
0.100000  0.900000    0.0001911913941677
0.140000  0.900000    0.0001955219465797
0.180000  0.900000    0.0001990633784422
0.220000  0.900000    0.0001995123261158
0.260000  0.900000    0.0001977559159376
0.300000  0.900000    0.0001936769763977
0.340000  0.900000    0.0001843233333259
0.380000  0.900000    0.0001710748893563
0.420000  0.900000    0.0001445460311966
-.260000  0.940000    0.0000292688804738
-.220000  0.940000    0.0000545957144306
-.180000  0.940000    0.0000753978502557
-.140000  0.940000    0.0000922970382437
-.100000  0.940000    0.0001081420103751
-.060000  0.940000    0.0001200830884915
-.020000  0.940000    0.0001314368026703
0.020000  0.940000    0.0001407818379343
0.060000  0.940000    0.0001482528573821
0.100000  0.940000    0.0001538804053885
0.140000  0.940000    0.0001574542376005
0.180000  0.940000    0.0001584231863641
0.220000  0.940000    0.0001566616350898
0.260000  0.940000    0.0001503262527101
0.300000  0.940000    0.0001389456413189
0.340000  0.940000    0.0000976576605066
-.140000  0.980000    0.0000301714718112
-.100000  0.980000    0.0000544868149845
-.060000  0.980000    0.0000705392926731
-.020000  0.980000    0.0000819628412581
0.020000  0.980000    0.0000915341942760
0.060000  0.980000    0.0000988547877594
0.100000  0.980000    0.0001021580177846
0.140000  0.980000    0.0001008573631043
0.180000  0.980000    0.0000916050936204
