-.140000  -.980000    0.0000004060022246
-.100000  -.980000    0.0000006832742096
-.060000  -.980000    0.0000005812425861
-.020000  -.980000    0.0000002327114332
0.020000  -.980000    0.0000000531934795
0.060000  -.980000    0.0000000869323163
0.100000  -.980000   -0.0000000679841969
0.140000  -.980000   -0.0000005001857457
0.180000  -.980000   -0.0000009575787199
-.260000  -.940000    0.0000003807085901
-.220000  -.940000    0.0000006808471946
-.180000  -.940000    0.0000007763493220
-.140000  -.940000    0.0000006334186964
-.100000  -.940000    0.0000007658546435
-.060000  -.940000    0.0000003154186072
-.020000  -.940000    0.0000002460937850
0.020000  -.940000    0.0000000960973039
0.060000  -.940000   -0.0000001382313846
0.100000  -.940000    0.0000000641467553
0.140000  -.940000   -0.0000003659922679
0.180000  -.940000   -0.0000004122485359
0.220000  -.940000   -0.0000006457432047
0.260000  -.940000   -0.0000007000569136
0.300000  -.940000   -0.0000012719807111
0.340000  -.940000   -0.0000022459959118
-.340000  -.900000    0.0000002798571203
-.300000  -.900000    0.0000006561469441
-.260000  -.900000    0.0000008423717662
-.220000  -.900000    0.0000007968495485
-.180000  -.900000    0.0000005650917776
-.140000  -.900000    0.0000007079128030
-.100000  -.900000    0.0000002297736311
-.060000  -.900000    0.0000002243374095
-.020000  -.900000    0.0000001665548814
0.020000  -.900000    0.0000000537783868
0.060000  -.900000   -0.0000001155034880
0.100000  -.900000   -0.0000003454970706
0.140000  -.900000   -0.0000000480021251
0.180000  -.900000   -0.0000004313938163
0.220000  -.900000   -0.0000003422052956
0.260000  -.900000   -0.0000004038951488
0.300000  -.900000   -0.0000006567717864
0.340000  -.900000   -0.0000006857414292
0.380000  -.900000   -0.0000011738824786
0.420000  -.900000   -0.0000019277535006
-.380000  -.860000    0.0000004379945753
-.340000  -.860000    0.0000007771705654
-.300000  -.860000    0.0000008838747595
-.260000  -.860000    0.0000007885543519
-.220000  -.860000    0.0000005271649863
-.180000  -.860000    0.0000006949412386
-.140000  -.860000    0.0000002151495983
-.100000  -.860000    0.0000002624208078
-.060000  -.860000    0.0000002725879171
-.020000  -.860000    0.0000002433092335
0.020000  -.860000    0.0000001736898010
0.060000  -.860000    0.0000000628877433
0.100000  -.860000   -0.0000000911274555
0.140000  -.860000   -0.0000002927014309
0.180000  -.860000    0.0000000651622861
0.220000  -.860000   -0.0000002706533265
0.260000  -.860000   -0.0000001070416966
0.300000  -.860000   -0.0000000844033884
0.340000  -.860000   -0.0000002322127340
0.380000  -.860000   -0.0000005943510344
0.420000  -.860000   -0.0000007698996661
0.460000  -.860000   -0.0000010387325169
0.500000  -.860000   -0.0000019920004610
-.460000  -.820000    0.0000000462326823
-.420000  -.820000    0.0000006136238318
-.380000  -.820000    0.0000006280418746
-.340000  -.820000    0.0000006596069975
-.300000  -.820000    0.0000005206962286
-.260000  -.820000    0.0000007682805738
-.220000  -.820000    0.0000003930354484
-.180000  -.820000    0.0000005323542885
-.140000  -.820000   -0.0000000081857036
-.100000  -.820000    0.0000000427454381
-.060000  -.820000    0.0000000685323019
-.020000  -.820000    0.0000000679363914
0.020000  -.820000    0.0000000400634064
0.060000  -.820000   -0.0000000153010064
0.100000  -.820000   -0.0000001001721754
0.140000  -.820000   -0.0000002188862679
0.180000  -.820000    0.0000002461178955
0.220000  -.820000    0.0000000242625505
0.260000  -.820000    0.0000003285592987
0.300000  -.820000   -0.0000000476737338
0.340000  -.820000    0.0000000311823370
0.380000  -.820000   -0.0000000540616548
0.420000  -.820000    0.0000001555400540
0.460000  -.820000   -0.0000004059544533
0.500000  -.820000   -0.0000008938066839
0.540000  -.820000   -0.0000012791249786
-.500000  -.780000    0.0000000902453453
-.460000  -.780000    0.0000004222155895
-.420000  -.780000    0.0000006395755067
-.380000  -.780000    0.0000006824805448
-.340000  -.780000    0.0000005614767788
-.300000  -.780000    0.0000002996821945
-.260000  -.780000    0.0000004922651446
-.220000  -.780000    0.0000000447764644
-.180000  -.780000    0.0000001568829114
-.140000  -.780000   -0.0000004025105598
-.100000  -.780000   -0.0000003480230219
-.060000  -.780000   -0.0000003032947774
-.020000  -.780000   -0.0000002732849020
0.020000  -.780000   -0.0000002587133349
0.060000  -.780000   -0.0000002612036029
0.100000  -.780000   -0.0000002827077937
0.140000  -.780000   -0.0000003280159011
0.180000  -.780000    0.0000002168118114
0.220000  -.780000    0.0000000902317301
0.260000  -.780000    0.0000005018874648
0.300000  -.780000    0.0000002507421948
0.340000  -.780000    0.0000004763807092
0.380000  -.780000    0.0000005659815016
0.420000  -.780000    0.0000004957683651
0.460000  -.780000    0.0000002283357589
0.500000  -.780000    0.0000001724973525
0.540000  -.780000   -0.0000002588541607
0.580000  -.780000   -0.0000008639144541
0.620000  -.780000   -0.0000018632828903
-.540000  -.740000    0.0000000499998624
-.500000  -.740000    0.0000005312624431
-.460000  -.740000    0.0000005462243421
-.420000  -.740000    0.0000005933464695
-.380000  -.740000    0.0000004885214152
-.340000  -.740000    0.0000002499279331
-.300000  -.740000    0.0000004588083446
-.260000  -.740000    0.0000000404555014
-.220000  -.740000    0.0000001833168235
-.180000  -.740000   -0.0000003481757527
-.140000  -.740000   -0.0000002596899940
-.100000  -.740000   -0.0000001779686485
-.060000  -.740000   -0.0000007663793606
-.020000  -.740000   -0.0000007055110311
0.020000  -.740000   -0.0000006507169473
0.060000  -.740000   -0.0000006043805025
0.100000  -.740000    0.0000000565150338
0.140000  -.740000    0.0000000632544343
0.180000  -.740000    0.0000000473197122
0.220000  -.740000    0.0000005902194747
0.260000  -.740000    0.0000004940328152
0.300000  -.740000    0.0000009030932556
0.340000  -.740000    0.0000006785018995
0.380000  -.740000    0.0000009003370976
0.420000  -.740000    0.0000009871814921
0.460000  -.740000    0.0000009123967799
0.500000  -.740000    0.0000010834714747
0.540000  -.740000    0.0000005613887491
0.580000  -.740000    0.0000001190739928
0.620000  -.740000   -0.0000004628685084
0.660000  -.740000   -0.0000016354350340
-.540000  -.700000    0.0000003641917827
-.500000  -.700000    0.0000006599007332
-.460000  -.700000    0.0000008012775298
-.420000  -.700000    0.0000003385274148
-.380000  -.700000    0.0000006155447747
-.340000  -.700000    0.0000003253578579
-.300000  -.700000   -0.0000000583943651
-.260000  -.700000    0.0000000987149720
-.220000  -.700000   -0.0000003977951209
-.180000  -.700000   -0.0000002849990605
-.140000  -.700000   -0.0000008218867286
-.100000  -.700000   -0.0000007331823059
-.060000  -.700000   -0.0000006431883927
-.020000  -.700000   -0.0000005536143559
0.020000  -.700000   -0.0000004678975639
0.060000  -.700000   -0.0000003872194131
0.100000  -.700000   -0.0000003143409321
0.140000  -.700000   -0.0000002536309665
0.180000  -.700000    0.0000003736223272
0.220000  -.700000    0.0000003831013912
0.260000  -.700000    0.0000009143325252
0.300000  -.700000    0.0000008398738567
0.340000  -.700000    0.0000012380425771
0.380000  -.700000    0.0000015337351676
0.420000  -.700000    0.0000012320019454
0.460000  -.700000    0.0000017584399601
0.500000  -.700000    0.0000016463012068
0.540000  -.700000    0.0000013434247472
0.580000  -.700000    0.0000011815360267
0.620000  -.700000    0.0000006731964013
0.660000  -.700000    0.0000000157691594
0.700000  -.700000   -0.0000011592087179
-.580000  -.660000    0.0000002975224368
-.540000  -.660000    0.0000004248289305
-.500000  -.660000    0.0000005442815170
-.460000  -.660000    0.0000005299747603
-.420000  -.660000    0.0000003855721856
-.380000  -.660000    0.0000001277262939
-.340000  -.660000   -0.0000002185127234
-.300000  -.660000   -0.0000000657317532
-.260000  -.660000   -0.0000005204107528
-.220000  -.660000   -0.0000003970644285
-.180000  -.660000   -0.0000008959189813
-.140000  -.660000   -0.0000007897789558
-.100000  -.660000   -0.0000006793666506
-.060000  -.660000   -0.0000005681660743
-.020000  -.660000   -0.0000004564247553
0.020000  -.660000   -0.0000003466825154
0.060000  -.660000   -0.0000002390298365
0.100000  -.660000   -0.0000001353591284
0.140000  -.660000   -0.0000000393308945
0.180000  -.660000    0.0000000416481992
0.220000  -.660000    0.0000006530316800
0.260000  -.660000    0.0000006781754028
0.300000  -.660000    0.0000011929886559
0.340000  -.660000    0.0000011232962161
0.380000  -.660000    0.0000015031568213
0.420000  -.660000    0.0000017812327946
0.460000  -.660000    0.0000019398484403
0.500000  -.660000    0.0000019586602661
0.540000  -.660000    0.0000018142875163
0.580000  -.660000    0.0000018502690164
0.620000  -.660000    0.0000012463255930
0.660000  -.660000    0.0000009982500851
0.700000  -.660000    0.0000002183892939
0.740000  -.660000   -0.0000012335319605
-.620000  -.620000    0.0000001594308318
-.580000  -.620000    0.0000003808659622
-.540000  -.620000    0.0000005689321077
-.500000  -.620000    0.0000006320666400
-.460000  -.620000    0.0000005648071648
-.420000  -.620000    0.0000003766319034
-.380000  -.620000    0.0000000873851166
-.340000  -.620000   -0.0000002765280924
-.300000  -.620000   -0.0000006847766007
-.260000  -.620000   -0.0000005660013414
-.220000  -.620000   -0.0000010199912585
-.180000  -.620000   -0.0000009096162815
-.140000  -.620000   -0.0000007855446562
-.100000  -.620000   -0.0000006577880359
-.060000  -.620000   -0.0000011087736277
-.020000  -.620000   -0.0000009756781391
0.020000  -.620000   -0.0000008369492442
0.060000  -.620000   -0.0000006965371805
0.100000  -.620000   -0.0000000180439152
0.140000  -.620000    0.0000001054079230
0.180000  -.620000    0.0000002175392629
0.220000  -.620000    0.0000003076713997
0.260000  -.620000    0.0000008983540586
0.300000  -.620000    0.0000009218616353
0.340000  -.620000    0.0000014154198297
0.380000  -.620000    0.0000018297921504
0.420000  -.620000    0.0000021544673147
0.460000  -.620000    0.0000023762054038
0.500000  -.620000    0.0000024785104855
0.540000  -.620000    0.0000024454946158
0.580000  -.620000    0.0000022452545273
0.620000  -.620000    0.0000021747191938
0.660000  -.620000    0.0000015052548164
0.700000  -.620000    0.0000011160543805
0.740000  -.620000    0.0000001591101239
0.780000  -.620000   -0.0000010988161160
-.620000  -.580000    0.0000002740004384
-.580000  -.580000    0.0000005108678607
-.540000  -.580000    0.0000003168737845
-.500000  -.580000    0.0000002491714817
-.460000  -.580000    0.0000000810673893
-.420000  -.580000   -0.0000001742054150
-.380000  -.580000    0.0000000075926375
-.340000  -.580000   -0.0000003618861344
-.300000  -.580000   -0.0000007628590499
-.260000  -.580000   -0.0000006318572798
-.220000  -.580000   -0.0000010635540911
-.180000  -.580000   -0.0000009382531925
-.140000  -.580000   -0.0000008001698753
-.100000  -.580000   -0.0000012150522348
-.060000  -.580000   -0.0000010711719786
-.020000  -.580000   -0.0000009220134368
0.020000  -.580000   -0.0000007676664988
0.060000  -.580000   -0.0000006104138085
0.100000  -.580000   -0.0000004561102195
0.140000  -.580000    0.0000001955723248
0.180000  -.580000    0.0000003308363792
0.220000  -.580000    0.0000004466829966
0.260000  -.580000    0.0000010338934160
0.300000  -.580000    0.0000010924117001
0.340000  -.580000    0.0000015973371105
0.380000  -.580000    0.0000020312542185
0.420000  -.580000    0.0000019411694239
0.460000  -.580000    0.0000022361162945
0.500000  -.580000    0.0000024233287324
0.540000  -.580000    0.0000024863626614
0.580000  -.580000    0.0000027705233356
0.620000  -.580000    0.0000025049515134
0.660000  -.580000    0.0000023315919338
0.700000  -.580000    0.0000018668355713
0.740000  -.580000    0.0000010242747086
0.780000  -.580000    0.0000001079330583
-.660000  -.540000    0.0000001333593329
-.620000  -.540000    0.0000003888904449
-.580000  -.540000    0.0000002982033738
-.540000  -.540000    0.0000002875700255
-.500000  -.540000    0.0000001818860995
-.460000  -.540000   -0.0000000127011720
-.420000  -.540000   -0.0000002813291394
-.380000  -.540000   -0.0000001022058757
-.340000  -.540000   -0.0000004662330899
-.300000  -.540000   -0.0000008498708631
-.260000  -.540000   -0.0000007095437958
-.220000  -.540000   -0.0000011117601331
-.180000  -.540000   -0.0000009741565089
-.140000  -.540000   -0.0000013463575884
-.100000  -.540000   -0.0000012016437844
-.060000  -.540000   -0.0000010453444815
-.020000  -.540000   -0.0000008843920623
0.020000  -.540000   -0.0000007195598247
0.060000  -.540000   -0.0000005509275979
0.100000  -.540000   -0.0000003848804239
0.140000  -.540000   -0.0000002269362416
0.180000  -.540000    0.0000003947574239
0.220000  -.540000    0.0000005270663288
0.260000  -.540000    0.0000011023057691
0.300000  -.540000    0.0000011847190402
0.340000  -.540000    0.0000016894550106
0.380000  -.540000    0.0000021319628091
0.420000  -.540000    0.0000020838854538
0.460000  -.540000    0.0000024076185318
0.500000  -.540000    0.0000026377229444
0.540000  -.540000    0.0000027612024813
0.580000  -.540000    0.0000027581812617
0.620000  -.540000    0.0000029402662763
0.660000  -.540000    0.0000026001553667
0.700000  -.540000    0.0000023222933064
0.740000  -.540000    0.0000017329766868
0.780000  -.540000    0.0000009790707427
0.820000  -.540000   -0.0000000634047688
-.700000  -.500000    0.0000000048211811
-.660000  -.500000    0.0000002335610929
-.620000  -.500000    0.0000004375944780
-.580000  -.500000    0.0000002654377889
-.540000  -.500000    0.0000002145056924
-.500000  -.500000    0.0000000790676191
-.460000  -.500000   -0.0000001325463069
-.420000  -.500000   -0.0000004039604405
-.380000  -.500000   -0.0000002322080797
-.340000  -.500000   -0.0000005805400879
-.300000  -.500000   -0.0000009382012710
-.260000  -.500000   -0.0000007907673806
-.220000  -.500000   -0.0000011575518861
-.180000  -.500000   -0.0000010096949349
-.140000  -.500000   -0.0000013424440239
-.100000  -.500000   -0.0000011890093323
-.060000  -.500000   -0.0000010243926376
-.020000  -.500000   -0.0000008555232075
0.020000  -.500000   -0.0000006846044071
0.060000  -.500000   -0.0000005103635308
0.100000  -.500000   -0.0000003380839102
0.140000  -.500000   -0.0000001743391879
0.180000  -.500000    0.0000004206990588
0.220000  -.500000    0.0000005618815500
0.260000  -.500000    0.0000011166445428
0.300000  -.500000    0.0000012119537764
0.340000  -.500000    0.0000017079192874
0.380000  -.500000    0.0000021492832295
0.420000  -.500000    0.0000021272613720
0.460000  -.500000    0.0000024667281985
0.500000  -.500000    0.0000027245011754
0.540000  -.500000    0.0000028906406420
0.580000  -.500000    0.0000029467876777
0.620000  -.500000    0.0000031904468501
0.660000  -.500000    0.0000029590601774
0.700000  -.500000    0.0000027986985806
0.740000  -.500000    0.0000023801552620
0.780000  -.500000    0.0000016482532458
0.820000  -.500000    0.0000006543169851
0.860000  -.500000   -0.0000005295688205
-.700000  -.460000    0.0000001350928889
-.660000  -.460000    0.0000002778426959
-.620000  -.460000    0.0000004249813621
-.580000  -.460000    0.0000001929104889
-.540000  -.460000    0.0000001085836918
-.500000  -.460000   -0.0000000479586670
-.460000  -.460000   -0.0000002667563622
-.420000  -.460000   -0.0000005321524495
-.380000  -.460000   -0.0000003718330242
-.340000  -.460000   -0.0000006954542483
-.300000  -.460000   -0.0000010204110913
-.260000  -.460000   -0.0000008687265718
-.220000  -.460000   -0.0000011955834212
-.180000  -.460000   -0.0000010394396478
-.140000  -.460000   -0.0000013314004830
-.100000  -.460000   -0.0000011713594305
-.060000  -.460000   -0.0000010025105005
-.020000  -.460000   -0.0000008292570655
0.020000  -.460000   -0.0000006561461399
0.060000  -.460000   -0.0000004812049418
0.100000  -.460000   -0.0000003084811259
0.140000  -.460000   -0.0000001451163995
0.180000  -.460000    0.0000004180172479
0.220000  -.460000    0.0000005594607553
0.260000  -.460000    0.0000010879694380
0.300000  -.460000    0.0000011861731326
0.340000  -.460000    0.0000016654246889
0.380000  -.460000    0.0000020966997752
0.420000  -.460000    0.0000020863506732
0.460000  -.460000    0.0000024312516337
0.500000  -.460000    0.0000027044934231
0.540000  -.460000    0.0000028982945072
0.580000  -.460000    0.0000029958781541
0.620000  -.460000    0.0000032897107855
0.660000  -.460000    0.0000031393672167
0.700000  -.460000    0.0000030702875785
0.740000  -.460000    0.0000025668033617
0.780000  -.460000    0.0000020246715637
0.820000  -.460000    0.0000013324011234
0.860000  -.460000    0.0000004508447353
-.700000  -.420000    0.0000001270044485
-.660000  -.420000    0.0000002704057248
-.620000  -.420000    0.0000003628144867
-.580000  -.420000    0.0000000928700385
-.540000  -.420000   -0.0000000167950676
-.500000  -.420000   -0.0000001857957898
-.460000  -.420000   -0.0000004033038865
-.420000  -.420000   -0.0000006544973056
-.380000  -.420000   -0.0000005107149938
-.340000  -.420000   -0.0000008027359090
-.300000  -.420000   -0.0000010888812481
-.260000  -.420000   -0.0000009371406993
-.220000  -.420000   -0.0000012204677600
-.180000  -.420000   -0.0000010586818224
-.140000  -.420000   -0.0000013092301491
-.100000  -.420000   -0.0000011447475447
-.060000  -.420000   -0.0000009745636689
-.020000  -.420000   -0.0000008009032898
0.020000  -.420000   -0.0000006289401988
0.060000  -.420000   -0.0000004584093066
0.100000  -.420000   -0.0000002896281231
0.140000  -.420000   -0.0000001326595299
0.180000  -.420000    0.0000003938076453
0.220000  -.420000    0.0000005287331274
0.260000  -.420000    0.0000010249242671
0.300000  -.420000    0.0000011162806603
0.340000  -.420000    0.0000015719869959
0.380000  -.420000    0.0000019867377429
0.420000  -.420000    0.0000019750545027
0.460000  -.420000    0.0000023149305848
0.500000  -.420000    0.0000025928789240
0.540000  -.420000    0.0000028020027010
0.580000  -.420000    0.0000029269063691
0.620000  -.420000    0.0000032619746349
0.660000  -.420000    0.0000031722328712
0.700000  -.420000    0.0000029417827905
0.740000  -.420000    0.0000027893297632
0.780000  -.420000    0.0000023913704685
0.820000  -.420000    0.0000018819836942
0.860000  -.420000    0.0000009689400552
0.900000  -.420000   -0.0000002705877650
-.740000  -.380000    0.0000000349578972
-.700000  -.380000    0.0000002331130929
-.660000  -.380000    0.0000002231892880
-.620000  -.380000    0.0000002663266812
-.580000  -.380000    0.0000002492004811
-.540000  -.380000    0.0000001690175121
-.500000  -.380000    0.0000000293872410
-.460000  -.380000   -0.0000001607476738
-.420000  -.380000   -0.0000003881023649
-.380000  -.380000   -0.0000006378319629
-.340000  -.380000   -0.0000008931080329
-.300000  -.380000   -0.0000011377850829
-.260000  -.380000   -0.0000009905913533
-.220000  -.380000   -0.0000012278628769
-.180000  -.380000   -0.0000010638813983
-.140000  -.380000   -0.0000012731055258
-.100000  -.380000   -0.0000011075092134
-.060000  -.380000   -0.0000009369209455
-.020000  -.380000   -0.0000007668341430
0.020000  -.380000   -0.0000005989759292
0.060000  -.380000   -0.0000004359993545
0.100000  -.380000   -0.0000002777209829
0.140000  -.380000   -0.0000001324185509
0.180000  -.380000    0.0000003535051582
0.220000  -.380000    0.0000004746346839
0.260000  -.380000    0.0000009353044417
0.300000  -.380000    0.0000010095131407
0.340000  -.380000    0.0000014357448818
0.380000  -.380000    0.0000018264689235
0.420000  -.380000    0.0000021776469801
0.460000  -.380000    0.0000024862492285
0.500000  -.380000    0.0000027437643603
0.540000  -.380000    0.0000029442484118
0.580000  -.380000    0.0000030754821699
0.620000  -.380000    0.0000031261024952
0.660000  -.380000    0.0000030803101044
0.700000  -.380000    0.0000031489424958
0.740000  -.380000    0.0000028473025142
0.780000  -.380000    0.0000025608761844
0.820000  -.380000    0.0000020306927698
0.860000  -.380000    0.0000013453316352
0.900000  -.380000    0.0000004441723590
-.740000  -.340000    0.0000000670657227
-.700000  -.340000    0.0000002105360653
-.660000  -.340000    0.0000001508029168
-.620000  -.340000    0.0000001521594151
-.580000  -.340000    0.0000001034642699
-.540000  -.340000    0.0000000043930985
-.500000  -.340000   -0.0000001398476244
-.460000  -.340000   -0.0000003203247804
-.420000  -.340000   -0.0000005256772777
-.380000  -.340000   -0.0000007429833885
-.340000  -.340000   -0.0000009590207948
-.300000  -.340000   -0.0000008026721755
-.260000  -.340000   -0.0000010237910619
-.220000  -.340000   -0.0000012149409054
-.180000  -.340000   -0.0000010525985302
-.140000  -.340000   -0.0000012212372665
-.100000  -.340000   -0.0000010563429332
-.060000  -.340000   -0.0000008877523291
-.020000  -.340000   -0.0000007235750558
0.020000  -.340000   -0.0000005645428827
0.060000  -.340000   -0.0000004119389440
0.100000  -.340000   -0.0000002691687850
0.140000  -.340000   -0.0000001416554019
0.180000  -.340000    0.0000003010977616
0.220000  -.340000    0.0000004011056366
0.260000  -.340000    0.0000008216613492
0.300000  -.340000    0.0000012150803739
0.340000  -.340000    0.0000012624036615
0.380000  -.340000    0.0000016242335755
0.420000  -.340000    0.0000019513127251
0.460000  -.340000    0.0000022424448450
0.500000  -.340000    0.0000024898821553
0.540000  -.340000    0.0000026881380961
0.580000  -.340000    0.0000028264914601
0.620000  -.340000    0.0000028954961454
0.660000  -.340000    0.0000028811437137
0.700000  -.340000    0.0000030034068916
0.740000  -.340000    0.0000027681604531
0.780000  -.340000    0.0000025747916953
0.820000  -.340000    0.0000021698482865
0.860000  -.340000    0.0000016501045480
0.900000  -.340000    0.0000008954833307
0.940000  -.340000   -0.0000003244679745
-.740000  -.300000    0.0000001224099301
-.700000  -.300000    0.0000001598726235
-.660000  -.300000    0.0000002239004794
-.620000  -.300000    0.0000000370881920
-.580000  -.300000   -0.0000000344482265
-.540000  -.300000   -0.0000001442385745
-.500000  -.300000   -0.0000002864019950
-.460000  -.300000   -0.0000004526697120
-.420000  -.300000   -0.0000006325893563
-.380000  -.300000   -0.0000008162536828
-.340000  -.300000   -0.0000006684460059
-.300000  -.300000   -0.0000008591268899
-.260000  -.300000   -0.0000010321400595
-.220000  -.300000   -0.0000011774731138
-.180000  -.300000   -0.0000010230460196
-.140000  -.300000   -0.0000011521448664
-.100000  -.300000   -0.0000009916115563
-.060000  -.300000   -0.0000008263804989
-.020000  -.300000   -0.0000006692167980
0.020000  -.300000   -0.0000005229028868
0.060000  -.300000   -0.0000003847725897
0.100000  -.300000   -0.0000002609684373
0.140000  -.300000   -0.0000001572365207
0.180000  -.300000    0.0000002401183276
0.220000  -.300000    0.0000003109374003
0.260000  -.300000    0.0000006884926544
0.300000  -.300000    0.0000010423067730
0.340000  -.300000    0.0000013734477627
0.380000  -.300000    0.0000013846060123
0.420000  -.300000    0.0000016824772817
0.460000  -.300000    0.0000019503623710
0.500000  -.300000    0.0000021806702673
0.540000  -.300000    0.0000023693530377
0.580000  -.300000    0.0000025065708071
0.620000  -.300000    0.0000025843524878
0.660000  -.300000    0.0000028357315808
0.700000  -.300000    0.0000027579917727
0.740000  -.300000    0.0000027608752882
0.780000  -.300000    0.0000024599744207
0.820000  -.300000    0.0000021574299199
0.860000  -.300000    0.0000017654034948
0.900000  -.300000    0.0000010788473115
0.940000  -.300000    0.0000001772275802
-.780000  -.260000    0.0000000039616717
-.740000  -.260000    0.0000001038493333
-.700000  -.260000    0.0000002071647491
-.660000  -.260000    0.0000001177242978
-.620000  -.260000    0.0000001050100627
-.580000  -.260000    0.0000000567404986
-.540000  -.260000   -0.0000000259282925
-.500000  -.260000   -0.0000001383066445
-.460000  -.260000   -0.0000002736968408
-.420000  -.260000   -0.0000004242886538
-.380000  -.260000   -0.0000005816921050
-.340000  -.260000   -0.0000007372494685
-.300000  -.260000   -0.0000008826388710
-.260000  -.260000   -0.0000010102424205
-.220000  -.260000   -0.0000008508935899
-.180000  -.260000   -0.0000009737118443
-.140000  -.260000   -0.0000007955734968
-.100000  -.260000   -0.0000009131591201
-.060000  -.260000   -0.0000007526634890
-.020000  -.260000   -0.0000006040328923
0.020000  -.260000   -0.0000004721827184
0.060000  -.260000   -0.0000003537943065
0.100000  -.260000   -0.0000002523530379
0.140000  -.260000    0.0000000928562056
0.180000  -.260000    0.0000001707565855
0.220000  -.260000    0.0000004959294826
0.260000  -.260000    0.0000005379382514
0.300000  -.260000    0.0000008484603129
0.340000  -.260000    0.0000011403099996
0.380000  -.260000    0.0000014138990078
0.420000  -.260000    0.0000016657946865
0.460000  -.260000    0.0000018937209787
0.500000  -.260000    0.0000020938188578
0.540000  -.260000    0.0000022597973706
0.580000  -.260000    0.0000023840906710
0.620000  -.260000    0.0000024613783321
0.660000  -.260000    0.0000024811283207
0.700000  -.260000    0.0000026142233748
0.740000  -.260000    0.0000024801180127
0.780000  -.260000    0.0000023879735726
0.820000  -.260000    0.0000021471840762
0.860000  -.260000    0.0000017397750730
0.900000  -.260000    0.0000012092403926
0.940000  -.260000    0.0000005172536193
-.780000  -.220000    0.0000000204595875
-.740000  -.220000    0.0000001307045270
-.700000  -.220000    0.0000001234070771
-.660000  -.220000    0.0000001548408272
-.620000  -.220000   -0.0000000124672906
-.580000  -.220000   -0.0000000764993735
-.540000  -.220000   -0.0000001643318459
-.500000  -.220000   -0.0000002713120811
-.460000  -.220000   -0.0000003909601751
-.420000  -.220000   -0.0000005166430140
-.380000  -.220000   -0.0000006417198127
-.340000  -.220000   -0.0000007596126407
-.300000  -.220000   -0.0000008651097874
-.260000  -.220000   -0.0000007219155445
-.220000  -.220000   -0.0000008218947948
-.180000  -.220000   -0.0000009023789285
-.140000  -.220000   -0.0000007361267593
-.100000  -.220000   -0.0000008205635168
-.060000  -.220000   -0.0000006677151759
-.020000  -.220000   -0.0000005277752845
0.020000  -.220000   -0.0000004124620300
0.060000  -.220000   -0.0000003178468702
0.100000  -.220000   -0.0000002440250449
0.140000  -.220000    0.0000000512041217
0.180000  -.220000    0.0000000942111815
0.220000  -.220000    0.0000003712889407
0.260000  -.220000    0.0000006298048156
0.300000  -.220000    0.0000006361157376
0.340000  -.220000    0.0000008864560978
0.380000  -.220000    0.0000011191527584
0.420000  -.220000    0.0000013387598820
0.460000  -.220000    0.0000015364699891
0.500000  -.220000    0.0000017076325924
0.540000  -.220000    0.0000018559927849
0.580000  -.220000    0.0000019700531801
0.620000  -.220000    0.0000020451494718
0.660000  -.220000    0.0000022601010638
0.700000  -.220000    0.0000022262422902
0.740000  -.220000    0.0000022670024951
0.780000  -.220000    0.0000020859131376
0.820000  -.220000    0.0000019167895599
0.860000  -.220000    0.0000016031765547
0.900000  -.220000    0.0000011969686457
0.940000  -.220000    0.0000006038923894
-.780000  -.180000    0.0000000356178995
-.740000  -.180000    0.0000000812207243
-.700000  -.180000    0.0000001361763675
-.660000  -.180000    0.0000000494821696
-.620000  -.180000    0.0000000263135939
-.580000  -.180000   -0.0000000186342713
-.540000  -.180000   -0.0000000830244601
-.500000  -.180000   -0.0000001630087070
-.460000  -.180000   -0.0000002541151525
-.420000  -.180000   -0.0000003508170732
-.380000  -.180000   -0.0000004482585280
-.340000  -.180000   -0.0000005417192674
-.300000  -.180000   -0.0000006273393042
-.260000  -.180000   -0.0000007014381485
-.220000  -.180000   -0.0000007614090659
-.180000  -.180000   -0.0000005966342215
-.140000  -.180000   -0.0000006625463554
-.100000  -.180000   -0.0000007148462861
-.060000  -.180000   -0.0000005724767987
-.020000  -.180000   -0.0000004416737570
0.020000  -.180000   -0.0000003447649106
0.060000  -.180000   -0.0000002769522950
0.100000  -.180000   -0.0000002375879593
0.140000  -.180000    0.0000000071729211
0.180000  -.180000    0.0000002232863867
0.220000  -.180000    0.0000002368178957
0.260000  -.180000    0.0000004493147709
0.300000  -.180000    0.0000006523748862
0.340000  -.180000    0.0000008447212485
0.380000  -.180000    0.0000010311834987
0.420000  -.180000    0.0000012061152041
0.460000  -.180000    0.0000013566965260
0.500000  -.180000    0.0000015085457083
0.540000  -.180000    0.0000016314887636
0.580000  -.180000    0.0000017206940039
0.620000  -.180000    0.0000017807436238
0.660000  -.180000    0.0000018104611943
0.700000  -.180000    0.0000019346746680
0.740000  -.180000    0.0000018588923450
0.780000  -.180000    0.0000018299200572
0.820000  -.180000    0.0000016984080042
0.860000  -.180000    0.0000014579180627
0.900000  -.180000    0.0000010794708840
0.940000  -.180000    0.0000006407309578
0.980000  -.180000   -0.0000000159288372
-.780000  -.140000    0.0000000249210294
-.740000  -.140000    0.0000000811564202
-.700000  -.140000    0.0000000561379060
-.660000  -.140000    0.0000000604200753
-.620000  -.140000    0.0000000482579434
-.580000  -.140000    0.0000000193048305
-.540000  -.140000   -0.0000001704781605
-.500000  -.140000   -0.0000002416274661
-.460000  -.140000   -0.0000003168974197
-.420000  -.140000   -0.0000003924418811
-.380000  -.140000   -0.0000004645760951
-.340000  -.140000   -0.0000005297930878
-.300000  -.140000   -0.0000005852785016
-.260000  -.140000   -0.0000004615679234
-.220000  -.140000   -0.0000005067482916
-.180000  -.140000   -0.0000005432822176
-.140000  -.140000   -0.0000005724455628
-.100000  -.140000   -0.0000004049522729
-.060000  -.140000   -0.0000004687853100
-.020000  -.140000   -0.0000003469994416
0.020000  -.140000   -0.0000002699094437
0.060000  -.140000   -0.0000002337993894
0.100000  -.140000   -0.0000000432049474
0.140000  -.140000   -0.0000000414024344
0.180000  -.140000    0.0000001261529344
0.220000  -.140000    0.0000002831002536
0.260000  -.140000    0.0000004342612144
0.300000  -.140000    0.0000004203785356
0.340000  -.140000    0.0000005703347551
0.380000  -.140000    0.0000007210518245
0.420000  -.140000    0.0000008424234998
0.460000  -.140000    0.0000009867287733
0.500000  -.140000    0.0000011014814910
0.540000  -.140000    0.0000011613776807
0.580000  -.140000    0.0000014007288719
0.620000  -.140000    0.0000014642406868
0.660000  -.140000    0.0000014737043104
0.700000  -.140000    0.0000014670902728
0.740000  -.140000    0.0000015190909366
0.780000  -.140000    0.0000014176899981
0.820000  -.140000    0.0000013373718574
0.860000  -.140000    0.0000011667171627
0.900000  -.140000    0.0000009435019477
0.940000  -.140000    0.0000005708734873
0.980000  -.140000    0.0000001015189355
-.780000  -.100000    0.0000000240072854
-.740000  -.100000    0.0000000691376582
-.700000  -.100000    0.0000000502771694
-.660000  -.100000    0.0000000568843838
-.620000  -.100000    0.0000000518738392
-.580000  -.100000   -0.0000000646272430
-.540000  -.100000   -0.0000001069592662
-.500000  -.100000   -0.0000001553835686
-.460000  -.100000   -0.0000002066632680
-.420000  -.100000   -0.0000002579797920
-.380000  -.100000   -0.0000003070642433
-.340000  -.100000   -0.0000003512310984
-.300000  -.100000   -0.0000003886795106
-.260000  -.100000   -0.0000004177612122
-.220000  -.100000   -0.0000004385737979
-.180000  -.100000   -0.0000004506131077
-.140000  -.100000   -0.0000003116836918
-.100000  -.100000   -0.0000003293974487
-.060000  -.100000   -0.0000003603315617
-.020000  -.100000   -0.0000002454067978
0.020000  -.100000   -0.0000001897644925
0.060000  -.100000   -0.0000001920197033
0.100000  -.100000   -0.0000000551444870
0.140000  -.100000    0.0000000502444294
0.180000  -.100000    0.0000000271884231
0.220000  -.100000    0.0000001386661662
0.260000  -.100000    0.0000002476532787
0.300000  -.100000    0.0000003531766001
0.340000  -.100000    0.0000004559202300
0.380000  -.100000    0.0000005583364613
0.420000  -.100000    0.0000006418144205
0.460000  -.100000    0.0000007622067210
0.500000  -.100000    0.0000007679713558
0.540000  -.100000    0.0000009160032849
0.580000  -.100000    0.0000009732775384
0.620000  -.100000    0.0000010646923170
0.660000  -.100000    0.0000011064778823
0.700000  -.100000    0.0000010814118586
0.740000  -.100000    0.0000011254750427
0.780000  -.100000    0.0000010552976298
0.820000  -.100000    0.0000009991712679
0.860000  -.100000    0.0000008817150911
0.900000  -.100000    0.0000006896198637
0.940000  -.100000    0.0000004750095823
0.980000  -.100000    0.0000001487952821
-.780000  -.060000    0.0000000172432750
-.740000  -.060000    0.0000000235095967
-.700000  -.060000    0.0000000346939879
-.660000  -.060000    0.0000000402704198
-.620000  -.060000   -0.0000000137443611
-.580000  -.060000   -0.0000000331831732
-.540000  -.060000   -0.0000000573658275
-.500000  -.060000   -0.0000000852147794
-.460000  -.060000   -0.0000001146680690
-.420000  -.060000   -0.0000001439325168
-.380000  -.060000   -0.0000001718272218
-.340000  -.060000   -0.0000001964903543
-.300000  -.060000   -0.0000002169026011
-.260000  -.060000   -0.0000002318977762
-.220000  -.060000   -0.0000002414995536
-.180000  -.060000   -0.0000002446615815
-.140000  -.060000   -0.0000002433603477
-.100000  -.060000   -0.0000002407623614
-.060000  -.060000   -0.0000000861386117
-.020000  -.060000   -0.0000001403783822
0.020000  -.060000   -0.0000001083990630
0.060000  -.060000   -0.0000000295681253
0.100000  -.060000   -0.0000000716422473
0.140000  -.060000   -0.0000000082451247
0.180000  -.060000    0.0000000513865959
0.220000  -.060000    0.0000001115508139
0.260000  -.060000    0.0000001717065494
0.300000  -.060000    0.0000002309566273
0.340000  -.060000    0.0000002936263084
0.380000  -.060000    0.0000003465701328
0.420000  -.060000    0.0000004133277214
0.460000  -.060000    0.0000004495215286
0.500000  -.060000    0.0000005122030894
0.540000  -.060000    0.0000005809972572
0.580000  -.060000    0.0000005169352821
0.620000  -.060000    0.0000006038686941
0.660000  -.060000    0.0000006592078059
0.700000  -.060000    0.0000006703376899
0.740000  -.060000    0.0000006487192981
0.780000  -.060000    0.0000006497557581
0.820000  -.060000    0.0000006166500027
0.860000  -.060000    0.0000005476826333
0.900000  -.060000    0.0000004359407927
0.940000  -.060000    0.0000002874192308
0.980000  -.060000    0.0000001048184992
-.780000  -.020000    0.0000000062588758
-.740000  -.020000    0.0000000083938596
-.700000  -.020000    0.0000000123688218
-.660000  -.020000    0.0000000145175562
-.620000  -.020000   -0.0000000037541316
-.580000  -.020000   -0.0000000100574538
-.540000  -.020000   -0.0000000178873270
-.500000  -.020000   -0.0000000269397616
-.460000  -.020000   -0.0000000364982776
-.420000  -.020000   -0.0000000459382813
-.380000  -.020000   -0.0000000548995493
-.340000  -.020000   -0.0000000626891536
-.300000  -.020000   -0.0000000689667897
-.260000  -.020000   -0.0000000732671390
-.220000  -.020000   -0.0000000754892479
-.180000  -.020000   -0.0000000748550475
-.140000  -.020000   -0.0000000716657519
-.100000  -.020000   -0.0000000655181507
-.060000  -.020000   -0.0000000558549307
-.020000  -.020000   -0.0000000503593487
0.020000  -.020000   -0.0000000391659036
0.060000  -.020000   -0.0000000239411427
0.100000  -.020000   -0.0000000104290580
0.140000  -.020000    0.0000000054900433
0.180000  -.020000    0.0000000228557498
0.220000  -.020000    0.0000000407446842
0.260000  -.020000    0.0000000607524812
0.300000  -.020000    0.0000000803739839
0.340000  -.020000    0.0000001012817664
0.380000  -.020000    0.0000001179389438
0.420000  -.020000    0.0000001431198398
0.460000  -.020000    0.0000001427985133
0.500000  -.020000    0.0000001987510687
0.540000  -.020000    0.0000001326987230
0.580000  -.020000    0.0000002403180357
0.620000  -.020000    0.0000002038729044
0.660000  -.020000    0.0000002181433102
0.700000  -.020000    0.0000002282109887
0.740000  -.020000    0.0000002186425985
0.780000  -.020000    0.0000002193457609
0.820000  -.020000    0.0000002083956794
0.860000  -.020000    0.0000001856037002
0.900000  -.020000    0.0000001489084865
0.940000  -.020000    0.0000001002418004
0.980000  -.020000    0.0000000322040942
-.780000  0.020000   -0.0000000062588758
-.740000  0.020000   -0.0000000083938596
-.700000  0.020000   -0.0000000123688218
-.660000  0.020000   -0.0000000145175562
-.620000  0.020000    0.0000000037541316
-.580000  0.020000    0.0000000100574538
-.540000  0.020000    0.0000000178873270
-.500000  0.020000    0.0000000269397616
-.460000  0.020000    0.0000000364982776
-.420000  0.020000    0.0000000459382813
-.380000  0.020000    0.0000000548995493
-.340000  0.020000    0.0000000626891536
-.300000  0.020000    0.0000000689667897
-.260000  0.020000    0.0000000732671390
-.220000  0.020000    0.0000000754892479
-.180000  0.020000    0.0000000748550475
-.140000  0.020000    0.0000000716657519
-.100000  0.020000    0.0000000655181507
-.060000  0.020000    0.0000000558549307
-.020000  0.020000    0.0000000503593487
0.020000  0.020000    0.0000000391659036
0.060000  0.020000    0.0000000239411427
0.100000  0.020000    0.0000000104290580
0.140000  0.020000   -0.0000000054900433
0.180000  0.020000   -0.0000000228557498
0.220000  0.020000   -0.0000000407446842
0.260000  0.020000   -0.0000000607524812
0.300000  0.020000   -0.0000000803739839
0.340000  0.020000   -0.0000001012817664
0.380000  0.020000   -0.0000001179389438
0.420000  0.020000   -0.0000001431198398
0.460000  0.020000   -0.0000001427985133
0.500000  0.020000   -0.0000001987510687
0.540000  0.020000   -0.0000001326987230
0.580000  0.020000   -0.0000002403180357
0.620000  0.020000   -0.0000002038729044
0.660000  0.020000   -0.0000002181433102
0.700000  0.020000   -0.0000002282109887
0.740000  0.020000   -0.0000002186425985
0.780000  0.020000   -0.0000002193457609
0.820000  0.020000   -0.0000002083956794
0.860000  0.020000   -0.0000001856037002
0.900000  0.020000   -0.0000001489084865
0.940000  0.020000   -0.0000001002418004
0.980000  0.020000   -0.0000000322040942
-.780000  0.060000   -0.0000000172432750
-.740000  0.060000   -0.0000000235095967
-.700000  0.060000   -0.0000000346939879
-.660000  0.060000   -0.0000000402704198
-.620000  0.060000    0.0000000137443611
-.580000  0.060000    0.0000000331831732
-.540000  0.060000    0.0000000573658275
-.500000  0.060000    0.0000000852147794
-.460000  0.060000    0.0000001146680690
-.420000  0.060000    0.0000001439325168
-.380000  0.060000    0.0000001718272218
-.340000  0.060000    0.0000001964903543
-.300000  0.060000    0.0000002169026011
-.260000  0.060000    0.0000002318977762
-.220000  0.060000    0.0000002414995536
-.180000  0.060000    0.0000002446615815
-.140000  0.060000    0.0000002433603477
-.100000  0.060000    0.0000002407623614
-.060000  0.060000    0.0000000861386117
-.020000  0.060000    0.0000001403783822
0.020000  0.060000    0.0000001083990630
0.060000  0.060000    0.0000000295681253
0.100000  0.060000    0.0000000716422473
0.140000  0.060000    0.0000000082451247
0.180000  0.060000   -0.0000000513865959
0.220000  0.060000   -0.0000001115508139
0.260000  0.060000   -0.0000001717065494
0.300000  0.060000   -0.0000002309566273
0.340000  0.060000   -0.0000002936263084
0.380000  0.060000   -0.0000003465701328
0.420000  0.060000   -0.0000004133277214
0.460000  0.060000   -0.0000004495215286
0.500000  0.060000   -0.0000005122030894
0.540000  0.060000   -0.0000005809972572
0.580000  0.060000   -0.0000005169352821
0.620000  0.060000   -0.0000006038686941
0.660000  0.060000   -0.0000006592078059
0.700000  0.060000   -0.0000006703376899
0.740000  0.060000   -0.0000006487192981
0.780000  0.060000   -0.0000006497557581
0.820000  0.060000   -0.0000006166500027
0.860000  0.060000   -0.0000005476826333
0.900000  0.060000   -0.0000004359407927
0.940000  0.060000   -0.0000002874192308
0.980000  0.060000   -0.0000001048184992
-.780000  0.100000   -0.0000000240072854
-.740000  0.100000   -0.0000000691376582
-.700000  0.100000   -0.0000000502771694
-.660000  0.100000   -0.0000000568843838
-.620000  0.100000   -0.0000000518738392
-.580000  0.100000    0.0000000646272430
-.540000  0.100000    0.0000001069592662
-.500000  0.100000    0.0000001553835686
-.460000  0.100000    0.0000002066632680
-.420000  0.100000    0.0000002579797920
-.380000  0.100000    0.0000003070642433
-.340000  0.100000    0.0000003512310984
-.300000  0.100000    0.0000003886795106
-.260000  0.100000    0.0000004177612122
-.220000  0.100000    0.0000004385737979
-.180000  0.100000    0.0000004506131077
-.140000  0.100000    0.0000003116836918
-.100000  0.100000    0.0000003293974487
-.060000  0.100000    0.0000003603315617
-.020000  0.100000    0.0000002454067978
0.020000  0.100000    0.0000001897644925
0.060000  0.100000    0.0000001920197033
0.100000  0.100000    0.0000000551444870
0.140000  0.100000   -0.0000000502444294
0.180000  0.100000   -0.0000000271884231
0.220000  0.100000   -0.0000001386661662
0.260000  0.100000   -0.0000002476532787
0.300000  0.100000   -0.0000003531766001
0.340000  0.100000   -0.0000004559202300
0.380000  0.100000   -0.0000005583364613
0.420000  0.100000   -0.0000006418144205
0.460000  0.100000   -0.0000007622067210
0.500000  0.100000   -0.0000007679713558
0.540000  0.100000   -0.0000009160032849
0.580000  0.100000   -0.0000009732775384
0.620000  0.100000   -0.0000010646923170
0.660000  0.100000   -0.0000011064778823
0.700000  0.100000   -0.0000010814118586
0.740000  0.100000   -0.0000011254750427
0.780000  0.100000   -0.0000010552976298
0.820000  0.100000   -0.0000009991712679
0.860000  0.100000   -0.0000008817150911
0.900000  0.100000   -0.0000006896198637
0.940000  0.100000   -0.0000004750095823
0.980000  0.100000   -0.0000001487952821
-.780000  0.140000   -0.0000000249210294
-.740000  0.140000   -0.0000000811564202
-.700000  0.140000   -0.0000000561379060
-.660000  0.140000   -0.0000000604200753
-.620000  0.140000   -0.0000000482579434
-.580000  0.140000   -0.0000000193048305
-.540000  0.140000    0.0000001704781605
-.500000  0.140000    0.0000002416274661
-.460000  0.140000    0.0000003168974197
-.420000  0.140000    0.0000003924418811
-.380000  0.140000    0.0000004645760951
-.340000  0.140000    0.0000005297930878
-.300000  0.140000    0.0000005852785016
-.260000  0.140000    0.0000004615679234
-.220000  0.140000    0.0000005067482916
-.180000  0.140000    0.0000005432822176
-.140000  0.140000    0.0000005724455628
-.100000  0.140000    0.0000004049522729
-.060000  0.140000    0.0000004687853100
-.020000  0.140000    0.0000003469994416
0.020000  0.140000    0.0000002699094437
0.060000  0.140000    0.0000002337993894
0.100000  0.140000    0.0000000432049474
0.140000  0.140000    0.0000000414024344
0.180000  0.140000   -0.0000001261529344
0.220000  0.140000   -0.0000002831002536
0.260000  0.140000   -0.0000004342612144
0.300000  0.140000   -0.0000004203785356
0.340000  0.140000   -0.0000005703347551
0.380000  0.140000   -0.0000007210518245
0.420000  0.140000   -0.0000008424234998
0.460000  0.140000   -0.0000009867287733
0.500000  0.140000   -0.0000011014814910
0.540000  0.140000   -0.0000011613776807
0.580000  0.140000   -0.0000014007288719
0.620000  0.140000   -0.0000014642406868
0.660000  0.140000   -0.0000014737043104
0.700000  0.140000   -0.0000014670902728
0.740000  0.140000   -0.0000015190909366
0.780000  0.140000   -0.0000014176899981
0.820000  0.140000   -0.0000013373718574
0.860000  0.140000   -0.0000011667171627
0.900000  0.140000   -0.0000009435019477
0.940000  0.140000   -0.0000005708734873
0.980000  0.140000   -0.0000001015189355
-.780000  0.180000   -0.0000000356178995
-.740000  0.180000   -0.0000000812207243
-.700000  0.180000   -0.0000001361763675
-.660000  0.180000   -0.0000000494821696
-.620000  0.180000   -0.0000000263135939
-.580000  0.180000    0.0000000186342713
-.540000  0.180000    0.0000000830244601
-.500000  0.180000    0.0000001630087070
-.460000  0.180000    0.0000002541151525
-.420000  0.180000    0.0000003508170732
-.380000  0.180000    0.0000004482585280
-.340000  0.180000    0.0000005417192674
-.300000  0.180000    0.0000006273393042
-.260000  0.180000    0.0000007014381485
-.220000  0.180000    0.0000007614090659
-.180000  0.180000    0.0000005966342215
-.140000  0.180000    0.0000006625463554
-.100000  0.180000    0.0000007148462861
-.060000  0.180000    0.0000005724767987
-.020000  0.180000    0.0000004416737570
0.020000  0.180000    0.0000003447649106
0.060000  0.180000    0.0000002769522950
0.100000  0.180000    0.0000002375879593
0.140000  0.180000   -0.0000000071729211
0.180000  0.180000   -0.0000002232863867
0.220000  0.180000   -0.0000002368178957
0.260000  0.180000   -0.0000004493147709
0.300000  0.180000   -0.0000006523748862
0.340000  0.180000   -0.0000008447212485
0.380000  0.180000   -0.0000010311834987
0.420000  0.180000   -0.0000012061152041
0.460000  0.180000   -0.0000013566965260
0.500000  0.180000   -0.0000015085457083
0.540000  0.180000   -0.0000016314887636
0.580000  0.180000   -0.0000017206940039
0.620000  0.180000   -0.0000017807436238
0.660000  0.180000   -0.0000018104611943
0.700000  0.180000   -0.0000019346746680
0.740000  0.180000   -0.0000018588923450
0.780000  0.180000   -0.0000018299200572
0.820000  0.180000   -0.0000016984080042
0.860000  0.180000   -0.0000014579180627
0.900000  0.180000   -0.0000010794708840
0.940000  0.180000   -0.0000006407309578
0.980000  0.180000    0.0000000159288372
-.780000  0.220000   -0.0000000204595875
-.740000  0.220000   -0.0000001307045270
-.700000  0.220000   -0.0000001234070771
-.660000  0.220000   -0.0000001548408272
-.620000  0.220000    0.0000000124672906
-.580000  0.220000    0.0000000764993735
-.540000  0.220000    0.0000001643318459
-.500000  0.220000    0.0000002713120811
-.460000  0.220000    0.0000003909601751
-.420000  0.220000    0.0000005166430140
-.380000  0.220000    0.0000006417198127
-.340000  0.220000    0.0000007596126407
-.300000  0.220000    0.0000008651097874
-.260000  0.220000    0.0000007219155445
-.220000  0.220000    0.0000008218947948
-.180000  0.220000    0.0000009023789285
-.140000  0.220000    0.0000007361267593
-.100000  0.220000    0.0000008205635168
-.060000  0.220000    0.0000006677151759
-.020000  0.220000    0.0000005277752845
0.020000  0.220000    0.0000004124620300
0.060000  0.220000    0.0000003178468702
0.100000  0.220000    0.0000002440250449
0.140000  0.220000   -0.0000000512041217
0.180000  0.220000   -0.0000000942111815
0.220000  0.220000   -0.0000003712889407
0.260000  0.220000   -0.0000006298048156
0.300000  0.220000   -0.0000006361157376
0.340000  0.220000   -0.0000008864560978
0.380000  0.220000   -0.0000011191527584
0.420000  0.220000   -0.0000013387598820
0.460000  0.220000   -0.0000015364699891
0.500000  0.220000   -0.0000017076325924
0.540000  0.220000   -0.0000018559927849
0.580000  0.220000   -0.0000019700531801
0.620000  0.220000   -0.0000020451494718
0.660000  0.220000   -0.0000022601010638
0.700000  0.220000   -0.0000022262422902
0.740000  0.220000   -0.0000022670024951
0.780000  0.220000   -0.0000020859131376
0.820000  0.220000   -0.0000019167895599
0.860000  0.220000   -0.0000016031765547
0.900000  0.220000   -0.0000011969686457
0.940000  0.220000   -0.0000006038923894
-.780000  0.260000   -0.0000000039616717
-.740000  0.260000   -0.0000001038493333
-.700000  0.260000   -0.0000002071647491
-.660000  0.260000   -0.0000001177242978
-.620000  0.260000   -0.0000001050100627
-.580000  0.260000   -0.0000000567404986
-.540000  0.260000    0.0000000259282925
-.500000  0.260000    0.0000001383066445
-.460000  0.260000    0.0000002736968408
-.420000  0.260000    0.0000004242886538
-.380000  0.260000    0.0000005816921050
-.340000  0.260000    0.0000007372494685
-.300000  0.260000    0.0000008826388710
-.260000  0.260000    0.0000010102424205
-.220000  0.260000    0.0000008508935899
-.180000  0.260000    0.0000009737118443
-.140000  0.260000    0.0000007955734968
-.100000  0.260000    0.0000009131591201
-.060000  0.260000    0.0000007526634890
-.020000  0.260000    0.0000006040328923
0.020000  0.260000    0.0000004721827184
0.060000  0.260000    0.0000003537943065
0.100000  0.260000    0.0000002523530379
0.140000  0.260000   -0.0000000928562056
0.180000  0.260000   -0.0000001707565855
0.220000  0.260000   -0.0000004959294826
0.260000  0.260000   -0.0000005379382514
0.300000  0.260000   -0.0000008484603129
0.340000  0.260000   -0.0000011403099996
0.380000  0.260000   -0.0000014138990078
0.420000  0.260000   -0.0000016657946865
0.460000  0.260000   -0.0000018937209787
0.500000  0.260000   -0.0000020938188578
0.540000  0.260000   -0.0000022597973706
0.580000  0.260000   -0.0000023840906710
0.620000  0.260000   -0.0000024613783321
0.660000  0.260000   -0.0000024811283207
0.700000  0.260000   -0.0000026142233748
0.740000  0.260000   -0.0000024801180127
0.780000  0.260000   -0.0000023879735726
0.820000  0.260000   -0.0000021471840762
0.860000  0.260000   -0.0000017397750730
0.900000  0.260000   -0.0000012092403926
0.940000  0.260000   -0.0000005172536193
-.740000  0.300000   -0.0000001224099301
-.700000  0.300000   -0.0000001598726235
-.660000  0.300000   -0.0000002239004794
-.620000  0.300000   -0.0000000370881920
-.580000  0.300000    0.0000000344482265
-.540000  0.300000    0.0000001442385745
-.500000  0.300000    0.0000002864019950
-.460000  0.300000    0.0000004526697120
-.420000  0.300000    0.0000006325893563
-.380000  0.300000    0.0000008162536828
-.340000  0.300000    0.0000006684460059
-.300000  0.300000    0.0000008591268899
-.260000  0.300000    0.0000010321400595
-.220000  0.300000    0.0000011774731138
-.180000  0.300000    0.0000010230460196
-.140000  0.300000    0.0000011521448664
-.100000  0.300000    0.0000009916115563
-.060000  0.300000    0.0000008263804989
-.020000  0.300000    0.0000006692167980
0.020000  0.300000    0.0000005229028868
0.060000  0.300000    0.0000003847725897
0.100000  0.300000    0.0000002609684373
0.140000  0.300000    0.0000001572365207
0.180000  0.300000   -0.0000002401183276
0.220000  0.300000   -0.0000003109374003
0.260000  0.300000   -0.0000006884926544
0.300000  0.300000   -0.0000010423067730
0.340000  0.300000   -0.0000013734477627
0.380000  0.300000   -0.0000013846060123
0.420000  0.300000   -0.0000016824772817
0.460000  0.300000   -0.0000019503623710
0.500000  0.300000   -0.0000021806702673
0.540000  0.300000   -0.0000023693530377
0.580000  0.300000   -0.0000025065708071
0.620000  0.300000   -0.0000025843524878
0.660000  0.300000   -0.0000028357315808
0.700000  0.300000   -0.0000027579917727
0.740000  0.300000   -0.0000027608752882
0.780000  0.300000   -0.0000024599744207
0.820000  0.300000   -0.0000021574299199
0.860000  0.300000   -0.0000017654034948
0.900000  0.300000   -0.0000010788473115
0.940000  0.300000   -0.0000001772275802
-.740000  0.340000   -0.0000000670657227
-.700000  0.340000   -0.0000002105360653
-.660000  0.340000   -0.0000001508029168
-.620000  0.340000   -0.0000001521594151
-.580000  0.340000   -0.0000001034642699
-.540000  0.340000   -0.0000000043930985
-.500000  0.340000    0.0000001398476244
-.460000  0.340000    0.0000003203247804
-.420000  0.340000    0.0000005256772777
-.380000  0.340000    0.0000007429833885
-.340000  0.340000    0.0000009590207948
-.300000  0.340000    0.0000008026721755
-.260000  0.340000    0.0000010237910619
-.220000  0.340000    0.0000012149409054
-.180000  0.340000    0.0000010525985302
-.140000  0.340000    0.0000012212372665
-.100000  0.340000    0.0000010563429332
-.060000  0.340000    0.0000008877523291
-.020000  0.340000    0.0000007235750558
0.020000  0.340000    0.0000005645428827
0.060000  0.340000    0.0000004119389440
0.100000  0.340000    0.0000002691687850
0.140000  0.340000    0.0000001416554019
0.180000  0.340000   -0.0000003010977616
0.220000  0.340000   -0.0000004011056366
0.260000  0.340000   -0.0000008216613492
0.300000  0.340000   -0.0000012150803739
0.340000  0.340000   -0.0000012624036615
0.380000  0.340000   -0.0000016242335755
0.420000  0.340000   -0.0000019513127251
0.460000  0.340000   -0.0000022424448450
0.500000  0.340000   -0.0000024898821553
0.540000  0.340000   -0.0000026881380961
0.580000  0.340000   -0.0000028264914601
0.620000  0.340000   -0.0000028954961454
0.660000  0.340000   -0.0000028811437137
0.700000  0.340000   -0.0000030034068916
0.740000  0.340000   -0.0000027681604531
0.780000  0.340000   -0.0000025747916953
0.820000  0.340000   -0.0000021698482865
0.860000  0.340000   -0.0000016501045480
0.900000  0.340000   -0.0000008954833307
0.940000  0.340000    0.0000003244679745
-.740000  0.380000   -0.0000000349578972
-.700000  0.380000   -0.0000002331130929
-.660000  0.380000   -0.0000002231892880
-.620000  0.380000   -0.0000002663266812
-.580000  0.380000   -0.0000002492004811
-.540000  0.380000   -0.0000001690175121
-.500000  0.380000   -0.0000000293872410
-.460000  0.380000    0.0000001607476738
-.420000  0.380000    0.0000003881023649
-.380000  0.380000    0.0000006378319629
-.340000  0.380000    0.0000008931080329
-.300000  0.380000    0.0000011377850829
-.260000  0.380000    0.0000009905913533
-.220000  0.380000    0.0000012278628769
-.180000  0.380000    0.0000010638813983
-.140000  0.380000    0.0000012731055258
-.100000  0.380000    0.0000011075092134
-.060000  0.380000    0.0000009369209455
-.020000  0.380000    0.0000007668341430
0.020000  0.380000    0.0000005989759292
0.060000  0.380000    0.0000004359993545
0.100000  0.380000    0.0000002777209829
0.140000  0.380000    0.0000001324185509
0.180000  0.380000   -0.0000003535051582
0.220000  0.380000   -0.0000004746346839
0.260000  0.380000   -0.0000009353044417
0.300000  0.380000   -0.0000010095131407
0.340000  0.380000   -0.0000014357448818
0.380000  0.380000   -0.0000018264689235
0.420000  0.380000   -0.0000021776469801
0.460000  0.380000   -0.0000024862492285
0.500000  0.380000   -0.0000027437643603
0.540000  0.380000   -0.0000029442484118
0.580000  0.380000   -0.0000030754821699
0.620000  0.380000   -0.0000031261024952
0.660000  0.380000   -0.0000030803101044
0.700000  0.380000   -0.0000031489424958
0.740000  0.380000   -0.0000028473025142
0.780000  0.380000   -0.0000025608761844
0.820000  0.380000   -0.0000020306927698
0.860000  0.380000   -0.0000013453316352
0.900000  0.380000   -0.0000004441723590
-.700000  0.420000   -0.0000001270044485
-.660000  0.420000   -0.0000002704057248
-.620000  0.420000   -0.0000003628144867
-.580000  0.420000   -0.0000000928700385
-.540000  0.420000    0.0000000167950676
-.500000  0.420000    0.0000001857957898
-.460000  0.420000    0.0000004033038865
-.420000  0.420000    0.0000006544973056
-.380000  0.420000    0.0000005107149938
-.340000  0.420000    0.0000008027359090
-.300000  0.420000    0.0000010888812481
-.260000  0.420000    0.0000009371406993
-.220000  0.420000    0.0000012204677600
-.180000  0.420000    0.0000010586818224
-.140000  0.420000    0.0000013092301491
-.100000  0.420000    0.0000011447475447
-.060000  0.420000    0.0000009745636689
-.020000  0.420000    0.0000008009032898
0.020000  0.420000    0.0000006289401988
0.060000  0.420000    0.0000004584093066
0.100000  0.420000    0.0000002896281231
0.140000  0.420000    0.0000001326595299
0.180000  0.420000   -0.0000003938076453
0.220000  0.420000   -0.0000005287331274
0.260000  0.420000   -0.0000010249242671
0.300000  0.420000   -0.0000011162806603
0.340000  0.420000   -0.0000015719869959
0.380000  0.420000   -0.0000019867377429
0.420000  0.420000   -0.0000019750545027
0.460000  0.420000   -0.0000023149305848
0.500000  0.420000   -0.0000025928789240
0.540000  0.420000   -0.0000028020027010
0.580000  0.420000   -0.0000029269063691
0.620000  0.420000   -0.0000032619746349
0.660000  0.420000   -0.0000031722328712
0.700000  0.420000   -0.0000029417827905
0.740000  0.420000   -0.0000027893297632
0.780000  0.420000   -0.0000023913704685
0.820000  0.420000   -0.0000018819836942
0.860000  0.420000   -0.0000009689400552
0.900000  0.420000    0.0000002705877650
-.700000  0.460000   -0.0000001350928889
-.660000  0.460000   -0.0000002778426959
-.620000  0.460000   -0.0000004249813621
-.580000  0.460000   -0.0000001929104889
-.540000  0.460000   -0.0000001085836918
-.500000  0.460000    0.0000000479586670
-.460000  0.460000    0.0000002667563622
-.420000  0.460000    0.0000005321524495
-.380000  0.460000    0.0000003718330242
-.340000  0.460000    0.0000006954542483
-.300000  0.460000    0.0000010204110913
-.260000  0.460000    0.0000008687265718
-.220000  0.460000    0.0000011955834212
-.180000  0.460000    0.0000010394396478
-.140000  0.460000    0.0000013314004830
-.100000  0.460000    0.0000011713594305
-.060000  0.460000    0.0000010025105005
-.020000  0.460000    0.0000008292570655
0.020000  0.460000    0.0000006561461399
0.060000  0.460000    0.0000004812049418
0.100000  0.460000    0.0000003084811259
0.140000  0.460000    0.0000001451163995
0.180000  0.460000   -0.0000004180172479
0.220000  0.460000   -0.0000005594607553
0.260000  0.460000   -0.0000010879694380
0.300000  0.460000   -0.0000011861731326
0.340000  0.460000   -0.0000016654246889
0.380000  0.460000   -0.0000020966997752
0.420000  0.460000   -0.0000020863506732
0.460000  0.460000   -0.0000024312516337
0.500000  0.460000   -0.0000027044934231
0.540000  0.460000   -0.0000028982945072
0.580000  0.460000   -0.0000029958781541
0.620000  0.460000   -0.0000032897107855
0.660000  0.460000   -0.0000031393672167
0.700000  0.460000   -0.0000030702875785
0.740000  0.460000   -0.0000025668033617
0.780000  0.460000   -0.0000020246715637
0.820000  0.460000   -0.0000013324011234
0.860000  0.460000   -0.0000004508447353
-.700000  0.500000   -0.0000000048211811
-.660000  0.500000   -0.0000002335610929
-.620000  0.500000   -0.0000004375944780
-.580000  0.500000   -0.0000002654377889
-.540000  0.500000   -0.0000002145056924
-.500000  0.500000   -0.0000000790676191
-.460000  0.500000    0.0000001325463069
-.420000  0.500000    0.0000004039604405
-.380000  0.500000    0.0000002322080797
-.340000  0.500000    0.0000005805400879
-.300000  0.500000    0.0000009382012710
-.260000  0.500000    0.0000007907673806
-.220000  0.500000    0.0000011575518861
-.180000  0.500000    0.0000010096949349
-.140000  0.500000    0.0000013424440239
-.100000  0.500000    0.0000011890093323
-.060000  0.500000    0.0000010243926376
-.020000  0.500000    0.0000008555232075
0.020000  0.500000    0.0000006846044071
0.060000  0.500000    0.0000005103635308
0.100000  0.500000    0.0000003380839102
0.140000  0.500000    0.0000001743391879
0.180000  0.500000   -0.0000004206990588
0.220000  0.500000   -0.0000005618815500
0.260000  0.500000   -0.0000011166445428
0.300000  0.500000   -0.0000012119537764
0.340000  0.500000   -0.0000017079192874
0.380000  0.500000   -0.0000021492832295
0.420000  0.500000   -0.0000021272613720
0.460000  0.500000   -0.0000024667281985
0.500000  0.500000   -0.0000027245011754
0.540000  0.500000   -0.0000028906406420
0.580000  0.500000   -0.0000029467876777
0.620000  0.500000   -0.0000031904468501
0.660000  0.500000   -0.0000029590601774
0.700000  0.500000   -0.0000027986985806
0.740000  0.500000   -0.0000023801552620
0.780000  0.500000   -0.0000016482532458
0.820000  0.500000   -0.0000006543169851
0.860000  0.500000    0.0000005295688205
-.660000  0.540000   -0.0000001333593329
-.620000  0.540000   -0.0000003888904449
-.580000  0.540000   -0.0000002982033738
-.540000  0.540000   -0.0000002875700255
-.500000  0.540000   -0.0000001818860995
-.460000  0.540000    0.0000000127011720
-.420000  0.540000    0.0000002813291394
-.380000  0.540000    0.0000001022058757
-.340000  0.540000    0.0000004662330899
-.300000  0.540000    0.0000008498708631
-.260000  0.540000    0.0000007095437958
-.220000  0.540000    0.0000011117601331
-.180000  0.540000    0.0000009741565089
-.140000  0.540000    0.0000013463575884
-.100000  0.540000    0.0000012016437844
-.060000  0.540000    0.0000010453444815
-.020000  0.540000    0.0000008843920623
0.020000  0.540000    0.0000007195598247
0.060000  0.540000    0.0000005509275979
0.100000  0.540000    0.0000003848804239
0.140000  0.540000    0.0000002269362416
0.180000  0.540000   -0.0000003947574239
0.220000  0.540000   -0.0000005270663288
0.260000  0.540000   -0.0000011023057691
0.300000  0.540000   -0.0000011847190402
0.340000  0.540000   -0.0000016894550106
0.380000  0.540000   -0.0000021319628091
0.420000  0.540000   -0.0000020838854538
0.460000  0.540000   -0.0000024076185318
0.500000  0.540000   -0.0000026377229444
0.540000  0.540000   -0.0000027612024813
0.580000  0.540000   -0.0000027581812617
0.620000  0.540000   -0.0000029402662763
0.660000  0.540000   -0.0000026001553667
0.700000  0.540000   -0.0000023222933064
0.740000  0.540000   -0.0000017329766868
0.780000  0.540000   -0.0000009790707427
0.820000  0.540000    0.0000000634047688
-.620000  0.580000   -0.0000002740004384
-.580000  0.580000   -0.0000005108678607
-.540000  0.580000   -0.0000003168737845
-.500000  0.580000   -0.0000002491714817
-.460000  0.580000   -0.0000000810673893
-.420000  0.580000    0.0000001742054150
-.380000  0.580000   -0.0000000075926375
-.340000  0.580000    0.0000003618861344
-.300000  0.580000    0.0000007628590499
-.260000  0.580000    0.0000006318572798
-.220000  0.580000    0.0000010635540911
-.180000  0.580000    0.0000009382531925
-.140000  0.580000    0.0000008001698753
-.100000  0.580000    0.0000012150522348
-.060000  0.580000    0.0000010711719786
-.020000  0.580000    0.0000009220134368
0.020000  0.580000    0.0000007676664988
0.060000  0.580000    0.0000006104138085
0.100000  0.580000    0.0000004561102195
0.140000  0.580000   -0.0000001955723248
0.180000  0.580000   -0.0000003308363792
0.220000  0.580000   -0.0000004466829966
0.260000  0.580000   -0.0000010338934160
0.300000  0.580000   -0.0000010924117001
0.340000  0.580000   -0.0000015973371105
0.380000  0.580000   -0.0000020312542185
0.420000  0.580000   -0.0000019411694239
0.460000  0.580000   -0.0000022361162945
0.500000  0.580000   -0.0000024233287324
0.540000  0.580000   -0.0000024863626614
0.580000  0.580000   -0.0000027705233356
0.620000  0.580000   -0.0000025049515134
0.660000  0.580000   -0.0000023315919338
0.700000  0.580000   -0.0000018668355713
0.740000  0.580000   -0.0000010242747086
0.780000  0.580000   -0.0000001079330583
-.620000  0.620000   -0.0000001594308318
-.580000  0.620000   -0.0000003808659622
-.540000  0.620000   -0.0000005689321077
-.500000  0.620000   -0.0000006320666400
-.460000  0.620000   -0.0000005648071648
-.420000  0.620000   -0.0000003766319034
-.380000  0.620000   -0.0000000873851166
-.340000  0.620000    0.0000002765280924
-.300000  0.620000    0.0000006847766007
-.260000  0.620000    0.0000005660013414
-.220000  0.620000    0.0000010199912585
-.180000  0.620000    0.0000009096162815
-.140000  0.620000    0.0000007855446562
-.100000  0.620000    0.0000006577880359
-.060000  0.620000    0.0000011087736277
-.020000  0.620000    0.0000009756781391
0.020000  0.620000    0.0000008369492442
0.060000  0.620000    0.0000006965371805
0.100000  0.620000    0.0000000180439152
0.140000  0.620000   -0.0000001054079230
0.180000  0.620000   -0.0000002175392629
0.220000  0.620000   -0.0000003076713997
0.260000  0.620000   -0.0000008983540586
0.300000  0.620000   -0.0000009218616353
0.340000  0.620000   -0.0000014154198297
0.380000  0.620000   -0.0000018297921504
0.420000  0.620000   -0.0000021544673147
0.460000  0.620000   -0.0000023762054038
0.500000  0.620000   -0.0000024785104855
0.540000  0.620000   -0.0000024454946158
0.580000  0.620000   -0.0000022452545273
0.620000  0.620000   -0.0000021747191938
0.660000  0.620000   -0.0000015052548164
0.700000  0.620000   -0.0000011160543805
0.740000  0.620000   -0.0000001591101239
0.780000  0.620000    0.0000010988161160
-.580000  0.660000   -0.0000002975224368
-.540000  0.660000   -0.0000004248289305
-.500000  0.660000   -0.0000005442815170
-.460000  0.660000   -0.0000005299747603
-.420000  0.660000   -0.0000003855721856
-.380000  0.660000   -0.0000001277262939
-.340000  0.660000    0.0000002185127234
-.300000  0.660000    0.0000000657317532
-.260000  0.660000    0.0000005204107528
-.220000  0.660000    0.0000003970644285
-.180000  0.660000    0.0000008959189813
-.140000  0.660000    0.0000007897789558
-.100000  0.660000    0.0000006793666506
-.060000  0.660000    0.0000005681660743
-.020000  0.660000    0.0000004564247553
0.020000  0.660000    0.0000003466825154
0.060000  0.660000    0.0000002390298365
0.100000  0.660000    0.0000001353591284
0.140000  0.660000    0.0000000393308945
0.180000  0.660000   -0.0000000416481992
0.220000  0.660000   -0.0000006530316800
0.260000  0.660000   -0.0000006781754028
0.300000  0.660000   -0.0000011929886559
0.340000  0.660000   -0.0000011232962161
0.380000  0.660000   -0.0000015031568213
0.420000  0.660000   -0.0000017812327946
0.460000  0.660000   -0.0000019398484403
0.500000  0.660000   -0.0000019586602661
0.540000  0.660000   -0.0000018142875163
0.580000  0.660000   -0.0000018502690164
0.620000  0.660000   -0.0000012463255930
0.660000  0.660000   -0.0000009982500851
0.700000  0.660000   -0.0000002183892939
0.740000  0.660000    0.0000012335319605
-.540000  0.700000   -0.0000003641917827
-.500000  0.700000   -0.0000006599007332
-.460000  0.700000   -0.0000008012775298
-.420000  0.700000   -0.0000003385274148
-.380000  0.700000   -0.0000006155447747
-.340000  0.700000   -0.0000003253578579
-.300000  0.700000    0.0000000583943651
-.260000  0.700000   -0.0000000987149720
-.220000  0.700000    0.0000003977951209
-.180000  0.700000    0.0000002849990605
-.140000  0.700000    0.0000008218867286
-.100000  0.700000    0.0000007331823059
-.060000  0.700000    0.0000006431883927
-.020000  0.700000    0.0000005536143559
0.020000  0.700000    0.0000004678975639
0.060000  0.700000    0.0000003872194131
0.100000  0.700000    0.0000003143409321
0.140000  0.700000    0.0000002536309665
0.180000  0.700000   -0.0000003736223272
0.220000  0.700000   -0.0000003831013912
0.260000  0.700000   -0.0000009143325252
0.300000  0.700000   -0.0000008398738567
0.340000  0.700000   -0.0000012380425771
0.380000  0.700000   -0.0000015337351676
0.420000  0.700000   -0.0000012320019454
0.460000  0.700000   -0.0000017584399601
0.500000  0.700000   -0.0000016463012068
0.540000  0.700000   -0.0000013434247472
0.580000  0.700000   -0.0000011815360267
0.620000  0.700000   -0.0000006731964013
0.660000  0.700000   -0.0000000157691594
0.700000  0.700000    0.0000011592087179
-.540000  0.740000   -0.0000000499998624
-.500000  0.740000   -0.0000005312624431
-.460000  0.740000   -0.0000005462243421
-.420000  0.740000   -0.0000005933464695
-.380000  0.740000   -0.0000004885214152
-.340000  0.740000   -0.0000002499279331
-.300000  0.740000   -0.0000004588083446
-.260000  0.740000   -0.0000000404555014
-.220000  0.740000   -0.0000001833168235
-.180000  0.740000    0.0000003481757527
-.140000  0.740000    0.0000002596899940
-.100000  0.740000    0.0000001779686485
-.060000  0.740000    0.0000007663793606
-.020000  0.740000    0.0000007055110311
0.020000  0.740000    0.0000006507169473
0.060000  0.740000    0.0000006043805025
0.100000  0.740000   -0.0000000565150338
0.140000  0.740000   -0.0000000632544343
0.180000  0.740000   -0.0000000473197122
0.220000  0.740000   -0.0000005902194747
0.260000  0.740000   -0.0000004940328152
0.300000  0.740000   -0.0000009030932556
0.340000  0.740000   -0.0000006785018995
0.380000  0.740000   -0.0000009003370976
0.420000  0.740000   -0.0000009871814921
0.460000  0.740000   -0.0000009123967799
0.500000  0.740000   -0.0000010834714747
0.540000  0.740000   -0.0000005613887491
0.580000  0.740000   -0.0000001190739928
0.620000  0.740000    0.0000004628685084
0.660000  0.740000    0.0000016354350340
-.500000  0.780000   -0.0000000902453453
-.460000  0.780000   -0.0000004222155895
-.420000  0.780000   -0.0000006395755067
-.380000  0.780000   -0.0000006824805448
-.340000  0.780000   -0.0000005614767788
-.300000  0.780000   -0.0000002996821945
-.260000  0.780000   -0.0000004922651446
-.220000  0.780000   -0.0000000447764644
-.180000  0.780000   -0.0000001568829114
-.140000  0.780000    0.0000004025105598
-.100000  0.780000    0.0000003480230219
-.060000  0.780000    0.0000003032947774
-.020000  0.780000    0.0000002732849020
0.020000  0.780000    0.0000002587133349
0.060000  0.780000    0.0000002612036029
0.100000  0.780000    0.0000002827077937
0.140000  0.780000    0.0000003280159011
0.180000  0.780000   -0.0000002168118114
0.220000  0.780000   -0.0000000902317301
0.260000  0.780000   -0.0000005018874648
0.300000  0.780000   -0.0000002507421948
0.340000  0.780000   -0.0000004763807092
0.380000  0.780000   -0.0000005659815016
0.420000  0.780000   -0.0000004957683651
0.460000  0.780000   -0.0000002283357589
0.500000  0.780000   -0.0000001724973525
0.540000  0.780000    0.0000002588541607
0.580000  0.780000    0.0000008639144541
0.620000  0.780000    0.0000018632828903
-.460000  0.820000   -0.0000000462326823
-.420000  0.820000   -0.0000006136238318
-.380000  0.820000   -0.0000006280418746
-.340000  0.820000   -0.0000006596069975
-.300000  0.820000   -0.0000005206962286
-.260000  0.820000   -0.0000007682805738
-.220000  0.820000   -0.0000003930354484
-.180000  0.820000   -0.0000005323542885
-.140000  0.820000    0.0000000081857036
-.100000  0.820000   -0.0000000427454381
-.060000  0.820000   -0.0000000685323019
-.020000  0.820000   -0.0000000679363914
0.020000  0.820000   -0.0000000400634064
0.060000  0.820000    0.0000000153010064
0.100000  0.820000    0.0000001001721754
0.140000  0.820000    0.0000002188862679
0.180000  0.820000   -0.0000002461178955
0.220000  0.820000   -0.0000000242625505
0.260000  0.820000   -0.0000003285592987
0.300000  0.820000    0.0000000476737338
0.340000  0.820000   -0.0000000311823370
0.380000  0.820000    0.0000000540616548
0.420000  0.820000   -0.0000001555400540
0.460000  0.820000    0.0000004059544533
0.500000  0.820000    0.0000008938066839
0.540000  0.820000    0.0000012791249786
-.380000  0.860000   -0.0000004379945753
-.340000  0.860000   -0.0000007771705654
-.300000  0.860000   -0.0000008838747595
-.260000  0.860000   -0.0000007885543519
-.220000  0.860000   -0.0000005271649863
-.180000  0.860000   -0.0000006949412386
-.140000  0.860000   -0.0000002151495983
-.100000  0.860000   -0.0000002624208078
-.060000  0.860000   -0.0000002725879171
-.020000  0.860000   -0.0000002433092335
0.020000  0.860000   -0.0000001736898010
0.060000  0.860000   -0.0000000628877433
0.100000  0.860000    0.0000000911274555
0.140000  0.860000    0.0000002927014309
0.180000  0.860000   -0.0000000651622861
0.220000  0.860000    0.0000002706533265
0.260000  0.860000    0.0000001070416966
0.300000  0.860000    0.0000000844033884
0.340000  0.860000    0.0000002322127340
0.380000  0.860000    0.0000005943510344
0.420000  0.860000    0.0000007698996661
0.460000  0.860000    0.0000010387325169
0.500000  0.860000    0.0000019920004610
-.340000  0.900000   -0.0000002798571203
-.300000  0.900000   -0.0000006561469441
-.260000  0.900000   -0.0000008423717662
-.220000  0.900000   -0.0000007968495485
-.180000  0.900000   -0.0000005650917776
-.140000  0.900000   -0.0000007079128030
-.100000  0.900000   -0.0000002297736311
-.060000  0.900000   -0.0000002243374095
-.020000  0.900000   -0.0000001665548814
0.020000  0.900000   -0.0000000537783868
0.060000  0.900000    0.0000001155034880
0.100000  0.900000    0.0000003454970706
0.140000  0.900000    0.0000000480021251
0.180000  0.900000    0.0000004313938163
0.220000  0.900000    0.0000003422052956
0.260000  0.900000    0.0000004038951488
0.300000  0.900000    0.0000006567717864
0.340000  0.900000    0.0000006857414292
0.380000  0.900000    0.0000011738824786
0.420000  0.900000    0.0000019277535006
-.260000  0.940000   -0.0000003807085901
-.220000  0.940000   -0.0000006808471946
-.180000  0.940000   -0.0000007763493220
-.140000  0.940000   -0.0000006334186964
-.100000  0.940000   -0.0000007658546435
-.060000  0.940000   -0.0000003154186072
-.020000  0.940000   -0.0000002460937850
0.020000  0.940000   -0.0000000960973039
0.060000  0.940000    0.0000001382313846
0.100000  0.940000   -0.0000000641467553
0.140000  0.940000    0.0000003659922679
0.180000  0.940000    0.0000004122485359
0.220000  0.940000    0.0000006457432047
0.260000  0.940000    0.0000007000569136
0.300000  0.940000    0.0000012719807111
0.340000  0.940000    0.0000022459959118
-.140000  0.980000   -0.0000004060022246
-.100000  0.980000   -0.0000006832742096
-.060000  0.980000   -0.0000005812425861
-.020000  0.980000   -0.0000002327114332
0.020000  0.980000   -0.0000000531934795
0.060000  0.980000   -0.0000000869323163
0.100000  0.980000    0.0000000679841969
0.140000  0.980000    0.0000005001857457
0.180000  0.980000    0.0000009575787199
