-.140000  -.980000    0.0000290755856411
-.100000  -.980000    0.0000504563549397
-.060000  -.980000    0.0000651099761932
-.020000  -.980000    0.0000758387702776
0.020000  -.980000    0.0000845799542824
0.060000  -.980000    0.0000908995902233
0.100000  -.980000    0.0000934486647671
0.140000  -.980000    0.0000915487470648
0.180000  -.980000    0.0000823338772068
-.260000  -.940000    0.0000294806176164
-.220000  -.940000    0.0000525780891364
-.180000  -.940000    0.0000720835881480
-.140000  -.940000    0.0000883763064008
-.100000  -.940000    0.0001033714876508
-.060000  -.940000    0.0001152627716036
-.020000  -.940000    0.0001261128083340
0.020000  -.940000    0.0001350335473585
0.060000  -.940000    0.0001421013236758
0.100000  -.940000    0.0001470110099021
0.140000  -.940000    0.0001501257162868
0.180000  -.940000    0.0001503569667717
0.220000  -.940000    0.0001477790026525
0.260000  -.940000    0.0001404866373871
0.300000  -.940000    0.0001279541011259
0.340000  -.940000    0.0000903877146852
-.340000  -.900000    0.0000296127469840
-.300000  -.900000    0.0000538637405161
-.260000  -.900000    0.0000753419602200
-.220000  -.900000    0.0000939809593339
-.180000  -.900000    0.0001105087768129
-.140000  -.900000    0.0001262929252165
-.100000  -.900000    0.0001395382910015
-.060000  -.900000    0.0001519846967544
-.020000  -.900000    0.0001628068087970
0.020000  -.900000    0.0001720890928826
0.060000  -.900000    0.0001798787090893
0.100000  -.900000    0.0001861820376079
0.140000  -.900000    0.0001899375409911
0.180000  -.900000    0.0001929796650034
0.220000  -.900000    0.0001927850752917
0.260000  -.900000    0.0001902994820058
0.300000  -.900000    0.0001853138440429
0.340000  -.900000    0.0001749861150442
0.380000  -.900000    0.0001603439584669
0.420000  -.900000    0.0001324020758274
-.420000  -.860000    0.0000171579741393
-.380000  -.860000    0.0000440772347278
-.340000  -.860000    0.0000681132585627
-.300000  -.860000    0.0000892523015834
-.260000  -.860000    0.0001082073842553
-.220000  -.860000    0.0001254537920832
-.180000  -.860000    0.0001422059699184
-.140000  -.860000    0.0001566469244853
-.100000  -.860000    0.0001704227173044
-.060000  -.860000    0.0001827103431243
-.020000  -.860000    0.0001935893077725
0.020000  -.860000    0.0002031237004996
0.060000  -.860000    0.0002113528208577
0.100000  -.860000    0.0002182906758586
0.140000  -.860000    0.0002239220762877
0.180000  -.860000    0.0002265092547730
0.220000  -.860000    0.0002292383711034
0.260000  -.860000    0.0002282449062126
0.300000  -.860000    0.0002251776855801
0.340000  -.860000    0.0002199261641695
0.380000  -.860000    0.0002122072872948
0.420000  -.860000    0.0001982535161359
0.460000  -.860000    0.0001763794102989
0.500000  -.860000    0.0001383641206088
-.460000  -.820000    0.0000262210429136
-.420000  -.820000    0.0000532678999522
-.380000  -.820000    0.0000755443165245
-.340000  -.820000    0.0000970462153270
-.300000  -.820000    0.0001167097481305
-.260000  -.820000    0.0001360749459346
-.220000  -.820000    0.0001527888728627
-.180000  -.820000    0.0001690958590221
-.140000  -.820000    0.0001835337490688
-.100000  -.820000    0.0001972585654044
-.060000  -.820000    0.0002096382987578
-.020000  -.820000    0.0002207315292095
0.020000  -.820000    0.0002305907402702
0.060000  -.820000    0.0002392516250578
0.100000  -.820000    0.0002467308287401
0.140000  -.820000    0.0002530235989052
0.180000  -.820000    0.0002561270429895
0.220000  -.820000    0.0002598060511980
0.260000  -.820000    0.0002596033732380
0.300000  -.820000    0.0002604741271249
0.340000  -.820000    0.0002568053355532
0.380000  -.820000    0.0002510616995559
0.420000  -.820000    0.0002393385868168
0.460000  -.820000    0.0002285641258489
0.500000  -.820000    0.0002103605708137
0.540000  -.820000    0.0001784111220527
-.540000  -.780000    0.0000014058750323
-.500000  -.780000    0.0000303078954680
-.460000  -.780000    0.0000556726244131
-.420000  -.780000    0.0000798063838519
-.380000  -.780000    0.0001018820519171
-.340000  -.780000    0.0001222732728216
-.300000  -.780000    0.0001412683710369
-.260000  -.780000    0.0001601488416291
-.220000  -.780000    0.0001767166902827
-.180000  -.780000    0.0001929176597843
-.140000  -.780000    0.0002074830015451
-.100000  -.780000    0.0002213309132113
-.060000  -.780000    0.0002339207352758
-.020000  -.780000    0.0002453035480669
0.020000  -.780000    0.0002555200731560
0.060000  -.780000    0.0002646047127915
0.100000  -.780000    0.0002725765188630
0.140000  -.780000    0.0002794370006030
0.180000  -.780000    0.0002831059592543
0.220000  -.780000    0.0002875265423319
0.260000  -.780000    0.0002880453740377
0.300000  -.780000    0.0002899223446708
0.340000  -.780000    0.0002872379353557
0.380000  -.780000    0.0002826683496666
0.420000  -.780000    0.0002761291078802
0.460000  -.780000    0.0002674350493282
0.500000  -.780000    0.0002518756452590
0.540000  -.780000    0.0002329551873089
0.580000  -.780000    0.0002047877070798
0.620000  -.780000    0.0001477947791239
-.580000  -.740000    0.0000017398395980
-.540000  -.740000    0.0000300889895251
-.500000  -.740000    0.0000572097269817
-.460000  -.740000    0.0000802668092011
-.420000  -.740000    0.0001030492843667
-.380000  -.740000    0.0001242559216207
-.340000  -.740000    0.0001441297276792
-.300000  -.740000    0.0001640492958431
-.260000  -.740000    0.0001815658016408
-.220000  -.740000    0.0001988600656283
-.180000  -.740000    0.0002144150295752
-.140000  -.740000    0.0002293840334564
-.100000  -.740000    0.0002431016442976
-.060000  -.740000    0.0002560538791995
-.020000  -.740000    0.0002677554544830
0.020000  -.740000    0.0002783408281840
0.060000  -.740000    0.0002878378909771
0.100000  -.740000    0.0002946698244637
0.140000  -.740000    0.0003018175952362
0.180000  -.740000    0.0003079283833224
0.220000  -.740000    0.0003104094491305
0.260000  -.740000    0.0003142270122853
0.300000  -.740000    0.0003137172158870
0.340000  -.740000    0.0003151008468495
0.380000  -.740000    0.0003115108332660
0.420000  -.740000    0.0003060866318242
0.460000  -.740000    0.0002987378383020
0.500000  -.740000    0.0002845011065905
0.540000  -.740000    0.0002725551517578
0.580000  -.740000    0.0002525676111478
0.620000  -.740000    0.0002231555858494
0.660000  -.740000    0.0001753987057560
-.580000  -.700000    0.0000275689573624
-.540000  -.700000    0.0000538027699537
-.500000  -.700000    0.0000792098119892
-.460000  -.700000    0.0001027636263579
-.420000  -.700000    0.0001230731925090
-.380000  -.700000    0.0001453699857057
-.340000  -.700000    0.0001648550249445
-.300000  -.700000    0.0001833215175961
-.260000  -.700000    0.0002017513468408
-.220000  -.700000    0.0002182560295946
-.180000  -.700000    0.0002343566781079
-.140000  -.700000    0.0002491275547502
-.100000  -.700000    0.0002631177300152
-.060000  -.700000    0.0002759505902966
-.020000  -.700000    0.0002876730169825
0.020000  -.700000    0.0002983277566738
0.060000  -.700000    0.0003079473855972
0.100000  -.700000    0.0003165588207267
0.140000  -.700000    0.0003241757460383
0.180000  -.700000    0.0003285420762843
0.220000  -.700000    0.0003339811010004
0.260000  -.700000    0.0003354407322063
0.300000  -.700000    0.0003386876894525
0.340000  -.700000    0.0003372747136923
0.380000  -.700000    0.0003341680390154
0.420000  -.700000    0.0003337221005568
0.460000  -.700000    0.0003227885665868
0.500000  -.700000    0.0003143740990390
0.540000  -.700000    0.0003039348156727
0.580000  -.700000    0.0002856310263496
0.620000  -.700000    0.0002642354079322
0.660000  -.700000    0.0002330603434969
0.700000  -.700000    0.0001833547311199
-.620000  -.660000    0.0000210753267220
-.580000  -.660000    0.0000490431469171
-.540000  -.660000    0.0000735135257001
-.500000  -.660000    0.0000978737294766
-.460000  -.660000    0.0001207521637741
-.420000  -.660000    0.0001423342846038
-.380000  -.660000    0.0001627788018159
-.340000  -.660000    0.0001822031252249
-.300000  -.660000    0.0002017990712158
-.260000  -.660000    0.0002192440760849
-.220000  -.660000    0.0002365080369160
-.180000  -.660000    0.0002521936515775
-.140000  -.660000    0.0002673158324444
-.100000  -.660000    0.0002812679453754
-.060000  -.660000    0.0002940936927251
-.020000  -.660000    0.0003058429973144
0.020000  -.660000    0.0003165639686976
0.060000  -.660000    0.0003262931281444
0.100000  -.660000    0.0003350630714404
0.140000  -.660000    0.0003428916796779
0.180000  -.660000    0.0003497824777962
0.220000  -.660000    0.0003531247937040
0.260000  -.660000    0.0003579479317059
0.300000  -.660000    0.0003585149168019
0.340000  -.660000    0.0003612106717382
0.380000  -.660000    0.0003589877839919
0.420000  -.660000    0.0003550989519499
0.460000  -.660000    0.0003495128410547
0.500000  -.660000    0.0003421619723805
0.540000  -.660000    0.0003329248657466
0.580000  -.660000    0.0003159058682679
0.620000  -.660000    0.0003020809980315
0.660000  -.660000    0.0002731205858343
0.700000  -.660000    0.0002399552491608
0.740000  -.660000    0.0001870942451529
-.660000  -.620000    0.0000131793506826
-.620000  -.620000    0.0000415838139151
-.580000  -.620000    0.0000669298382181
-.540000  -.620000    0.0000921587277003
-.500000  -.620000    0.0001159080400122
-.460000  -.620000    0.0001383392643672
-.420000  -.620000    0.0001596095507788
-.380000  -.620000    0.0001798405571909
-.340000  -.620000    0.0001991217290288
-.300000  -.620000    0.0002175159523024
-.260000  -.620000    0.0002359702065530
-.220000  -.620000    0.0002525617047364
-.180000  -.620000    0.0002688420599653
-.140000  -.620000    0.0002839285250338
-.100000  -.620000    0.0002978631821946
-.060000  -.620000    0.0003112197939784
-.020000  -.620000    0.0003233273713255
0.020000  -.620000    0.0003344168377287
0.060000  -.620000    0.0003445323261474
0.100000  -.620000    0.0003519951805927
0.140000  -.620000    0.0003600091079124
0.180000  -.620000    0.0003671355985873
0.220000  -.620000    0.0003733697516622
0.260000  -.620000    0.0003758182401200
0.300000  -.620000    0.0003800663478514
0.340000  -.620000    0.0003798416059706
0.380000  -.620000    0.0003780308016126
0.420000  -.620000    0.0003746258960420
0.460000  -.620000    0.0003696038288501
0.500000  -.620000    0.0003629143497568
0.540000  -.620000    0.0003544752866172
0.580000  -.620000    0.0003441565991987
0.620000  -.620000    0.0003255535935315
0.660000  -.620000    0.0003105888013600
0.700000  -.620000    0.0002795452870324
0.740000  -.620000    0.0002441175623989
0.780000  -.620000    0.0001679869450099
-.700000  -.580000    0.0000036916446752
-.660000  -.580000    0.0000316673867933
-.620000  -.580000    0.0000578833451367
-.580000  -.580000    0.0000839897737412
-.540000  -.580000    0.0001067214784985
-.500000  -.580000    0.0001300904995409
-.460000  -.580000    0.0001523358827704
-.420000  -.580000    0.0001735503192621
-.380000  -.580000    0.0001952845516330
-.340000  -.580000    0.0002144772964127
-.300000  -.580000    0.0002328130507294
-.260000  -.580000    0.0002512178658891
-.220000  -.580000    0.0002677903766810
-.180000  -.580000    0.0002840503844620
-.140000  -.580000    0.0002991247102965
-.100000  -.580000    0.0003132819536415
-.060000  -.580000    0.0003264691002485
-.020000  -.580000    0.0003386164091282
0.020000  -.580000    0.0003497700344421
0.060000  -.580000    0.0003599794014828
0.100000  -.580000    0.0003692796411254
0.140000  -.580000    0.0003756853661806
0.180000  -.580000    0.0003830224961024
0.220000  -.580000    0.0003895164534961
0.260000  -.580000    0.0003921997202306
0.300000  -.580000    0.0003968114266719
0.340000  -.580000    0.0003969285780596
0.380000  -.580000    0.0003955156254718
0.420000  -.580000    0.0003970669274221
0.460000  -.580000    0.0003929757266935
0.500000  -.580000    0.0003872559449884
0.540000  -.580000    0.0003798321317258
0.580000  -.580000    0.0003646868347847
0.620000  -.580000    0.0003532560017588
0.660000  -.580000    0.0003330810751071
0.700000  -.580000    0.0003099958393569
0.740000  -.580000    0.0002835955566995
0.780000  -.580000    0.0002385292082987
-.700000  -.540000    0.0000196690996040
-.660000  -.540000    0.0000465543745565
-.620000  -.540000    0.0000734690198045
-.580000  -.540000    0.0000970815939755
-.540000  -.540000    0.0001213218696716
-.500000  -.540000    0.0001444369677688
-.460000  -.540000    0.0001665080852639
-.420000  -.540000    0.0001876057212974
-.380000  -.540000    0.0002092782080883
-.340000  -.540000    0.0002284186556648
-.300000  -.540000    0.0002467179130011
-.260000  -.540000    0.0002651153917946
-.220000  -.540000    0.0002816711030488
-.180000  -.540000    0.0002979371602318
-.140000  -.540000    0.0003128926163671
-.100000  -.540000    0.0003271879669857
-.060000  -.540000    0.0003404008003995
-.020000  -.540000    0.0003525875078861
0.020000  -.540000    0.0003638000554395
0.060000  -.540000    0.0003740940194123
0.100000  -.540000    0.0003835125774164
0.140000  -.540000    0.0003920854575138
0.180000  -.540000    0.0003975637149535
0.220000  -.540000    0.0004042955102926
0.260000  -.540000    0.0004072220888468
0.300000  -.540000    0.0004121634004571
0.340000  -.540000    0.0004126213791243
0.380000  -.540000    0.0004116032255375
0.420000  -.540000    0.0004136394661889
0.460000  -.540000    0.0004100523869252
0.500000  -.540000    0.0004048989429017
0.540000  -.540000    0.0003981131447509
0.580000  -.540000    0.0003896065993087
0.620000  -.540000    0.0003729624418646
0.660000  -.540000    0.0003603594646184
0.700000  -.540000    0.0003385751097509
0.740000  -.540000    0.0003137297909876
0.780000  -.540000    0.0002779143990021
0.820000  -.540000    0.0002221110100608
-.740000  -.500000    0.0000067154170850
-.700000  -.500000    0.0000344899793905
-.660000  -.500000    0.0000607265113107
-.620000  -.500000    0.0000871822504471
-.580000  -.500000    0.0001103303172610
-.540000  -.500000    0.0001343251288731
-.500000  -.500000    0.0001572741205747
-.460000  -.500000    0.0001792382209764
-.420000  -.500000    0.0002002683169527
-.380000  -.500000    0.0002219348292267
-.340000  -.500000    0.0002410486088241
-.300000  -.500000    0.0002593274428665
-.260000  -.500000    0.0002777560036189
-.220000  -.500000    0.0002942941474031
-.180000  -.500000    0.0003105901729605
-.140000  -.500000    0.0003255336846717
-.100000  -.500000    0.0003398587594039
-.060000  -.500000    0.0003531023537843
-.020000  -.500000    0.0003653266896043
0.020000  -.500000    0.0003765935658713
0.060000  -.500000    0.0003869640803190
0.100000  -.500000    0.0003964916088866
0.140000  -.500000    0.0004052093594741
0.180000  -.500000    0.0004108509789917
0.220000  -.500000    0.0004178056693301
0.260000  -.500000    0.0004209829905002
0.300000  -.500000    0.0004262319900151
0.340000  -.500000    0.0004270323589836
0.380000  -.500000    0.0004264066827695
0.420000  -.500000    0.0004288826184366
0.460000  -.500000    0.0004257811122658
0.500000  -.500000    0.0004211648120222
0.540000  -.500000    0.0004149735326457
0.580000  -.500000    0.0004071284136019
0.620000  -.500000    0.0003911555421770
0.660000  -.500000    0.0003793852683006
0.700000  -.500000    0.0003584332884935
0.740000  -.500000    0.0003346176214049
0.780000  -.500000    0.0003076850370032
0.820000  -.500000    0.0002690593865059
0.860000  -.500000    0.0001864000002132
-.740000  -.460000    0.0000192344682327
-.700000  -.460000    0.0000475419662018
-.660000  -.460000    0.0000731431010201
-.620000  -.460000    0.0000992294432618
-.580000  -.460000    0.0001220463242364
-.540000  -.460000    0.0001458761457654
-.500000  -.460000    0.0001687225146718
-.460000  -.460000    0.0001906276796334
-.420000  -.460000    0.0002116258204619
-.380000  -.460000    0.0002333300382609
-.340000  -.460000    0.0002524378083328
-.300000  -.460000    0.0002707105571693
-.260000  -.460000    0.0002892046542720
-.220000  -.460000    0.0003057266715668
-.180000  -.460000    0.0003220768445528
-.140000  -.460000    0.0003369963088305
-.100000  -.460000    0.0003513630666064
-.060000  -.460000    0.0003646420610756
-.020000  -.460000    0.0003769022901694
0.020000  -.460000    0.0003882188178547
0.060000  -.460000    0.0003986594445691
0.100000  -.460000    0.0004082870554886
0.140000  -.460000    0.0004171426212529
0.180000  -.460000    0.0004229548963994
0.220000  -.460000    0.0004301250607769
0.260000  -.460000    0.0004335596128196
0.300000  -.460000    0.0004391036656063
0.340000  -.460000    0.0004402484510152
0.380000  -.460000    0.0004400144476351
0.420000  -.460000    0.0004429012016488
0.460000  -.460000    0.0004402726656715
0.500000  -.460000    0.0004361736328125
0.540000  -.460000    0.0004305467771952
0.580000  -.460000    0.0004233210109597
0.620000  -.460000    0.0004080141785079
0.660000  -.460000    0.0003969783960178
0.700000  -.460000    0.0003767837028128
0.740000  -.460000    0.0003613917081343
0.780000  -.460000    0.0003357402926354
0.820000  -.460000    0.0002987071606795
0.860000  -.460000    0.0002411051109512
-.780000  -.420000    0.0000037546095879
-.740000  -.420000    0.0000308104491336
-.700000  -.420000    0.0000571341881482
-.660000  -.420000    0.0000839612747435
-.620000  -.420000    0.0001097660066475
-.580000  -.420000    0.0001323537196308
-.540000  -.420000    0.0001560762914359
-.500000  -.420000    0.0001788656649960
-.460000  -.420000    0.0002007460260043
-.420000  -.420000    0.0002217389753838
-.380000  -.420000    0.0002435151344937
-.340000  -.420000    0.0002626350502026
-.300000  -.420000    0.0002809145001185
-.260000  -.420000    0.0002995064688737
-.220000  -.420000    0.0003160175818785
-.180000  -.420000    0.0003324462636418
-.140000  -.420000    0.0003473351238485
-.100000  -.420000    0.0003617549512358
-.060000  -.420000    0.0003750747652030
-.020000  -.420000    0.0003873691946140
0.020000  -.420000    0.0003987285705647
0.060000  -.420000    0.0004092334820359
0.100000  -.420000    0.0004189569471054
0.140000  -.420000    0.0004279480222983
0.180000  -.420000    0.0004339353754501
0.220000  -.420000    0.0004413203191302
0.260000  -.420000    0.0004450180176203
0.300000  -.420000    0.0004508541307191
0.340000  -.420000    0.0004523441038256
0.380000  -.420000    0.0004525007801503
0.420000  -.420000    0.0004557815324889
0.460000  -.420000    0.0004536142536991
0.500000  -.420000    0.0004500181960007
0.540000  -.420000    0.0004449341292228
0.580000  -.420000    0.0004382954546026
0.620000  -.420000    0.0004236542838216
0.660000  -.420000    0.0004132939712995
0.700000  -.420000    0.0004010496898154
0.740000  -.420000    0.0003792805824192
0.780000  -.420000    0.0003545599164782
0.820000  -.420000    0.0003185064951900
0.860000  -.420000    0.0002784532349443
0.900000  -.420000    0.0002004240136465
-.780000  -.380000    0.0000138300900367
-.740000  -.380000    0.0000408888934014
-.700000  -.380000    0.0000686360592429
-.660000  -.380000    0.0000933132774242
-.620000  -.380000    0.0001189066756184
-.580000  -.380000    0.0001435090932706
-.540000  -.380000    0.0001671420234186
-.500000  -.380000    0.0001898368007366
-.460000  -.380000    0.0002116188081173
-.420000  -.380000    0.0002325084508597
-.380000  -.380000    0.0002525205363589
-.340000  -.380000    0.0002716695293754
-.300000  -.380000    0.0002899704112514
-.260000  -.380000    0.0003086904127341
-.220000  -.380000    0.0003251987087175
-.180000  -.380000    0.0003417356765352
-.140000  -.380000    0.0003565903713319
-.100000  -.380000    0.0003710775346306
-.060000  -.380000    0.0003844435873905
-.020000  -.380000    0.0003967723331566
0.020000  -.380000    0.0004081679504671
0.060000  -.380000    0.0004187327360281
0.100000  -.380000    0.0004285484798002
0.140000  -.380000    0.0004376776080459
0.180000  -.380000    0.0004438445596021
0.220000  -.380000    0.0004514507835532
0.260000  -.380000    0.0004554171820023
0.300000  -.380000    0.0004615508106932
0.340000  -.380000    0.0004633869055890
0.380000  -.380000    0.0004639333690504
0.420000  -.380000    0.0004631730644593
0.460000  -.380000    0.0004610722927101
0.500000  -.380000    0.0004575796464392
0.540000  -.380000    0.0004526426312580
0.580000  -.380000    0.0004461954982148
0.620000  -.380000    0.0004381585556139
0.660000  -.380000    0.0004284342027555
0.700000  -.380000    0.0004096886161501
0.740000  -.380000    0.0003958815695989
0.780000  -.380000    0.0003719751559474
0.820000  -.380000    0.0003450029204609
0.860000  -.380000    0.0003061638319794
0.900000  -.380000    0.0002459199075312
-.780000  -.340000    0.0000227724095287
-.740000  -.340000    0.0000494988499267
-.700000  -.340000    0.0000769274785374
-.660000  -.340000    0.0001013049345446
-.620000  -.340000    0.0001267385019451
-.580000  -.340000    0.0001512538867015
-.540000  -.340000    0.0001748559448727
-.500000  -.340000    0.0001975579600813
-.460000  -.340000    0.0002193715199043
-.420000  -.340000    0.0002403049372959
-.380000  -.340000    0.0002603648328019
-.340000  -.340000    0.0002795581168560
-.300000  -.340000    0.0002994331690478
-.260000  -.340000    0.0003167721588210
-.220000  -.340000    0.0003332905191960
-.180000  -.340000    0.0003499683644403
-.140000  -.340000    0.0003647919242309
-.100000  -.340000    0.0003793644782506
-.060000  -.340000    0.0003927855214860
-.020000  -.340000    0.0004051477593315
0.020000  -.340000    0.0004165743649635
0.060000  -.340000    0.0004271931989307
0.100000  -.340000    0.0004371038605818
0.140000  -.340000    0.0004463784112637
0.180000  -.340000    0.0004527310138487
0.220000  -.340000    0.0004605739409717
0.260000  -.340000    0.0004648156574288
0.300000  -.340000    0.0004678277488883
0.340000  -.340000    0.0004734441549961
0.380000  -.340000    0.0004743772524652
0.420000  -.340000    0.0004740393978933
0.460000  -.340000    0.0004723930215148
0.500000  -.340000    0.0004693854549936
0.540000  -.340000    0.0004649624395574
0.580000  -.340000    0.0004590578942580
0.620000  -.340000    0.0004515937329247
0.660000  -.340000    0.0004424743005378
0.700000  -.340000    0.0004244366268905
0.740000  -.340000    0.0004113081467546
0.780000  -.340000    0.0003881640238031
0.820000  -.340000    0.0003620179816326
0.860000  -.340000    0.0003240593652231
0.900000  -.340000    0.0002733728553881
0.940000  -.340000    0.0001563448735887
-.820000  -.300000    0.0000037645030237
-.780000  -.300000    0.0000303813092764
-.740000  -.300000    0.0000584735630716
-.700000  -.300000    0.0000838611132794
-.660000  -.300000    0.0001102003089129
-.620000  -.300000    0.0001333324678909
-.580000  -.300000    0.0001577859590364
-.540000  -.300000    0.0001813743972957
-.500000  -.300000    0.0002040964938393
-.460000  -.300000    0.0002259514501377
-.420000  -.300000    0.0002469387762464
-.380000  -.300000    0.0002670573413686
-.340000  -.300000    0.0002881159547671
-.300000  -.300000    0.0003063650959305
-.260000  -.300000    0.0003237526071176
-.220000  -.300000    0.0003402997819232
-.180000  -.300000    0.0003571542113791
-.140000  -.300000    0.0003719557068549
-.100000  -.300000    0.0003866430583909
-.060000  -.300000    0.0004001320780281
-.020000  -.300000    0.0004125278910958
0.020000  -.300000    0.0004239788615944
0.060000  -.300000    0.0004346478281080
0.100000  -.300000    0.0004446606730369
0.140000  -.300000    0.0004540972298061
0.180000  -.300000    0.0004606441812057
0.220000  -.300000    0.0004687498785210
0.260000  -.300000    0.0004732755436114
0.300000  -.300000    0.0004766168017013
0.340000  -.300000    0.0004787775777081
0.380000  -.300000    0.0004839049165540
0.420000  -.300000    0.0004839821990564
0.460000  -.300000    0.0004827790192209
0.500000  -.300000    0.0004802427756595
0.540000  -.300000    0.0004763173565188
0.580000  -.300000    0.0004709347167790
0.620000  -.300000    0.0004640185902284
0.660000  -.300000    0.0004487527802453
0.700000  -.300000    0.0004381299488565
0.740000  -.300000    0.0004180445210393
0.780000  -.300000    0.0004032239389440
0.820000  -.300000    0.0003778306355856
0.860000  -.300000    0.0003406192082761
0.900000  -.300000    0.0002994692832368
0.940000  -.300000    0.0002274509431086
-.820000  -.260000    0.0000106463431953
-.780000  -.260000    0.0000380339087224
-.740000  -.260000    0.0000644321429348
-.700000  -.260000    0.0000916632840835
-.660000  -.260000    0.0001156827126387
-.620000  -.260000    0.0001409975486228
-.580000  -.260000    0.0001654456561231
-.540000  -.260000    0.0001890227795610
-.500000  -.260000    0.0002117308050818
-.460000  -.260000    0.0002335685248300
-.420000  -.260000    0.0002545336808288
-.380000  -.260000    0.0002746225968298
-.340000  -.260000    0.0002938324086429
-.300000  -.260000    0.0003121627118503
-.260000  -.260000    0.0003296202087316
-.220000  -.260000    0.0003477053110692
-.180000  -.260000    0.0003632898715612
-.140000  -.260000    0.0003790569054121
-.100000  -.260000    0.0003929263831994
-.060000  -.260000    0.0004065065153189
-.020000  -.260000    0.0004189364761099
0.020000  -.260000    0.0004304061335789
0.060000  -.260000    0.0004411241875303
0.100000  -.260000    0.0004512545782606
0.140000  -.260000    0.0004587741678742
0.180000  -.260000    0.0004676394163467
0.220000  -.260000    0.0004731986686229
0.260000  -.260000    0.0004808686451065
0.300000  -.260000    0.0004845450653504
0.340000  -.260000    0.0004870741771180
0.380000  -.260000    0.0004884319485866
0.420000  -.260000    0.0004885742210317
0.460000  -.260000    0.0004874576535325
0.500000  -.260000    0.0004850242558604
0.540000  -.260000    0.0004812162326706
0.580000  -.260000    0.0004759730495481
0.620000  -.260000    0.0004692203432394
0.660000  -.260000    0.0004608689673886
0.700000  -.260000    0.0004436357234270
0.740000  -.260000    0.0004314225900178
0.780000  -.260000    0.0004092191496172
0.820000  -.260000    0.0003841334978316
0.860000  -.260000    0.0003560341072941
0.900000  -.260000    0.0003156319179321
0.940000  -.260000    0.0002531650449368
-.820000  -.220000    0.0000161454511032
-.780000  -.220000    0.0000431196184460
-.740000  -.220000    0.0000710931483100
-.700000  -.220000    0.0000960968627486
-.660000  -.220000    0.0001222822492548
-.620000  -.220000    0.0001452262881173
-.580000  -.220000    0.0001696390816433
-.540000  -.220000    0.0001932243566908
-.500000  -.220000    0.0002159706903646
-.460000  -.220000    0.0002378690533576
-.420000  -.220000    0.0002589102570163
-.380000  -.220000    0.0002790860801882
-.340000  -.220000    0.0002983878363539
-.300000  -.220000    0.0003168112864697
-.260000  -.220000    0.0003361875684428
-.220000  -.220000    0.0003527048777728
-.180000  -.220000    0.0003683515959975
-.140000  -.220000    0.0003843813981703
-.100000  -.220000    0.0003982186191520
-.060000  -.220000    0.0004119263214148
-.020000  -.220000    0.0004243979160459
0.020000  -.220000    0.0004358770401213
0.060000  -.220000    0.0004466500401127
0.100000  -.220000    0.0004569275458980
0.140000  -.220000    0.0004646208597083
0.180000  -.220000    0.0004737868897624
0.220000  -.220000    0.0004796322796090
0.260000  -.220000    0.0004844000065062
0.300000  -.220000    0.0004916974413518
0.340000  -.220000    0.0004945944621893
0.380000  -.220000    0.0004963396932966
0.420000  -.220000    0.0004968950073945
0.460000  -.220000    0.0004962115222352
0.500000  -.220000    0.0004942309163541
0.540000  -.220000    0.0004908949480101
0.580000  -.220000    0.0004861296643592
0.620000  -.220000    0.0004798762080235
0.660000  -.220000    0.0004653372531177
0.700000  -.220000    0.0004554713761824
0.740000  -.220000    0.0004362037980482
0.780000  -.220000    0.0004222843714857
0.820000  -.220000    0.0003978540255988
0.860000  -.220000    0.0003703873471930
0.900000  -.220000    0.0003306206362099
0.940000  -.220000    0.0002776384783030
-.820000  -.180000    0.0000213536660864
-.780000  -.180000    0.0000485659422970
-.740000  -.180000    0.0000745738712657
-.700000  -.180000    0.0001015993952954
-.660000  -.180000    0.0001254116524521
-.620000  -.180000    0.0001506554277297
-.580000  -.180000    0.0001750845383471
-.540000  -.180000    0.0001986850987106
-.500000  -.180000    0.0002214479324530
-.460000  -.180000    0.0002433647173879
-.420000  -.180000    0.0002644261081199
-.380000  -.180000    0.0002846218753494
-.340000  -.180000    0.0003039404962112
-.300000  -.180000    0.0003223723229994
-.260000  -.180000    0.0003399084920614
-.220000  -.180000    0.0003565454320508
-.180000  -.180000    0.0003739957515434
-.140000  -.180000    0.0003886545405110
-.100000  -.180000    0.0004025018913555
-.060000  -.180000    0.0004164002304922
-.020000  -.180000    0.0004289307762010
0.020000  -.180000    0.0004404086985969
0.060000  -.180000    0.0004512512989854
0.100000  -.180000    0.0004617343525408
0.140000  -.180000    0.0004696337619692
0.180000  -.180000    0.0004764414618884
0.220000  -.180000    0.0004853394281900
0.260000  -.180000    0.0004904485827874
0.300000  -.180000    0.0004945050201311
0.340000  -.180000    0.0004974634188497
0.380000  -.180000    0.0004992848517879
0.420000  -.180000    0.0004999347852671
0.460000  -.180000    0.0004993262929931
0.500000  -.180000    0.0004974227320837
0.540000  -.180000    0.0004941788859485
0.580000  -.180000    0.0004895594987917
0.620000  -.180000    0.0004834334049464
0.660000  -.180000    0.0004757307168180
0.700000  -.180000    0.0004592415694898
0.740000  -.180000    0.0004477633783663
0.780000  -.180000    0.0004263712590313
0.820000  -.180000    0.0004021233843729
0.860000  -.180000    0.0003749294474808
0.900000  -.180000    0.0003445447155660
0.940000  -.180000    0.0002921183682801
0.980000  -.180000    0.0001917186504339
-.820000  -.140000    0.0000245308798153
-.780000  -.140000    0.0000512338532930
-.740000  -.140000    0.0000789498660714
-.700000  -.140000    0.0001037033523059
-.660000  -.140000    0.0001297603782952
-.620000  -.140000    0.0001550267376483
-.580000  -.140000    0.0001794763993448
-.540000  -.140000    0.0002006289307517
-.500000  -.140000    0.0002234196988528
-.460000  -.140000    0.0002453856713244
-.420000  -.140000    0.0002665137476790
-.380000  -.140000    0.0002867911625601
-.340000  -.140000    0.0003062066698609
-.300000  -.140000    0.0003247489945968
-.260000  -.140000    0.0003446032202127
-.220000  -.140000    0.0003612641524264
-.180000  -.140000    0.0003769927911567
-.140000  -.140000    0.0003917930211921
-.100000  -.140000    0.0004071197268196
-.060000  -.140000    0.0004199201336887
-.020000  -.140000    0.0004325519602730
0.020000  -.140000    0.0004440136469395
0.060000  -.140000    0.0004549647509800
0.100000  -.140000    0.0004636842534959
0.140000  -.140000    0.0004739293415871
0.180000  -.140000    0.0004810672467390
0.220000  -.140000    0.0004872386400322
0.260000  -.140000    0.0004924208410947
0.300000  -.140000    0.0005003194336969
0.340000  -.140000    0.0005036280214665
0.380000  -.140000    0.0005058682418058
0.420000  -.140000    0.0005068590379148
0.460000  -.140000    0.0005066568362363
0.500000  -.140000    0.0005052382169928
0.540000  -.140000    0.0005024485379419
0.580000  -.140000    0.0004922096796264
0.620000  -.140000    0.0004861947219341
0.660000  -.140000    0.0004786109696756
0.700000  -.140000    0.0004693808481609
0.740000  -.140000    0.0004508495057881
0.780000  -.140000    0.0004376308118576
0.820000  -.140000    0.0004139853370558
0.860000  -.140000    0.0003873387085688
0.900000  -.140000    0.0003483852842028
0.940000  -.140000    0.0003054725037622
0.980000  -.140000    0.0002218148421847
-.860000  -.100000    0.0000010129858780
-.820000  -.100000    0.0000276566404878
-.780000  -.100000    0.0000544517044993
-.740000  -.100000    0.0000822469558057
-.700000  -.100000    0.0001069545207814
-.660000  -.100000    0.0001330374590630
-.620000  -.100000    0.0001583242198313
-.580000  -.100000    0.0001802651129555
-.540000  -.100000    0.0002038846720346
-.500000  -.100000    0.0002266975034449
-.460000  -.100000    0.0002486897367510
-.420000  -.100000    0.0002698494885992
-.380000  -.100000    0.0002901651979238
-.340000  -.100000    0.0003096260053699
-.300000  -.100000    0.0003282203350695
-.260000  -.100000    0.0003459354804779
-.220000  -.100000    0.0003627572778183
-.180000  -.100000    0.0003786684645623
-.140000  -.100000    0.0003957464669365
-.100000  -.100000    0.0004095562596346
-.060000  -.100000    0.0004224303163484
-.020000  -.100000    0.0004352780701638
0.020000  -.100000    0.0004466988841461
0.060000  -.100000    0.0004578682566690
0.100000  -.100000    0.0004668451279255
0.140000  -.100000    0.0004749144910485
0.180000  -.100000    0.0004852093457056
0.220000  -.100000    0.0004917494581257
0.260000  -.100000    0.0004972900964484
0.300000  -.100000    0.0005017761775160
0.340000  -.100000    0.0005052148817813
0.380000  -.100000    0.0005074759202042
0.420000  -.100000    0.0005084718378480
0.460000  -.100000    0.0005085123597338
0.500000  -.100000    0.0005069522618129
0.540000  -.100000    0.0005041825812413
0.580000  -.100000    0.0005002815682336
0.620000  -.100000    0.0004882063351115
0.660000  -.100000    0.0004807413602326
0.700000  -.100000    0.0004715867750049
0.740000  -.100000    0.0004531262941312
0.780000  -.100000    0.0004400287947214
0.820000  -.100000    0.0004164871827682
0.860000  -.100000    0.0003899859545197
0.900000  -.100000    0.0003603292163433
0.940000  -.100000    0.0003085849573578
0.980000  -.100000    0.0002342504782121
-.860000  -.060000    0.0000027635097389
-.820000  -.060000    0.0000297632473058
-.780000  -.060000    0.0000566076209975
-.740000  -.060000    0.0000822888498229
-.700000  -.060000    0.0001091290798081
-.660000  -.060000    0.0001352303429330
-.620000  -.060000    0.0001580099142171
-.580000  -.060000    0.0001824344532133
-.540000  -.060000    0.0002060705521570
-.500000  -.060000    0.0002289028333056
-.460000  -.060000    0.0002509190203985
-.420000  -.060000    0.0002721083238794
-.380000  -.060000    0.0002924614902642
-.340000  -.060000    0.0003119693392823
-.300000  -.060000    0.0003306223682270
-.260000  -.060000    0.0003484108040643
-.220000  -.060000    0.0003653213784270
-.180000  -.060000    0.0003813367918622
-.140000  -.060000    0.0003964305814937
-.100000  -.060000    0.0004105651712381
-.060000  -.060000    0.0004256005807636
-.020000  -.060000    0.0004371256022453
0.020000  -.060000    0.0004484660122494
0.060000  -.060000    0.0004579739848126
0.100000  -.060000    0.0004696174172116
0.140000  -.060000    0.0004781587575238
0.180000  -.060000    0.0004857911736515
0.220000  -.060000    0.0004924571951511
0.260000  -.060000    0.0004981074884263
0.300000  -.060000    0.0005026765650424
0.340000  -.060000    0.0005062468532096
0.380000  -.060000    0.0005083490128298
0.420000  -.060000    0.0005099627073852
0.460000  -.060000    0.0005095407764821
0.500000  -.060000    0.0005083331315312
0.540000  -.060000    0.0005055683439365
0.580000  -.060000    0.0005013428327229
0.620000  -.060000    0.0004959652180126
0.660000  -.060000    0.0004821263033733
0.700000  -.060000    0.0004730421266371
0.740000  -.060000    0.0004622371464431
0.780000  -.060000    0.0004416059302290
0.820000  -.060000    0.0004181304801821
0.860000  -.060000    0.0003917194411463
0.900000  -.060000    0.0003622110289856
0.940000  -.060000    0.0003198605238737
0.980000  -.060000    0.0002454758308319
-.860000  -.020000    0.0000036666707755
-.820000  -.020000    0.0000308229520768
-.780000  -.020000    0.0000576887311247
-.740000  -.020000    0.0000833641540447
-.700000  -.020000    0.0001102186110336
-.660000  -.020000    0.0001363293815022
-.620000  -.020000    0.0001590900612295
-.580000  -.020000    0.0001835229679808
-.540000  -.020000    0.0002071685587065
-.500000  -.020000    0.0002300121757429
-.460000  -.020000    0.0002520425768246
-.420000  -.020000    0.0002732496444080
-.380000  -.020000    0.0002936259287329
-.340000  -.020000    0.0003131637727710
-.300000  -.020000    0.0003318559905375
-.260000  -.020000    0.0003496968007393
-.220000  -.020000    0.0003666779499637
-.180000  -.020000    0.0003827926298447
-.140000  -.020000    0.0003980291604140
-.100000  -.020000    0.0004123682080301
-.060000  -.020000    0.0004257627033792
-.020000  -.020000    0.0004379948452816
0.020000  -.020000    0.0004494240728874
0.060000  -.020000    0.0004597832994156
0.100000  -.020000    0.0004694541148388
0.140000  -.020000    0.0004782095184261
0.180000  -.020000    0.0004859895062726
0.220000  -.020000    0.0004927571219647
0.260000  -.020000    0.0004984826769627
0.300000  -.020000    0.0005031108716988
0.340000  -.020000    0.0005067291415298
0.380000  -.020000    0.0005088293262393
0.420000  -.020000    0.0005107022089780
0.460000  -.020000    0.0005095231682728
0.500000  -.020000    0.0005088279799900
0.540000  -.020000    0.0005067486269759
0.580000  -.020000    0.0005017868354880
0.620000  -.020000    0.0004967120392188
0.660000  -.020000    0.0004828051862469
0.700000  -.020000    0.0004737666084237
0.740000  -.020000    0.0004629932437865
0.780000  -.020000    0.0004423883512487
0.820000  -.020000    0.0004189450830932
0.860000  -.020000    0.0003925773997441
0.900000  -.020000    0.0003631387993878
0.940000  -.020000    0.0003208866654652
0.980000  -.020000    0.0002555612787739
-.860000  0.020000    0.0000036666707755
-.820000  0.020000    0.0000308229520768
-.780000  0.020000    0.0000576887311247
-.740000  0.020000    0.0000833641540447
-.700000  0.020000    0.0001102186110336
-.660000  0.020000    0.0001363293815022
-.620000  0.020000    0.0001590900612295
-.580000  0.020000    0.0001835229679808
-.540000  0.020000    0.0002071685587065
-.500000  0.020000    0.0002300121757429
-.460000  0.020000    0.0002520425768246
-.420000  0.020000    0.0002732496444080
-.380000  0.020000    0.0002936259287329
-.340000  0.020000    0.0003131637727710
-.300000  0.020000    0.0003318559905375
-.260000  0.020000    0.0003496968007393
-.220000  0.020000    0.0003666779499637
-.180000  0.020000    0.0003827926298447
-.140000  0.020000    0.0003980291604140
-.100000  0.020000    0.0004123682080301
-.060000  0.020000    0.0004257627033792
-.020000  0.020000    0.0004379948452816
0.020000  0.020000    0.0004494240728874
0.060000  0.020000    0.0004597832994156
0.100000  0.020000    0.0004694541148388
0.140000  0.020000    0.0004782095184261
0.180000  0.020000    0.0004859895062726
0.220000  0.020000    0.0004927571219647
0.260000  0.020000    0.0004984826769627
0.300000  0.020000    0.0005031108716988
0.340000  0.020000    0.0005067291415298
0.380000  0.020000    0.0005088293262393
0.420000  0.020000    0.0005107022089780
0.460000  0.020000    0.0005095231682728
0.500000  0.020000    0.0005088279799900
0.540000  0.020000    0.0005067486269759
0.580000  0.020000    0.0005017868354880
0.620000  0.020000    0.0004967120392188
0.660000  0.020000    0.0004828051862469
0.700000  0.020000    0.0004737666084237
0.740000  0.020000    0.0004629932437865
0.780000  0.020000    0.0004423883512487
0.820000  0.020000    0.0004189450830932
0.860000  0.020000    0.0003925773997441
0.900000  0.020000    0.0003631387993878
0.940000  0.020000    0.0003208866654652
0.980000  0.020000    0.0002555612787739
-.860000  0.060000    0.0000027635097389
-.820000  0.060000    0.0000297632473058
-.780000  0.060000    0.0000566076209975
-.740000  0.060000    0.0000822888498229
-.700000  0.060000    0.0001091290798081
-.660000  0.060000    0.0001352303429330
-.620000  0.060000    0.0001580099142171
-.580000  0.060000    0.0001824344532133
-.540000  0.060000    0.0002060705521570
-.500000  0.060000    0.0002289028333056
-.460000  0.060000    0.0002509190203985
-.420000  0.060000    0.0002721083238794
-.380000  0.060000    0.0002924614902642
-.340000  0.060000    0.0003119693392823
-.300000  0.060000    0.0003306223682270
-.260000  0.060000    0.0003484108040643
-.220000  0.060000    0.0003653213784270
-.180000  0.060000    0.0003813367918622
-.140000  0.060000    0.0003964305814937
-.100000  0.060000    0.0004105651712381
-.060000  0.060000    0.0004256005807636
-.020000  0.060000    0.0004371256022453
0.020000  0.060000    0.0004484660122494
0.060000  0.060000    0.0004579739848126
0.100000  0.060000    0.0004696174172116
0.140000  0.060000    0.0004781587575238
0.180000  0.060000    0.0004857911736515
0.220000  0.060000    0.0004924571951511
0.260000  0.060000    0.0004981074884263
0.300000  0.060000    0.0005026765650424
0.340000  0.060000    0.0005062468532096
0.380000  0.060000    0.0005083490128298
0.420000  0.060000    0.0005099627073852
0.460000  0.060000    0.0005095407764821
0.500000  0.060000    0.0005083331315312
0.540000  0.060000    0.0005055683439365
0.580000  0.060000    0.0005013428327229
0.620000  0.060000    0.0004959652180126
0.660000  0.060000    0.0004821263033733
0.700000  0.060000    0.0004730421266371
0.740000  0.060000    0.0004622371464431
0.780000  0.060000    0.0004416059302290
0.820000  0.060000    0.0004181304801821
0.860000  0.060000    0.0003917194411463
0.900000  0.060000    0.0003622110289856
0.940000  0.060000    0.0003198605238737
0.980000  0.060000    0.0002454758308319
-.860000  0.100000    0.0000010129858780
-.820000  0.100000    0.0000276566404878
-.780000  0.100000    0.0000544517044993
-.740000  0.100000    0.0000822469558057
-.700000  0.100000    0.0001069545207814
-.660000  0.100000    0.0001330374590630
-.620000  0.100000    0.0001583242198313
-.580000  0.100000    0.0001802651129555
-.540000  0.100000    0.0002038846720346
-.500000  0.100000    0.0002266975034449
-.460000  0.100000    0.0002486897367510
-.420000  0.100000    0.0002698494885992
-.380000  0.100000    0.0002901651979238
-.340000  0.100000    0.0003096260053699
-.300000  0.100000    0.0003282203350695
-.260000  0.100000    0.0003459354804779
-.220000  0.100000    0.0003627572778183
-.180000  0.100000    0.0003786684645623
-.140000  0.100000    0.0003957464669365
-.100000  0.100000    0.0004095562596346
-.060000  0.100000    0.0004224303163484
-.020000  0.100000    0.0004352780701638
0.020000  0.100000    0.0004466988841461
0.060000  0.100000    0.0004578682566690
0.100000  0.100000    0.0004668451279255
0.140000  0.100000    0.0004749144910485
0.180000  0.100000    0.0004852093457056
0.220000  0.100000    0.0004917494581257
0.260000  0.100000    0.0004972900964484
0.300000  0.100000    0.0005017761775160
0.340000  0.100000    0.0005052148817813
0.380000  0.100000    0.0005074759202042
0.420000  0.100000    0.0005084718378480
0.460000  0.100000    0.0005085123597338
0.500000  0.100000    0.0005069522618129
0.540000  0.100000    0.0005041825812413
0.580000  0.100000    0.0005002815682336
0.620000  0.100000    0.0004882063351115
0.660000  0.100000    0.0004807413602326
0.700000  0.100000    0.0004715867750049
0.740000  0.100000    0.0004531262941312
0.780000  0.100000    0.0004400287947214
0.820000  0.100000    0.0004164871827682
0.860000  0.100000    0.0003899859545197
0.900000  0.100000    0.0003603292163433
0.940000  0.100000    0.0003085849573578
0.980000  0.100000    0.0002342504782121
-.820000  0.140000    0.0000245308798153
-.780000  0.140000    0.0000512338532930
-.740000  0.140000    0.0000789498660714
-.700000  0.140000    0.0001037033523059
-.660000  0.140000    0.0001297603782952
-.620000  0.140000    0.0001550267376483
-.580000  0.140000    0.0001794763993448
-.540000  0.140000    0.0002006289307517
-.500000  0.140000    0.0002234196988528
-.460000  0.140000    0.0002453856713244
-.420000  0.140000    0.0002665137476790
-.380000  0.140000    0.0002867911625601
-.340000  0.140000    0.0003062066698609
-.300000  0.140000    0.0003247489945968
-.260000  0.140000    0.0003446032202127
-.220000  0.140000    0.0003612641524264
-.180000  0.140000    0.0003769927911567
-.140000  0.140000    0.0003917930211921
-.100000  0.140000    0.0004071197268196
-.060000  0.140000    0.0004199201336887
-.020000  0.140000    0.0004325519602730
0.020000  0.140000    0.0004440136469395
0.060000  0.140000    0.0004549647509800
0.100000  0.140000    0.0004636842534959
0.140000  0.140000    0.0004739293415871
0.180000  0.140000    0.0004810672467390
0.220000  0.140000    0.0004872386400322
0.260000  0.140000    0.0004924208410947
0.300000  0.140000    0.0005003194336969
0.340000  0.140000    0.0005036280214665
0.380000  0.140000    0.0005058682418058
0.420000  0.140000    0.0005068590379148
0.460000  0.140000    0.0005066568362363
0.500000  0.140000    0.0005052382169928
0.540000  0.140000    0.0005024485379419
0.580000  0.140000    0.0004922096796264
0.620000  0.140000    0.0004861947219341
0.660000  0.140000    0.0004786109696756
0.700000  0.140000    0.0004693808481609
0.740000  0.140000    0.0004508495057881
0.780000  0.140000    0.0004376308118576
0.820000  0.140000    0.0004139853370558
0.860000  0.140000    0.0003873387085688
0.900000  0.140000    0.0003483852842028
0.940000  0.140000    0.0003054725037622
0.980000  0.140000    0.0002218148421847
-.820000  0.180000    0.0000213536660864
-.780000  0.180000    0.0000485659422970
-.740000  0.180000    0.0000745738712657
-.700000  0.180000    0.0001015993952954
-.660000  0.180000    0.0001254116524521
-.620000  0.180000    0.0001506554277297
-.580000  0.180000    0.0001750845383471
-.540000  0.180000    0.0001986850987106
-.500000  0.180000    0.0002214479324530
-.460000  0.180000    0.0002433647173879
-.420000  0.180000    0.0002644261081199
-.380000  0.180000    0.0002846218753494
-.340000  0.180000    0.0003039404962112
-.300000  0.180000    0.0003223723229994
-.260000  0.180000    0.0003399084920614
-.220000  0.180000    0.0003565454320508
-.180000  0.180000    0.0003739957515434
-.140000  0.180000    0.0003886545405110
-.100000  0.180000    0.0004025018913555
-.060000  0.180000    0.0004164002304922
-.020000  0.180000    0.0004289307762010
0.020000  0.180000    0.0004404086985969
0.060000  0.180000    0.0004512512989854
0.100000  0.180000    0.0004617343525408
0.140000  0.180000    0.0004696337619692
0.180000  0.180000    0.0004764414618884
0.220000  0.180000    0.0004853394281900
0.260000  0.180000    0.0004904485827874
0.300000  0.180000    0.0004945050201311
0.340000  0.180000    0.0004974634188497
0.380000  0.180000    0.0004992848517879
0.420000  0.180000    0.0004999347852671
0.460000  0.180000    0.0004993262929931
0.500000  0.180000    0.0004974227320837
0.540000  0.180000    0.0004941788859485
0.580000  0.180000    0.0004895594987917
0.620000  0.180000    0.0004834334049464
0.660000  0.180000    0.0004757307168180
0.700000  0.180000    0.0004592415694898
0.740000  0.180000    0.0004477633783663
0.780000  0.180000    0.0004263712590313
0.820000  0.180000    0.0004021233843729
0.860000  0.180000    0.0003749294474808
0.900000  0.180000    0.0003445447155660
0.940000  0.180000    0.0002921183682801
0.980000  0.180000    0.0001917186504339
-.820000  0.220000    0.0000161454511032
-.780000  0.220000    0.0000431196184460
-.740000  0.220000    0.0000710931483100
-.700000  0.220000    0.0000960968627486
-.660000  0.220000    0.0001222822492548
-.620000  0.220000    0.0001452262881173
-.580000  0.220000    0.0001696390816433
-.540000  0.220000    0.0001932243566908
-.500000  0.220000    0.0002159706903646
-.460000  0.220000    0.0002378690533576
-.420000  0.220000    0.0002589102570163
-.380000  0.220000    0.0002790860801882
-.340000  0.220000    0.0002983878363539
-.300000  0.220000    0.0003168112864697
-.260000  0.220000    0.0003361875684428
-.220000  0.220000    0.0003527048777728
-.180000  0.220000    0.0003683515959975
-.140000  0.220000    0.0003843813981703
-.100000  0.220000    0.0003982186191520
-.060000  0.220000    0.0004119263214148
-.020000  0.220000    0.0004243979160459
0.020000  0.220000    0.0004358770401213
0.060000  0.220000    0.0004466500401127
0.100000  0.220000    0.0004569275458980
0.140000  0.220000    0.0004646208597083
0.180000  0.220000    0.0004737868897624
0.220000  0.220000    0.0004796322796090
0.260000  0.220000    0.0004844000065062
0.300000  0.220000    0.0004916974413518
0.340000  0.220000    0.0004945944621893
0.380000  0.220000    0.0004963396932966
0.420000  0.220000    0.0004968950073945
0.460000  0.220000    0.0004962115222352
0.500000  0.220000    0.0004942309163541
0.540000  0.220000    0.0004908949480101
0.580000  0.220000    0.0004861296643592
0.620000  0.220000    0.0004798762080235
0.660000  0.220000    0.0004653372531177
0.700000  0.220000    0.0004554713761824
0.740000  0.220000    0.0004362037980482
0.780000  0.220000    0.0004222843714857
0.820000  0.220000    0.0003978540255988
0.860000  0.220000    0.0003703873471930
0.900000  0.220000    0.0003306206362099
0.940000  0.220000    0.0002776384783030
-.820000  0.260000    0.0000106463431953
-.780000  0.260000    0.0000380339087224
-.740000  0.260000    0.0000644321429348
-.700000  0.260000    0.0000916632840835
-.660000  0.260000    0.0001156827126387
-.620000  0.260000    0.0001409975486228
-.580000  0.260000    0.0001654456561231
-.540000  0.260000    0.0001890227795610
-.500000  0.260000    0.0002117308050818
-.460000  0.260000    0.0002335685248300
-.420000  0.260000    0.0002545336808288
-.380000  0.260000    0.0002746225968298
-.340000  0.260000    0.0002938324086429
-.300000  0.260000    0.0003121627118503
-.260000  0.260000    0.0003296202087316
-.220000  0.260000    0.0003477053110692
-.180000  0.260000    0.0003632898715612
-.140000  0.260000    0.0003790569054121
-.100000  0.260000    0.0003929263831994
-.060000  0.260000    0.0004065065153189
-.020000  0.260000    0.0004189364761099
0.020000  0.260000    0.0004304061335789
0.060000  0.260000    0.0004411241875303
0.100000  0.260000    0.0004512545782606
0.140000  0.260000    0.0004587741678742
0.180000  0.260000    0.0004676394163467
0.220000  0.260000    0.0004731986686229
0.260000  0.260000    0.0004808686451065
0.300000  0.260000    0.0004845450653504
0.340000  0.260000    0.0004870741771180
0.380000  0.260000    0.0004884319485866
0.420000  0.260000    0.0004885742210317
0.460000  0.260000    0.0004874576535325
0.500000  0.260000    0.0004850242558604
0.540000  0.260000    0.0004812162326706
0.580000  0.260000    0.0004759730495481
0.620000  0.260000    0.0004692203432394
0.660000  0.260000    0.0004608689673886
0.700000  0.260000    0.0004436357234270
0.740000  0.260000    0.0004314225900178
0.780000  0.260000    0.0004092191496172
0.820000  0.260000    0.0003841334978316
0.860000  0.260000    0.0003560341072941
0.900000  0.260000    0.0003156319179321
0.940000  0.260000    0.0002531650449368
-.820000  0.300000    0.0000037645030237
-.780000  0.300000    0.0000303813092764
-.740000  0.300000    0.0000584735630716
-.700000  0.300000    0.0000838611132794
-.660000  0.300000    0.0001102003089129
-.620000  0.300000    0.0001333324678909
-.580000  0.300000    0.0001577859590364
-.540000  0.300000    0.0001813743972957
-.500000  0.300000    0.0002040964938393
-.460000  0.300000    0.0002259514501377
-.420000  0.300000    0.0002469387762464
-.380000  0.300000    0.0002670573413686
-.340000  0.300000    0.0002881159547671
-.300000  0.300000    0.0003063650959305
-.260000  0.300000    0.0003237526071176
-.220000  0.300000    0.0003402997819232
-.180000  0.300000    0.0003571542113791
-.140000  0.300000    0.0003719557068549
-.100000  0.300000    0.0003866430583909
-.060000  0.300000    0.0004001320780281
-.020000  0.300000    0.0004125278910958
0.020000  0.300000    0.0004239788615944
0.060000  0.300000    0.0004346478281080
0.100000  0.300000    0.0004446606730369
0.140000  0.300000    0.0004540972298061
0.180000  0.300000    0.0004606441812057
0.220000  0.300000    0.0004687498785210
0.260000  0.300000    0.0004732755436114
0.300000  0.300000    0.0004766168017013
0.340000  0.300000    0.0004787775777081
0.380000  0.300000    0.0004839049165540
0.420000  0.300000    0.0004839821990564
0.460000  0.300000    0.0004827790192209
0.500000  0.300000    0.0004802427756595
0.540000  0.300000    0.0004763173565188
0.580000  0.300000    0.0004709347167790
0.620000  0.300000    0.0004640185902284
0.660000  0.300000    0.0004487527802453
0.700000  0.300000    0.0004381299488565
0.740000  0.300000    0.0004180445210393
0.780000  0.300000    0.0004032239389440
0.820000  0.300000    0.0003778306355856
0.860000  0.300000    0.0003406192082761
0.900000  0.300000    0.0002994692832368
0.940000  0.300000    0.0002274509431086
-.780000  0.340000    0.0000227724095287
-.740000  0.340000    0.0000494988499267
-.700000  0.340000    0.0000769274785374
-.660000  0.340000    0.0001013049345446
-.620000  0.340000    0.0001267385019451
-.580000  0.340000    0.0001512538867015
-.540000  0.340000    0.0001748559448727
-.500000  0.340000    0.0001975579600813
-.460000  0.340000    0.0002193715199043
-.420000  0.340000    0.0002403049372959
-.380000  0.340000    0.0002603648328019
-.340000  0.340000    0.0002795581168560
-.300000  0.340000    0.0002994331690478
-.260000  0.340000    0.0003167721588210
-.220000  0.340000    0.0003332905191960
-.180000  0.340000    0.0003499683644403
-.140000  0.340000    0.0003647919242309
-.100000  0.340000    0.0003793644782506
-.060000  0.340000    0.0003927855214860
-.020000  0.340000    0.0004051477593315
0.020000  0.340000    0.0004165743649635
0.060000  0.340000    0.0004271931989307
0.100000  0.340000    0.0004371038605818
0.140000  0.340000    0.0004463784112637
0.180000  0.340000    0.0004527310138487
0.220000  0.340000    0.0004605739409717
0.260000  0.340000    0.0004648156574288
0.300000  0.340000    0.0004678277488883
0.340000  0.340000    0.0004734441549961
0.380000  0.340000    0.0004743772524652
0.420000  0.340000    0.0004740393978933
0.460000  0.340000    0.0004723930215148
0.500000  0.340000    0.0004693854549936
0.540000  0.340000    0.0004649624395574
0.580000  0.340000    0.0004590578942580
0.620000  0.340000    0.0004515937329247
0.660000  0.340000    0.0004424743005378
0.700000  0.340000    0.0004244366268905
0.740000  0.340000    0.0004113081467546
0.780000  0.340000    0.0003881640238031
0.820000  0.340000    0.0003620179816326
0.860000  0.340000    0.0003240593652231
0.900000  0.340000    0.0002733728553881
0.940000  0.340000    0.0001563448735887
-.780000  0.380000    0.0000138300900367
-.740000  0.380000    0.0000408888934014
-.700000  0.380000    0.0000686360592429
-.660000  0.380000    0.0000933132774242
-.620000  0.380000    0.0001189066756184
-.580000  0.380000    0.0001435090932706
-.540000  0.380000    0.0001671420234186
-.500000  0.380000    0.0001898368007366
-.460000  0.380000    0.0002116188081173
-.420000  0.380000    0.0002325084508597
-.380000  0.380000    0.0002525205363589
-.340000  0.380000    0.0002716695293754
-.300000  0.380000    0.0002899704112514
-.260000  0.380000    0.0003086904127341
-.220000  0.380000    0.0003251987087175
-.180000  0.380000    0.0003417356765352
-.140000  0.380000    0.0003565903713319
-.100000  0.380000    0.0003710775346306
-.060000  0.380000    0.0003844435873905
-.020000  0.380000    0.0003967723331566
0.020000  0.380000    0.0004081679504671
0.060000  0.380000    0.0004187327360281
0.100000  0.380000    0.0004285484798002
0.140000  0.380000    0.0004376776080459
0.180000  0.380000    0.0004438445596021
0.220000  0.380000    0.0004514507835532
0.260000  0.380000    0.0004554171820023
0.300000  0.380000    0.0004615508106932
0.340000  0.380000    0.0004633869055890
0.380000  0.380000    0.0004639333690504
0.420000  0.380000    0.0004631730644593
0.460000  0.380000    0.0004610722927101
0.500000  0.380000    0.0004575796464392
0.540000  0.380000    0.0004526426312580
0.580000  0.380000    0.0004461954982148
0.620000  0.380000    0.0004381585556139
0.660000  0.380000    0.0004284342027555
0.700000  0.380000    0.0004096886161501
0.740000  0.380000    0.0003958815695989
0.780000  0.380000    0.0003719751559474
0.820000  0.380000    0.0003450029204609
0.860000  0.380000    0.0003061638319794
0.900000  0.380000    0.0002459199075312
-.780000  0.420000    0.0000037546095879
-.740000  0.420000    0.0000308104491336
-.700000  0.420000    0.0000571341881482
-.660000  0.420000    0.0000839612747435
-.620000  0.420000    0.0001097660066475
-.580000  0.420000    0.0001323537196308
-.540000  0.420000    0.0001560762914359
-.500000  0.420000    0.0001788656649960
-.460000  0.420000    0.0002007460260043
-.420000  0.420000    0.0002217389753838
-.380000  0.420000    0.0002435151344937
-.340000  0.420000    0.0002626350502026
-.300000  0.420000    0.0002809145001185
-.260000  0.420000    0.0002995064688737
-.220000  0.420000    0.0003160175818785
-.180000  0.420000    0.0003324462636418
-.140000  0.420000    0.0003473351238485
-.100000  0.420000    0.0003617549512358
-.060000  0.420000    0.0003750747652030
-.020000  0.420000    0.0003873691946140
0.020000  0.420000    0.0003987285705647
0.060000  0.420000    0.0004092334820359
0.100000  0.420000    0.0004189569471054
0.140000  0.420000    0.0004279480222983
0.180000  0.420000    0.0004339353754501
0.220000  0.420000    0.0004413203191302
0.260000  0.420000    0.0004450180176203
0.300000  0.420000    0.0004508541307191
0.340000  0.420000    0.0004523441038256
0.380000  0.420000    0.0004525007801503
0.420000  0.420000    0.0004557815324889
0.460000  0.420000    0.0004536142536991
0.500000  0.420000    0.0004500181960007
0.540000  0.420000    0.0004449341292228
0.580000  0.420000    0.0004382954546026
0.620000  0.420000    0.0004236542838216
0.660000  0.420000    0.0004132939712995
0.700000  0.420000    0.0004010496898154
0.740000  0.420000    0.0003792805824192
0.780000  0.420000    0.0003545599164782
0.820000  0.420000    0.0003185064951900
0.860000  0.420000    0.0002784532349443
0.900000  0.420000    0.0002004240136465
-.740000  0.460000    0.0000192344682327
-.700000  0.460000    0.0000475419662018
-.660000  0.460000    0.0000731431010201
-.620000  0.460000    0.0000992294432618
-.580000  0.460000    0.0001220463242364
-.540000  0.460000    0.0001458761457654
-.500000  0.460000    0.0001687225146718
-.460000  0.460000    0.0001906276796334
-.420000  0.460000    0.0002116258204619
-.380000  0.460000    0.0002333300382609
-.340000  0.460000    0.0002524378083328
-.300000  0.460000    0.0002707105571693
-.260000  0.460000    0.0002892046542720
-.220000  0.460000    0.0003057266715668
-.180000  0.460000    0.0003220768445528
-.140000  0.460000    0.0003369963088305
-.100000  0.460000    0.0003513630666064
-.060000  0.460000    0.0003646420610756
-.020000  0.460000    0.0003769022901694
0.020000  0.460000    0.0003882188178547
0.060000  0.460000    0.0003986594445691
0.100000  0.460000    0.0004082870554886
0.140000  0.460000    0.0004171426212529
0.180000  0.460000    0.0004229548963994
0.220000  0.460000    0.0004301250607769
0.260000  0.460000    0.0004335596128196
0.300000  0.460000    0.0004391036656063
0.340000  0.460000    0.0004402484510152
0.380000  0.460000    0.0004400144476351
0.420000  0.460000    0.0004429012016488
0.460000  0.460000    0.0004402726656715
0.500000  0.460000    0.0004361736328125
0.540000  0.460000    0.0004305467771952
0.580000  0.460000    0.0004233210109597
0.620000  0.460000    0.0004080141785079
0.660000  0.460000    0.0003969783960178
0.700000  0.460000    0.0003767837028128
0.740000  0.460000    0.0003613917081343
0.780000  0.460000    0.0003357402926354
0.820000  0.460000    0.0002987071606795
0.860000  0.460000    0.0002411051109512
-.740000  0.500000    0.0000067154170850
-.700000  0.500000    0.0000344899793905
-.660000  0.500000    0.0000607265113107
-.620000  0.500000    0.0000871822504471
-.580000  0.500000    0.0001103303172610
-.540000  0.500000    0.0001343251288731
-.500000  0.500000    0.0001572741205747
-.460000  0.500000    0.0001792382209764
-.420000  0.500000    0.0002002683169527
-.380000  0.500000    0.0002219348292267
-.340000  0.500000    0.0002410486088241
-.300000  0.500000    0.0002593274428665
-.260000  0.500000    0.0002777560036189
-.220000  0.500000    0.0002942941474031
-.180000  0.500000    0.0003105901729605
-.140000  0.500000    0.0003255336846717
-.100000  0.500000    0.0003398587594039
-.060000  0.500000    0.0003531023537843
-.020000  0.500000    0.0003653266896043
0.020000  0.500000    0.0003765935658713
0.060000  0.500000    0.0003869640803190
0.100000  0.500000    0.0003964916088866
0.140000  0.500000    0.0004052093594741
0.180000  0.500000    0.0004108509789917
0.220000  0.500000    0.0004178056693301
0.260000  0.500000    0.0004209829905002
0.300000  0.500000    0.0004262319900151
0.340000  0.500000    0.0004270323589836
0.380000  0.500000    0.0004264066827695
0.420000  0.500000    0.0004288826184366
0.460000  0.500000    0.0004257811122658
0.500000  0.500000    0.0004211648120222
0.540000  0.500000    0.0004149735326457
0.580000  0.500000    0.0004071284136019
0.620000  0.500000    0.0003911555421770
0.660000  0.500000    0.0003793852683006
0.700000  0.500000    0.0003584332884935
0.740000  0.500000    0.0003346176214049
0.780000  0.500000    0.0003076850370032
0.820000  0.500000    0.0002690593865059
0.860000  0.500000    0.0001864000002132
-.700000  0.540000    0.0000196690996040
-.660000  0.540000    0.0000465543745565
-.620000  0.540000    0.0000734690198045
-.580000  0.540000    0.0000970815939755
-.540000  0.540000    0.0001213218696716
-.500000  0.540000    0.0001444369677688
-.460000  0.540000    0.0001665080852639
-.420000  0.540000    0.0001876057212974
-.380000  0.540000    0.0002092782080883
-.340000  0.540000    0.0002284186556648
-.300000  0.540000    0.0002467179130011
-.260000  0.540000    0.0002651153917946
-.220000  0.540000    0.0002816711030488
-.180000  0.540000    0.0002979371602318
-.140000  0.540000    0.0003128926163671
-.100000  0.540000    0.0003271879669857
-.060000  0.540000    0.0003404008003995
-.020000  0.540000    0.0003525875078861
0.020000  0.540000    0.0003638000554395
0.060000  0.540000    0.0003740940194123
0.100000  0.540000    0.0003835125774164
0.140000  0.540000    0.0003920854575138
0.180000  0.540000    0.0003975637149535
0.220000  0.540000    0.0004042955102926
0.260000  0.540000    0.0004072220888468
0.300000  0.540000    0.0004121634004571
0.340000  0.540000    0.0004126213791243
0.380000  0.540000    0.0004116032255375
0.420000  0.540000    0.0004136394661889
0.460000  0.540000    0.0004100523869252
0.500000  0.540000    0.0004048989429017
0.540000  0.540000    0.0003981131447509
0.580000  0.540000    0.0003896065993087
0.620000  0.540000    0.0003729624418646
0.660000  0.540000    0.0003603594646184
0.700000  0.540000    0.0003385751097509
0.740000  0.540000    0.0003137297909876
0.780000  0.540000    0.0002779143990021
0.820000  0.540000    0.0002221110100608
-.700000  0.580000    0.0000036916446752
-.660000  0.580000    0.0000316673867933
-.620000  0.580000    0.0000578833451367
-.580000  0.580000    0.0000839897737412
-.540000  0.580000    0.0001067214784985
-.500000  0.580000    0.0001300904995409
-.460000  0.580000    0.0001523358827704
-.420000  0.580000    0.0001735503192621
-.380000  0.580000    0.0001952845516330
-.340000  0.580000    0.0002144772964127
-.300000  0.580000    0.0002328130507294
-.260000  0.580000    0.0002512178658891
-.220000  0.580000    0.0002677903766810
-.180000  0.580000    0.0002840503844620
-.140000  0.580000    0.0002991247102965
-.100000  0.580000    0.0003132819536415
-.060000  0.580000    0.0003264691002485
-.020000  0.580000    0.0003386164091282
0.020000  0.580000    0.0003497700344421
0.060000  0.580000    0.0003599794014828
0.100000  0.580000    0.0003692796411254
0.140000  0.580000    0.0003756853661806
0.180000  0.580000    0.0003830224961024
0.220000  0.580000    0.0003895164534961
0.260000  0.580000    0.0003921997202306
0.300000  0.580000    0.0003968114266719
0.340000  0.580000    0.0003969285780596
0.380000  0.580000    0.0003955156254718
0.420000  0.580000    0.0003970669274221
0.460000  0.580000    0.0003929757266935
0.500000  0.580000    0.0003872559449884
0.540000  0.580000    0.0003798321317258
0.580000  0.580000    0.0003646868347847
0.620000  0.580000    0.0003532560017588
0.660000  0.580000    0.0003330810751071
0.700000  0.580000    0.0003099958393569
0.740000  0.580000    0.0002835955566995
0.780000  0.580000    0.0002385292082987
-.660000  0.620000    0.0000131793506826
-.620000  0.620000    0.0000415838139151
-.580000  0.620000    0.0000669298382181
-.540000  0.620000    0.0000921587277003
-.500000  0.620000    0.0001159080400122
-.460000  0.620000    0.0001383392643672
-.420000  0.620000    0.0001596095507788
-.380000  0.620000    0.0001798405571909
-.340000  0.620000    0.0001991217290288
-.300000  0.620000    0.0002175159523024
-.260000  0.620000    0.0002359702065530
-.220000  0.620000    0.0002525617047364
-.180000  0.620000    0.0002688420599653
-.140000  0.620000    0.0002839285250338
-.100000  0.620000    0.0002978631821946
-.060000  0.620000    0.0003112197939784
-.020000  0.620000    0.0003233273713255
0.020000  0.620000    0.0003344168377287
0.060000  0.620000    0.0003445323261474
0.100000  0.620000    0.0003519951805927
0.140000  0.620000    0.0003600091079124
0.180000  0.620000    0.0003671355985873
0.220000  0.620000    0.0003733697516622
0.260000  0.620000    0.0003758182401200
0.300000  0.620000    0.0003800663478514
0.340000  0.620000    0.0003798416059706
0.380000  0.620000    0.0003780308016126
0.420000  0.620000    0.0003746258960420
0.460000  0.620000    0.0003696038288501
0.500000  0.620000    0.0003629143497568
0.540000  0.620000    0.0003544752866172
0.580000  0.620000    0.0003441565991987
0.620000  0.620000    0.0003255535935315
0.660000  0.620000    0.0003105888013600
0.700000  0.620000    0.0002795452870324
0.740000  0.620000    0.0002441175623989
0.780000  0.620000    0.0001679869450099
-.620000  0.660000    0.0000210753267220
-.580000  0.660000    0.0000490431469171
-.540000  0.660000    0.0000735135257001
-.500000  0.660000    0.0000978737294766
-.460000  0.660000    0.0001207521637741
-.420000  0.660000    0.0001423342846038
-.380000  0.660000    0.0001627788018159
-.340000  0.660000    0.0001822031252249
-.300000  0.660000    0.0002017990712158
-.260000  0.660000    0.0002192440760849
-.220000  0.660000    0.0002365080369160
-.180000  0.660000    0.0002521936515775
-.140000  0.660000    0.0002673158324444
-.100000  0.660000    0.0002812679453754
-.060000  0.660000    0.0002940936927251
-.020000  0.660000    0.0003058429973144
0.020000  0.660000    0.0003165639686976
0.060000  0.660000    0.0003262931281444
0.100000  0.660000    0.0003350630714404
0.140000  0.660000    0.0003428916796779
0.180000  0.660000    0.0003497824777962
0.220000  0.660000    0.0003531247937040
0.260000  0.660000    0.0003579479317059
0.300000  0.660000    0.0003585149168019
0.340000  0.660000    0.0003612106717382
0.380000  0.660000    0.0003589877839919
0.420000  0.660000    0.0003550989519499
0.460000  0.660000    0.0003495128410547
0.500000  0.660000    0.0003421619723805
0.540000  0.660000    0.0003329248657466
0.580000  0.660000    0.0003159058682679
0.620000  0.660000    0.0003020809980315
0.660000  0.660000    0.0002731205858343
0.700000  0.660000    0.0002399552491608
0.740000  0.660000    0.0001870942451529
-.580000  0.700000    0.0000275689573624
-.540000  0.700000    0.0000538027699537
-.500000  0.700000    0.0000792098119892
-.460000  0.700000    0.0001027636263579
-.420000  0.700000    0.0001230731925090
-.380000  0.700000    0.0001453699857057
-.340000  0.700000    0.0001648550249445
-.300000  0.700000    0.0001833215175961
-.260000  0.700000    0.0002017513468408
-.220000  0.700000    0.0002182560295946
-.180000  0.700000    0.0002343566781079
-.140000  0.700000    0.0002491275547502
-.100000  0.700000    0.0002631177300152
-.060000  0.700000    0.0002759505902966
-.020000  0.700000    0.0002876730169825
0.020000  0.700000    0.0002983277566738
0.060000  0.700000    0.0003079473855972
0.100000  0.700000    0.0003165588207267
0.140000  0.700000    0.0003241757460383
0.180000  0.700000    0.0003285420762843
0.220000  0.700000    0.0003339811010004
0.260000  0.700000    0.0003354407322063
0.300000  0.700000    0.0003386876894525
0.340000  0.700000    0.0003372747136923
0.380000  0.700000    0.0003341680390154
0.420000  0.700000    0.0003337221005568
0.460000  0.700000    0.0003227885665868
0.500000  0.700000    0.0003143740990390
0.540000  0.700000    0.0003039348156727
0.580000  0.700000    0.0002856310263496
0.620000  0.700000    0.0002642354079322
0.660000  0.700000    0.0002330603434969
0.700000  0.700000    0.0001833547311199
-.580000  0.740000    0.0000017398395980
-.540000  0.740000    0.0000300889895251
-.500000  0.740000    0.0000572097269817
-.460000  0.740000    0.0000802668092011
-.420000  0.740000    0.0001030492843667
-.380000  0.740000    0.0001242559216207
-.340000  0.740000    0.0001441297276792
-.300000  0.740000    0.0001640492958431
-.260000  0.740000    0.0001815658016408
-.220000  0.740000    0.0001988600656283
-.180000  0.740000    0.0002144150295752
-.140000  0.740000    0.0002293840334564
-.100000  0.740000    0.0002431016442976
-.060000  0.740000    0.0002560538791995
-.020000  0.740000    0.0002677554544830
0.020000  0.740000    0.0002783408281840
0.060000  0.740000    0.0002878378909771
0.100000  0.740000    0.0002946698244637
0.140000  0.740000    0.0003018175952362
0.180000  0.740000    0.0003079283833224
0.220000  0.740000    0.0003104094491305
0.260000  0.740000    0.0003142270122853
0.300000  0.740000    0.0003137172158870
0.340000  0.740000    0.0003151008468495
0.380000  0.740000    0.0003115108332660
0.420000  0.740000    0.0003060866318242
0.460000  0.740000    0.0002987378383020
0.500000  0.740000    0.0002845011065905
0.540000  0.740000    0.0002725551517578
0.580000  0.740000    0.0002525676111478
0.620000  0.740000    0.0002231555858494
0.660000  0.740000    0.0001753987057560
-.540000  0.780000    0.0000014058750323
-.500000  0.780000    0.0000303078954680
-.460000  0.780000    0.0000556726244131
-.420000  0.780000    0.0000798063838519
-.380000  0.780000    0.0001018820519171
-.340000  0.780000    0.0001222732728216
-.300000  0.780000    0.0001412683710369
-.260000  0.780000    0.0001601488416291
-.220000  0.780000    0.0001767166902827
-.180000  0.780000    0.0001929176597843
-.140000  0.780000    0.0002074830015451
-.100000  0.780000    0.0002213309132113
-.060000  0.780000    0.0002339207352758
-.020000  0.780000    0.0002453035480669
0.020000  0.780000    0.0002555200731560
0.060000  0.780000    0.0002646047127915
0.100000  0.780000    0.0002725765188630
0.140000  0.780000    0.0002794370006030
0.180000  0.780000    0.0002831059592543
0.220000  0.780000    0.0002875265423319
0.260000  0.780000    0.0002880453740377
0.300000  0.780000    0.0002899223446708
0.340000  0.780000    0.0002872379353557
0.380000  0.780000    0.0002826683496666
0.420000  0.780000    0.0002761291078802
0.460000  0.780000    0.0002674350493282
0.500000  0.780000    0.0002518756452590
0.540000  0.780000    0.0002329551873089
0.580000  0.780000    0.0002047877070798
0.620000  0.780000    0.0001477947791239
-.460000  0.820000    0.0000262210429136
-.420000  0.820000    0.0000532678999522
-.380000  0.820000    0.0000755443165245
-.340000  0.820000    0.0000970462153270
-.300000  0.820000    0.0001167097481305
-.260000  0.820000    0.0001360749459346
-.220000  0.820000    0.0001527888728627
-.180000  0.820000    0.0001690958590221
-.140000  0.820000    0.0001835337490688
-.100000  0.820000    0.0001972585654044
-.060000  0.820000    0.0002096382987578
-.020000  0.820000    0.0002207315292095
0.020000  0.820000    0.0002305907402702
0.060000  0.820000    0.0002392516250578
0.100000  0.820000    0.0002467308287401
0.140000  0.820000    0.0002530235989052
0.180000  0.820000    0.0002561270429895
0.220000  0.820000    0.0002598060511980
0.260000  0.820000    0.0002596033732380
0.300000  0.820000    0.0002604741271249
0.340000  0.820000    0.0002568053355532
0.380000  0.820000    0.0002510616995559
0.420000  0.820000    0.0002393385868168
0.460000  0.820000    0.0002285641258489
0.500000  0.820000    0.0002103605708137
0.540000  0.820000    0.0001784111220527
-.420000  0.860000    0.0000171579741393
-.380000  0.860000    0.0000440772347278
-.340000  0.860000    0.0000681132585627
-.300000  0.860000    0.0000892523015834
-.260000  0.860000    0.0001082073842553
-.220000  0.860000    0.0001254537920832
-.180000  0.860000    0.0001422059699184
-.140000  0.860000    0.0001566469244853
-.100000  0.860000    0.0001704227173044
-.060000  0.860000    0.0001827103431243
-.020000  0.860000    0.0001935893077725
0.020000  0.860000    0.0002031237004996
0.060000  0.860000    0.0002113528208577
0.100000  0.860000    0.0002182906758586
0.140000  0.860000    0.0002239220762877
0.180000  0.860000    0.0002265092547730
0.220000  0.860000    0.0002292383711034
0.260000  0.860000    0.0002282449062126
0.300000  0.860000    0.0002251776855801
0.340000  0.860000    0.0002199261641695
0.380000  0.860000    0.0002122072872948
0.420000  0.860000    0.0001982535161359
0.460000  0.860000    0.0001763794102989
0.500000  0.860000    0.0001383641206088
-.340000  0.900000    0.0000296127469840
-.300000  0.900000    0.0000538637405161
-.260000  0.900000    0.0000753419602200
-.220000  0.900000    0.0000939809593339
-.180000  0.900000    0.0001105087768129
-.140000  0.900000    0.0001262929252165
-.100000  0.900000    0.0001395382910015
-.060000  0.900000    0.0001519846967544
-.020000  0.900000    0.0001628068087970
0.020000  0.900000    0.0001720890928826
0.060000  0.900000    0.0001798787090893
0.100000  0.900000    0.0001861820376079
0.140000  0.900000    0.0001899375409911
0.180000  0.900000    0.0001929796650034
0.220000  0.900000    0.0001927850752917
0.260000  0.900000    0.0001902994820058
0.300000  0.900000    0.0001853138440429
0.340000  0.900000    0.0001749861150442
0.380000  0.900000    0.0001603439584669
0.420000  0.900000    0.0001324020758274
-.260000  0.940000    0.0000294806176164
-.220000  0.940000    0.0000525780891364
-.180000  0.940000    0.0000720835881480
-.140000  0.940000    0.0000883763064008
-.100000  0.940000    0.0001033714876508
-.060000  0.940000    0.0001152627716036
-.020000  0.940000    0.0001261128083340
0.020000  0.940000    0.0001350335473585
0.060000  0.940000    0.0001421013236758
0.100000  0.940000    0.0001470110099021
0.140000  0.940000    0.0001501257162868
0.180000  0.940000    0.0001503569667717
0.220000  0.940000    0.0001477790026525
0.260000  0.940000    0.0001404866373871
0.300000  0.940000    0.0001279541011259
0.340000  0.940000    0.0000903877146852
-.140000  0.980000    0.0000290755856411
-.100000  0.980000    0.0000504563549397
-.060000  0.980000    0.0000651099761932
-.020000  0.980000    0.0000758387702776
0.020000  0.980000    0.0000845799542824
0.060000  0.980000    0.0000908995902233
0.100000  0.980000    0.0000934486647671
0.140000  0.980000    0.0000915487470648
0.180000  0.980000    0.0000823338772068
