-.140000  -.980000    0.0000395100877227
-.100000  -.980000    0.0000637658695183
-.060000  -.980000    0.0000790109392161
-.020000  -.980000    0.0000894272984501
0.020000  -.980000    0.0000982642923694
0.060000  -.980000    0.0001050344807526
0.100000  -.980000    0.0001077138572021
0.140000  -.980000    0.0001058325405247
0.180000  -.980000    0.0000964141488644
-.300000  -.940000    0.0000014449655613
-.260000  -.940000    0.0000419624436268
-.220000  -.940000    0.0000666147764891
-.180000  -.940000    0.0000867841569081
-.140000  -.940000    0.0001027972348497
-.100000  -.940000    0.0001180514136032
-.060000  -.940000    0.0001289526042036
-.020000  -.940000    0.0001395229084195
0.020000  -.940000    0.0001480168558284
0.060000  -.940000    0.0001546208903193
0.100000  -.940000    0.0001593339344183
0.140000  -.940000    0.0001621073377784
0.180000  -.940000    0.0001622196964712
0.220000  -.940000    0.0001597424429656
0.260000  -.940000    0.0001528074894857
0.300000  -.940000    0.0001414690862886
0.340000  -.940000    0.0001004295301517
-.380000  -.900000    0.0000052071014085
-.340000  -.900000    0.0000431689778001
-.300000  -.900000    0.0000687554744031
-.260000  -.900000    0.0000909734750423
-.220000  -.900000    0.0001094002150346
-.180000  -.900000    0.0001252267239029
-.140000  -.900000    0.0001411384240503
-.100000  -.900000    0.0001532693032333
-.060000  -.900000    0.0001653953854518
-.020000  -.900000    0.0001757199234040
0.020000  -.900000    0.0001844201038818
0.060000  -.900000    0.0001916260220298
0.100000  -.900000    0.0001974122803141
0.140000  -.900000    0.0002005999661555
0.180000  -.900000    0.0002033793875780
0.220000  -.900000    0.0002027452897607
0.260000  -.900000    0.0002000184450960
0.300000  -.900000    0.0001951993301354
0.340000  -.900000    0.0001850025320142
0.380000  -.900000    0.0001717041028063
0.420000  -.900000    0.0001465043351461
-.420000  -.860000    0.0000293869227140
-.380000  -.860000    0.0000589165572581
-.340000  -.860000    0.0000844261366440
-.300000  -.860000    0.0001058047211108
-.260000  -.860000    0.0001243150396222
-.220000  -.860000    0.0001407433593425
-.180000  -.860000    0.0001576670933051
-.140000  -.860000    0.0001709286024257
-.100000  -.860000    0.0001843932156898
-.060000  -.860000    0.0001961383250494
-.020000  -.860000    0.0002063366160499
0.020000  -.860000    0.0002151348592461
0.060000  -.860000    0.0002226496836518
0.100000  -.860000    0.0002289564289348
0.140000  -.860000    0.0002340924344595
0.180000  -.860000    0.0002357985646958
0.220000  -.860000    0.0002383989081588
0.260000  -.860000    0.0002367325957979
0.300000  -.860000    0.0002332030485590
0.340000  -.860000    0.0002278788448237
0.380000  -.860000    0.0002207024211483
0.420000  -.860000    0.0002071007853953
0.460000  -.860000    0.0001863163818388
0.500000  -.860000    0.0001521281199428
-.500000  -.820000    0.0000048311179400
-.460000  -.820000    0.0000401195689014
-.420000  -.820000    0.0000702441434852
-.380000  -.820000    0.0000918723867216
-.340000  -.820000    0.0001135162746199
-.300000  -.820000    0.0001327488892206
-.260000  -.820000    0.0001528478093821
-.220000  -.820000    0.0001684679892936
-.180000  -.820000    0.0001847458301499
-.140000  -.820000    0.0001979054521696
-.100000  -.820000    0.0002112169237279
-.060000  -.820000    0.0002229693758529
-.020000  -.820000    0.0002333107345480
0.020000  -.820000    0.0002423717546964
0.060000  -.820000    0.0002502581676593
0.100000  -.820000    0.0002570490402747
0.140000  -.820000    0.0002627920584072
0.180000  -.820000    0.0002647794258482
0.220000  -.820000    0.0002682444273537
0.260000  -.820000    0.0002670312751049
0.300000  -.820000    0.0002682937836041
0.340000  -.820000    0.0002641257129722
0.380000  -.820000    0.0002582594363716
0.420000  -.820000    0.0002454610481795
0.460000  -.820000    0.0002360037578918
0.500000  -.820000    0.0002190757576256
0.540000  -.820000    0.0001888181019143
-.540000  -.780000    0.0000115259701099
-.500000  -.780000    0.0000455108257444
-.460000  -.780000    0.0000718479712711
-.420000  -.780000    0.0000970602333442
-.380000  -.780000    0.0001193206164602
-.340000  -.780000    0.0001393226543989
-.300000  -.780000    0.0001575665113934
-.260000  -.780000    0.0001770295238759
-.220000  -.780000    0.0001923665024443
-.180000  -.780000    0.0002084946178038
-.140000  -.780000    0.0002217132342432
-.100000  -.780000    0.0002351433086834
-.060000  -.780000    0.0002471091350697
-.020000  -.780000    0.0002577419454676
0.020000  -.780000    0.0002671617019866
0.060000  -.780000    0.0002754711161001
0.100000  -.780000    0.0002827476346075
0.140000  -.780000    0.0002890470955481
0.180000  -.780000    0.0002915179557194
0.220000  -.780000    0.0002956891645456
0.260000  -.780000    0.0002950203135544
0.300000  -.780000    0.0002972121541594
0.340000  -.780000    0.0002937262112078
0.380000  -.780000    0.0002886215794220
0.420000  -.780000    0.0002819630218363
0.460000  -.780000    0.0002737692039422
0.500000  -.780000    0.0002576585775485
0.540000  -.780000    0.0002396233120451
0.580000  -.780000    0.0002133545299887
0.620000  -.780000    0.0001609922075770
-.580000  -.740000    0.0000122755330439
-.540000  -.740000    0.0000454809897855
-.500000  -.740000    0.0000755704982500
-.460000  -.740000    0.0000977971156423
-.420000  -.740000    0.0001209140756147
-.380000  -.740000    0.0001418683634951
-.340000  -.740000    0.0001610929067796
-.300000  -.740000    0.0001818801799353
-.260000  -.740000    0.0001981670688471
-.220000  -.740000    0.0002155641035233
-.180000  -.740000    0.0002296786159468
-.140000  -.740000    0.0002442687388283
-.100000  -.740000    0.0002573288122072
-.060000  -.740000    0.0002690039916122
-.020000  -.740000    0.0002800203742123
0.020000  -.740000    0.0002898629904433
0.060000  -.740000    0.0002986318183621
0.100000  -.740000    0.0003042926984826
0.140000  -.740000    0.0003107569781986
0.180000  -.740000    0.0003163857214759
0.220000  -.740000    0.0003174465813898
0.260000  -.740000    0.0003212084726952
0.300000  -.740000    0.0003194416280951
0.340000  -.740000    0.0003214352423788
0.380000  -.740000    0.0003170714925221
0.420000  -.740000    0.0003111918298934
0.460000  -.740000    0.0003038513688778
0.500000  -.740000    0.0002880935672191
0.540000  -.740000    0.0002776428988183
0.580000  -.740000    0.0002584179476345
0.620000  -.740000    0.0002304036618637
0.660000  -.740000    0.0001881363021808
-.620000  -.700000    0.0000094387909960
-.580000  -.700000    0.0000440115634290
-.540000  -.700000    0.0000715984512156
-.500000  -.700000    0.0000986241675222
-.460000  -.700000    0.0001227942993720
-.420000  -.700000    0.0001407266399262
-.380000  -.700000    0.0001647057562010
-.340000  -.700000    0.0001832536011160
-.300000  -.700000    0.0002005695543317
-.260000  -.700000    0.0002194024421629
-.220000  -.700000    0.0002344133139989
-.180000  -.700000    0.0002502964335414
-.140000  -.700000    0.0002635474298051
-.100000  -.700000    0.0002770041729829
-.060000  -.700000    0.0002891028985749
-.020000  -.700000    0.0002999643689468
0.020000  -.700000    0.0003097173631243
0.060000  -.700000    0.0003184667721240
0.100000  -.700000    0.0003263057438123
0.140000  -.700000    0.0003332997737659
0.180000  -.700000    0.0003362042151960
0.220000  -.700000    0.0003413276008461
0.260000  -.700000    0.0003412846692630
0.300000  -.700000    0.0003447472789097
0.340000  -.700000    0.0003421118325728
0.380000  -.700000    0.0003379680198360
0.420000  -.700000    0.0003389182618316
0.460000  -.700000    0.0003254420797303
0.500000  -.700000    0.0003171325773432
0.540000  -.700000    0.0003075098851673
0.580000  -.700000    0.0002886051582718
0.620000  -.700000    0.0002681250952831
0.660000  -.700000    0.0002385051152664
0.700000  -.700000    0.0001942868117518
-.660000  -.660000    0.0000028128812708
-.620000  -.660000    0.0000358692665764
-.580000  -.660000    0.0000677417866868
-.540000  -.660000    0.0000918937672838
-.500000  -.660000    0.0001171477848610
-.460000  -.660000    0.0001402280115751
-.420000  -.660000    0.0001614900641370
-.380000  -.660000    0.0001812246780118
-.340000  -.660000    0.0001996643287091
-.300000  -.660000    0.0002200533177197
-.260000  -.660000    0.0002360317185610
-.220000  -.660000    0.0002533641778799
-.180000  -.660000    0.0002674267509294
-.140000  -.660000    0.0002821481173325
-.100000  -.660000    0.0002954085692379
-.060000  -.660000    0.0003073343095527
-.020000  -.660000    0.0003180649961527
0.020000  -.660000    0.0003277415754283
0.060000  -.660000    0.0003364772411952
0.100000  -.660000    0.0003443695701579
0.140000  -.660000    0.0003514882547072
0.180000  -.660000    0.0003578900778330
0.220000  -.660000    0.0003596455192228
0.260000  -.660000    0.0003644080147685
0.300000  -.660000    0.0003634896162960
0.340000  -.660000    0.0003667726153140
0.380000  -.660000    0.0003634411053087
0.420000  -.660000    0.0003586749680551
0.460000  -.660000    0.0003525311865458
0.500000  -.660000    0.0003450508890127
0.540000  -.660000    0.0003362735505740
0.580000  -.660000    0.0003177961304612
0.620000  -.660000    0.0003062317305172
0.660000  -.660000    0.0002759073583877
0.700000  -.660000    0.0002448201178864
0.740000  -.660000    0.0001992793260130
-.660000  -.620000    0.0000271157911201
-.620000  -.620000    0.0000604307823271
-.580000  -.620000    0.0000860020255116
-.540000  -.620000    0.0001126036104873
-.500000  -.620000    0.0001369323520009
-.460000  -.620000    0.0001593079711480
-.420000  -.620000    0.0001800322831306
-.380000  -.620000    0.0001993479017542
-.340000  -.620000    0.0002174609328970
-.300000  -.620000    0.0002345210191021
-.260000  -.620000    0.0002534258227152
-.220000  -.620000    0.0002683742574558
-.180000  -.620000    0.0002845058914685
-.140000  -.620000    0.0002990732104529
-.100000  -.620000    0.0003121767071572
-.060000  -.620000    0.0003240810408605
-.020000  -.620000    0.0003353693043773
0.020000  -.620000    0.0003455907886036
0.060000  -.620000    0.0003548654029915
0.100000  -.620000    0.0003608532869821
0.140000  -.620000    0.0003680875328044
0.180000  -.620000    0.0003746711654528
0.220000  -.620000    0.0003806522063318
0.260000  -.620000    0.0003814922040448
0.300000  -.620000    0.0003860443536066
0.340000  -.620000    0.0003844239165553
0.380000  -.620000    0.0003813555229015
0.420000  -.620000    0.0003769204553279
0.460000  -.620000    0.0003711613067143
0.500000  -.620000    0.0003640983418591
0.540000  -.620000    0.0003557530521978
0.580000  -.620000    0.0003461797164535
0.620000  -.620000    0.0003263717683009
0.660000  -.620000    0.0003141994844746
0.700000  -.620000    0.0002821834741749
0.740000  -.620000    0.0002498812719614
0.780000  -.620000    0.0001799509611995
-.700000  -.580000    0.0000168297020340
-.660000  -.580000    0.0000497218346272
-.620000  -.580000    0.0000769831301819
-.580000  -.580000    0.0001050332524258
-.540000  -.580000    0.0001259307939579
-.500000  -.580000    0.0001495684887977
-.460000  -.580000    0.0001716179076554
-.420000  -.580000    0.0001922479422347
-.380000  -.580000    0.0002156537606474
-.340000  -.580000    0.0002335143363350
-.300000  -.580000    0.0002503718544840
-.260000  -.580000    0.0002692120701823
-.220000  -.580000    0.0002840029369907
-.180000  -.580000    0.0003000529140025
-.140000  -.580000    0.0003145112806490
-.100000  -.580000    0.0003269749232498
-.060000  -.580000    0.0003393808076211
-.020000  -.580000    0.0003506049103143
0.020000  -.580000    0.0003607897665245
0.060000  -.580000    0.0003700714486661
0.100000  -.580000    0.0003785666807318
0.140000  -.580000    0.0003832739348060
0.180000  -.580000    0.0003900288298765
0.220000  -.580000    0.0003962514337804
0.260000  -.580000    0.0003971930393730
0.300000  -.580000    0.0004021031565806
0.340000  -.580000    0.0004007104011297
0.380000  -.580000    0.0003979470029843
0.420000  -.580000    0.0004008944636738
0.460000  -.580000    0.0003960191721713
0.500000  -.580000    0.0003898636839657
0.540000  -.580000    0.0003824636013863
0.580000  -.580000    0.0003648695321283
0.620000  -.580000    0.0003545749436516
0.660000  -.580000    0.0003335146056294
0.700000  -.580000    0.0003109183149866
0.740000  -.580000    0.0002873290809687
0.780000  -.580000    0.0002447195663253
-.740000  -.540000    0.0000023742315533
-.700000  -.540000    0.0000358593353689
-.660000  -.540000    0.0000649113597678
-.620000  -.540000    0.0000943841240588
-.580000  -.540000    0.0001165870304451
-.540000  -.540000    0.0001414749729218
-.500000  -.540000    0.0001647151198154
-.460000  -.540000    0.0001864669974109
-.420000  -.540000    0.0002068633819225
-.380000  -.540000    0.0002303052185007
-.340000  -.540000    0.0002479772071643
-.300000  -.540000    0.0002646744570499
-.260000  -.540000    0.0002835363344003
-.220000  -.540000    0.0002981789981253
-.180000  -.540000    0.0003142036909057
-.140000  -.540000    0.0003272933272816
-.100000  -.540000    0.0003409750223979
-.060000  -.540000    0.0003533233584359
-.020000  -.540000    0.0003644938534128
0.020000  -.540000    0.0003746499637390
0.060000  -.540000    0.0003839412637946
0.100000  -.540000    0.0003924991261147
0.140000  -.540000    0.0004004228174643
0.180000  -.540000    0.0004040961923918
0.220000  -.540000    0.0004105583369970
0.260000  -.540000    0.0004116457767700
0.300000  -.540000    0.0004169082714266
0.340000  -.540000    0.0004157779030910
0.380000  -.540000    0.0004133493919302
0.420000  -.540000    0.0004167813580087
0.460000  -.540000    0.0004123124316407
0.500000  -.540000    0.0004066013745970
0.540000  -.540000    0.0003996692606282
0.580000  -.540000    0.0003915482309574
0.620000  -.540000    0.0003726397320536
0.660000  -.540000    0.0003617353721611
0.700000  -.540000    0.0003394980202847
0.740000  -.540000    0.0003159228480851
0.780000  -.540000    0.0002813327496012
0.820000  -.540000    0.0002293159252246
-.740000  -.500000    0.0000213583882381
-.700000  -.500000    0.0000535841603262
-.660000  -.500000    0.0000807146092926
-.620000  -.500000    0.0001093646136248
-.580000  -.500000    0.0001305728343838
-.540000  -.500000    0.0001550786358075
-.500000  -.500000    0.0001780443818056
-.460000  -.500000    0.0001995960488324
-.420000  -.500000    0.0002198449524681
-.380000  -.500000    0.0002433977833068
-.340000  -.500000    0.0002609464705563
-.300000  -.500000    0.0002775272516601
-.260000  -.500000    0.0002964914130288
-.220000  -.500000    0.0003110009521822
-.180000  -.500000    0.0003270643308169
-.140000  -.500000    0.0003400300297354
-.100000  -.500000    0.0003537011113676
-.060000  -.500000    0.0003660123902541
-.020000  -.500000    0.0003771381706506
0.020000  -.500000    0.0003872704033066
0.060000  -.500000    0.0003965716464272
0.100000  -.500000    0.0004051951693694
0.140000  -.500000    0.0004132474385179
0.180000  -.500000    0.0004169716211407
0.220000  -.500000    0.0004236808030920
0.260000  -.500000    0.0004249495397690
0.300000  -.500000    0.0004305722774071
0.340000  -.500000    0.0004297351784499
0.380000  -.500000    0.0004276637371031
0.420000  -.500000    0.0004315928634016
0.460000  -.500000    0.0004275503903669
0.500000  -.500000    0.0004223032543407
0.540000  -.500000    0.0004158615786704
0.580000  -.500000    0.0004082455828292
0.620000  -.500000    0.0003897716071564
0.660000  -.500000    0.0003793078767905
0.700000  -.500000    0.0003573810156046
0.740000  -.500000    0.0003338660354009
0.780000  -.500000    0.0003092928625426
0.820000  -.500000    0.0002742466095491
0.860000  -.500000    0.0001973132774820
-.780000  -.460000    0.0000028986578024
-.740000  -.460000    0.0000354066810934
-.700000  -.460000    0.0000685593534796
-.660000  -.460000    0.0000941489902561
-.620000  -.460000    0.0001221521344788
-.580000  -.460000    0.0001426436602705
-.540000  -.460000    0.0001668718964674
-.500000  -.460000    0.0001896614516422
-.460000  -.460000    0.0002110904313563
-.420000  -.460000    0.0002312647741149
-.380000  -.460000    0.0002549873101206
-.340000  -.460000    0.0002724773240676
-.300000  -.460000    0.0002889939407884
-.260000  -.460000    0.0003081336415497
-.220000  -.460000    0.0003225358208360
-.180000  -.460000    0.0003386987295776
-.140000  -.460000    0.0003515362852596
-.100000  -.460000    0.0003652313613338
-.060000  -.460000    0.0003775247492766
-.020000  -.460000    0.0003886194759669
0.020000  -.460000    0.0003987244178717
0.060000  -.460000    0.0004080420250618
0.100000  -.460000    0.0004167354380337
0.140000  -.460000    0.0004249274440971
0.180000  -.460000    0.0004287306807451
0.220000  -.460000    0.0004357054144875
0.260000  -.460000    0.0004371832498109
0.300000  -.460000    0.0004431948563165
0.340000  -.460000    0.0004426717796582
0.380000  -.460000    0.0004409737663977
0.420000  -.460000    0.0004454451398803
0.460000  -.460000    0.0004418398401091
0.500000  -.460000    0.0004370730680873
0.540000  -.460000    0.0004311418572082
0.580000  -.460000    0.0004240546677638
0.620000  -.460000    0.0004060142268529
0.660000  -.460000    0.0003960578519513
0.700000  -.460000    0.0003745279021338
0.740000  -.460000    0.0003621042171013
0.780000  -.460000    0.0003377419755948
0.820000  -.460000    0.0003013905691731
0.860000  -.460000    0.0002457565797889
-.780000  -.420000    0.0000172231093698
-.740000  -.420000    0.0000488474840558
-.700000  -.420000    0.0000762910291580
-.660000  -.420000    0.0001054277534957
-.620000  -.420000    0.0001329160456032
-.580000  -.420000    0.0001529324655464
-.540000  -.420000    0.0001769614838815
-.500000  -.420000    0.0001996407604828
-.460000  -.420000    0.0002210166645942
-.420000  -.420000    0.0002411656810740
-.380000  -.420000    0.0002650946419699
-.340000  -.420000    0.0002825848099515
-.300000  -.420000    0.0002990945420491
-.260000  -.420000    0.0003184938701131
-.220000  -.420000    0.0003328179180020
-.180000  -.420000    0.0003491597872509
-.140000  -.420000    0.0003618668233967
-.100000  -.420000    0.0003756263227638
-.060000  -.420000    0.0003879270797330
-.020000  -.420000    0.0003989926643780
0.020000  -.420000    0.0004090756164022
0.060000  -.420000    0.0004184105393821
0.100000  -.420000    0.0004271799124875
0.140000  -.420000    0.0004355329012914
0.180000  -.420000    0.0004394380732511
0.220000  -.420000    0.0004467116307163
0.260000  -.420000    0.0004484213350857
0.300000  -.420000    0.0004548669884471
0.340000  -.420000    0.0004546781430635
0.380000  -.420000    0.0004533659013483
0.420000  -.420000    0.0004584465759810
0.460000  -.420000    0.0004552954813029
0.500000  -.420000    0.0004510214781759
0.540000  -.420000    0.0004456153157647
0.580000  -.420000    0.0004390873330035
0.620000  -.420000    0.0004214343405545
0.660000  -.420000    0.0004120352243721
0.700000  -.420000    0.0004017023342873
0.740000  -.420000    0.0003789185621476
0.780000  -.420000    0.0003546577427559
0.820000  -.420000    0.0003178635056179
0.860000  -.420000    0.0002814639085444
0.900000  -.420000    0.0002110018267871
-.780000  -.380000    0.0000298719090899
-.740000  -.380000    0.0000599275209643
-.700000  -.380000    0.0000911745526899
-.660000  -.380000    0.0001147351990631
-.620000  -.380000    0.0001417944594631
-.580000  -.380000    0.0001673472711405
-.540000  -.380000    0.0001913926245427
-.500000  -.380000    0.0002139838156785
-.460000  -.380000    0.0002351726059229
-.420000  -.380000    0.0002550537630479
-.380000  -.380000    0.0002737252571543
-.340000  -.380000    0.0002912869419910
-.300000  -.380000    0.0003078478140882
-.260000  -.380000    0.0003275746058609
-.220000  -.380000    0.0003418695518918
-.180000  -.380000    0.0003584667388268
-.140000  -.380000    0.0003710571216318
-.100000  -.380000    0.0003849295800580
-.060000  -.380000    0.0003972616883148
-.020000  -.380000    0.0004083098941447
0.020000  -.380000    0.0004183708298622
0.060000  -.380000    0.0004277214905524
0.100000  -.380000    0.0004365858635923
0.140000  -.380000    0.0004451254346220
0.180000  -.380000    0.0004491525696374
0.220000  -.380000    0.0004567764126195
0.260000  -.380000    0.0004587399804166
0.300000  -.380000    0.0004656911886093
0.340000  -.380000    0.0004658536822862
0.380000  -.380000    0.0004649385487068
0.420000  -.380000    0.0004629579715589
0.460000  -.380000    0.0004598884519162
0.500000  -.380000    0.0004556929474240
0.540000  -.380000    0.0004503349389764
0.580000  -.380000    0.0004438061056337
0.620000  -.380000    0.0004361172206908
0.660000  -.380000    0.0004273346331425
0.700000  -.380000    0.0004066219581424
0.740000  -.380000    0.0003951554479705
0.780000  -.380000    0.0003711310047108
0.820000  -.380000    0.0003458853584720
0.860000  -.380000    0.0003083168720259
0.900000  -.380000    0.0002511410632508
-.820000  -.340000    0.0000078985628223
-.780000  -.340000    0.0000402138456078
-.740000  -.340000    0.0000688581626245
-.700000  -.340000    0.0000992569886556
-.660000  -.340000    0.0001222524569384
-.620000  -.340000    0.0001489328259757
-.580000  -.340000    0.0001742629632949
-.540000  -.340000    0.0001982122360673
-.500000  -.340000    0.0002208006328914
-.460000  -.340000    0.0002420713738959
-.420000  -.340000    0.0002620658010062
-.380000  -.340000    0.0002808692273007
-.340000  -.340000    0.0002985689696153
-.300000  -.340000    0.0003202072465463
-.260000  -.340000    0.0003353460819815
-.220000  -.340000    0.0003496819248103
-.180000  -.340000    0.0003666234896405
-.140000  -.340000    0.0003791255968002
-.100000  -.340000    0.0003931711130025
-.060000  -.340000    0.0004055742545764
-.020000  -.340000    0.0004166109222699
0.020000  -.340000    0.0004266453586957
0.060000  -.340000    0.0004360192643935
0.100000  -.340000    0.0004449995282045
0.140000  -.340000    0.0004537650935556
0.180000  -.340000    0.0004579412475448
0.220000  -.340000    0.0004659853793068
0.260000  -.340000    0.0004682311322733
0.300000  -.340000    0.0004694211520361
0.340000  -.340000    0.0004763201294865
0.380000  -.340000    0.0004758135940126
0.420000  -.340000    0.0004742800499560
0.460000  -.340000    0.0004716892304546
0.500000  -.340000    0.0004680066599311
0.540000  -.340000    0.0004632006426556
0.580000  -.340000    0.0004572584771008
0.620000  -.340000    0.0004501935309670
0.660000  -.340000    0.0004420785681266
0.700000  -.340000    0.0004216816730431
0.740000  -.340000    0.0004108795888713
0.780000  -.340000    0.0003871356817354
0.820000  -.340000    0.0003620039423910
0.860000  -.340000    0.0003238732037753
0.900000  -.340000    0.0002753478409134
0.940000  -.340000    0.0001638840926191
-.820000  -.300000    0.0000173468761413
-.780000  -.300000    0.0000483704958282
-.740000  -.300000    0.0000806312998607
-.700000  -.300000    0.0001054894795034
-.660000  -.300000    0.0001338564703117
-.620000  -.300000    0.0001545010666923
-.580000  -.300000    0.0001796140485303
-.540000  -.300000    0.0002034790569871
-.500000  -.300000    0.0002260740338168
-.460000  -.300000    0.0002474280775936
-.420000  -.300000    0.0002675744606416
-.380000  -.300000    0.0002865548412364
-.340000  -.300000    0.0003101618814243
-.300000  -.300000    0.0003264551541735
-.260000  -.300000    0.0003417680894707
-.220000  -.300000    0.0003562243467977
-.180000  -.300000    0.0003736070320962
-.140000  -.300000    0.0003860689790716
-.100000  -.300000    0.0004003707880332
-.060000  -.300000    0.0004128889189628
-.020000  -.300000    0.0004239280891359
0.020000  -.300000    0.0004339325981863
0.060000  -.300000    0.0004433377805221
0.100000  -.300000    0.0004524618204518
0.140000  -.300000    0.0004615307419647
0.180000  -.300000    0.0004658837821333
0.220000  -.300000    0.0004744529529827
0.260000  -.300000    0.0004770090975398
0.300000  -.300000    0.0004785594102182
0.340000  -.300000    0.0004791664240412
0.380000  -.300000    0.0004861685052080
0.420000  -.300000    0.0004850886654090
0.460000  -.300000    0.0004829870107334
0.500000  -.300000    0.0004798298247741
0.540000  -.300000    0.0004755867149914
0.580000  -.300000    0.0004702532070226
0.620000  -.300000    0.0004638526132464
0.660000  -.300000    0.0004455090892631
0.700000  -.300000    0.0004362480220035
0.740000  -.300000    0.0004144935955867
0.780000  -.300000    0.0004027399795719
0.820000  -.300000    0.0003778313603081
0.860000  -.300000    0.0003393670245975
0.900000  -.300000    0.0003012746675187
0.940000  -.300000    0.0002350307587458
-.820000  -.260000    0.0000272557639878
-.780000  -.260000    0.0000585560046098
-.740000  -.260000    0.0000857655220306
-.700000  -.260000    0.0001158901553170
-.660000  -.260000    0.0001379180140124
-.620000  -.260000    0.0001645237199282
-.580000  -.260000    0.0001898560663671
-.540000  -.260000    0.0002138796644877
-.500000  -.260000    0.0002365713768696
-.460000  -.260000    0.0002579542410893
-.420000  -.260000    0.0002780609804403
-.380000  -.260000    0.0002969304496174
-.340000  -.260000    0.0003146204942295
-.300000  -.260000    0.0003312120759264
-.260000  -.260000    0.0003467918228313
-.220000  -.260000    0.0003662583786803
-.180000  -.260000    0.0003793548541333
-.140000  -.260000    0.0003952341574509
-.100000  -.260000    0.0004065220210722
-.060000  -.260000    0.0004192331445580
-.020000  -.260000    0.0004302893053706
0.020000  -.260000    0.0004402572637124
0.060000  -.260000    0.0004497019778882
0.100000  -.260000    0.0004590346036284
0.140000  -.260000    0.0004641742858932
0.180000  -.260000    0.0004730679724805
0.220000  -.260000    0.0004765095377653
0.260000  -.260000    0.0004852360374594
0.300000  -.260000    0.0004871736870653
0.340000  -.260000    0.0004881927949678
0.380000  -.260000    0.0004882672411259
0.420000  -.260000    0.0004873602021063
0.460000  -.260000    0.0004854165199211
0.500000  -.260000    0.0004823847514065
0.540000  -.260000    0.0004782304552834
0.580000  -.260000    0.0004729379646474
0.620000  -.260000    0.0004665110960652
0.660000  -.260000    0.0004590000273505
0.700000  -.260000    0.0004393451621805
0.740000  -.260000    0.0004289780643378
0.780000  -.260000    0.0004057538329324
0.820000  -.260000    0.0003808587915368
0.860000  -.260000    0.0003546575185229
0.900000  -.260000    0.0003158363986313
0.940000  -.260000    0.0002567480908155
-.860000  -.220000    0.0000008933041618
-.820000  -.220000    0.0000331480204134
-.780000  -.220000    0.0000629216757820
-.740000  -.220000    0.0000947083227666
-.700000  -.220000    0.0001185895412606
-.660000  -.220000    0.0001467530051881
-.620000  -.220000    0.0001668688365871
-.580000  -.220000    0.0001919518588770
-.540000  -.220000    0.0002158625593071
-.500000  -.220000    0.0002385731145350
-.460000  -.220000    0.0002600740441516
-.420000  -.220000    0.0002803829843951
-.380000  -.220000    0.0002995275096247
-.340000  -.220000    0.0003175449067785
-.300000  -.220000    0.0003344752586211
-.260000  -.220000    0.0003561697120802
-.220000  -.220000    0.0003704201221037
-.180000  -.220000    0.0003837835490105
-.140000  -.220000    0.0004003548399284
-.100000  -.220000    0.0004116011174238
-.060000  -.220000    0.0004246107365053
-.020000  -.220000    0.0004357175585166
0.020000  -.220000    0.0004456397154139
0.060000  -.220000    0.0004551506815086
0.100000  -.220000    0.0004647807664231
0.140000  -.220000    0.0004700938874262
0.180000  -.220000    0.0004796740508170
0.220000  -.220000    0.0004834675793479
0.260000  -.220000    0.0004864091285380
0.300000  -.220000    0.0004955184708682
0.340000  -.220000    0.0004969664991750
0.380000  -.220000    0.0004974983344498
0.420000  -.220000    0.0004970717353251
0.460000  -.220000    0.0004956280661090
0.500000  -.220000    0.0004931342513811
0.540000  -.220000    0.0004895487167020
0.580000  -.220000    0.0004848746602289
0.620000  -.220000    0.0004791577482653
0.660000  -.220000    0.0004613898429842
0.700000  -.220000    0.0004527691294904
0.740000  -.220000    0.0004316045481849
0.780000  -.220000    0.0004202966399683
0.820000  -.220000    0.0003956987526418
0.860000  -.220000    0.0003697843073765
0.900000  -.220000    0.0003304688816122
0.940000  -.220000    0.0002808993170087
-.860000  -.180000    0.0000067229742958
-.820000  -.180000    0.0000404274779343
-.780000  -.180000    0.0000701966503093
-.740000  -.180000    0.0000963315420609
-.700000  -.180000    0.0001260070652750
-.660000  -.180000    0.0001475769140582
-.620000  -.180000    0.0001740388535103
-.580000  -.180000    0.0001993418523404
-.540000  -.180000    0.0002234462828129
-.500000  -.180000    0.0002463271882541
-.460000  -.180000    0.0002679694911330
-.420000  -.180000    0.0002883826825209
-.380000  -.180000    0.0003075901933471
-.340000  -.180000    0.0003256197665797
-.300000  -.180000    0.0003425030472496
-.260000  -.180000    0.0003582760929656
-.220000  -.180000    0.0003729963907034
-.180000  -.180000    0.0003922294714746
-.140000  -.180000    0.0004041722117978
-.100000  -.180000    0.0004155214469593
-.060000  -.180000    0.0004290216532089
-.020000  -.180000    0.0004402365412877
0.020000  -.180000    0.0004500924309842
0.060000  -.180000    0.0004597209466419
0.100000  -.180000    0.0004698269475218
0.140000  -.180000    0.0004754008987895
0.180000  -.180000    0.0004800309549244
0.220000  -.180000    0.0004901447427889
0.260000  -.180000    0.0004935348777478
0.300000  -.180000    0.0004960946135497
0.340000  -.180000    0.0004977546192327
0.380000  -.180000    0.0004985354001128
0.420000  -.180000    0.0004982723751458
0.460000  -.180000    0.0004969658199768
0.500000  -.180000    0.0004945796606453
0.540000  -.180000    0.0004911249821810
0.580000  -.180000    0.0004865352287554
0.620000  -.180000    0.0004807798443577
0.660000  -.180000    0.0004740030282923
0.700000  -.180000    0.0004547850792297
0.740000  -.180000    0.0004451080723714
0.780000  -.180000    0.0004223780183220
0.820000  -.180000    0.0003978695335739
0.860000  -.180000    0.0003717904689669
0.900000  -.180000    0.0003451265716143
0.940000  -.180000    0.0002940728956380
0.980000  -.180000    0.0002018443712925
-.860000  -.140000    0.0000108353849473
-.820000  -.140000    0.0000426458894514
-.780000  -.140000    0.0000711817603976
-.740000  -.140000    0.0001021724555294
-.700000  -.140000    0.0001255787885415
-.660000  -.140000    0.0001533578955915
-.620000  -.140000    0.0001800650964965
-.580000  -.140000    0.0002055999586355
-.540000  -.140000    0.0002223490292880
-.500000  -.140000    0.0002451405462467
-.460000  -.140000    0.0002668173053493
-.420000  -.140000    0.0002873770230919
-.380000  -.140000    0.0003068288434841
-.340000  -.140000    0.0003251889639528
-.300000  -.140000    0.0003424778068204
-.260000  -.140000    0.0003657653678901
-.220000  -.140000    0.0003804098917273
-.180000  -.140000    0.0003939326964541
-.140000  -.140000    0.0004064303564561
-.100000  -.140000    0.0004225310068952
-.060000  -.140000    0.0004324064693458
-.020000  -.140000    0.0004438630759516
0.020000  -.140000    0.0004536228151228
0.060000  -.140000    0.0004634833578352
0.100000  -.140000    0.0004696036217119
0.140000  -.140000    0.0004803744331592
0.180000  -.140000    0.0004854839126321
0.220000  -.140000    0.0004899084296664
0.260000  -.140000    0.0004936163546025
0.300000  -.140000    0.0005038198204243
0.340000  -.140000    0.0005061030460587
0.380000  -.140000    0.0005072443729590
0.420000  -.140000    0.0005073958332002
0.460000  -.140000    0.0005067427046423
0.500000  -.140000    0.0005049618032445
0.540000  -.140000    0.0005019030452790
0.580000  -.140000    0.0004878992646429
0.620000  -.140000    0.0004822141156725
0.660000  -.140000    0.0004753468566978
0.700000  -.140000    0.0004675169244915
0.740000  -.140000    0.0004466941800686
0.780000  -.140000    0.0004361785859823
0.820000  -.140000    0.0004119083964041
0.860000  -.140000    0.0003862036837884
0.900000  -.140000    0.0003465025422002
0.940000  -.140000    0.0003075864416328
0.980000  -.140000    0.0002298985365566
-.860000  -.100000    0.0000147095804796
-.820000  -.100000    0.0000468908811251
-.780000  -.100000    0.0000753847532577
-.740000  -.100000    0.0001067056171125
-.700000  -.100000    0.0001298551729658
-.660000  -.100000    0.0001578606194141
-.620000  -.100000    0.0001847872354867
-.580000  -.100000    0.0002027437721118
-.540000  -.100000    0.0002267723483896
-.500000  -.100000    0.0002496999583966
-.460000  -.100000    0.0002715115924650
-.420000  -.100000    0.0002922087571739
-.380000  -.100000    0.0003117990624698
-.340000  -.100000    0.0003302950428354
-.300000  -.100000    0.0003477132157215
-.260000  -.100000    0.0003640652758411
-.220000  -.100000    0.0003793623652137
-.180000  -.100000    0.0003936086524593
-.140000  -.100000    0.0004133048304310
-.100000  -.100000    0.0004243951786893
-.060000  -.100000    0.0004345944605754
-.020000  -.100000    0.0004466218512292
0.020000  -.100000    0.0004562332960546
0.060000  -.100000    0.0004666329998847
0.100000  -.100000    0.0004731791382677
0.140000  -.100000    0.0004791587037638
0.180000  -.100000    0.0004912989931782
0.220000  -.100000    0.0004962548817461
0.260000  -.100000    0.0005003915387265
0.300000  -.100000    0.0005037104090018
0.340000  -.100000    0.0005062294241130
0.380000  -.100000    0.0005070217616393
0.420000  -.100000    0.0005080248195514
0.460000  -.100000    0.0005070768963143
0.500000  -.100000    0.0005051473877391
0.540000  -.100000    0.0005027780898421
0.580000  -.100000    0.0004986732849667
0.620000  -.100000    0.0004833068723240
0.660000  -.100000    0.0004764284714126
0.700000  -.100000    0.0004685215852683
0.740000  -.100000    0.0004479668005318
0.780000  -.100000    0.0004372452700308
0.820000  -.100000    0.0004130697807258
0.860000  -.100000    0.0003873222114935
0.900000  -.100000    0.0003607461986512
0.940000  -.100000    0.0003083217890531
0.980000  -.100000    0.0002397770693746
-.860000  -.060000    0.0000174081624806
-.820000  -.060000    0.0000497938474701
-.780000  -.060000    0.0000782525079244
-.740000  -.060000    0.0001036349337332
-.700000  -.060000    0.0001327778640231
-.660000  -.060000    0.0001609515281355
-.620000  -.060000    0.0001804693289803
-.580000  -.060000    0.0002056922256727
-.540000  -.060000    0.0002298344640430
-.500000  -.060000    0.0002528755882131
-.460000  -.060000    0.0002748100663766
-.420000  -.060000    0.0002956369665430
-.380000  -.060000    0.0003153692539772
-.340000  -.060000    0.0003340234165168
-.300000  -.060000    0.0003516185660129
-.260000  -.060000    0.0003681691111946
-.220000  -.060000    0.0003836838744578
-.180000  -.060000    0.0003981566422170
-.140000  -.060000    0.0004115633318095
-.100000  -.060000    0.0004238504794032
-.060000  -.060000    0.0004406838436639
-.020000  -.060000    0.0004485435823392
0.020000  -.060000    0.0004579151603319
0.060000  -.060000    0.0004643791448991
0.100000  -.060000    0.0004772354667784
0.140000  -.060000    0.0004840580303954
0.180000  -.060000    0.0004901879834525
0.220000  -.060000    0.0004955375338347
0.260000  -.060000    0.0004999481480985
0.300000  -.060000    0.0005037657121386
0.340000  -.060000    0.0005055695629531
0.380000  -.060000    0.0005081317550760
0.420000  -.060000    0.0005084464258458
0.460000  -.060000    0.0005074889634698
0.500000  -.060000    0.0005062703960744
0.540000  -.060000    0.0005025981897000
0.580000  -.060000    0.0004993727677823
0.620000  -.060000    0.0004941572292026
0.660000  -.060000    0.0004772155134960
0.700000  -.060000    0.0004692342115565
0.740000  -.060000    0.0004603900112704
0.780000  -.060000    0.0004380010270414
0.820000  -.060000    0.0004138953401280
0.860000  -.060000    0.0003881409177417
0.900000  -.060000    0.0003613617820184
0.940000  -.060000    0.0003217931404065
0.980000  -.060000    0.0002507612133446
-.860000  -.020000    0.0000187910266201
-.820000  -.020000    0.0000512688529684
-.780000  -.020000    0.0000797069332607
-.740000  -.020000    0.0001050309405334
-.700000  -.020000    0.0001342639293650
-.660000  -.020000    0.0001625254408599
-.620000  -.020000    0.0001819118781951
-.580000  -.020000    0.0002071977050414
-.540000  -.020000    0.0002314039517021
-.500000  -.020000    0.0002545107612070
-.460000  -.020000    0.0002765174736804
-.420000  -.020000    0.0002974252373706
-.380000  -.020000    0.0003172488325944
-.340000  -.020000    0.0003360098112834
-.300000  -.020000    0.0003537323021360
-.260000  -.020000    0.0003704426925435
-.220000  -.020000    0.0003861629922787
-.180000  -.020000    0.0004009117984903
-.140000  -.020000    0.0004146962964472
-.100000  -.020000    0.0004275026436376
-.060000  -.020000    0.0004392359085793
-.020000  -.020000    0.0004493392865321
0.020000  -.020000    0.0004589448110686
0.060000  -.020000    0.0004673473647929
0.100000  -.020000    0.0004755469599150
0.140000  -.020000    0.0004829764099890
0.180000  -.020000    0.0004895078633459
0.220000  -.020000    0.0004951308093308
0.260000  -.020000    0.0004997194951714
0.300000  -.020000    0.0005037899029221
0.340000  -.020000    0.0005051530452938
0.380000  -.020000    0.0005095049163809
0.420000  -.020000    0.0005061308567069
0.460000  -.020000    0.0005082674296769
0.500000  -.020000    0.0005066252283037
0.540000  -.020000    0.0005029789121693
0.580000  -.020000    0.0004996250213069
0.620000  -.020000    0.0004944146283936
0.660000  -.020000    0.0004776126701687
0.700000  -.020000    0.0004696048689949
0.740000  -.020000    0.0004607133036389
0.780000  -.020000    0.0004383877080156
0.820000  -.020000    0.0004143224004879
0.860000  -.020000    0.0003885704712023
0.900000  -.020000    0.0003616994358852
0.940000  -.020000    0.0003219979662750
0.980000  -.020000    0.0002625876556765
-.860000  0.020000    0.0000187910266201
-.820000  0.020000    0.0000512688529684
-.780000  0.020000    0.0000797069332607
-.740000  0.020000    0.0001050309405334
-.700000  0.020000    0.0001342639293650
-.660000  0.020000    0.0001625254408599
-.620000  0.020000    0.0001819118781951
-.580000  0.020000    0.0002071977050414
-.540000  0.020000    0.0002314039517021
-.500000  0.020000    0.0002545107612070
-.460000  0.020000    0.0002765174736804
-.420000  0.020000    0.0002974252373706
-.380000  0.020000    0.0003172488325944
-.340000  0.020000    0.0003360098112834
-.300000  0.020000    0.0003537323021360
-.260000  0.020000    0.0003704426925435
-.220000  0.020000    0.0003861629922787
-.180000  0.020000    0.0004009117984903
-.140000  0.020000    0.0004146962964472
-.100000  0.020000    0.0004275026436376
-.060000  0.020000    0.0004392359085793
-.020000  0.020000    0.0004493392865321
0.020000  0.020000    0.0004589448110686
0.060000  0.020000    0.0004673473647929
0.100000  0.020000    0.0004755469599150
0.140000  0.020000    0.0004829764099890
0.180000  0.020000    0.0004895078633459
0.220000  0.020000    0.0004951308093308
0.260000  0.020000    0.0004997194951714
0.300000  0.020000    0.0005037899029221
0.340000  0.020000    0.0005051530452938
0.380000  0.020000    0.0005095049163809
0.420000  0.020000    0.0005061308567069
0.460000  0.020000    0.0005082674296769
0.500000  0.020000    0.0005066252283037
0.540000  0.020000    0.0005029789121693
0.580000  0.020000    0.0004996250213069
0.620000  0.020000    0.0004944146283936
0.660000  0.020000    0.0004776126701687
0.700000  0.020000    0.0004696048689949
0.740000  0.020000    0.0004607133036389
0.780000  0.020000    0.0004383877080156
0.820000  0.020000    0.0004143224004879
0.860000  0.020000    0.0003885704712023
0.900000  0.020000    0.0003616994358852
0.940000  0.020000    0.0003219979662750
0.980000  0.020000    0.0002625876556765
-.860000  0.060000    0.0000174081624806
-.820000  0.060000    0.0000497938474701
-.780000  0.060000    0.0000782525079244
-.740000  0.060000    0.0001036349337332
-.700000  0.060000    0.0001327778640231
-.660000  0.060000    0.0001609515281355
-.620000  0.060000    0.0001804693289803
-.580000  0.060000    0.0002056922256727
-.540000  0.060000    0.0002298344640430
-.500000  0.060000    0.0002528755882131
-.460000  0.060000    0.0002748100663766
-.420000  0.060000    0.0002956369665430
-.380000  0.060000    0.0003153692539772
-.340000  0.060000    0.0003340234165168
-.300000  0.060000    0.0003516185660129
-.260000  0.060000    0.0003681691111946
-.220000  0.060000    0.0003836838744578
-.180000  0.060000    0.0003981566422170
-.140000  0.060000    0.0004115633318095
-.100000  0.060000    0.0004238504794032
-.060000  0.060000    0.0004406838436639
-.020000  0.060000    0.0004485435823392
0.020000  0.060000    0.0004579151603319
0.060000  0.060000    0.0004643791448991
0.100000  0.060000    0.0004772354667784
0.140000  0.060000    0.0004840580303954
0.180000  0.060000    0.0004901879834525
0.220000  0.060000    0.0004955375338347
0.260000  0.060000    0.0004999481480985
0.300000  0.060000    0.0005037657121386
0.340000  0.060000    0.0005055695629531
0.380000  0.060000    0.0005081317550760
0.420000  0.060000    0.0005084464258458
0.460000  0.060000    0.0005074889634698
0.500000  0.060000    0.0005062703960744
0.540000  0.060000    0.0005025981897000
0.580000  0.060000    0.0004993727677823
0.620000  0.060000    0.0004941572292026
0.660000  0.060000    0.0004772155134960
0.700000  0.060000    0.0004692342115565
0.740000  0.060000    0.0004603900112704
0.780000  0.060000    0.0004380010270414
0.820000  0.060000    0.0004138953401280
0.860000  0.060000    0.0003881409177417
0.900000  0.060000    0.0003613617820184
0.940000  0.060000    0.0003217931404065
0.980000  0.060000    0.0002507612133446
-.860000  0.100000    0.0000147095804796
-.820000  0.100000    0.0000468908811251
-.780000  0.100000    0.0000753847532577
-.740000  0.100000    0.0001067056171125
-.700000  0.100000    0.0001298551729658
-.660000  0.100000    0.0001578606194141
-.620000  0.100000    0.0001847872354867
-.580000  0.100000    0.0002027437721118
-.540000  0.100000    0.0002267723483896
-.500000  0.100000    0.0002496999583966
-.460000  0.100000    0.0002715115924650
-.420000  0.100000    0.0002922087571739
-.380000  0.100000    0.0003117990624698
-.340000  0.100000    0.0003302950428354
-.300000  0.100000    0.0003477132157215
-.260000  0.100000    0.0003640652758411
-.220000  0.100000    0.0003793623652137
-.180000  0.100000    0.0003936086524593
-.140000  0.100000    0.0004133048304310
-.100000  0.100000    0.0004243951786893
-.060000  0.100000    0.0004345944605754
-.020000  0.100000    0.0004466218512292
0.020000  0.100000    0.0004562332960546
0.060000  0.100000    0.0004666329998847
0.100000  0.100000    0.0004731791382677
0.140000  0.100000    0.0004791587037638
0.180000  0.100000    0.0004912989931782
0.220000  0.100000    0.0004962548817461
0.260000  0.100000    0.0005003915387265
0.300000  0.100000    0.0005037104090018
0.340000  0.100000    0.0005062294241130
0.380000  0.100000    0.0005070217616393
0.420000  0.100000    0.0005080248195514
0.460000  0.100000    0.0005070768963143
0.500000  0.100000    0.0005051473877391
0.540000  0.100000    0.0005027780898421
0.580000  0.100000    0.0004986732849667
0.620000  0.100000    0.0004833068723240
0.660000  0.100000    0.0004764284714126
0.700000  0.100000    0.0004685215852683
0.740000  0.100000    0.0004479668005318
0.780000  0.100000    0.0004372452700308
0.820000  0.100000    0.0004130697807258
0.860000  0.100000    0.0003873222114935
0.900000  0.100000    0.0003607461986512
0.940000  0.100000    0.0003083217890531
0.980000  0.100000    0.0002397770693746
-.860000  0.140000    0.0000108353849473
-.820000  0.140000    0.0000426458894514
-.780000  0.140000    0.0000711817603976
-.740000  0.140000    0.0001021724555294
-.700000  0.140000    0.0001255787885415
-.660000  0.140000    0.0001533578955915
-.620000  0.140000    0.0001800650964965
-.580000  0.140000    0.0002055999586355
-.540000  0.140000    0.0002223490292880
-.500000  0.140000    0.0002451405462467
-.460000  0.140000    0.0002668173053493
-.420000  0.140000    0.0002873770230919
-.380000  0.140000    0.0003068288434841
-.340000  0.140000    0.0003251889639528
-.300000  0.140000    0.0003424778068204
-.260000  0.140000    0.0003657653678901
-.220000  0.140000    0.0003804098917273
-.180000  0.140000    0.0003939326964541
-.140000  0.140000    0.0004064303564561
-.100000  0.140000    0.0004225310068952
-.060000  0.140000    0.0004324064693458
-.020000  0.140000    0.0004438630759516
0.020000  0.140000    0.0004536228151228
0.060000  0.140000    0.0004634833578352
0.100000  0.140000    0.0004696036217119
0.140000  0.140000    0.0004803744331592
0.180000  0.140000    0.0004854839126321
0.220000  0.140000    0.0004899084296664
0.260000  0.140000    0.0004936163546025
0.300000  0.140000    0.0005038198204243
0.340000  0.140000    0.0005061030460587
0.380000  0.140000    0.0005072443729590
0.420000  0.140000    0.0005073958332002
0.460000  0.140000    0.0005067427046423
0.500000  0.140000    0.0005049618032445
0.540000  0.140000    0.0005019030452790
0.580000  0.140000    0.0004878992646429
0.620000  0.140000    0.0004822141156725
0.660000  0.140000    0.0004753468566978
0.700000  0.140000    0.0004675169244915
0.740000  0.140000    0.0004466941800686
0.780000  0.140000    0.0004361785859823
0.820000  0.140000    0.0004119083964041
0.860000  0.140000    0.0003862036837884
0.900000  0.140000    0.0003465025422002
0.940000  0.140000    0.0003075864416328
0.980000  0.140000    0.0002298985365566
-.860000  0.180000    0.0000067229742958
-.820000  0.180000    0.0000404274779343
-.780000  0.180000    0.0000701966503093
-.740000  0.180000    0.0000963315420609
-.700000  0.180000    0.0001260070652750
-.660000  0.180000    0.0001475769140582
-.620000  0.180000    0.0001740388535103
-.580000  0.180000    0.0001993418523404
-.540000  0.180000    0.0002234462828129
-.500000  0.180000    0.0002463271882541
-.460000  0.180000    0.0002679694911330
-.420000  0.180000    0.0002883826825209
-.380000  0.180000    0.0003075901933471
-.340000  0.180000    0.0003256197665797
-.300000  0.180000    0.0003425030472496
-.260000  0.180000    0.0003582760929656
-.220000  0.180000    0.0003729963907034
-.180000  0.180000    0.0003922294714746
-.140000  0.180000    0.0004041722117978
-.100000  0.180000    0.0004155214469593
-.060000  0.180000    0.0004290216532089
-.020000  0.180000    0.0004402365412877
0.020000  0.180000    0.0004500924309842
0.060000  0.180000    0.0004597209466419
0.100000  0.180000    0.0004698269475218
0.140000  0.180000    0.0004754008987895
0.180000  0.180000    0.0004800309549244
0.220000  0.180000    0.0004901447427889
0.260000  0.180000    0.0004935348777478
0.300000  0.180000    0.0004960946135497
0.340000  0.180000    0.0004977546192327
0.380000  0.180000    0.0004985354001128
0.420000  0.180000    0.0004982723751458
0.460000  0.180000    0.0004969658199768
0.500000  0.180000    0.0004945796606453
0.540000  0.180000    0.0004911249821810
0.580000  0.180000    0.0004865352287554
0.620000  0.180000    0.0004807798443577
0.660000  0.180000    0.0004740030282923
0.700000  0.180000    0.0004547850792297
0.740000  0.180000    0.0004451080723714
0.780000  0.180000    0.0004223780183220
0.820000  0.180000    0.0003978695335739
0.860000  0.180000    0.0003717904689669
0.900000  0.180000    0.0003451265716143
0.940000  0.180000    0.0002940728956380
0.980000  0.180000    0.0002018443712925
-.860000  0.220000    0.0000008933041618
-.820000  0.220000    0.0000331480204134
-.780000  0.220000    0.0000629216757820
-.740000  0.220000    0.0000947083227666
-.700000  0.220000    0.0001185895412606
-.660000  0.220000    0.0001467530051881
-.620000  0.220000    0.0001668688365871
-.580000  0.220000    0.0001919518588770
-.540000  0.220000    0.0002158625593071
-.500000  0.220000    0.0002385731145350
-.460000  0.220000    0.0002600740441516
-.420000  0.220000    0.0002803829843951
-.380000  0.220000    0.0002995275096247
-.340000  0.220000    0.0003175449067785
-.300000  0.220000    0.0003344752586211
-.260000  0.220000    0.0003561697120802
-.220000  0.220000    0.0003704201221037
-.180000  0.220000    0.0003837835490105
-.140000  0.220000    0.0004003548399284
-.100000  0.220000    0.0004116011174238
-.060000  0.220000    0.0004246107365053
-.020000  0.220000    0.0004357175585166
0.020000  0.220000    0.0004456397154139
0.060000  0.220000    0.0004551506815086
0.100000  0.220000    0.0004647807664231
0.140000  0.220000    0.0004700938874262
0.180000  0.220000    0.0004796740508170
0.220000  0.220000    0.0004834675793479
0.260000  0.220000    0.0004864091285380
0.300000  0.220000    0.0004955184708682
0.340000  0.220000    0.0004969664991750
0.380000  0.220000    0.0004974983344498
0.420000  0.220000    0.0004970717353251
0.460000  0.220000    0.0004956280661090
0.500000  0.220000    0.0004931342513811
0.540000  0.220000    0.0004895487167020
0.580000  0.220000    0.0004848746602289
0.620000  0.220000    0.0004791577482653
0.660000  0.220000    0.0004613898429842
0.700000  0.220000    0.0004527691294904
0.740000  0.220000    0.0004316045481849
0.780000  0.220000    0.0004202966399683
0.820000  0.220000    0.0003956987526418
0.860000  0.220000    0.0003697843073765
0.900000  0.220000    0.0003304688816122
0.940000  0.220000    0.0002808993170087
-.820000  0.260000    0.0000272557639878
-.780000  0.260000    0.0000585560046098
-.740000  0.260000    0.0000857655220306
-.700000  0.260000    0.0001158901553170
-.660000  0.260000    0.0001379180140124
-.620000  0.260000    0.0001645237199282
-.580000  0.260000    0.0001898560663671
-.540000  0.260000    0.0002138796644877
-.500000  0.260000    0.0002365713768696
-.460000  0.260000    0.0002579542410893
-.420000  0.260000    0.0002780609804403
-.380000  0.260000    0.0002969304496174
-.340000  0.260000    0.0003146204942295
-.300000  0.260000    0.0003312120759264
-.260000  0.260000    0.0003467918228313
-.220000  0.260000    0.0003662583786803
-.180000  0.260000    0.0003793548541333
-.140000  0.260000    0.0003952341574509
-.100000  0.260000    0.0004065220210722
-.060000  0.260000    0.0004192331445580
-.020000  0.260000    0.0004302893053706
0.020000  0.260000    0.0004402572637124
0.060000  0.260000    0.0004497019778882
0.100000  0.260000    0.0004590346036284
0.140000  0.260000    0.0004641742858932
0.180000  0.260000    0.0004730679724805
0.220000  0.260000    0.0004765095377653
0.260000  0.260000    0.0004852360374594
0.300000  0.260000    0.0004871736870653
0.340000  0.260000    0.0004881927949678
0.380000  0.260000    0.0004882672411259
0.420000  0.260000    0.0004873602021063
0.460000  0.260000    0.0004854165199211
0.500000  0.260000    0.0004823847514065
0.540000  0.260000    0.0004782304552834
0.580000  0.260000    0.0004729379646474
0.620000  0.260000    0.0004665110960652
0.660000  0.260000    0.0004590000273505
0.700000  0.260000    0.0004393451621805
0.740000  0.260000    0.0004289780643378
0.780000  0.260000    0.0004057538329324
0.820000  0.260000    0.0003808587915368
0.860000  0.260000    0.0003546575185229
0.900000  0.260000    0.0003158363986313
0.940000  0.260000    0.0002567480908155
-.820000  0.300000    0.0000173468761413
-.780000  0.300000    0.0000483704958282
-.740000  0.300000    0.0000806312998607
-.700000  0.300000    0.0001054894795034
-.660000  0.300000    0.0001338564703117
-.620000  0.300000    0.0001545010666923
-.580000  0.300000    0.0001796140485303
-.540000  0.300000    0.0002034790569871
-.500000  0.300000    0.0002260740338168
-.460000  0.300000    0.0002474280775936
-.420000  0.300000    0.0002675744606416
-.380000  0.300000    0.0002865548412364
-.340000  0.300000    0.0003101618814243
-.300000  0.300000    0.0003264551541735
-.260000  0.300000    0.0003417680894707
-.220000  0.300000    0.0003562243467977
-.180000  0.300000    0.0003736070320962
-.140000  0.300000    0.0003860689790716
-.100000  0.300000    0.0004003707880332
-.060000  0.300000    0.0004128889189628
-.020000  0.300000    0.0004239280891359
0.020000  0.300000    0.0004339325981863
0.060000  0.300000    0.0004433377805221
0.100000  0.300000    0.0004524618204518
0.140000  0.300000    0.0004615307419647
0.180000  0.300000    0.0004658837821333
0.220000  0.300000    0.0004744529529827
0.260000  0.300000    0.0004770090975398
0.300000  0.300000    0.0004785594102182
0.340000  0.300000    0.0004791664240412
0.380000  0.300000    0.0004861685052080
0.420000  0.300000    0.0004850886654090
0.460000  0.300000    0.0004829870107334
0.500000  0.300000    0.0004798298247741
0.540000  0.300000    0.0004755867149914
0.580000  0.300000    0.0004702532070226
0.620000  0.300000    0.0004638526132464
0.660000  0.300000    0.0004455090892631
0.700000  0.300000    0.0004362480220035
0.740000  0.300000    0.0004144935955867
0.780000  0.300000    0.0004027399795719
0.820000  0.300000    0.0003778313603081
0.860000  0.300000    0.0003393670245975
0.900000  0.300000    0.0003012746675187
0.940000  0.300000    0.0002350307587458
-.820000  0.340000    0.0000078985628223
-.780000  0.340000    0.0000402138456078
-.740000  0.340000    0.0000688581626245
-.700000  0.340000    0.0000992569886556
-.660000  0.340000    0.0001222524569384
-.620000  0.340000    0.0001489328259757
-.580000  0.340000    0.0001742629632949
-.540000  0.340000    0.0001982122360673
-.500000  0.340000    0.0002208006328914
-.460000  0.340000    0.0002420713738959
-.420000  0.340000    0.0002620658010062
-.380000  0.340000    0.0002808692273007
-.340000  0.340000    0.0002985689696153
-.300000  0.340000    0.0003202072465463
-.260000  0.340000    0.0003353460819815
-.220000  0.340000    0.0003496819248103
-.180000  0.340000    0.0003666234896405
-.140000  0.340000    0.0003791255968002
-.100000  0.340000    0.0003931711130025
-.060000  0.340000    0.0004055742545764
-.020000  0.340000    0.0004166109222699
0.020000  0.340000    0.0004266453586957
0.060000  0.340000    0.0004360192643935
0.100000  0.340000    0.0004449995282045
0.140000  0.340000    0.0004537650935556
0.180000  0.340000    0.0004579412475448
0.220000  0.340000    0.0004659853793068
0.260000  0.340000    0.0004682311322733
0.300000  0.340000    0.0004694211520361
0.340000  0.340000    0.0004763201294865
0.380000  0.340000    0.0004758135940126
0.420000  0.340000    0.0004742800499560
0.460000  0.340000    0.0004716892304546
0.500000  0.340000    0.0004680066599311
0.540000  0.340000    0.0004632006426556
0.580000  0.340000    0.0004572584771008
0.620000  0.340000    0.0004501935309670
0.660000  0.340000    0.0004420785681266
0.700000  0.340000    0.0004216816730431
0.740000  0.340000    0.0004108795888713
0.780000  0.340000    0.0003871356817354
0.820000  0.340000    0.0003620039423910
0.860000  0.340000    0.0003238732037753
0.900000  0.340000    0.0002753478409134
0.940000  0.340000    0.0001638840926191
-.780000  0.380000    0.0000298719090899
-.740000  0.380000    0.0000599275209643
-.700000  0.380000    0.0000911745526899
-.660000  0.380000    0.0001147351990631
-.620000  0.380000    0.0001417944594631
-.580000  0.380000    0.0001673472711405
-.540000  0.380000    0.0001913926245427
-.500000  0.380000    0.0002139838156785
-.460000  0.380000    0.0002351726059229
-.420000  0.380000    0.0002550537630479
-.380000  0.380000    0.0002737252571543
-.340000  0.380000    0.0002912869419910
-.300000  0.380000    0.0003078478140882
-.260000  0.380000    0.0003275746058609
-.220000  0.380000    0.0003418695518918
-.180000  0.380000    0.0003584667388268
-.140000  0.380000    0.0003710571216318
-.100000  0.380000    0.0003849295800580
-.060000  0.380000    0.0003972616883148
-.020000  0.380000    0.0004083098941447
0.020000  0.380000    0.0004183708298622
0.060000  0.380000    0.0004277214905524
0.100000  0.380000    0.0004365858635923
0.140000  0.380000    0.0004451254346220
0.180000  0.380000    0.0004491525696374
0.220000  0.380000    0.0004567764126195
0.260000  0.380000    0.0004587399804166
0.300000  0.380000    0.0004656911886093
0.340000  0.380000    0.0004658536822862
0.380000  0.380000    0.0004649385487068
0.420000  0.380000    0.0004629579715589
0.460000  0.380000    0.0004598884519162
0.500000  0.380000    0.0004556929474240
0.540000  0.380000    0.0004503349389764
0.580000  0.380000    0.0004438061056337
0.620000  0.380000    0.0004361172206908
0.660000  0.380000    0.0004273346331425
0.700000  0.380000    0.0004066219581424
0.740000  0.380000    0.0003951554479705
0.780000  0.380000    0.0003711310047108
0.820000  0.380000    0.0003458853584720
0.860000  0.380000    0.0003083168720259
0.900000  0.380000    0.0002511410632508
-.780000  0.420000    0.0000172231093698
-.740000  0.420000    0.0000488474840558
-.700000  0.420000    0.0000762910291580
-.660000  0.420000    0.0001054277534957
-.620000  0.420000    0.0001329160456032
-.580000  0.420000    0.0001529324655464
-.540000  0.420000    0.0001769614838815
-.500000  0.420000    0.0001996407604828
-.460000  0.420000    0.0002210166645942
-.420000  0.420000    0.0002411656810740
-.380000  0.420000    0.0002650946419699
-.340000  0.420000    0.0002825848099515
-.300000  0.420000    0.0002990945420491
-.260000  0.420000    0.0003184938701131
-.220000  0.420000    0.0003328179180020
-.180000  0.420000    0.0003491597872509
-.140000  0.420000    0.0003618668233967
-.100000  0.420000    0.0003756263227638
-.060000  0.420000    0.0003879270797330
-.020000  0.420000    0.0003989926643780
0.020000  0.420000    0.0004090756164022
0.060000  0.420000    0.0004184105393821
0.100000  0.420000    0.0004271799124875
0.140000  0.420000    0.0004355329012914
0.180000  0.420000    0.0004394380732511
0.220000  0.420000    0.0004467116307163
0.260000  0.420000    0.0004484213350857
0.300000  0.420000    0.0004548669884471
0.340000  0.420000    0.0004546781430635
0.380000  0.420000    0.0004533659013483
0.420000  0.420000    0.0004584465759810
0.460000  0.420000    0.0004552954813029
0.500000  0.420000    0.0004510214781759
0.540000  0.420000    0.0004456153157647
0.580000  0.420000    0.0004390873330035
0.620000  0.420000    0.0004214343405545
0.660000  0.420000    0.0004120352243721
0.700000  0.420000    0.0004017023342873
0.740000  0.420000    0.0003789185621476
0.780000  0.420000    0.0003546577427559
0.820000  0.420000    0.0003178635056179
0.860000  0.420000    0.0002814639085444
0.900000  0.420000    0.0002110018267871
-.780000  0.460000    0.0000028986578024
-.740000  0.460000    0.0000354066810934
-.700000  0.460000    0.0000685593534796
-.660000  0.460000    0.0000941489902561
-.620000  0.460000    0.0001221521344788
-.580000  0.460000    0.0001426436602705
-.540000  0.460000    0.0001668718964674
-.500000  0.460000    0.0001896614516422
-.460000  0.460000    0.0002110904313563
-.420000  0.460000    0.0002312647741149
-.380000  0.460000    0.0002549873101206
-.340000  0.460000    0.0002724773240676
-.300000  0.460000    0.0002889939407884
-.260000  0.460000    0.0003081336415497
-.220000  0.460000    0.0003225358208360
-.180000  0.460000    0.0003386987295776
-.140000  0.460000    0.0003515362852596
-.100000  0.460000    0.0003652313613338
-.060000  0.460000    0.0003775247492766
-.020000  0.460000    0.0003886194759669
0.020000  0.460000    0.0003987244178717
0.060000  0.460000    0.0004080420250618
0.100000  0.460000    0.0004167354380337
0.140000  0.460000    0.0004249274440971
0.180000  0.460000    0.0004287306807451
0.220000  0.460000    0.0004357054144875
0.260000  0.460000    0.0004371832498109
0.300000  0.460000    0.0004431948563165
0.340000  0.460000    0.0004426717796582
0.380000  0.460000    0.0004409737663977
0.420000  0.460000    0.0004454451398803
0.460000  0.460000    0.0004418398401091
0.500000  0.460000    0.0004370730680873
0.540000  0.460000    0.0004311418572082
0.580000  0.460000    0.0004240546677638
0.620000  0.460000    0.0004060142268529
0.660000  0.460000    0.0003960578519513
0.700000  0.460000    0.0003745279021338
0.740000  0.460000    0.0003621042171013
0.780000  0.460000    0.0003377419755948
0.820000  0.460000    0.0003013905691731
0.860000  0.460000    0.0002457565797889
-.740000  0.500000    0.0000213583882381
-.700000  0.500000    0.0000535841603262
-.660000  0.500000    0.0000807146092926
-.620000  0.500000    0.0001093646136248
-.580000  0.500000    0.0001305728343838
-.540000  0.500000    0.0001550786358075
-.500000  0.500000    0.0001780443818056
-.460000  0.500000    0.0001995960488324
-.420000  0.500000    0.0002198449524681
-.380000  0.500000    0.0002433977833068
-.340000  0.500000    0.0002609464705563
-.300000  0.500000    0.0002775272516601
-.260000  0.500000    0.0002964914130288
-.220000  0.500000    0.0003110009521822
-.180000  0.500000    0.0003270643308169
-.140000  0.500000    0.0003400300297354
-.100000  0.500000    0.0003537011113676
-.060000  0.500000    0.0003660123902541
-.020000  0.500000    0.0003771381706506
0.020000  0.500000    0.0003872704033066
0.060000  0.500000    0.0003965716464272
0.100000  0.500000    0.0004051951693694
0.140000  0.500000    0.0004132474385179
0.180000  0.500000    0.0004169716211407
0.220000  0.500000    0.0004236808030920
0.260000  0.500000    0.0004249495397690
0.300000  0.500000    0.0004305722774071
0.340000  0.500000    0.0004297351784499
0.380000  0.500000    0.0004276637371031
0.420000  0.500000    0.0004315928634016
0.460000  0.500000    0.0004275503903669
0.500000  0.500000    0.0004223032543407
0.540000  0.500000    0.0004158615786704
0.580000  0.500000    0.0004082455828292
0.620000  0.500000    0.0003897716071564
0.660000  0.500000    0.0003793078767905
0.700000  0.500000    0.0003573810156046
0.740000  0.500000    0.0003338660354009
0.780000  0.500000    0.0003092928625426
0.820000  0.500000    0.0002742466095491
0.860000  0.500000    0.0001973132774820
-.740000  0.540000    0.0000023742315533
-.700000  0.540000    0.0000358593353689
-.660000  0.540000    0.0000649113597678
-.620000  0.540000    0.0000943841240588
-.580000  0.540000    0.0001165870304451
-.540000  0.540000    0.0001414749729218
-.500000  0.540000    0.0001647151198154
-.460000  0.540000    0.0001864669974109
-.420000  0.540000    0.0002068633819225
-.380000  0.540000    0.0002303052185007
-.340000  0.540000    0.0002479772071643
-.300000  0.540000    0.0002646744570499
-.260000  0.540000    0.0002835363344003
-.220000  0.540000    0.0002981789981253
-.180000  0.540000    0.0003142036909057
-.140000  0.540000    0.0003272933272816
-.100000  0.540000    0.0003409750223979
-.060000  0.540000    0.0003533233584359
-.020000  0.540000    0.0003644938534128
0.020000  0.540000    0.0003746499637390
0.060000  0.540000    0.0003839412637946
0.100000  0.540000    0.0003924991261147
0.140000  0.540000    0.0004004228174643
0.180000  0.540000    0.0004040961923918
0.220000  0.540000    0.0004105583369970
0.260000  0.540000    0.0004116457767700
0.300000  0.540000    0.0004169082714266
0.340000  0.540000    0.0004157779030910
0.380000  0.540000    0.0004133493919302
0.420000  0.540000    0.0004167813580087
0.460000  0.540000    0.0004123124316407
0.500000  0.540000    0.0004066013745970
0.540000  0.540000    0.0003996692606282
0.580000  0.540000    0.0003915482309574
0.620000  0.540000    0.0003726397320536
0.660000  0.540000    0.0003617353721611
0.700000  0.540000    0.0003394980202847
0.740000  0.540000    0.0003159228480851
0.780000  0.540000    0.0002813327496012
0.820000  0.540000    0.0002293159252246
-.700000  0.580000    0.0000168297020340
-.660000  0.580000    0.0000497218346272
-.620000  0.580000    0.0000769831301819
-.580000  0.580000    0.0001050332524258
-.540000  0.580000    0.0001259307939579
-.500000  0.580000    0.0001495684887977
-.460000  0.580000    0.0001716179076554
-.420000  0.580000    0.0001922479422347
-.380000  0.580000    0.0002156537606474
-.340000  0.580000    0.0002335143363350
-.300000  0.580000    0.0002503718544840
-.260000  0.580000    0.0002692120701823
-.220000  0.580000    0.0002840029369907
-.180000  0.580000    0.0003000529140025
-.140000  0.580000    0.0003145112806490
-.100000  0.580000    0.0003269749232498
-.060000  0.580000    0.0003393808076211
-.020000  0.580000    0.0003506049103143
0.020000  0.580000    0.0003607897665245
0.060000  0.580000    0.0003700714486661
0.100000  0.580000    0.0003785666807318
0.140000  0.580000    0.0003832739348060
0.180000  0.580000    0.0003900288298765
0.220000  0.580000    0.0003962514337804
0.260000  0.580000    0.0003971930393730
0.300000  0.580000    0.0004021031565806
0.340000  0.580000    0.0004007104011297
0.380000  0.580000    0.0003979470029843
0.420000  0.580000    0.0004008944636738
0.460000  0.580000    0.0003960191721713
0.500000  0.580000    0.0003898636839657
0.540000  0.580000    0.0003824636013863
0.580000  0.580000    0.0003648695321283
0.620000  0.580000    0.0003545749436516
0.660000  0.580000    0.0003335146056294
0.700000  0.580000    0.0003109183149866
0.740000  0.580000    0.0002873290809687
0.780000  0.580000    0.0002447195663253
-.660000  0.620000    0.0000271157911201
-.620000  0.620000    0.0000604307823271
-.580000  0.620000    0.0000860020255116
-.540000  0.620000    0.0001126036104873
-.500000  0.620000    0.0001369323520009
-.460000  0.620000    0.0001593079711480
-.420000  0.620000    0.0001800322831306
-.380000  0.620000    0.0001993479017542
-.340000  0.620000    0.0002174609328970
-.300000  0.620000    0.0002345210191021
-.260000  0.620000    0.0002534258227152
-.220000  0.620000    0.0002683742574558
-.180000  0.620000    0.0002845058914685
-.140000  0.620000    0.0002990732104529
-.100000  0.620000    0.0003121767071572
-.060000  0.620000    0.0003240810408605
-.020000  0.620000    0.0003353693043773
0.020000  0.620000    0.0003455907886036
0.060000  0.620000    0.0003548654029915
0.100000  0.620000    0.0003608532869821
0.140000  0.620000    0.0003680875328044
0.180000  0.620000    0.0003746711654528
0.220000  0.620000    0.0003806522063318
0.260000  0.620000    0.0003814922040448
0.300000  0.620000    0.0003860443536066
0.340000  0.620000    0.0003844239165553
0.380000  0.620000    0.0003813555229015
0.420000  0.620000    0.0003769204553279
0.460000  0.620000    0.0003711613067143
0.500000  0.620000    0.0003640983418591
0.540000  0.620000    0.0003557530521978
0.580000  0.620000    0.0003461797164535
0.620000  0.620000    0.0003263717683009
0.660000  0.620000    0.0003141994844746
0.700000  0.620000    0.0002821834741749
0.740000  0.620000    0.0002498812719614
0.780000  0.620000    0.0001799509611995
-.660000  0.660000    0.0000028128812708
-.620000  0.660000    0.0000358692665764
-.580000  0.660000    0.0000677417866868
-.540000  0.660000    0.0000918937672838
-.500000  0.660000    0.0001171477848610
-.460000  0.660000    0.0001402280115751
-.420000  0.660000    0.0001614900641370
-.380000  0.660000    0.0001812246780118
-.340000  0.660000    0.0001996643287091
-.300000  0.660000    0.0002200533177197
-.260000  0.660000    0.0002360317185610
-.220000  0.660000    0.0002533641778799
-.180000  0.660000    0.0002674267509294
-.140000  0.660000    0.0002821481173325
-.100000  0.660000    0.0002954085692379
-.060000  0.660000    0.0003073343095527
-.020000  0.660000    0.0003180649961527
0.020000  0.660000    0.0003277415754283
0.060000  0.660000    0.0003364772411952
0.100000  0.660000    0.0003443695701579
0.140000  0.660000    0.0003514882547072
0.180000  0.660000    0.0003578900778330
0.220000  0.660000    0.0003596455192228
0.260000  0.660000    0.0003644080147685
0.300000  0.660000    0.0003634896162960
0.340000  0.660000    0.0003667726153140
0.380000  0.660000    0.0003634411053087
0.420000  0.660000    0.0003586749680551
0.460000  0.660000    0.0003525311865458
0.500000  0.660000    0.0003450508890127
0.540000  0.660000    0.0003362735505740
0.580000  0.660000    0.0003177961304612
0.620000  0.660000    0.0003062317305172
0.660000  0.660000    0.0002759073583877
0.700000  0.660000    0.0002448201178864
0.740000  0.660000    0.0001992793260130
-.620000  0.700000    0.0000094387909960
-.580000  0.700000    0.0000440115634290
-.540000  0.700000    0.0000715984512156
-.500000  0.700000    0.0000986241675222
-.460000  0.700000    0.0001227942993720
-.420000  0.700000    0.0001407266399262
-.380000  0.700000    0.0001647057562010
-.340000  0.700000    0.0001832536011160
-.300000  0.700000    0.0002005695543317
-.260000  0.700000    0.0002194024421629
-.220000  0.700000    0.0002344133139989
-.180000  0.700000    0.0002502964335414
-.140000  0.700000    0.0002635474298051
-.100000  0.700000    0.0002770041729829
-.060000  0.700000    0.0002891028985749
-.020000  0.700000    0.0002999643689468
0.020000  0.700000    0.0003097173631243
0.060000  0.700000    0.0003184667721240
0.100000  0.700000    0.0003263057438123
0.140000  0.700000    0.0003332997737659
0.180000  0.700000    0.0003362042151960
0.220000  0.700000    0.0003413276008461
0.260000  0.700000    0.0003412846692630
0.300000  0.700000    0.0003447472789097
0.340000  0.700000    0.0003421118325728
0.380000  0.700000    0.0003379680198360
0.420000  0.700000    0.0003389182618316
0.460000  0.700000    0.0003254420797303
0.500000  0.700000    0.0003171325773432
0.540000  0.700000    0.0003075098851673
0.580000  0.700000    0.0002886051582718
0.620000  0.700000    0.0002681250952831
0.660000  0.700000    0.0002385051152664
0.700000  0.700000    0.0001942868117518
-.580000  0.740000    0.0000122755330439
-.540000  0.740000    0.0000454809897855
-.500000  0.740000    0.0000755704982500
-.460000  0.740000    0.0000977971156423
-.420000  0.740000    0.0001209140756147
-.380000  0.740000    0.0001418683634951
-.340000  0.740000    0.0001610929067796
-.300000  0.740000    0.0001818801799353
-.260000  0.740000    0.0001981670688471
-.220000  0.740000    0.0002155641035233
-.180000  0.740000    0.0002296786159468
-.140000  0.740000    0.0002442687388283
-.100000  0.740000    0.0002573288122072
-.060000  0.740000    0.0002690039916122
-.020000  0.740000    0.0002800203742123
0.020000  0.740000    0.0002898629904433
0.060000  0.740000    0.0002986318183621
0.100000  0.740000    0.0003042926984826
0.140000  0.740000    0.0003107569781986
0.180000  0.740000    0.0003163857214759
0.220000  0.740000    0.0003174465813898
0.260000  0.740000    0.0003212084726952
0.300000  0.740000    0.0003194416280951
0.340000  0.740000    0.0003214352423788
0.380000  0.740000    0.0003170714925221
0.420000  0.740000    0.0003111918298934
0.460000  0.740000    0.0003038513688778
0.500000  0.740000    0.0002880935672191
0.540000  0.740000    0.0002776428988183
0.580000  0.740000    0.0002584179476345
0.620000  0.740000    0.0002304036618637
0.660000  0.740000    0.0001881363021808
-.540000  0.780000    0.0000115259701099
-.500000  0.780000    0.0000455108257444
-.460000  0.780000    0.0000718479712711
-.420000  0.780000    0.0000970602333442
-.380000  0.780000    0.0001193206164602
-.340000  0.780000    0.0001393226543989
-.300000  0.780000    0.0001575665113934
-.260000  0.780000    0.0001770295238759
-.220000  0.780000    0.0001923665024443
-.180000  0.780000    0.0002084946178038
-.140000  0.780000    0.0002217132342432
-.100000  0.780000    0.0002351433086834
-.060000  0.780000    0.0002471091350697
-.020000  0.780000    0.0002577419454676
0.020000  0.780000    0.0002671617019866
0.060000  0.780000    0.0002754711161001
0.100000  0.780000    0.0002827476346075
0.140000  0.780000    0.0002890470955481
0.180000  0.780000    0.0002915179557194
0.220000  0.780000    0.0002956891645456
0.260000  0.780000    0.0002950203135544
0.300000  0.780000    0.0002972121541594
0.340000  0.780000    0.0002937262112078
0.380000  0.780000    0.0002886215794220
0.420000  0.780000    0.0002819630218363
0.460000  0.780000    0.0002737692039422
0.500000  0.780000    0.0002576585775485
0.540000  0.780000    0.0002396233120451
0.580000  0.780000    0.0002133545299887
0.620000  0.780000    0.0001609922075770
-.500000  0.820000    0.0000048311179400
-.460000  0.820000    0.0000401195689014
-.420000  0.820000    0.0000702441434852
-.380000  0.820000    0.0000918723867216
-.340000  0.820000    0.0001135162746199
-.300000  0.820000    0.0001327488892206
-.260000  0.820000    0.0001528478093821
-.220000  0.820000    0.0001684679892936
-.180000  0.820000    0.0001847458301499
-.140000  0.820000    0.0001979054521696
-.100000  0.820000    0.0002112169237279
-.060000  0.820000    0.0002229693758529
-.020000  0.820000    0.0002333107345480
0.020000  0.820000    0.0002423717546964
0.060000  0.820000    0.0002502581676593
0.100000  0.820000    0.0002570490402747
0.140000  0.820000    0.0002627920584072
0.180000  0.820000    0.0002647794258482
0.220000  0.820000    0.0002682444273537
0.260000  0.820000    0.0002670312751049
0.300000  0.820000    0.0002682937836041
0.340000  0.820000    0.0002641257129722
0.380000  0.820000    0.0002582594363716
0.420000  0.820000    0.0002454610481795
0.460000  0.820000    0.0002360037578918
0.500000  0.820000    0.0002190757576256
0.540000  0.820000    0.0001888181019143
-.420000  0.860000    0.0000293869227140
-.380000  0.860000    0.0000589165572581
-.340000  0.860000    0.0000844261366440
-.300000  0.860000    0.0001058047211108
-.260000  0.860000    0.0001243150396222
-.220000  0.860000    0.0001407433593425
-.180000  0.860000    0.0001576670933051
-.140000  0.860000    0.0001709286024257
-.100000  0.860000    0.0001843932156898
-.060000  0.860000    0.0001961383250494
-.020000  0.860000    0.0002063366160499
0.020000  0.860000    0.0002151348592461
0.060000  0.860000    0.0002226496836518
0.100000  0.860000    0.0002289564289348
0.140000  0.860000    0.0002340924344595
0.180000  0.860000    0.0002357985646958
0.220000  0.860000    0.0002383989081588
0.260000  0.860000    0.0002367325957979
0.300000  0.860000    0.0002332030485590
0.340000  0.860000    0.0002278788448237
0.380000  0.860000    0.0002207024211483
0.420000  0.860000    0.0002071007853953
0.460000  0.860000    0.0001863163818388
0.500000  0.860000    0.0001521281199428
-.380000  0.900000    0.0000052071014085
-.340000  0.900000    0.0000431689778001
-.300000  0.900000    0.0000687554744031
-.260000  0.900000    0.0000909734750423
-.220000  0.900000    0.0001094002150346
-.180000  0.900000    0.0001252267239029
-.140000  0.900000    0.0001411384240503
-.100000  0.900000    0.0001532693032333
-.060000  0.900000    0.0001653953854518
-.020000  0.900000    0.0001757199234040
0.020000  0.900000    0.0001844201038818
0.060000  0.900000    0.0001916260220298
0.100000  0.900000    0.0001974122803141
0.140000  0.900000    0.0002005999661555
0.180000  0.900000    0.0002033793875780
0.220000  0.900000    0.0002027452897607
0.260000  0.900000    0.0002000184450960
0.300000  0.900000    0.0001951993301354
0.340000  0.900000    0.0001850025320142
0.380000  0.900000    0.0001717041028063
0.420000  0.900000    0.0001465043351461
-.300000  0.940000    0.0000014449655613
-.260000  0.940000    0.0000419624436268
-.220000  0.940000    0.0000666147764891
-.180000  0.940000    0.0000867841569081
-.140000  0.940000    0.0001027972348497
-.100000  0.940000    0.0001180514136032
-.060000  0.940000    0.0001289526042036
-.020000  0.940000    0.0001395229084195
0.020000  0.940000    0.0001480168558284
0.060000  0.940000    0.0001546208903193
0.100000  0.940000    0.0001593339344183
0.140000  0.940000    0.0001621073377784
0.180000  0.940000    0.0001622196964712
0.220000  0.940000    0.0001597424429656
0.260000  0.940000    0.0001528074894857
0.300000  0.940000    0.0001414690862886
0.340000  0.940000    0.0001004295301517
-.140000  0.980000    0.0000395100877227
-.100000  0.980000    0.0000637658695183
-.060000  0.980000    0.0000790109392161
-.020000  0.980000    0.0000894272984501
0.020000  0.980000    0.0000982642923694
0.060000  0.980000    0.0001050344807526
0.100000  0.980000    0.0001077138572021
0.140000  0.980000    0.0001058325405247
0.180000  0.980000    0.0000964141488644
