-.140000  -.980000    0.0000392325713187
-.100000  -.980000    0.0000602676681388
-.060000  -.980000    0.0000742260522202
-.020000  -.980000    0.0000840385580581
0.020000  -.980000    0.0000919187509292
0.060000  -.980000    0.0000974661931395
0.100000  -.980000    0.0000991008928947
0.140000  -.980000    0.0000960727807292
0.180000  -.980000    0.0000860386669762
-.300000  -.940000    0.0000084594615606
-.260000  -.940000    0.0000437714538350
-.220000  -.940000    0.0000664973926545
-.180000  -.940000    0.0000856225001708
-.140000  -.940000    0.0001013020436626
-.100000  -.940000    0.0001156676108124
-.060000  -.940000    0.0001266574538131
-.020000  -.940000    0.0001366190233172
0.020000  -.940000    0.0001445506196577
0.060000  -.940000    0.0001505419328188
0.100000  -.940000    0.0001544415692824
0.140000  -.940000    0.0001563365876337
0.180000  -.940000    0.0001554596173920
0.220000  -.940000    0.0001517220789309
0.260000  -.940000    0.0001435008779683
0.300000  -.940000    0.0001299172317375
0.340000  -.940000    0.0000933930458531
-.380000  -.900000    0.0000130080067892
-.340000  -.900000    0.0000464872575904
-.300000  -.900000    0.0000706442016526
-.260000  -.900000    0.0000919529209433
-.220000  -.900000    0.0001101507549490
-.180000  -.900000    0.0001260697238815
-.140000  -.900000    0.0001411972471074
-.100000  -.900000    0.0001535898799435
-.060000  -.900000    0.0001651454806223
-.020000  -.900000    0.0001749826435497
0.020000  -.900000    0.0001832013507191
0.060000  -.900000    0.0001898591271128
0.100000  -.900000    0.0001949668228185
0.140000  -.900000    0.0001975548651187
0.180000  -.900000    0.0001993044821717
0.220000  -.900000    0.0001978946464004
0.260000  -.900000    0.0001941886755119
0.300000  -.900000    0.0001879667344627
0.340000  -.900000    0.0001766637032379
0.380000  -.900000    0.0001610354161081
0.420000  -.900000    0.0001327438641509
-.420000  -.860000    0.0000354178195770
-.380000  -.860000    0.0000629620685017
-.340000  -.860000    0.0000872312409946
-.300000  -.860000    0.0001081830283380
-.260000  -.860000    0.0001267281605147
-.220000  -.860000    0.0001434110612648
-.180000  -.860000    0.0001595224513762
-.140000  -.860000    0.0001731656615995
-.100000  -.860000    0.0001860600000741
-.060000  -.860000    0.0001973683938820
-.020000  -.860000    0.0002071909389930
0.020000  -.860000    0.0002156031813405
0.060000  -.860000    0.0002226546165282
0.100000  -.860000    0.0002283645682887
0.140000  -.860000    0.0002327174936578
0.180000  -.860000    0.0002340169590848
0.220000  -.860000    0.0002353970441510
0.260000  -.860000    0.0002330993408911
0.300000  -.860000    0.0002287422868397
0.340000  -.860000    0.0002222094132939
0.380000  -.860000    0.0002131945468616
0.420000  -.860000    0.0001982387603172
0.460000  -.860000    0.0001757988925955
0.500000  -.860000    0.0001380650096235
-.500000  -.820000    0.0000137542239394
-.460000  -.820000    0.0000463420374401
-.420000  -.820000    0.0000743676555138
-.380000  -.820000    0.0000965602343743
-.340000  -.820000    0.0001179802696048
-.300000  -.820000    0.0001373258643484
-.260000  -.820000    0.0001562699691478
-.220000  -.820000    0.0001723509876448
-.180000  -.820000    0.0001879123459750
-.140000  -.820000    0.0002015154019905
-.100000  -.820000    0.0002142880153560
-.060000  -.820000    0.0002256255266388
-.020000  -.820000    0.0002356069763873
0.020000  -.820000    0.0002442950328790
0.060000  -.820000    0.0002517337136920
0.100000  -.820000    0.0002579455250974
0.140000  -.820000    0.0002629276850047
0.180000  -.820000    0.0002646608032286
0.220000  -.820000    0.0002669763023719
0.260000  -.820000    0.0002653941680632
0.300000  -.820000    0.0002648392320737
0.340000  -.820000    0.0002598006593771
0.380000  -.820000    0.0002526996336622
0.420000  -.820000    0.0002398592982662
0.460000  -.820000    0.0002277829393463
0.500000  -.820000    0.0002085736995393
0.540000  -.820000    0.0001765740045235
-.540000  -.780000    0.0000207175170033
-.500000  -.780000    0.0000521630896513
-.460000  -.780000    0.0000781299491714
-.420000  -.780000    0.0001026636041173
-.380000  -.780000    0.0001247379713521
-.340000  -.780000    0.0001448879142888
-.300000  -.780000    0.0001634689375990
-.260000  -.780000    0.0001818245850241
-.220000  -.780000    0.0001977095213119
-.180000  -.780000    0.0002131004458040
-.140000  -.780000    0.0002267887641684
-.100000  -.780000    0.0002396352046940
-.060000  -.780000    0.0002511359072238
-.020000  -.780000    0.0002613608142647
0.020000  -.780000    0.0002703647312801
0.060000  -.780000    0.0002781878770284
0.100000  -.780000    0.0002848544773706
0.140000  -.780000    0.0002903687430967
0.180000  -.780000    0.0002926062018693
0.220000  -.780000    0.0002956325894264
0.260000  -.780000    0.0002947027139944
0.300000  -.780000    0.0002951384984764
0.340000  -.780000    0.0002910213860804
0.380000  -.780000    0.0002850400329778
0.420000  -.780000    0.0002771130413425
0.460000  -.780000    0.0002670409905920
0.500000  -.780000    0.0002504024182778
0.540000  -.780000    0.0002305051423604
0.580000  -.780000    0.0002018626197920
0.620000  -.780000    0.0001465369283340
-.580000  -.740000    0.0000219098275273
-.540000  -.740000    0.0000530977577348
-.500000  -.740000    0.0000814698495236
-.460000  -.740000    0.0001046708022935
-.420000  -.740000    0.0001275909650056
-.380000  -.740000    0.0001486670183062
-.340000  -.740000    0.0001682182750554
-.300000  -.740000    0.0001876945556265
-.260000  -.740000    0.0002045934171335
-.220000  -.740000    0.0002211241652401
-.180000  -.740000    0.0002358556620835
-.140000  -.740000    0.0002498522312110
-.100000  -.740000    0.0002625017285497
-.060000  -.740000    0.0002744059609272
-.020000  -.740000    0.0002849148914812
0.020000  -.740000    0.0002942502777338
0.060000  -.740000    0.0003024515280092
0.100000  -.740000    0.0003078467804415
0.140000  -.740000    0.0003136350954170
0.180000  -.740000    0.0003183546858752
0.220000  -.740000    0.0003193287073965
0.260000  -.740000    0.0003217231004107
0.300000  -.740000    0.0003197120372544
0.340000  -.740000    0.0003196308992937
0.380000  -.740000    0.0003145630929272
0.420000  -.740000    0.0003076892740393
0.460000  -.740000    0.0002989159863064
0.500000  -.740000    0.0002834748621675
0.540000  -.740000    0.0002702064019364
0.580000  -.740000    0.0002492239315947
0.620000  -.740000    0.0002193595483376
0.660000  -.740000    0.0001722631490110
-.620000  -.700000    0.0000197800690083
-.580000  -.700000    0.0000518750228331
-.540000  -.700000    0.0000790831858069
-.500000  -.700000    0.0001051816319993
-.460000  -.700000    0.0001289522603458
-.420000  -.700000    0.0001490692327089
-.380000  -.700000    0.0001712471444600
-.340000  -.700000    0.0001903249829678
-.300000  -.700000    0.0002082467844415
-.260000  -.700000    0.0002259878175087
-.220000  -.700000    0.0002417205204742
-.180000  -.700000    0.0002568931089172
-.140000  -.700000    0.0002707138934453
-.100000  -.700000    0.0002836109408552
-.060000  -.700000    0.0002952736942417
-.020000  -.700000    0.0003057622893507
0.020000  -.700000    0.0003151335204204
0.060000  -.700000    0.0003234305715752
0.100000  -.700000    0.0003306833527229
0.140000  -.700000    0.0003369075762982
0.180000  -.700000    0.0003397413461821
0.220000  -.700000    0.0003437531938173
0.260000  -.700000    0.0003436536596202
0.300000  -.700000    0.0003454509016427
0.340000  -.700000    0.0003424963271787
0.380000  -.700000    0.0003378719079100
0.420000  -.700000    0.0003359282483310
0.460000  -.700000    0.0003235676365560
0.500000  -.700000    0.0003137578761348
0.540000  -.700000    0.0003019504229900
0.580000  -.700000    0.0002825615899217
0.620000  -.700000    0.0002602380745763
0.660000  -.700000    0.0002287046843527
0.700000  -.700000    0.0001798758447936
-.660000  -.660000    0.0000138081173190
-.620000  -.660000    0.0000453429539963
-.580000  -.660000    0.0000754333277903
-.540000  -.660000    0.0001004387862215
-.500000  -.660000    0.0001252796450421
-.460000  -.660000    0.0001482876515138
-.420000  -.660000    0.0001697600113095
-.380000  -.660000    0.0001899073753169
-.340000  -.660000    0.0002088748172690
-.300000  -.660000    0.0002278876179538
-.260000  -.660000    0.0002446164884764
-.220000  -.660000    0.0002610192192708
-.180000  -.660000    0.0002757946861765
-.140000  -.660000    0.0002898648742004
-.100000  -.660000    0.0003026771076133
-.060000  -.660000    0.0003142915531769
-.020000  -.660000    0.0003247713492755
0.020000  -.660000    0.0003341782223910
0.060000  -.660000    0.0003425588294403
0.100000  -.660000    0.0003499489198782
0.140000  -.660000    0.0003563704916238
0.180000  -.660000    0.0003618278608934
0.220000  -.660000    0.0003635846173921
0.260000  -.660000    0.0003669506560999
0.300000  -.660000    0.0003659267827611
0.340000  -.660000    0.0003671402610692
0.380000  -.660000    0.0003633469105165
0.420000  -.660000    0.0003579131024997
0.460000  -.660000    0.0003508126988901
0.500000  -.660000    0.0003419817869795
0.540000  -.660000    0.0003312966431548
0.580000  -.660000    0.0003130575795245
0.620000  -.660000    0.0002978862479146
0.660000  -.660000    0.0002683491804436
0.700000  -.660000    0.0002349002807791
0.740000  -.660000    0.0001829686710665
-.700000  -.620000    0.0000045870741675
-.660000  -.620000    0.0000374033726642
-.620000  -.620000    0.0000686882214039
-.580000  -.620000    0.0000948380416953
-.540000  -.620000    0.0001207529405559
-.500000  -.620000    0.0001447740059762
-.460000  -.620000    0.0001672096176187
-.420000  -.620000    0.0001882829561078
-.380000  -.620000    0.0002081498256914
-.340000  -.620000    0.0002269178867694
-.300000  -.620000    0.0002446607012760
-.260000  -.620000    0.0002623470844048
-.220000  -.620000    0.0002780695750473
-.180000  -.620000    0.0002933601360301
-.140000  -.620000    0.0003073493928261
-.100000  -.620000    0.0003201039894427
-.060000  -.620000    0.0003323280727658
-.020000  -.620000    0.0003431541014462
0.020000  -.620000    0.0003529130237018
0.060000  -.620000    0.0003616574935814
0.100000  -.620000    0.0003675714554038
0.140000  -.620000    0.0003741643595071
0.180000  -.620000    0.0003798498914424
0.220000  -.620000    0.0003846182805191
0.260000  -.620000    0.0003854486665616
0.300000  -.620000    0.0003882088710295
0.340000  -.620000    0.0003863727609627
0.380000  -.620000    0.0003829537767283
0.420000  -.620000    0.0003779671918650
0.460000  -.620000    0.0003713967695873
0.500000  -.620000    0.0003632030205012
0.540000  -.620000    0.0003533080652510
0.580000  -.620000    0.0003415663578248
0.620000  -.620000    0.0003217672663146
0.660000  -.620000    0.0003054772598116
0.700000  -.620000    0.0002739173763875
0.740000  -.620000    0.0002382447609551
0.780000  -.620000    0.0001650425268396
-.700000  -.580000    0.0000277840671327
-.660000  -.580000    0.0000589658785283
-.620000  -.580000    0.0000864170323464
-.580000  -.580000    0.0001135066424291
-.540000  -.580000    0.0001364593074396
-.500000  -.580000    0.0001600666336549
-.460000  -.580000    0.0001822891117057
-.420000  -.580000    0.0002032722759767
-.380000  -.580000    0.0002246511306955
-.340000  -.580000    0.0002432815392759
-.300000  -.580000    0.0002609208143085
-.260000  -.580000    0.0002785035493643
-.220000  -.580000    0.0002941724187520
-.180000  -.580000    0.0003093992411923
-.140000  -.580000    0.0003233389208183
-.100000  -.580000    0.0003363842338850
-.060000  -.580000    0.0003483193051338
-.020000  -.580000    0.0003591575105059
0.020000  -.580000    0.0003689566876973
0.060000  -.580000    0.0003777754786882
0.100000  -.580000    0.0003856582078423
0.140000  -.580000    0.0003904573307612
0.180000  -.580000    0.0003963458136371
0.220000  -.580000    0.0004013722506964
0.260000  -.580000    0.0004024016137314
0.300000  -.580000    0.0004055343813588
0.340000  -.580000    0.0004040047306355
0.380000  -.580000    0.0004009525458074
0.420000  -.580000    0.0004010122070808
0.460000  -.580000    0.0003953223416064
0.500000  -.580000    0.0003880253069997
0.540000  -.580000    0.0003790535021748
0.580000  -.580000    0.0003624761631328
0.620000  -.580000    0.0003496395579959
0.660000  -.580000    0.0003283036824023
0.700000  -.580000    0.0003042485035327
0.740000  -.580000    0.0002770174789764
0.780000  -.580000    0.0002323279910862
-.740000  -.540000    0.0000138997956183
-.700000  -.540000    0.0000463848543860
-.660000  -.540000    0.0000752493314179
-.620000  -.540000    0.0001035885924877
-.580000  -.540000    0.0001276292007620
-.540000  -.540000    0.0001523147894969
-.500000  -.540000    0.0001755691713297
-.460000  -.540000    0.0001975436785060
-.420000  -.540000    0.0002183480621238
-.380000  -.540000    0.0002395977996865
-.340000  -.540000    0.0002581319381307
-.300000  -.540000    0.0002756933776945
-.260000  -.540000    0.0002932263097037
-.220000  -.540000    0.0003088443039487
-.180000  -.540000    0.0003240427916049
-.140000  -.540000    0.0003379041749825
-.100000  -.540000    0.0003509914186631
-.060000  -.540000    0.0003629257631734
-.020000  -.540000    0.0003737798342884
0.020000  -.540000    0.0003836166175037
0.060000  -.540000    0.0003925021179447
0.100000  -.540000    0.0004004888712761
0.140000  -.540000    0.0004076098923245
0.180000  -.540000    0.0004114446368733
0.220000  -.540000    0.0004167069819201
0.260000  -.540000    0.0004179504020656
0.300000  -.540000    0.0004214196089268
0.340000  -.540000    0.0004202030047969
0.380000  -.540000    0.0004175164703867
0.420000  -.540000    0.0004180810586354
0.460000  -.540000    0.0004128692825479
0.500000  -.540000    0.0004061137811547
0.540000  -.540000    0.0003977599628690
0.580000  -.540000    0.0003877154390700
0.620000  -.540000    0.0003696654921627
0.660000  -.540000    0.0003556589897193
0.700000  -.540000    0.0003327503215521
0.740000  -.540000    0.0003069503827458
0.780000  -.540000    0.0002708193182436
0.820000  -.540000    0.0002161865097706
-.740000  -.500000    0.0000326049774280
-.700000  -.500000    0.0000634564067257
-.660000  -.500000    0.0000910304345793
-.620000  -.500000    0.0001185988389085
-.580000  -.500000    0.0001420745282257
-.540000  -.500000    0.0001664126589684
-.500000  -.500000    0.0001894278775070
-.460000  -.500000    0.0002112357705411
-.420000  -.500000    0.0002319197271647
-.380000  -.500000    0.0002531157238419
-.340000  -.500000    0.0002715834088071
-.300000  -.500000    0.0002890850975908
-.260000  -.500000    0.0003066157661700
-.220000  -.500000    0.0003221835599936
-.180000  -.500000    0.0003373845880745
-.140000  -.500000    0.0003512052887887
-.100000  -.500000    0.0003642993726019
-.060000  -.500000    0.0003762418656056
-.020000  -.500000    0.0003871127858235
0.020000  -.500000    0.0003969847108969
0.060000  -.500000    0.0004059304166346
0.100000  -.500000    0.0004140127254376
0.140000  -.500000    0.0004212703361465
0.180000  -.500000    0.0004252428332615
0.220000  -.500000    0.0004307275748236
0.260000  -.500000    0.0004321992021086
0.300000  -.500000    0.0004359814803879
0.340000  -.500000    0.0004350857298681
0.380000  -.500000    0.0004327699492965
0.420000  -.500000    0.0004337867558054
0.460000  -.500000    0.0004290377359487
0.500000  -.500000    0.0004227961377235
0.540000  -.500000    0.0004150131973436
0.580000  -.500000    0.0004056096210544
0.620000  -.500000    0.0003881402278022
0.660000  -.500000    0.0003749603024301
0.700000  -.500000    0.0003528005080513
0.740000  -.500000    0.0003279841172533
0.780000  -.500000    0.0003002336949699
0.820000  -.500000    0.0002614087149758
0.860000  -.500000    0.0001820619122294
-.780000  -.460000    0.0000147796813188
-.740000  -.460000    0.0000468607712306
-.700000  -.460000    0.0000781038570687
-.660000  -.460000    0.0001047297880783
-.620000  -.460000    0.0001317465824860
-.580000  -.460000    0.0001548231485640
-.540000  -.460000    0.0001789238276726
-.500000  -.460000    0.0002017797305287
-.460000  -.460000    0.0002234780576801
-.420000  -.460000    0.0002440839620146
-.380000  -.460000    0.0002652891535598
-.340000  -.460000    0.0002837118759288
-.300000  -.460000    0.0003011698336258
-.260000  -.460000    0.0003187428932347
-.220000  -.460000    0.0003342621920734
-.180000  -.460000    0.0003494964432492
-.140000  -.460000    0.0003632653837205
-.100000  -.460000    0.0003763813214597
-.060000  -.460000    0.0003883402186227
-.020000  -.460000    0.0003992279548245
0.020000  -.460000    0.0004091317833099
0.060000  -.460000    0.0004181336147748
0.100000  -.460000    0.0004263055819356
0.140000  -.460000    0.0004336938636663
0.180000  -.460000    0.0004378174236848
0.220000  -.460000    0.0004435178946398
0.260000  -.460000    0.0004452315092793
0.300000  -.460000    0.0004493144069681
0.340000  -.460000    0.0004487472078239
0.380000  -.460000    0.0004468076728885
0.420000  -.460000    0.0004482410712663
0.460000  -.460000    0.0004439459948909
0.500000  -.460000    0.0004382015481163
0.540000  -.460000    0.0004309601626807
0.580000  -.460000    0.0004221495907381
0.620000  -.460000    0.0004052718528463
0.660000  -.460000    0.0003927992345777
0.700000  -.460000    0.0003713089908732
0.740000  -.460000    0.0003546045972559
0.780000  -.460000    0.0003279528755840
0.820000  -.460000    0.0002905824952074
0.860000  -.460000    0.0002342026926654
-.780000  -.420000    0.0000293463923603
-.740000  -.420000    0.0000602765991592
-.700000  -.420000    0.0000883338051967
-.660000  -.420000    0.0001166064698513
-.620000  -.420000    0.0001432325449835
-.580000  -.420000    0.0001660216990197
-.540000  -.420000    0.0001899618738680
-.500000  -.420000    0.0002127141843475
-.460000  -.420000    0.0002343459146158
-.420000  -.420000    0.0002549053594259
-.380000  -.420000    0.0002761688389508
-.340000  -.420000    0.0002945672642277
-.300000  -.420000    0.0003119967957260
-.260000  -.420000    0.0003296560581543
-.220000  -.420000    0.0003451317270715
-.180000  -.420000    0.0003604315303646
-.140000  -.420000    0.0003741408419106
-.100000  -.420000    0.0003872949305759
-.060000  -.420000    0.0003992789372311
-.020000  -.420000    0.0004101840010351
0.020000  -.420000    0.0004201161878710
0.060000  -.420000    0.0004291684229248
0.100000  -.420000    0.0004374266959923
0.140000  -.420000    0.0004449452656429
0.180000  -.420000    0.0004492307323252
0.220000  -.420000    0.0004551478370093
0.260000  -.420000    0.0004571149426521
0.300000  -.420000    0.0004614949975134
0.340000  -.420000    0.0004612644803853
0.380000  -.420000    0.0004597062948304
0.420000  -.420000    0.0004615330900078
0.460000  -.420000    0.0004576862688072
0.500000  -.420000    0.0004524264058248
0.540000  -.420000    0.0004457062632074
0.580000  -.420000    0.0004374554834375
0.620000  -.420000    0.0004211862558549
0.660000  -.420000    0.0004093530929793
0.700000  -.420000    0.0003956359234908
0.740000  -.420000    0.0003726295458451
0.780000  -.420000    0.0003468536327514
0.820000  -.420000    0.0003103617793582
0.860000  -.420000    0.0002702445695517
0.900000  -.420000    0.0001950361883267
-.820000  -.380000    0.0000091863834299
-.780000  -.380000    0.0000418057841361
-.740000  -.380000    0.0000716751492714
-.700000  -.380000    0.0001014073468750
-.660000  -.380000    0.0001268407286412
-.620000  -.380000    0.0001531908923013
-.580000  -.380000    0.0001781783903205
-.540000  -.380000    0.0002019186232386
-.500000  -.380000    0.0002244971951133
-.460000  -.380000    0.0002459752307331
-.420000  -.380000    0.0002663950826414
-.380000  -.380000    0.0002857878270419
-.340000  -.380000    0.0003041801883022
-.300000  -.380000    0.0003215965838390
-.260000  -.380000    0.0003393859330844
-.220000  -.380000    0.0003548268857358
-.180000  -.380000    0.0003702278206329
-.140000  -.380000    0.0003838745826842
-.100000  -.380000    0.0003970859670193
-.060000  -.380000    0.0004091037059737
-.020000  -.380000    0.0004200280329890
0.020000  -.380000    0.0004299830987132
0.060000  -.380000    0.0004390829886238
0.100000  -.380000    0.0004474266477592
0.140000  -.380000    0.0004550799018366
0.180000  -.380000    0.0004595375737969
0.220000  -.380000    0.0004656798293084
0.260000  -.380000    0.0004679128484327
0.300000  -.380000    0.0004725942240632
0.340000  -.380000    0.0004727093793692
0.380000  -.380000    0.0004715360614132
0.420000  -.380000    0.0004690666808522
0.460000  -.380000    0.0004652745025310
0.500000  -.380000    0.0004601280323234
0.540000  -.380000    0.0004535720321390
0.580000  -.380000    0.0004455456422491
0.620000  -.380000    0.0004359675147070
0.660000  -.380000    0.0004247286913958
0.700000  -.380000    0.0004045329149473
0.740000  -.380000    0.0003893505722180
0.780000  -.380000    0.0003643143297736
0.820000  -.380000    0.0003363950809384
0.860000  -.380000    0.0002972849887418
0.900000  -.380000    0.0002383833055315
-.820000  -.340000    0.0000205335898588
-.780000  -.340000    0.0000522621209181
-.740000  -.340000    0.0000812701838410
-.700000  -.340000    0.0001104952485875
-.660000  -.340000    0.0001355585549618
-.620000  -.340000    0.0001617119155136
-.580000  -.340000    0.0001865900679108
-.540000  -.340000    0.0002102778262824
-.500000  -.340000    0.0002328395027051
-.460000  -.340000    0.0002543202602951
-.420000  -.340000    0.0002747518643235
-.380000  -.340000    0.0002941593605846
-.340000  -.340000    0.0003125633203808
-.300000  -.340000    0.0003315944737401
-.260000  -.340000    0.0003479440798307
-.220000  -.340000    0.0003633652658052
-.180000  -.340000    0.0003789098520588
-.140000  -.340000    0.0003924968325569
-.100000  -.340000    0.0004057898831414
-.060000  -.340000    0.0004178534172301
-.020000  -.340000    0.0004287987489185
0.020000  -.340000    0.0004387711347043
0.060000  -.340000    0.0004479157103625
0.100000  -.340000    0.0004563489412817
0.140000  -.340000    0.0004641475673832
0.180000  -.340000    0.0004687894057887
0.220000  -.340000    0.0004751742186513
0.260000  -.340000    0.0004776864370206
0.300000  -.340000    0.0004789438670349
0.340000  -.340000    0.0004831468409369
0.380000  -.340000    0.0004823632152106
0.420000  -.340000    0.0004803145320360
0.460000  -.340000    0.0004769711430428
0.500000  -.340000    0.0004722953698522
0.540000  -.340000    0.0004662346773083
0.580000  -.340000    0.0004587220067239
0.620000  -.340000    0.0004496777833895
0.660000  -.340000    0.0004389950015893
0.700000  -.340000    0.0004194546144684
0.740000  -.340000    0.0004048906054823
0.780000  -.340000    0.0003805389027116
0.820000  -.340000    0.0003533728366781
0.860000  -.340000    0.0003150506247234
0.900000  -.340000    0.0002649709957506
0.940000  -.340000    0.0001538573777225
-.820000  -.300000    0.0000300797263651
-.780000  -.300000    0.0000608977747391
-.740000  -.300000    0.0000916258503763
-.700000  -.300000    0.0001180595089200
-.660000  -.300000    0.0001454172056849
-.620000  -.300000    0.0001688605641021
-.580000  -.300000    0.0001936641378426
-.540000  -.300000    0.0002173246508951
-.500000  -.300000    0.0002398873262158
-.460000  -.300000    0.0002613862822037
-.420000  -.300000    0.0002818456130693
-.380000  -.300000    0.0003012837970417
-.340000  -.300000    0.0003216204831463
-.300000  -.300000    0.0003389620461577
-.260000  -.300000    0.0003553289320202
-.220000  -.300000    0.0003707502472014
-.180000  -.300000    0.0003864879957926
-.140000  -.300000    0.0004000242443805
-.100000  -.300000    0.0004134327802435
-.060000  -.300000    0.0004255583810775
-.020000  -.300000    0.0004365274425979
0.020000  -.300000    0.0004465127566703
0.060000  -.300000    0.0004557007037649
0.100000  -.300000    0.0004642328768270
0.140000  -.300000    0.0004721973602885
0.180000  -.300000    0.0004770380155704
0.220000  -.300000    0.0004836927761478
0.260000  -.300000    0.0004864997967322
0.300000  -.300000    0.0004880992036651
0.340000  -.300000    0.0004885160347530
0.380000  -.300000    0.0004922571413960
0.420000  -.300000    0.0004906247270315
0.460000  -.300000    0.0004877219054557
0.500000  -.300000    0.0004835061836816
0.540000  -.300000    0.0004779203629166
0.580000  -.300000    0.0004708997884978
0.620000  -.300000    0.0004623626982827
0.660000  -.300000    0.0004454334772635
0.700000  -.300000    0.0004333222532816
0.740000  -.300000    0.0004118217492834
0.780000  -.300000    0.0003956273145535
0.820000  -.300000    0.0003691319194313
0.860000  -.300000    0.0003314431784548
0.900000  -.300000    0.0002902085507144
0.940000  -.300000    0.0002204378000273
-.860000  -.260000    0.0000063554325044
-.820000  -.260000    0.0000394674436375
-.780000  -.260000    0.0000700661510930
-.740000  -.260000    0.0000981058261689
-.700000  -.260000    0.0001267822673481
-.660000  -.260000    0.0001513683002936
-.620000  -.260000    0.0001772714536863
-.580000  -.260000    0.0002019829561672
-.540000  -.260000    0.0002255652151259
-.500000  -.260000    0.0002480643393068
-.460000  -.260000    0.0002695124704504
-.420000  -.260000    0.0002899295191797
-.380000  -.260000    0.0003093289917657
-.340000  -.260000    0.0003277202331081
-.300000  -.260000    0.0003451129029312
-.260000  -.260000    0.0003615210060866
-.220000  -.260000    0.0003785676869961
-.180000  -.260000    0.0003929505642033
-.140000  -.260000    0.0004074869866554
-.100000  -.260000    0.0004200307844427
-.060000  -.260000    0.0004322456599964
-.020000  -.260000    0.0004432417402993
0.020000  -.260000    0.0004532355354150
0.060000  -.260000    0.0004624662928698
0.100000  -.260000    0.0004711176719744
0.140000  -.260000    0.0004769157162346
0.180000  -.260000    0.0004843422831582
0.220000  -.260000    0.0004881575478774
0.260000  -.260000    0.0004944264585383
0.300000  -.260000    0.0004963783891376
0.340000  -.260000    0.0004971765111843
0.380000  -.260000    0.0004968066134243
0.420000  -.260000    0.0004952381754508
0.460000  -.260000    0.0004924260831620
0.500000  -.260000    0.0004883259023717
0.540000  -.260000    0.0004828828369361
0.580000  -.260000    0.0004760282302534
0.620000  -.260000    0.0004676888769641
0.660000  -.260000    0.0004577763885423
0.700000  -.260000    0.0004389429926119
0.740000  -.260000    0.0004253102139149
0.780000  -.260000    0.0004018107899025
0.820000  -.260000    0.0003756449970666
0.860000  -.260000    0.0003466849583324
0.900000  -.260000    0.0003060997715139
0.940000  -.260000    0.0002451083628692
-.860000  -.220000    0.0000134334008208
-.820000  -.220000    0.0000457079497571
-.780000  -.220000    0.0000755607343227
-.740000  -.220000    0.0001056789772436
-.700000  -.220000    0.0001315705496888
-.660000  -.220000    0.0001586449728626
-.620000  -.220000    0.0001818318869586
-.580000  -.220000    0.0002065237579748
-.540000  -.220000    0.0002301214218636
-.500000  -.220000    0.0002526575306620
-.460000  -.220000    0.0002741548900419
-.420000  -.220000    0.0002946298283284
-.380000  -.220000    0.0003140930327415
-.340000  -.220000    0.0003325519638657
-.300000  -.220000    0.0003500132994633
-.260000  -.220000    0.0003684652245967
-.220000  -.220000    0.0003838519432208
-.180000  -.220000    0.0003982707412312
-.140000  -.220000    0.0004130966804277
-.100000  -.220000    0.0004255825785180
-.060000  -.220000    0.0004379324509603
-.020000  -.220000    0.0004489643437861
0.020000  -.220000    0.0004589585053072
0.060000  -.220000    0.0004682395780257
0.100000  -.220000    0.0004770469729971
0.140000  -.220000    0.0004830289532717
0.180000  -.220000    0.0004907762692540
0.220000  -.220000    0.0004949023763296
0.260000  -.220000    0.0004979281982537
0.300000  -.220000    0.0005038633768919
0.340000  -.220000    0.0005050516215866
0.380000  -.220000    0.0005050907597706
0.420000  -.220000    0.0005039404722320
0.460000  -.220000    0.0005015614767447
0.500000  -.220000    0.0004978963373742
0.540000  -.220000    0.0004928815145202
0.580000  -.220000    0.0004864811736994
0.620000  -.220000    0.0004786037855297
0.660000  -.220000    0.0004623290118928
0.700000  -.220000    0.0004509605720872
0.740000  -.220000    0.0004301943606534
0.780000  -.220000    0.0004149021606418
0.820000  -.220000    0.0003892988278928
0.860000  -.220000    0.0003608580014777
0.900000  -.220000    0.0003207944809191
0.940000  -.220000    0.0002685088875598
-.860000  -.180000    0.0000199164631764
-.820000  -.180000    0.0000522842712046
-.780000  -.180000    0.0000819523341358
-.740000  -.180000    0.0001093592508239
-.700000  -.180000    0.0001376975018277
-.660000  -.180000    0.0001620062174301
-.620000  -.180000    0.0001877848520622
-.580000  -.180000    0.0002124355050893
-.540000  -.180000    0.0002360024222171
-.500000  -.180000    0.0002585196468686
-.460000  -.180000    0.0002800105148716
-.420000  -.180000    0.0003004905083078
-.380000  -.180000    0.0003199685436720
-.340000  -.180000    0.0003384474501550
-.300000  -.180000    0.0003559272768713
-.260000  -.180000    0.0003724064314616
-.220000  -.180000    0.0003878875311534
-.180000  -.180000    0.0004042247918820
-.140000  -.180000    0.0004175944983048
-.100000  -.180000    0.0004300673515784
-.060000  -.180000    0.0004426266684884
-.020000  -.180000    0.0004537155509301
0.020000  -.180000    0.0004636993520601
0.060000  -.180000    0.0004730506631539
0.100000  -.180000    0.0004820787003602
0.140000  -.180000    0.0004882887742867
0.180000  -.180000    0.0004933563337019
0.220000  -.180000    0.0005009086576537
0.260000  -.180000    0.0005043101344613
0.300000  -.180000    0.0005066417652356
0.340000  -.180000    0.0005078905044486
0.380000  -.180000    0.0005079988030154
0.420000  -.180000    0.0005069234999039
0.460000  -.180000    0.0005046304434547
0.500000  -.180000    0.0005010895765671
0.540000  -.180000    0.0004962481647896
0.580000  -.180000    0.0004899617045096
0.620000  -.180000    0.0004822282049385
0.660000  -.180000    0.0004729490109409
0.700000  -.180000    0.0004548011876499
0.740000  -.180000    0.0004418673356487
0.780000  -.180000    0.0004190998580060
0.820000  -.180000    0.0003936793722051
0.860000  -.180000    0.0003655499593518
0.900000  -.180000    0.0003344039491821
0.940000  -.180000    0.0002825673947239
0.980000  -.180000    0.0001867296251389
-.860000  -.140000    0.0000240087240720
-.820000  -.140000    0.0000554944944090
-.780000  -.140000    0.0000846203393179
-.740000  -.140000    0.0001143178232164
-.700000  -.140000    0.0001398888862157
-.660000  -.140000    0.0001668073177170
-.620000  -.140000    0.0001925473856121
-.580000  -.140000    0.0002171677232611
-.540000  -.140000    0.0002380933617154
-.500000  -.140000    0.0002606516862970
-.460000  -.140000    0.0002821954947733
-.420000  -.140000    0.0003027363880838
-.380000  -.140000    0.0003222832719255
-.340000  -.140000    0.0003408414897060
-.300000  -.140000    0.0003584119755368
-.260000  -.140000    0.0003773526404496
-.220000  -.140000    0.0003928834867639
-.180000  -.140000    0.0004073910239566
-.140000  -.140000    0.0004208802040765
-.100000  -.140000    0.0004349477054351
-.060000  -.140000    0.0004463166130831
-.020000  -.140000    0.0004575137471328
0.020000  -.140000    0.0004674710125741
0.060000  -.140000    0.0004769379914940
0.100000  -.140000    0.0004839466084599
0.140000  -.140000    0.0004928180777166
0.180000  -.140000    0.0004982609268143
0.220000  -.140000    0.0005027211054574
0.260000  -.140000    0.0005061778696993
0.300000  -.140000    0.0005128096020478
0.340000  -.140000    0.0005144460511872
0.380000  -.140000    0.0005149182222634
0.420000  -.140000    0.0005142982075462
0.460000  -.140000    0.0005124631070114
0.500000  -.140000    0.0005092474641668
0.540000  -.140000    0.0005046739481709
0.580000  -.140000    0.0004926650234784
0.620000  -.140000    0.0004850291693247
0.660000  -.140000    0.0004758885475278
0.700000  -.140000    0.0004651060078659
0.740000  -.140000    0.0004450247745803
0.780000  -.140000    0.0004303649017255
0.820000  -.140000    0.0004054685460120
0.860000  -.140000    0.0003777630251786
0.900000  -.140000    0.0003383930344133
0.940000  -.140000    0.0002954628489882
0.980000  -.140000    0.0002149302056317
-.860000  -.100000    0.0000278752638105
-.820000  -.100000    0.0000593515327431
-.780000  -.100000    0.0000883785819198
-.740000  -.100000    0.0001180283197078
-.700000  -.100000    0.0001435206780128
-.660000  -.100000    0.0001704060806484
-.620000  -.100000    0.0001961172774881
-.580000  -.100000    0.0002180344035318
-.540000  -.100000    0.0002416200574049
-.500000  -.100000    0.0002641817179972
-.460000  -.100000    0.0002857377439228
-.420000  -.100000    0.0003063018204124
-.380000  -.100000    0.0003258835483401
-.340000  -.100000    0.0003444886965606
-.300000  -.100000    0.0003621185996091
-.260000  -.100000    0.0003787708506360
-.220000  -.100000    0.0003944384472189
-.180000  -.100000    0.0004091109027505
-.140000  -.100000    0.0004250621412020
-.100000  -.100000    0.0004375123510723
-.060000  -.100000    0.0004489384704327
-.020000  -.100000    0.0004603741637057
0.020000  -.100000    0.0004702807854700
0.060000  -.100000    0.0004799885804368
0.100000  -.100000    0.0004872949709232
0.140000  -.100000    0.0004936599082178
0.180000  -.100000    0.0005026852963489
0.220000  -.100000    0.0005075600143668
0.260000  -.100000    0.0005114208923984
0.300000  -.100000    0.0005142645926362
0.340000  -.100000    0.0005158611107846
0.380000  -.100000    0.0005165726607875
0.420000  -.100000    0.0005159414517879
0.460000  -.100000    0.0005139649603061
0.500000  -.100000    0.0005111123060965
0.540000  -.100000    0.0005067444975087
0.580000  -.100000    0.0005008552285003
0.620000  -.100000    0.0004870944792053
0.660000  -.100000    0.0004780355495039
0.700000  -.100000    0.0004673724085117
0.740000  -.100000    0.0004473360329483
0.780000  -.100000    0.0004328428642169
0.820000  -.100000    0.0004080464363865
0.860000  -.100000    0.0003805031744073
0.900000  -.100000    0.0003499817325640
0.940000  -.100000    0.0002987027502422
0.980000  -.100000    0.0002267892675339
-.860000  -.060000    0.0000304730395654
-.820000  -.060000    0.0000619239790207
-.780000  -.060000    0.0000908826597449
-.740000  -.060000    0.0001178390767794
-.700000  -.060000    0.0001459407824813
-.660000  -.060000    0.0001728033990052
-.620000  -.060000    0.0001957661084293
-.580000  -.060000    0.0002203940777247
-.540000  -.060000    0.0002439788183786
-.500000  -.060000    0.0002665460058775
-.460000  -.060000    0.0002881150204351
-.420000  -.060000    0.0003087017933521
-.380000  -.060000    0.0003283173174149
-.340000  -.060000    0.0003469691065589
-.300000  -.060000    0.0003646621511217
-.260000  -.060000    0.0003813967092995
-.220000  -.060000    0.0003971685612922
-.180000  -.060000    0.0004119665147869
-.140000  -.060000    0.0004257682363565
-.100000  -.060000    0.0004385361329925
-.060000  -.060000    0.0004523115298892
-.020000  -.060000    0.0004623153736412
0.020000  -.060000    0.0004721289192276
0.060000  -.060000    0.0004799119537655
0.100000  -.060000    0.0004902809647302
0.140000  -.060000    0.0004971947699440
0.180000  -.060000    0.0005031857542300
0.220000  -.060000    0.0005081969520709
0.260000  -.060000    0.0005121853094394
0.300000  -.060000    0.0005150641337475
0.340000  -.060000    0.0005168859388989
0.380000  -.060000    0.0005178063228660
0.420000  -.060000    0.0005169119616919
0.460000  -.060000    0.0005156063985148
0.500000  -.060000    0.0005119314288901
0.540000  -.060000    0.0005080789754326
0.580000  -.060000    0.0005021679116278
0.620000  -.060000    0.0004950615012565
0.660000  -.060000    0.0004794428235715
0.700000  -.060000    0.0004688571514496
0.740000  -.060000    0.0004565313968527
0.780000  -.060000    0.0004344625791282
0.820000  -.060000    0.0004097297895425
0.860000  -.060000    0.0003822855837436
0.900000  -.060000    0.0003519468265363
0.940000  -.060000    0.0003094571714100
0.980000  -.060000    0.0002373873327287
-.860000  -.020000    0.0000317768018948
-.820000  -.020000    0.0000632101028123
-.780000  -.020000    0.0000921340601591
-.740000  -.020000    0.0001190600251167
-.700000  -.020000    0.0001471503558369
-.660000  -.020000    0.0001740012627430
-.620000  -.020000    0.0001969500990375
-.580000  -.020000    0.0002215754629911
-.540000  -.020000    0.0002451604438419
-.500000  -.020000    0.0002677313929480
-.460000  -.020000    0.0002893084491844
-.420000  -.020000    0.0003099089285404
-.380000  -.020000    0.0003295449275777
-.340000  -.020000    0.0003482254483184
-.300000  -.020000    0.0003659589256168
-.260000  -.020000    0.0003827494005818
-.220000  -.020000    0.0003985991964247
-.180000  -.020000    0.0004135079404083
-.140000  -.020000    0.0004274710183192
-.100000  -.020000    0.0004404747648470
-.060000  -.020000    0.0004524729856779
-.020000  -.020000    0.0004632266582911
0.020000  -.020000    0.0004731380352638
0.060000  -.020000    0.0004819142637354
0.100000  -.020000    0.0004900055136576
0.140000  -.020000    0.0004971564611518
0.180000  -.020000    0.0005033130327897
0.220000  -.020000    0.0005084427783080
0.260000  -.020000    0.0005125246128949
0.300000  -.020000    0.0005153882315649
0.340000  -.020000    0.0005176382063484
0.380000  -.020000    0.0005175275680704
0.420000  -.020000    0.0005177773974719
0.460000  -.020000    0.0005157684316514
0.500000  -.020000    0.0005130963888920
0.540000  -.020000    0.0005085146454805
0.580000  -.020000    0.0005028660216659
0.620000  -.020000    0.0004957447997706
0.660000  -.020000    0.0004801406943973
0.700000  -.020000    0.0004695921400301
0.740000  -.020000    0.0004573115927243
0.780000  -.020000    0.0004352633921983
0.820000  -.020000    0.0004105617448926
0.860000  -.020000    0.0003831645439124
0.900000  -.020000    0.0003529104272354
0.940000  -.020000    0.0003105343582330
0.980000  -.020000    0.0002467633607418
-.860000  0.020000    0.0000317768018948
-.820000  0.020000    0.0000632101028123
-.780000  0.020000    0.0000921340601591
-.740000  0.020000    0.0001190600251167
-.700000  0.020000    0.0001471503558369
-.660000  0.020000    0.0001740012627430
-.620000  0.020000    0.0001969500990375
-.580000  0.020000    0.0002215754629911
-.540000  0.020000    0.0002451604438419
-.500000  0.020000    0.0002677313929480
-.460000  0.020000    0.0002893084491844
-.420000  0.020000    0.0003099089285404
-.380000  0.020000    0.0003295449275777
-.340000  0.020000    0.0003482254483184
-.300000  0.020000    0.0003659589256168
-.260000  0.020000    0.0003827494005818
-.220000  0.020000    0.0003985991964247
-.180000  0.020000    0.0004135079404083
-.140000  0.020000    0.0004274710183192
-.100000  0.020000    0.0004404747648470
-.060000  0.020000    0.0004524729856779
-.020000  0.020000    0.0004632266582911
0.020000  0.020000    0.0004731380352638
0.060000  0.020000    0.0004819142637354
0.100000  0.020000    0.0004900055136576
0.140000  0.020000    0.0004971564611518
0.180000  0.020000    0.0005033130327897
0.220000  0.020000    0.0005084427783080
0.260000  0.020000    0.0005125246128949
0.300000  0.020000    0.0005153882315649
0.340000  0.020000    0.0005176382063484
0.380000  0.020000    0.0005175275680704
0.420000  0.020000    0.0005177773974719
0.460000  0.020000    0.0005157684316514
0.500000  0.020000    0.0005130963888920
0.540000  0.020000    0.0005085146454805
0.580000  0.020000    0.0005028660216659
0.620000  0.020000    0.0004957447997706
0.660000  0.020000    0.0004801406943973
0.700000  0.020000    0.0004695921400301
0.740000  0.020000    0.0004573115927243
0.780000  0.020000    0.0004352633921983
0.820000  0.020000    0.0004105617448926
0.860000  0.020000    0.0003831645439124
0.900000  0.020000    0.0003529104272354
0.940000  0.020000    0.0003105343582330
0.980000  0.020000    0.0002467633607418
-.860000  0.060000    0.0000304730395654
-.820000  0.060000    0.0000619239790207
-.780000  0.060000    0.0000908826597449
-.740000  0.060000    0.0001178390767794
-.700000  0.060000    0.0001459407824813
-.660000  0.060000    0.0001728033990052
-.620000  0.060000    0.0001957661084293
-.580000  0.060000    0.0002203940777247
-.540000  0.060000    0.0002439788183786
-.500000  0.060000    0.0002665460058775
-.460000  0.060000    0.0002881150204351
-.420000  0.060000    0.0003087017933521
-.380000  0.060000    0.0003283173174149
-.340000  0.060000    0.0003469691065589
-.300000  0.060000    0.0003646621511217
-.260000  0.060000    0.0003813967092995
-.220000  0.060000    0.0003971685612922
-.180000  0.060000    0.0004119665147869
-.140000  0.060000    0.0004257682363565
-.100000  0.060000    0.0004385361329925
-.060000  0.060000    0.0004523115298892
-.020000  0.060000    0.0004623153736412
0.020000  0.060000    0.0004721289192276
0.060000  0.060000    0.0004799119537655
0.100000  0.060000    0.0004902809647302
0.140000  0.060000    0.0004971947699440
0.180000  0.060000    0.0005031857542300
0.220000  0.060000    0.0005081969520709
0.260000  0.060000    0.0005121853094394
0.300000  0.060000    0.0005150641337475
0.340000  0.060000    0.0005168859388989
0.380000  0.060000    0.0005178063228660
0.420000  0.060000    0.0005169119616919
0.460000  0.060000    0.0005156063985148
0.500000  0.060000    0.0005119314288901
0.540000  0.060000    0.0005080789754326
0.580000  0.060000    0.0005021679116278
0.620000  0.060000    0.0004950615012565
0.660000  0.060000    0.0004794428235715
0.700000  0.060000    0.0004688571514496
0.740000  0.060000    0.0004565313968527
0.780000  0.060000    0.0004344625791282
0.820000  0.060000    0.0004097297895425
0.860000  0.060000    0.0003822855837436
0.900000  0.060000    0.0003519468265363
0.940000  0.060000    0.0003094571714100
0.980000  0.060000    0.0002373873327287
-.860000  0.100000    0.0000278752638105
-.820000  0.100000    0.0000593515327431
-.780000  0.100000    0.0000883785819198
-.740000  0.100000    0.0001180283197078
-.700000  0.100000    0.0001435206780128
-.660000  0.100000    0.0001704060806484
-.620000  0.100000    0.0001961172774881
-.580000  0.100000    0.0002180344035318
-.540000  0.100000    0.0002416200574049
-.500000  0.100000    0.0002641817179972
-.460000  0.100000    0.0002857377439228
-.420000  0.100000    0.0003063018204124
-.380000  0.100000    0.0003258835483401
-.340000  0.100000    0.0003444886965606
-.300000  0.100000    0.0003621185996091
-.260000  0.100000    0.0003787708506360
-.220000  0.100000    0.0003944384472189
-.180000  0.100000    0.0004091109027505
-.140000  0.100000    0.0004250621412020
-.100000  0.100000    0.0004375123510723
-.060000  0.100000    0.0004489384704327
-.020000  0.100000    0.0004603741637057
0.020000  0.100000    0.0004702807854700
0.060000  0.100000    0.0004799885804368
0.100000  0.100000    0.0004872949709232
0.140000  0.100000    0.0004936599082178
0.180000  0.100000    0.0005026852963489
0.220000  0.100000    0.0005075600143668
0.260000  0.100000    0.0005114208923984
0.300000  0.100000    0.0005142645926362
0.340000  0.100000    0.0005158611107846
0.380000  0.100000    0.0005165726607875
0.420000  0.100000    0.0005159414517879
0.460000  0.100000    0.0005139649603061
0.500000  0.100000    0.0005111123060965
0.540000  0.100000    0.0005067444975087
0.580000  0.100000    0.0005008552285003
0.620000  0.100000    0.0004870944792053
0.660000  0.100000    0.0004780355495039
0.700000  0.100000    0.0004673724085117
0.740000  0.100000    0.0004473360329483
0.780000  0.100000    0.0004328428642169
0.820000  0.100000    0.0004080464363865
0.860000  0.100000    0.0003805031744073
0.900000  0.100000    0.0003499817325640
0.940000  0.100000    0.0002987027502422
0.980000  0.100000    0.0002267892675339
-.860000  0.140000    0.0000240087240720
-.820000  0.140000    0.0000554944944090
-.780000  0.140000    0.0000846203393179
-.740000  0.140000    0.0001143178232164
-.700000  0.140000    0.0001398888862157
-.660000  0.140000    0.0001668073177170
-.620000  0.140000    0.0001925473856121
-.580000  0.140000    0.0002171677232611
-.540000  0.140000    0.0002380933617154
-.500000  0.140000    0.0002606516862970
-.460000  0.140000    0.0002821954947733
-.420000  0.140000    0.0003027363880838
-.380000  0.140000    0.0003222832719255
-.340000  0.140000    0.0003408414897060
-.300000  0.140000    0.0003584119755368
-.260000  0.140000    0.0003773526404496
-.220000  0.140000    0.0003928834867639
-.180000  0.140000    0.0004073910239566
-.140000  0.140000    0.0004208802040765
-.100000  0.140000    0.0004349477054351
-.060000  0.140000    0.0004463166130831
-.020000  0.140000    0.0004575137471328
0.020000  0.140000    0.0004674710125741
0.060000  0.140000    0.0004769379914940
0.100000  0.140000    0.0004839466084599
0.140000  0.140000    0.0004928180777166
0.180000  0.140000    0.0004982609268143
0.220000  0.140000    0.0005027211054574
0.260000  0.140000    0.0005061778696993
0.300000  0.140000    0.0005128096020478
0.340000  0.140000    0.0005144460511872
0.380000  0.140000    0.0005149182222634
0.420000  0.140000    0.0005142982075462
0.460000  0.140000    0.0005124631070114
0.500000  0.140000    0.0005092474641668
0.540000  0.140000    0.0005046739481709
0.580000  0.140000    0.0004926650234784
0.620000  0.140000    0.0004850291693247
0.660000  0.140000    0.0004758885475278
0.700000  0.140000    0.0004651060078659
0.740000  0.140000    0.0004450247745803
0.780000  0.140000    0.0004303649017255
0.820000  0.140000    0.0004054685460120
0.860000  0.140000    0.0003777630251786
0.900000  0.140000    0.0003383930344133
0.940000  0.140000    0.0002954628489882
0.980000  0.140000    0.0002149302056317
-.860000  0.180000    0.0000199164631764
-.820000  0.180000    0.0000522842712046
-.780000  0.180000    0.0000819523341358
-.740000  0.180000    0.0001093592508239
-.700000  0.180000    0.0001376975018277
-.660000  0.180000    0.0001620062174301
-.620000  0.180000    0.0001877848520622
-.580000  0.180000    0.0002124355050893
-.540000  0.180000    0.0002360024222171
-.500000  0.180000    0.0002585196468686
-.460000  0.180000    0.0002800105148716
-.420000  0.180000    0.0003004905083078
-.380000  0.180000    0.0003199685436720
-.340000  0.180000    0.0003384474501550
-.300000  0.180000    0.0003559272768713
-.260000  0.180000    0.0003724064314616
-.220000  0.180000    0.0003878875311534
-.180000  0.180000    0.0004042247918820
-.140000  0.180000    0.0004175944983048
-.100000  0.180000    0.0004300673515784
-.060000  0.180000    0.0004426266684884
-.020000  0.180000    0.0004537155509301
0.020000  0.180000    0.0004636993520601
0.060000  0.180000    0.0004730506631539
0.100000  0.180000    0.0004820787003602
0.140000  0.180000    0.0004882887742867
0.180000  0.180000    0.0004933563337019
0.220000  0.180000    0.0005009086576537
0.260000  0.180000    0.0005043101344613
0.300000  0.180000    0.0005066417652356
0.340000  0.180000    0.0005078905044486
0.380000  0.180000    0.0005079988030154
0.420000  0.180000    0.0005069234999039
0.460000  0.180000    0.0005046304434547
0.500000  0.180000    0.0005010895765671
0.540000  0.180000    0.0004962481647896
0.580000  0.180000    0.0004899617045096
0.620000  0.180000    0.0004822282049385
0.660000  0.180000    0.0004729490109409
0.700000  0.180000    0.0004548011876499
0.740000  0.180000    0.0004418673356487
0.780000  0.180000    0.0004190998580060
0.820000  0.180000    0.0003936793722051
0.860000  0.180000    0.0003655499593518
0.900000  0.180000    0.0003344039491821
0.940000  0.180000    0.0002825673947239
0.980000  0.180000    0.0001867296251389
-.860000  0.220000    0.0000134334008208
-.820000  0.220000    0.0000457079497571
-.780000  0.220000    0.0000755607343227
-.740000  0.220000    0.0001056789772436
-.700000  0.220000    0.0001315705496888
-.660000  0.220000    0.0001586449728626
-.620000  0.220000    0.0001818318869586
-.580000  0.220000    0.0002065237579748
-.540000  0.220000    0.0002301214218636
-.500000  0.220000    0.0002526575306620
-.460000  0.220000    0.0002741548900419
-.420000  0.220000    0.0002946298283284
-.380000  0.220000    0.0003140930327415
-.340000  0.220000    0.0003325519638657
-.300000  0.220000    0.0003500132994633
-.260000  0.220000    0.0003684652245967
-.220000  0.220000    0.0003838519432208
-.180000  0.220000    0.0003982707412312
-.140000  0.220000    0.0004130966804277
-.100000  0.220000    0.0004255825785180
-.060000  0.220000    0.0004379324509603
-.020000  0.220000    0.0004489643437861
0.020000  0.220000    0.0004589585053072
0.060000  0.220000    0.0004682395780257
0.100000  0.220000    0.0004770469729971
0.140000  0.220000    0.0004830289532717
0.180000  0.220000    0.0004907762692540
0.220000  0.220000    0.0004949023763296
0.260000  0.220000    0.0004979281982537
0.300000  0.220000    0.0005038633768919
0.340000  0.220000    0.0005050516215866
0.380000  0.220000    0.0005050907597706
0.420000  0.220000    0.0005039404722320
0.460000  0.220000    0.0005015614767447
0.500000  0.220000    0.0004978963373742
0.540000  0.220000    0.0004928815145202
0.580000  0.220000    0.0004864811736994
0.620000  0.220000    0.0004786037855297
0.660000  0.220000    0.0004623290118928
0.700000  0.220000    0.0004509605720872
0.740000  0.220000    0.0004301943606534
0.780000  0.220000    0.0004149021606418
0.820000  0.220000    0.0003892988278928
0.860000  0.220000    0.0003608580014777
0.900000  0.220000    0.0003207944809191
0.940000  0.220000    0.0002685088875598
-.860000  0.260000    0.0000063554325044
-.820000  0.260000    0.0000394674436375
-.780000  0.260000    0.0000700661510930
-.740000  0.260000    0.0000981058261689
-.700000  0.260000    0.0001267822673481
-.660000  0.260000    0.0001513683002936
-.620000  0.260000    0.0001772714536863
-.580000  0.260000    0.0002019829561672
-.540000  0.260000    0.0002255652151259
-.500000  0.260000    0.0002480643393068
-.460000  0.260000    0.0002695124704504
-.420000  0.260000    0.0002899295191797
-.380000  0.260000    0.0003093289917657
-.340000  0.260000    0.0003277202331081
-.300000  0.260000    0.0003451129029312
-.260000  0.260000    0.0003615210060866
-.220000  0.260000    0.0003785676869961
-.180000  0.260000    0.0003929505642033
-.140000  0.260000    0.0004074869866554
-.100000  0.260000    0.0004200307844427
-.060000  0.260000    0.0004322456599964
-.020000  0.260000    0.0004432417402993
0.020000  0.260000    0.0004532355354150
0.060000  0.260000    0.0004624662928698
0.100000  0.260000    0.0004711176719744
0.140000  0.260000    0.0004769157162346
0.180000  0.260000    0.0004843422831582
0.220000  0.260000    0.0004881575478774
0.260000  0.260000    0.0004944264585383
0.300000  0.260000    0.0004963783891376
0.340000  0.260000    0.0004971765111843
0.380000  0.260000    0.0004968066134243
0.420000  0.260000    0.0004952381754508
0.460000  0.260000    0.0004924260831620
0.500000  0.260000    0.0004883259023717
0.540000  0.260000    0.0004828828369361
0.580000  0.260000    0.0004760282302534
0.620000  0.260000    0.0004676888769641
0.660000  0.260000    0.0004577763885423
0.700000  0.260000    0.0004389429926119
0.740000  0.260000    0.0004253102139149
0.780000  0.260000    0.0004018107899025
0.820000  0.260000    0.0003756449970666
0.860000  0.260000    0.0003466849583324
0.900000  0.260000    0.0003060997715139
0.940000  0.260000    0.0002451083628692
-.820000  0.300000    0.0000300797263651
-.780000  0.300000    0.0000608977747391
-.740000  0.300000    0.0000916258503763
-.700000  0.300000    0.0001180595089200
-.660000  0.300000    0.0001454172056849
-.620000  0.300000    0.0001688605641021
-.580000  0.300000    0.0001936641378426
-.540000  0.300000    0.0002173246508951
-.500000  0.300000    0.0002398873262158
-.460000  0.300000    0.0002613862822037
-.420000  0.300000    0.0002818456130693
-.380000  0.300000    0.0003012837970417
-.340000  0.300000    0.0003216204831463
-.300000  0.300000    0.0003389620461577
-.260000  0.300000    0.0003553289320202
-.220000  0.300000    0.0003707502472014
-.180000  0.300000    0.0003864879957926
-.140000  0.300000    0.0004000242443805
-.100000  0.300000    0.0004134327802435
-.060000  0.300000    0.0004255583810775
-.020000  0.300000    0.0004365274425979
0.020000  0.300000    0.0004465127566703
0.060000  0.300000    0.0004557007037649
0.100000  0.300000    0.0004642328768270
0.140000  0.300000    0.0004721973602885
0.180000  0.300000    0.0004770380155704
0.220000  0.300000    0.0004836927761478
0.260000  0.300000    0.0004864997967322
0.300000  0.300000    0.0004880992036651
0.340000  0.300000    0.0004885160347530
0.380000  0.300000    0.0004922571413960
0.420000  0.300000    0.0004906247270315
0.460000  0.300000    0.0004877219054557
0.500000  0.300000    0.0004835061836816
0.540000  0.300000    0.0004779203629166
0.580000  0.300000    0.0004708997884978
0.620000  0.300000    0.0004623626982827
0.660000  0.300000    0.0004454334772635
0.700000  0.300000    0.0004333222532816
0.740000  0.300000    0.0004118217492834
0.780000  0.300000    0.0003956273145535
0.820000  0.300000    0.0003691319194313
0.860000  0.300000    0.0003314431784548
0.900000  0.300000    0.0002902085507144
0.940000  0.300000    0.0002204378000273
-.820000  0.340000    0.0000205335898588
-.780000  0.340000    0.0000522621209181
-.740000  0.340000    0.0000812701838410
-.700000  0.340000    0.0001104952485875
-.660000  0.340000    0.0001355585549618
-.620000  0.340000    0.0001617119155136
-.580000  0.340000    0.0001865900679108
-.540000  0.340000    0.0002102778262824
-.500000  0.340000    0.0002328395027051
-.460000  0.340000    0.0002543202602951
-.420000  0.340000    0.0002747518643235
-.380000  0.340000    0.0002941593605846
-.340000  0.340000    0.0003125633203808
-.300000  0.340000    0.0003315944737401
-.260000  0.340000    0.0003479440798307
-.220000  0.340000    0.0003633652658052
-.180000  0.340000    0.0003789098520588
-.140000  0.340000    0.0003924968325569
-.100000  0.340000    0.0004057898831414
-.060000  0.340000    0.0004178534172301
-.020000  0.340000    0.0004287987489185
0.020000  0.340000    0.0004387711347043
0.060000  0.340000    0.0004479157103625
0.100000  0.340000    0.0004563489412817
0.140000  0.340000    0.0004641475673832
0.180000  0.340000    0.0004687894057887
0.220000  0.340000    0.0004751742186513
0.260000  0.340000    0.0004776864370206
0.300000  0.340000    0.0004789438670349
0.340000  0.340000    0.0004831468409369
0.380000  0.340000    0.0004823632152106
0.420000  0.340000    0.0004803145320360
0.460000  0.340000    0.0004769711430428
0.500000  0.340000    0.0004722953698522
0.540000  0.340000    0.0004662346773083
0.580000  0.340000    0.0004587220067239
0.620000  0.340000    0.0004496777833895
0.660000  0.340000    0.0004389950015893
0.700000  0.340000    0.0004194546144684
0.740000  0.340000    0.0004048906054823
0.780000  0.340000    0.0003805389027116
0.820000  0.340000    0.0003533728366781
0.860000  0.340000    0.0003150506247234
0.900000  0.340000    0.0002649709957506
0.940000  0.340000    0.0001538573777225
-.820000  0.380000    0.0000091863834299
-.780000  0.380000    0.0000418057841361
-.740000  0.380000    0.0000716751492714
-.700000  0.380000    0.0001014073468750
-.660000  0.380000    0.0001268407286412
-.620000  0.380000    0.0001531908923013
-.580000  0.380000    0.0001781783903205
-.540000  0.380000    0.0002019186232386
-.500000  0.380000    0.0002244971951133
-.460000  0.380000    0.0002459752307331
-.420000  0.380000    0.0002663950826414
-.380000  0.380000    0.0002857878270419
-.340000  0.380000    0.0003041801883022
-.300000  0.380000    0.0003215965838390
-.260000  0.380000    0.0003393859330844
-.220000  0.380000    0.0003548268857358
-.180000  0.380000    0.0003702278206329
-.140000  0.380000    0.0003838745826842
-.100000  0.380000    0.0003970859670193
-.060000  0.380000    0.0004091037059737
-.020000  0.380000    0.0004200280329890
0.020000  0.380000    0.0004299830987132
0.060000  0.380000    0.0004390829886238
0.100000  0.380000    0.0004474266477592
0.140000  0.380000    0.0004550799018366
0.180000  0.380000    0.0004595375737969
0.220000  0.380000    0.0004656798293084
0.260000  0.380000    0.0004679128484327
0.300000  0.380000    0.0004725942240632
0.340000  0.380000    0.0004727093793692
0.380000  0.380000    0.0004715360614132
0.420000  0.380000    0.0004690666808522
0.460000  0.380000    0.0004652745025310
0.500000  0.380000    0.0004601280323234
0.540000  0.380000    0.0004535720321390
0.580000  0.380000    0.0004455456422491
0.620000  0.380000    0.0004359675147070
0.660000  0.380000    0.0004247286913958
0.700000  0.380000    0.0004045329149473
0.740000  0.380000    0.0003893505722180
0.780000  0.380000    0.0003643143297736
0.820000  0.380000    0.0003363950809384
0.860000  0.380000    0.0002972849887418
0.900000  0.380000    0.0002383833055315
-.780000  0.420000    0.0000293463923603
-.740000  0.420000    0.0000602765991592
-.700000  0.420000    0.0000883338051967
-.660000  0.420000    0.0001166064698513
-.620000  0.420000    0.0001432325449835
-.580000  0.420000    0.0001660216990197
-.540000  0.420000    0.0001899618738680
-.500000  0.420000    0.0002127141843475
-.460000  0.420000    0.0002343459146158
-.420000  0.420000    0.0002549053594259
-.380000  0.420000    0.0002761688389508
-.340000  0.420000    0.0002945672642277
-.300000  0.420000    0.0003119967957260
-.260000  0.420000    0.0003296560581543
-.220000  0.420000    0.0003451317270715
-.180000  0.420000    0.0003604315303646
-.140000  0.420000    0.0003741408419106
-.100000  0.420000    0.0003872949305759
-.060000  0.420000    0.0003992789372311
-.020000  0.420000    0.0004101840010351
0.020000  0.420000    0.0004201161878710
0.060000  0.420000    0.0004291684229248
0.100000  0.420000    0.0004374266959923
0.140000  0.420000    0.0004449452656429
0.180000  0.420000    0.0004492307323252
0.220000  0.420000    0.0004551478370093
0.260000  0.420000    0.0004571149426521
0.300000  0.420000    0.0004614949975134
0.340000  0.420000    0.0004612644803853
0.380000  0.420000    0.0004597062948304
0.420000  0.420000    0.0004615330900078
0.460000  0.420000    0.0004576862688072
0.500000  0.420000    0.0004524264058248
0.540000  0.420000    0.0004457062632074
0.580000  0.420000    0.0004374554834375
0.620000  0.420000    0.0004211862558549
0.660000  0.420000    0.0004093530929793
0.700000  0.420000    0.0003956359234908
0.740000  0.420000    0.0003726295458451
0.780000  0.420000    0.0003468536327514
0.820000  0.420000    0.0003103617793582
0.860000  0.420000    0.0002702445695517
0.900000  0.420000    0.0001950361883267
-.780000  0.460000    0.0000147796813188
-.740000  0.460000    0.0000468607712306
-.700000  0.460000    0.0000781038570687
-.660000  0.460000    0.0001047297880783
-.620000  0.460000    0.0001317465824860
-.580000  0.460000    0.0001548231485640
-.540000  0.460000    0.0001789238276726
-.500000  0.460000    0.0002017797305287
-.460000  0.460000    0.0002234780576801
-.420000  0.460000    0.0002440839620146
-.380000  0.460000    0.0002652891535598
-.340000  0.460000    0.0002837118759288
-.300000  0.460000    0.0003011698336258
-.260000  0.460000    0.0003187428932347
-.220000  0.460000    0.0003342621920734
-.180000  0.460000    0.0003494964432492
-.140000  0.460000    0.0003632653837205
-.100000  0.460000    0.0003763813214597
-.060000  0.460000    0.0003883402186227
-.020000  0.460000    0.0003992279548245
0.020000  0.460000    0.0004091317833099
0.060000  0.460000    0.0004181336147748
0.100000  0.460000    0.0004263055819356
0.140000  0.460000    0.0004336938636663
0.180000  0.460000    0.0004378174236848
0.220000  0.460000    0.0004435178946398
0.260000  0.460000    0.0004452315092793
0.300000  0.460000    0.0004493144069681
0.340000  0.460000    0.0004487472078239
0.380000  0.460000    0.0004468076728885
0.420000  0.460000    0.0004482410712663
0.460000  0.460000    0.0004439459948909
0.500000  0.460000    0.0004382015481163
0.540000  0.460000    0.0004309601626807
0.580000  0.460000    0.0004221495907381
0.620000  0.460000    0.0004052718528463
0.660000  0.460000    0.0003927992345777
0.700000  0.460000    0.0003713089908732
0.740000  0.460000    0.0003546045972559
0.780000  0.460000    0.0003279528755840
0.820000  0.460000    0.0002905824952074
0.860000  0.460000    0.0002342026926654
-.740000  0.500000    0.0000326049774280
-.700000  0.500000    0.0000634564067257
-.660000  0.500000    0.0000910304345793
-.620000  0.500000    0.0001185988389085
-.580000  0.500000    0.0001420745282257
-.540000  0.500000    0.0001664126589684
-.500000  0.500000    0.0001894278775070
-.460000  0.500000    0.0002112357705411
-.420000  0.500000    0.0002319197271647
-.380000  0.500000    0.0002531157238419
-.340000  0.500000    0.0002715834088071
-.300000  0.500000    0.0002890850975908
-.260000  0.500000    0.0003066157661700
-.220000  0.500000    0.0003221835599936
-.180000  0.500000    0.0003373845880745
-.140000  0.500000    0.0003512052887887
-.100000  0.500000    0.0003642993726019
-.060000  0.500000    0.0003762418656056
-.020000  0.500000    0.0003871127858235
0.020000  0.500000    0.0003969847108969
0.060000  0.500000    0.0004059304166346
0.100000  0.500000    0.0004140127254376
0.140000  0.500000    0.0004212703361465
0.180000  0.500000    0.0004252428332615
0.220000  0.500000    0.0004307275748236
0.260000  0.500000    0.0004321992021086
0.300000  0.500000    0.0004359814803879
0.340000  0.500000    0.0004350857298681
0.380000  0.500000    0.0004327699492965
0.420000  0.500000    0.0004337867558054
0.460000  0.500000    0.0004290377359487
0.500000  0.500000    0.0004227961377235
0.540000  0.500000    0.0004150131973436
0.580000  0.500000    0.0004056096210544
0.620000  0.500000    0.0003881402278022
0.660000  0.500000    0.0003749603024301
0.700000  0.500000    0.0003528005080513
0.740000  0.500000    0.0003279841172533
0.780000  0.500000    0.0003002336949699
0.820000  0.500000    0.0002614087149758
0.860000  0.500000    0.0001820619122294
-.740000  0.540000    0.0000138997956183
-.700000  0.540000    0.0000463848543860
-.660000  0.540000    0.0000752493314179
-.620000  0.540000    0.0001035885924877
-.580000  0.540000    0.0001276292007620
-.540000  0.540000    0.0001523147894969
-.500000  0.540000    0.0001755691713297
-.460000  0.540000    0.0001975436785060
-.420000  0.540000    0.0002183480621238
-.380000  0.540000    0.0002395977996865
-.340000  0.540000    0.0002581319381307
-.300000  0.540000    0.0002756933776945
-.260000  0.540000    0.0002932263097037
-.220000  0.540000    0.0003088443039487
-.180000  0.540000    0.0003240427916049
-.140000  0.540000    0.0003379041749825
-.100000  0.540000    0.0003509914186631
-.060000  0.540000    0.0003629257631734
-.020000  0.540000    0.0003737798342884
0.020000  0.540000    0.0003836166175037
0.060000  0.540000    0.0003925021179447
0.100000  0.540000    0.0004004888712761
0.140000  0.540000    0.0004076098923245
0.180000  0.540000    0.0004114446368733
0.220000  0.540000    0.0004167069819201
0.260000  0.540000    0.0004179504020656
0.300000  0.540000    0.0004214196089268
0.340000  0.540000    0.0004202030047969
0.380000  0.540000    0.0004175164703867
0.420000  0.540000    0.0004180810586354
0.460000  0.540000    0.0004128692825479
0.500000  0.540000    0.0004061137811547
0.540000  0.540000    0.0003977599628690
0.580000  0.540000    0.0003877154390700
0.620000  0.540000    0.0003696654921627
0.660000  0.540000    0.0003556589897193
0.700000  0.540000    0.0003327503215521
0.740000  0.540000    0.0003069503827458
0.780000  0.540000    0.0002708193182436
0.820000  0.540000    0.0002161865097706
-.700000  0.580000    0.0000277840671327
-.660000  0.580000    0.0000589658785283
-.620000  0.580000    0.0000864170323464
-.580000  0.580000    0.0001135066424291
-.540000  0.580000    0.0001364593074396
-.500000  0.580000    0.0001600666336549
-.460000  0.580000    0.0001822891117057
-.420000  0.580000    0.0002032722759767
-.380000  0.580000    0.0002246511306955
-.340000  0.580000    0.0002432815392759
-.300000  0.580000    0.0002609208143085
-.260000  0.580000    0.0002785035493643
-.220000  0.580000    0.0002941724187520
-.180000  0.580000    0.0003093992411923
-.140000  0.580000    0.0003233389208183
-.100000  0.580000    0.0003363842338850
-.060000  0.580000    0.0003483193051338
-.020000  0.580000    0.0003591575105059
0.020000  0.580000    0.0003689566876973
0.060000  0.580000    0.0003777754786882
0.100000  0.580000    0.0003856582078423
0.140000  0.580000    0.0003904573307612
0.180000  0.580000    0.0003963458136371
0.220000  0.580000    0.0004013722506964
0.260000  0.580000    0.0004024016137314
0.300000  0.580000    0.0004055343813588
0.340000  0.580000    0.0004040047306355
0.380000  0.580000    0.0004009525458074
0.420000  0.580000    0.0004010122070808
0.460000  0.580000    0.0003953223416064
0.500000  0.580000    0.0003880253069997
0.540000  0.580000    0.0003790535021748
0.580000  0.580000    0.0003624761631328
0.620000  0.580000    0.0003496395579959
0.660000  0.580000    0.0003283036824023
0.700000  0.580000    0.0003042485035327
0.740000  0.580000    0.0002770174789764
0.780000  0.580000    0.0002323279910862
-.700000  0.620000    0.0000045870741675
-.660000  0.620000    0.0000374033726642
-.620000  0.620000    0.0000686882214039
-.580000  0.620000    0.0000948380416953
-.540000  0.620000    0.0001207529405559
-.500000  0.620000    0.0001447740059762
-.460000  0.620000    0.0001672096176187
-.420000  0.620000    0.0001882829561078
-.380000  0.620000    0.0002081498256914
-.340000  0.620000    0.0002269178867694
-.300000  0.620000    0.0002446607012760
-.260000  0.620000    0.0002623470844048
-.220000  0.620000    0.0002780695750473
-.180000  0.620000    0.0002933601360301
-.140000  0.620000    0.0003073493928261
-.100000  0.620000    0.0003201039894427
-.060000  0.620000    0.0003323280727658
-.020000  0.620000    0.0003431541014462
0.020000  0.620000    0.0003529130237018
0.060000  0.620000    0.0003616574935814
0.100000  0.620000    0.0003675714554038
0.140000  0.620000    0.0003741643595071
0.180000  0.620000    0.0003798498914424
0.220000  0.620000    0.0003846182805191
0.260000  0.620000    0.0003854486665616
0.300000  0.620000    0.0003882088710295
0.340000  0.620000    0.0003863727609627
0.380000  0.620000    0.0003829537767283
0.420000  0.620000    0.0003779671918650
0.460000  0.620000    0.0003713967695873
0.500000  0.620000    0.0003632030205012
0.540000  0.620000    0.0003533080652510
0.580000  0.620000    0.0003415663578248
0.620000  0.620000    0.0003217672663146
0.660000  0.620000    0.0003054772598116
0.700000  0.620000    0.0002739173763875
0.740000  0.620000    0.0002382447609551
0.780000  0.620000    0.0001650425268396
-.660000  0.660000    0.0000138081173190
-.620000  0.660000    0.0000453429539963
-.580000  0.660000    0.0000754333277903
-.540000  0.660000    0.0001004387862215
-.500000  0.660000    0.0001252796450421
-.460000  0.660000    0.0001482876515138
-.420000  0.660000    0.0001697600113095
-.380000  0.660000    0.0001899073753169
-.340000  0.660000    0.0002088748172690
-.300000  0.660000    0.0002278876179538
-.260000  0.660000    0.0002446164884764
-.220000  0.660000    0.0002610192192708
-.180000  0.660000    0.0002757946861765
-.140000  0.660000    0.0002898648742004
-.100000  0.660000    0.0003026771076133
-.060000  0.660000    0.0003142915531769
-.020000  0.660000    0.0003247713492755
0.020000  0.660000    0.0003341782223910
0.060000  0.660000    0.0003425588294403
0.100000  0.660000    0.0003499489198782
0.140000  0.660000    0.0003563704916238
0.180000  0.660000    0.0003618278608934
0.220000  0.660000    0.0003635846173921
0.260000  0.660000    0.0003669506560999
0.300000  0.660000    0.0003659267827611
0.340000  0.660000    0.0003671402610692
0.380000  0.660000    0.0003633469105165
0.420000  0.660000    0.0003579131024997
0.460000  0.660000    0.0003508126988901
0.500000  0.660000    0.0003419817869795
0.540000  0.660000    0.0003312966431548
0.580000  0.660000    0.0003130575795245
0.620000  0.660000    0.0002978862479146
0.660000  0.660000    0.0002683491804436
0.700000  0.660000    0.0002349002807791
0.740000  0.660000    0.0001829686710665
-.620000  0.700000    0.0000197800690083
-.580000  0.700000    0.0000518750228331
-.540000  0.700000    0.0000790831858069
-.500000  0.700000    0.0001051816319993
-.460000  0.700000    0.0001289522603458
-.420000  0.700000    0.0001490692327089
-.380000  0.700000    0.0001712471444600
-.340000  0.700000    0.0001903249829678
-.300000  0.700000    0.0002082467844415
-.260000  0.700000    0.0002259878175087
-.220000  0.700000    0.0002417205204742
-.180000  0.700000    0.0002568931089172
-.140000  0.700000    0.0002707138934453
-.100000  0.700000    0.0002836109408552
-.060000  0.700000    0.0002952736942417
-.020000  0.700000    0.0003057622893507
0.020000  0.700000    0.0003151335204204
0.060000  0.700000    0.0003234305715752
0.100000  0.700000    0.0003306833527229
0.140000  0.700000    0.0003369075762982
0.180000  0.700000    0.0003397413461821
0.220000  0.700000    0.0003437531938173
0.260000  0.700000    0.0003436536596202
0.300000  0.700000    0.0003454509016427
0.340000  0.700000    0.0003424963271787
0.380000  0.700000    0.0003378719079100
0.420000  0.700000    0.0003359282483310
0.460000  0.700000    0.0003235676365560
0.500000  0.700000    0.0003137578761348
0.540000  0.700000    0.0003019504229900
0.580000  0.700000    0.0002825615899217
0.620000  0.700000    0.0002602380745763
0.660000  0.700000    0.0002287046843527
0.700000  0.700000    0.0001798758447936
-.580000  0.740000    0.0000219098275273
-.540000  0.740000    0.0000530977577348
-.500000  0.740000    0.0000814698495236
-.460000  0.740000    0.0001046708022935
-.420000  0.740000    0.0001275909650056
-.380000  0.740000    0.0001486670183062
-.340000  0.740000    0.0001682182750554
-.300000  0.740000    0.0001876945556265
-.260000  0.740000    0.0002045934171335
-.220000  0.740000    0.0002211241652401
-.180000  0.740000    0.0002358556620835
-.140000  0.740000    0.0002498522312110
-.100000  0.740000    0.0002625017285497
-.060000  0.740000    0.0002744059609272
-.020000  0.740000    0.0002849148914812
0.020000  0.740000    0.0002942502777338
0.060000  0.740000    0.0003024515280092
0.100000  0.740000    0.0003078467804415
0.140000  0.740000    0.0003136350954170
0.180000  0.740000    0.0003183546858752
0.220000  0.740000    0.0003193287073965
0.260000  0.740000    0.0003217231004107
0.300000  0.740000    0.0003197120372544
0.340000  0.740000    0.0003196308992937
0.380000  0.740000    0.0003145630929272
0.420000  0.740000    0.0003076892740393
0.460000  0.740000    0.0002989159863064
0.500000  0.740000    0.0002834748621675
0.540000  0.740000    0.0002702064019364
0.580000  0.740000    0.0002492239315947
0.620000  0.740000    0.0002193595483376
0.660000  0.740000    0.0001722631490110
-.540000  0.780000    0.0000207175170033
-.500000  0.780000    0.0000521630896513
-.460000  0.780000    0.0000781299491714
-.420000  0.780000    0.0001026636041173
-.380000  0.780000    0.0001247379713521
-.340000  0.780000    0.0001448879142888
-.300000  0.780000    0.0001634689375990
-.260000  0.780000    0.0001818245850241
-.220000  0.780000    0.0001977095213119
-.180000  0.780000    0.0002131004458040
-.140000  0.780000    0.0002267887641684
-.100000  0.780000    0.0002396352046940
-.060000  0.780000    0.0002511359072238
-.020000  0.780000    0.0002613608142647
0.020000  0.780000    0.0002703647312801
0.060000  0.780000    0.0002781878770284
0.100000  0.780000    0.0002848544773706
0.140000  0.780000    0.0002903687430967
0.180000  0.780000    0.0002926062018693
0.220000  0.780000    0.0002956325894264
0.260000  0.780000    0.0002947027139944
0.300000  0.780000    0.0002951384984764
0.340000  0.780000    0.0002910213860804
0.380000  0.780000    0.0002850400329778
0.420000  0.780000    0.0002771130413425
0.460000  0.780000    0.0002670409905920
0.500000  0.780000    0.0002504024182778
0.540000  0.780000    0.0002305051423604
0.580000  0.780000    0.0002018626197920
0.620000  0.780000    0.0001465369283340
-.500000  0.820000    0.0000137542239394
-.460000  0.820000    0.0000463420374401
-.420000  0.820000    0.0000743676555138
-.380000  0.820000    0.0000965602343743
-.340000  0.820000    0.0001179802696048
-.300000  0.820000    0.0001373258643484
-.260000  0.820000    0.0001562699691478
-.220000  0.820000    0.0001723509876448
-.180000  0.820000    0.0001879123459750
-.140000  0.820000    0.0002015154019905
-.100000  0.820000    0.0002142880153560
-.060000  0.820000    0.0002256255266388
-.020000  0.820000    0.0002356069763873
0.020000  0.820000    0.0002442950328790
0.060000  0.820000    0.0002517337136920
0.100000  0.820000    0.0002579455250974
0.140000  0.820000    0.0002629276850047
0.180000  0.820000    0.0002646608032286
0.220000  0.820000    0.0002669763023719
0.260000  0.820000    0.0002653941680632
0.300000  0.820000    0.0002648392320737
0.340000  0.820000    0.0002598006593771
0.380000  0.820000    0.0002526996336622
0.420000  0.820000    0.0002398592982662
0.460000  0.820000    0.0002277829393463
0.500000  0.820000    0.0002085736995393
0.540000  0.820000    0.0001765740045235
-.420000  0.860000    0.0000354178195770
-.380000  0.860000    0.0000629620685017
-.340000  0.860000    0.0000872312409946
-.300000  0.860000    0.0001081830283380
-.260000  0.860000    0.0001267281605147
-.220000  0.860000    0.0001434110612648
-.180000  0.860000    0.0001595224513762
-.140000  0.860000    0.0001731656615995
-.100000  0.860000    0.0001860600000741
-.060000  0.860000    0.0001973683938820
-.020000  0.860000    0.0002071909389930
0.020000  0.860000    0.0002156031813405
0.060000  0.860000    0.0002226546165282
0.100000  0.860000    0.0002283645682887
0.140000  0.860000    0.0002327174936578
0.180000  0.860000    0.0002340169590848
0.220000  0.860000    0.0002353970441510
0.260000  0.860000    0.0002330993408911
0.300000  0.860000    0.0002287422868397
0.340000  0.860000    0.0002222094132939
0.380000  0.860000    0.0002131945468616
0.420000  0.860000    0.0001982387603172
0.460000  0.860000    0.0001757988925955
0.500000  0.860000    0.0001380650096235
-.380000  0.900000    0.0000130080067892
-.340000  0.900000    0.0000464872575904
-.300000  0.900000    0.0000706442016526
-.260000  0.900000    0.0000919529209433
-.220000  0.900000    0.0001101507549490
-.180000  0.900000    0.0001260697238815
-.140000  0.900000    0.0001411972471074
-.100000  0.900000    0.0001535898799435
-.060000  0.900000    0.0001651454806223
-.020000  0.900000    0.0001749826435497
0.020000  0.900000    0.0001832013507191
0.060000  0.900000    0.0001898591271128
0.100000  0.900000    0.0001949668228185
0.140000  0.900000    0.0001975548651187
0.180000  0.900000    0.0001993044821717
0.220000  0.900000    0.0001978946464004
0.260000  0.900000    0.0001941886755119
0.300000  0.900000    0.0001879667344627
0.340000  0.900000    0.0001766637032379
0.380000  0.900000    0.0001610354161081
0.420000  0.900000    0.0001327438641509
-.300000  0.940000    0.0000084594615606
-.260000  0.940000    0.0000437714538350
-.220000  0.940000    0.0000664973926545
-.180000  0.940000    0.0000856225001708
-.140000  0.940000    0.0001013020436626
-.100000  0.940000    0.0001156676108124
-.060000  0.940000    0.0001266574538131
-.020000  0.940000    0.0001366190233172
0.020000  0.940000    0.0001445506196577
0.060000  0.940000    0.0001505419328188
0.100000  0.940000    0.0001544415692824
0.140000  0.940000    0.0001563365876337
0.180000  0.940000    0.0001554596173920
0.220000  0.940000    0.0001517220789309
0.260000  0.940000    0.0001435008779683
0.300000  0.940000    0.0001299172317375
0.340000  0.940000    0.0000933930458531
-.140000  0.980000    0.0000392325713187
-.100000  0.980000    0.0000602676681388
-.060000  0.980000    0.0000742260522202
-.020000  0.980000    0.0000840385580581
0.020000  0.980000    0.0000919187509292
0.060000  0.980000    0.0000974661931395
0.100000  0.980000    0.0000991008928947
0.140000  0.980000    0.0000960727807292
0.180000  0.980000    0.0000860386669762
