-.140000  -.980000    0.0000023645488860
-.100000  -.980000    0.0000042717159767
-.060000  -.980000    0.0000051022889054
-.020000  -.980000    0.0000054635284647
0.020000  -.980000    0.0000059396484062
0.060000  -.980000    0.0000065938417956
0.100000  -.980000    0.0000070815820899
0.140000  -.980000    0.0000074243511074
0.180000  -.980000    0.0000081556595403
-.260000  -.940000    0.0000014962009539
-.220000  -.940000    0.0000030628495794
-.180000  -.940000    0.0000039994329517
-.140000  -.940000    0.0000045088659682
-.100000  -.940000    0.0000050940952395
-.060000  -.940000    0.0000051774316570
-.020000  -.940000    0.0000054695644813
0.020000  -.940000    0.0000056697502349
0.060000  -.940000    0.0000058054861518
0.100000  -.940000    0.0000061843813743
0.140000  -.940000    0.0000062523725652
0.180000  -.940000    0.0000065669437137
0.220000  -.940000    0.0000068625729182
0.260000  -.940000    0.0000073564880370
0.300000  -.940000    0.0000078430193507
0.340000  -.940000    0.0000091029989816
-.340000  -.900000    0.0000010685019204
-.300000  -.900000    0.0000025338736569
-.260000  -.900000    0.0000034732182521
-.220000  -.900000    0.0000040240209384
-.180000  -.900000    0.0000043215545023
-.140000  -.900000    0.0000047563492902
-.100000  -.900000    0.0000047472225734
-.060000  -.900000    0.0000049512529090
-.020000  -.900000    0.0000050751800548
0.020000  -.900000    0.0000051434809330
0.060000  -.900000    0.0000051769439848
0.100000  -.900000    0.0000051921563936
0.140000  -.900000    0.0000054636305458
0.180000  -.900000    0.0000054902397885
0.220000  -.900000    0.0000057686025047
0.260000  -.900000    0.0000060566796677
0.300000  -.900000    0.0000063701351307
0.340000  -.900000    0.0000068628199704
0.380000  -.900000    0.0000073909884790
0.420000  -.900000    0.0000082426301337
-.380000  -.860000    0.0000016487521365
-.340000  -.860000    0.0000027808486927
-.300000  -.860000    0.0000034882227630
-.260000  -.860000    0.0000039115544324
-.220000  -.860000    0.0000041300158120
-.180000  -.860000    0.0000044931451902
-.140000  -.860000    0.0000044372774582
-.100000  -.860000    0.0000045806079859
-.060000  -.860000    0.0000046417933773
-.020000  -.860000    0.0000046447649175
0.020000  -.860000    0.0000046115739483
0.060000  -.860000    0.0000045619106861
0.100000  -.860000    0.0000045117750645
0.140000  -.860000    0.0000044741910798
0.180000  -.860000    0.0000046827145746
0.220000  -.860000    0.0000047115186796
0.260000  -.860000    0.0000049806765514
0.300000  -.860000    0.0000052829084674
0.340000  -.860000    0.0000056289237622
0.380000  -.860000    0.0000060260974301
0.420000  -.860000    0.0000065853017831
0.460000  -.860000    0.0000072580790873
0.500000  -.860000    0.0000082474427301
-.460000  -.820000    0.0000004087017944
-.420000  -.820000    0.0000019096907907
-.380000  -.820000    0.0000026496458855
-.340000  -.820000    0.0000032555005876
-.300000  -.820000    0.0000036251737037
-.260000  -.820000    0.0000041046758977
-.220000  -.820000    0.0000041499367625
-.180000  -.820000    0.0000043552696896
-.140000  -.820000    0.0000041826312423
-.100000  -.820000    0.0000042080479984
-.060000  -.820000    0.0000041655517448
-.020000  -.820000    0.0000040779109887
0.020000  -.820000    0.0000039664841351
0.060000  -.820000    0.0000038505834787
0.100000  -.820000    0.0000037466304454
0.140000  -.820000    0.0000036677411901
0.180000  -.820000    0.0000038089504777
0.220000  -.820000    0.0000038194752314
0.260000  -.820000    0.0000040429631449
0.300000  -.820000    0.0000041742549302
0.340000  -.820000    0.0000045197595504
0.380000  -.820000    0.0000049212765659
0.420000  -.820000    0.0000054726290489
0.460000  -.820000    0.0000059926743518
0.500000  -.820000    0.0000066443649935
0.540000  -.820000    0.0000074463364127
-.500000  -.780000    0.0000005281771050
-.460000  -.780000    0.0000017078425495
-.420000  -.780000    0.0000025784170515
-.380000  -.780000    0.0000031650987617
-.340000  -.780000    0.0000035336550345
-.300000  -.780000    0.0000037250095847
-.260000  -.780000    0.0000040581924762
-.220000  -.780000    0.0000039813464051
-.180000  -.780000    0.0000040773030651
-.140000  -.780000    0.0000038130400744
-.100000  -.780000    0.0000037533516267
-.060000  -.780000    0.0000036353050646
-.020000  -.780000    0.0000034806834539
0.020000  -.780000    0.0000033110622368
0.060000  -.780000    0.0000031457210541
0.100000  -.780000    0.0000030013023828
0.140000  -.780000    0.0000028912670369
0.180000  -.780000    0.0000029744680157
0.220000  -.780000    0.0000029697028796
0.260000  -.780000    0.0000031484445960
0.300000  -.780000    0.0000032831646653
0.340000  -.780000    0.0000036012303532
0.380000  -.780000    0.0000039870544335
0.420000  -.780000    0.0000044426592270
0.460000  -.780000    0.0000049673594882
0.500000  -.780000    0.0000056047282434
0.540000  -.780000    0.0000062843460101
0.580000  -.780000    0.0000070499764721
0.620000  -.780000    0.0000081222431642
-.540000  -.740000    0.0000004171955631
-.500000  -.740000    0.0000017013839145
-.460000  -.740000    0.0000023835342430
-.420000  -.740000    0.0000029796822298
-.380000  -.740000    0.0000033704274174
-.340000  -.740000    0.0000035885160740
-.300000  -.740000    0.0000039421229928
-.260000  -.740000    0.0000038871425508
-.220000  -.740000    0.0000039888079251
-.180000  -.740000    0.0000037340178466
-.140000  -.740000    0.0000036583574891
-.100000  -.740000    0.0000035088384539
-.060000  -.740000    0.0000031113499074
-.020000  -.740000    0.0000029116819438
0.020000  -.740000    0.0000027034959483
0.060000  -.740000    0.0000025061442158
0.100000  -.740000    0.0000024556087809
0.140000  -.740000    0.0000023207663552
0.180000  -.740000    0.0000022437048893
0.220000  -.740000    0.0000023009004917
0.260000  -.740000    0.0000023670104483
0.300000  -.740000    0.0000025614270125
0.340000  -.740000    0.0000027922210771
0.380000  -.740000    0.0000031532771377
0.420000  -.740000    0.0000035949535269
0.460000  -.740000    0.0000041146495461
0.500000  -.740000    0.0000047204040464
0.540000  -.740000    0.0000053851142448
0.580000  -.740000    0.0000061074774803
0.620000  -.740000    0.0000068696704799
0.660000  -.740000    0.0000078678870870
-.580000  -.700000    0.0000001935026179
-.540000  -.700000    0.0000013949097672
-.500000  -.700000    0.0000023100074265
-.460000  -.700000    0.0000029649227670
-.420000  -.700000    0.0000031439707281
-.380000  -.700000    0.0000036832744664
-.340000  -.700000    0.0000038023145392
-.300000  -.700000    0.0000037843605651
-.260000  -.700000    0.0000039191820393
-.220000  -.700000    0.0000036854461032
-.180000  -.700000    0.0000036186718562
-.140000  -.700000    0.0000032456712216
-.100000  -.700000    0.0000030590388293
-.060000  -.700000    0.0000028260626913
-.020000  -.700000    0.0000025699886373
0.020000  -.700000    0.0000023140492049
0.060000  -.700000    0.0000020785700668
0.100000  -.700000    0.0000018816030051
0.140000  -.700000    0.0000017377702395
0.180000  -.700000    0.0000016834754768
0.220000  -.700000    0.0000016739863022
0.260000  -.700000    0.0000017379217459
0.300000  -.700000    0.0000019003012191
0.340000  -.700000    0.0000021336868276
0.380000  -.700000    0.0000024567123287
0.420000  -.700000    0.0000028939788410
0.460000  -.700000    0.0000033760368694
0.500000  -.700000    0.0000039638484570
0.540000  -.700000    0.0000046298878899
0.580000  -.700000    0.0000053197632161
0.620000  -.700000    0.0000060632223608
0.660000  -.700000    0.0000068065532197
0.700000  -.700000    0.0000077316388356
-.580000  -.660000    0.0000011305817013
-.540000  -.660000    0.0000019277507893
-.500000  -.660000    0.0000026197766536
-.460000  -.660000    0.0000031181405855
-.420000  -.660000    0.0000034470174800
-.380000  -.660000    0.0000036224818031
-.340000  -.660000    0.0000036571263760
-.300000  -.660000    0.0000038508471632
-.260000  -.660000    0.0000036528993853
-.220000  -.660000    0.0000036219956996
-.180000  -.660000    0.0000032632459881
-.140000  -.660000    0.0000030823445909
-.100000  -.660000    0.0000028374997033
-.060000  -.660000    0.0000025505081815
-.020000  -.660000    0.0000022462584915
0.020000  -.660000    0.0000019495826605
0.060000  -.660000    0.0000016820780297
0.100000  -.660000    0.0000014625541026
0.140000  -.660000    0.0000013060749161
0.180000  -.660000    0.0000012243589238
0.220000  -.660000    0.0000011668673356
0.260000  -.660000    0.0000012535292487
0.300000  -.660000    0.0000013506561607
0.340000  -.660000    0.0000016290876548
0.380000  -.660000    0.0000019173718491
0.420000  -.660000    0.0000023040310485
0.460000  -.660000    0.0000027884691246
0.500000  -.660000    0.0000033650705408
0.540000  -.660000    0.0000040278805568
0.580000  -.660000    0.0000046890519123
0.620000  -.660000    0.0000055023681358
0.660000  -.660000    0.0000061735437084
0.700000  -.660000    0.0000069208383003
0.740000  -.660000    0.0000079150740595
-.620000  -.620000    0.0000007431335430
-.580000  -.620000    0.0000016560531405
-.540000  -.620000    0.0000024301729598
-.500000  -.620000    0.0000030090280274
-.460000  -.620000    0.0000034170348607
-.420000  -.620000    0.0000036698683703
-.380000  -.620000    0.0000037785831109
-.340000  -.620000    0.0000037537074230
-.300000  -.620000    0.0000036078103373
-.260000  -.620000    0.0000036406816784
-.220000  -.620000    0.0000033094051534
-.180000  -.620000    0.0000031622950459
-.140000  -.620000    0.0000029313766493
-.100000  -.620000    0.0000026372595214
-.060000  -.620000    0.0000022025586668
-.020000  -.620000    0.0000019045092699
0.020000  -.620000    0.0000016142061280
0.060000  -.620000    0.0000013545615948
0.100000  -.620000    0.0000010950005182
0.140000  -.620000    0.0000009298996864
0.180000  -.620000    0.0000008494812965
0.220000  -.620000    0.0000008617129815
0.260000  -.620000    0.0000008297515276
0.300000  -.620000    0.0000010353597143
0.340000  -.620000    0.0000011855620684
0.380000  -.620000    0.0000014368054721
0.420000  -.620000    0.0000017952844735
0.460000  -.620000    0.0000022596239246
0.500000  -.620000    0.0000028237172443
0.540000  -.620000    0.0000034806608160
0.580000  -.620000    0.0000042206856572
0.620000  -.620000    0.0000049093362740
0.660000  -.620000    0.0000057920079650
0.700000  -.620000    0.0000064505690511
0.740000  -.620000    0.0000072264239721
0.780000  -.620000    0.0000080285577317
-.660000  -.580000    0.0000002410096605
-.620000  -.580000    0.0000012809029277
-.580000  -.580000    0.0000021427095381
-.540000  -.580000    0.0000025635734068
-.500000  -.580000    0.0000030372316026
-.460000  -.580000    0.0000033639203637
-.420000  -.580000    0.0000035483205736
-.380000  -.580000    0.0000038964108093
-.340000  -.580000    0.0000038232403666
-.300000  -.580000    0.0000036344419154
-.260000  -.580000    0.0000036258807142
-.220000  -.580000    0.0000032632792531
-.180000  -.580000    0.0000030769459462
-.140000  -.580000    0.0000028055477098
-.100000  -.580000    0.0000023507447089
-.060000  -.580000    0.0000020368268188
-.020000  -.580000    0.0000017097393694
0.020000  -.580000    0.0000013954708942
0.060000  -.580000    0.0000011187526107
0.100000  -.580000    0.0000009004871815
0.140000  -.580000    0.0000006167826445
0.180000  -.580000    0.0000005405609882
0.220000  -.580000    0.0000005663631984
0.260000  -.580000    0.0000004827615603
0.300000  -.580000    0.0000007160844376
0.340000  -.580000    0.0000008265221372
0.380000  -.580000    0.0000010453541846
0.420000  -.580000    0.0000015989949710
0.460000  -.580000    0.0000020319117839
0.500000  -.580000    0.0000025710010858
0.540000  -.580000    0.0000032095233202
0.580000  -.580000    0.0000037654747118
0.620000  -.580000    0.0000045816125401
0.660000  -.580000    0.0000052968852060
0.700000  -.580000    0.0000060631257750
0.740000  -.580000    0.0000068999626447
0.780000  -.580000    0.0000075249378107
-.660000  -.540000    0.0000008075240080
-.620000  -.540000    0.0000017539369400
-.580000  -.540000    0.0000022810890515
-.540000  -.540000    0.0000028406559126
-.500000  -.540000    0.0000032579659078
-.460000  -.540000    0.0000035351950698
-.420000  -.540000    0.0000036746082137
-.380000  -.540000    0.0000039903475211
-.340000  -.540000    0.0000038785627795
-.300000  -.540000    0.0000036555125225
-.260000  -.540000    0.0000036191193098
-.220000  -.540000    0.0000032297710558
-.180000  -.540000    0.0000030158970548
-.140000  -.540000    0.0000025517842938
-.100000  -.540000    0.0000022500383745
-.060000  -.540000    0.0000019106197110
-.020000  -.540000    0.0000015601290882
0.020000  -.540000    0.0000012258837517
0.060000  -.540000    0.0000009352851448
0.100000  -.540000    0.0000007109134033
0.140000  -.540000    0.0000005707561132
0.180000  -.540000    0.0000002997735173
0.220000  -.540000    0.0000003419738965
0.260000  -.540000    0.0000002158309882
0.300000  -.540000    0.0000004789031402
0.340000  -.540000    0.0000005555089898
0.380000  -.540000    0.0000007467659245
0.420000  -.540000    0.0000013426249825
0.460000  -.540000    0.0000017551107565
0.500000  -.540000    0.0000022787028701
0.540000  -.540000    0.0000029071215006
0.580000  -.540000    0.0000036325594340
0.620000  -.540000    0.0000042253383089
0.660000  -.540000    0.0000051132152687
0.700000  -.540000    0.0000058512917744
0.740000  -.540000    0.0000066421637084
0.780000  -.540000    0.0000072865949160
0.820000  -.540000    0.0000078082748925
-.700000  -.500000    0.0000002910983831
-.660000  -.500000    0.0000012669615795
-.620000  -.500000    0.0000021144941430
-.580000  -.500000    0.0000025472637272
-.540000  -.500000    0.0000030550498133
-.500000  -.500000    0.0000034289998665
-.460000  -.500000    0.0000036674651017
-.420000  -.500000    0.0000037707998828
-.380000  -.500000    0.0000040686965691
-.340000  -.500000    0.0000039262119487
-.300000  -.500000    0.0000036752236022
-.260000  -.500000    0.0000036247982435
-.220000  -.500000    0.0000032132214232
-.180000  -.500000    0.0000029822658881
-.140000  -.500000    0.0000025043242653
-.100000  -.500000    0.0000021845774107
-.060000  -.500000    0.0000018249536112
-.020000  -.500000    0.0000014552581369
0.020000  -.500000    0.0000011046062263
0.060000  -.500000    0.0000008030862881
0.100000  -.500000    0.0000005756735907
0.140000  -.500000    0.0000004414801589
0.180000  -.500000    0.0000001254691057
0.220000  -.500000    0.0000001880984863
0.260000  -.500000    0.0000000270642228
0.300000  -.500000    0.0000003227510277
0.340000  -.500000    0.0000003722880384
0.380000  -.500000    0.0000005409418768
0.420000  -.500000    0.0000011801757111
0.460000  -.500000    0.0000015753133818
0.500000  -.500000    0.0000020850617478
0.540000  -.500000    0.0000027033628471
0.580000  -.500000    0.0000034227665604
0.620000  -.500000    0.0000039683466285
0.660000  -.500000    0.0000048578177271
0.700000  -.500000    0.0000055647325978
0.740000  -.500000    0.0000063190185031
0.780000  -.500000    0.0000071236601032
0.820000  -.500000    0.0000078066116217
0.860000  -.500000    0.0000081762658381
-.700000  -.460000    0.0000007911220203
-.660000  -.460000    0.0000016157070624
-.620000  -.460000    0.0000023882998121
-.580000  -.460000    0.0000027496675378
-.540000  -.460000    0.0000032179610737
-.500000  -.460000    0.0000035577330607
-.460000  -.460000    0.0000037652571240
-.420000  -.460000    0.0000038401901764
-.380000  -.460000    0.0000041330077324
-.340000  -.460000    0.0000039665671925
-.300000  -.460000    0.0000036936513224
-.260000  -.460000    0.0000036431955742
-.220000  -.460000    0.0000032115057604
-.180000  -.460000    0.0000029759321461
-.140000  -.460000    0.0000024832339005
-.100000  -.460000    0.0000021528655569
-.060000  -.460000    0.0000017781230419
-.020000  -.460000    0.0000013923714610
0.020000  -.460000    0.0000010284062928
0.060000  -.460000    0.0000007183757763
0.100000  -.460000    0.0000004908193254
0.140000  -.460000    0.0000003661617818
0.180000  -.460000    0.0000000137733786
0.220000  -.460000    0.0000001007710630
0.260000  -.460000   -0.0000000875680574
0.300000  -.460000    0.0000002451778603
0.340000  -.460000    0.0000002744644123
0.380000  -.460000    0.0000004257875333
0.420000  -.460000    0.0000011103804966
0.460000  -.460000    0.0000014914199426
0.500000  -.460000    0.0000019893055189
0.540000  -.460000    0.0000025984531491
0.580000  -.460000    0.0000033117240355
0.620000  -.460000    0.0000038081968895
0.660000  -.460000    0.0000046998000872
0.700000  -.460000    0.0000053775406643
0.740000  -.460000    0.0000063825738651
0.780000  -.460000    0.0000071563900879
0.820000  -.460000    0.0000077038503822
0.860000  -.460000    0.0000079469124232
-.740000  -.420000    0.0000000956043610
-.700000  -.420000    0.0000010350599412
-.660000  -.420000    0.0000018761167760
-.620000  -.420000    0.0000025919723133
-.580000  -.420000    0.0000028977585261
-.540000  -.420000    0.0000033343699216
-.500000  -.420000    0.0000036465428476
-.460000  -.420000    0.0000038293348301
-.420000  -.420000    0.0000038818633701
-.380000  -.420000    0.0000041800866595
-.340000  -.420000    0.0000039957191663
-.300000  -.420000    0.0000037063279266
-.260000  -.420000    0.0000036689907952
-.220000  -.420000    0.0000032210403359
-.180000  -.420000    0.0000029924147391
-.140000  -.420000    0.0000024837301487
-.100000  -.420000    0.0000021507676839
-.060000  -.420000    0.0000017666304490
-.020000  -.420000    0.0000013675748306
0.020000  -.420000    0.0000009918815110
0.060000  -.420000    0.0000006757584083
0.100000  -.420000    0.0000004509503136
0.140000  -.420000    0.0000003397701873
0.180000  -.420000   -0.0000000404498029
0.220000  -.420000    0.0000000760872909
0.260000  -.420000   -0.0000001315486350
0.300000  -.420000    0.0000002431030682
0.340000  -.420000    0.0000002590737983
0.380000  -.420000    0.0000003984312850
0.420000  -.420000    0.0000011310320328
0.460000  -.420000    0.0000015012409317
0.500000  -.420000    0.0000019893902819
0.540000  -.420000    0.0000025904059783
0.580000  -.420000    0.0000032978500548
0.620000  -.420000    0.0000037412571406
0.660000  -.420000    0.0000046356560974
0.700000  -.420000    0.0000055989081248
0.740000  -.420000    0.0000062914873255
0.780000  -.420000    0.0000070348220108
0.820000  -.420000    0.0000075025405167
0.860000  -.420000    0.0000080902242357
0.900000  -.420000    0.0000084092017880
-.740000  -.380000    0.0000004651564816
-.700000  -.380000    0.0000014455190465
-.660000  -.380000    0.0000020636611295
-.620000  -.380000    0.0000027350110412
-.580000  -.380000    0.0000032942008722
-.540000  -.380000    0.0000037343087171
-.500000  -.380000    0.0000040480435006
-.460000  -.380000    0.0000042304087868
-.420000  -.380000    0.0000042808963200
-.380000  -.380000    0.0000042028014004
-.340000  -.380000    0.0000040063065773
-.300000  -.380000    0.0000037050803650
-.260000  -.380000    0.0000036944585659
-.220000  -.380000    0.0000032335042450
-.180000  -.380000    0.0000030245280216
-.140000  -.380000    0.0000025003098731
-.100000  -.380000    0.0000021728266931
-.060000  -.380000    0.0000017840076379
-.020000  -.380000    0.0000013744452740
0.020000  -.380000    0.0000009887721075
0.060000  -.380000    0.0000006688895480
0.100000  -.380000    0.0000004498202835
0.140000  -.380000    0.0000003568270474
0.180000  -.380000   -0.0000000424633194
0.220000  -.380000    0.0000001101039667
0.260000  -.380000   -0.0000001084227264
0.300000  -.380000    0.0000003136756592
0.340000  -.380000    0.0000003238006867
0.380000  -.380000    0.0000004560404349
0.420000  -.380000    0.0000007166540604
0.460000  -.380000    0.0000011036566005
0.500000  -.380000    0.0000016092307777
0.540000  -.380000    0.0000022286363190
0.580000  -.380000    0.0000029515826373
0.620000  -.380000    0.0000037663073283
0.660000  -.380000    0.0000046623230998
0.700000  -.380000    0.0000052736094459
0.740000  -.380000    0.0000062916721837
0.780000  -.380000    0.0000070099806013
0.820000  -.380000    0.0000077642775235
0.860000  -.380000    0.0000082355364161
0.900000  -.380000    0.0000083708024391
-.740000  -.340000    0.0000007389125659
-.700000  -.340000    0.0000016398076890
-.660000  -.340000    0.0000021891104571
-.620000  -.340000    0.0000028232462006
-.580000  -.340000    0.0000033552251440
-.540000  -.340000    0.0000037745226635
-.500000  -.340000    0.0000040713719263
-.460000  -.340000    0.0000042400413825
-.420000  -.340000    0.0000042789098171
-.380000  -.340000    0.0000041915471964
-.340000  -.340000    0.0000039870760646
-.300000  -.340000    0.0000041093658804
-.260000  -.340000    0.0000037068843786
-.220000  -.340000    0.0000032378610344
-.180000  -.340000    0.0000030629694039
-.140000  -.340000    0.0000025232046189
-.100000  -.340000    0.0000022117507697
-.060000  -.340000    0.0000018249299809
-.020000  -.340000    0.0000014068192090
0.020000  -.340000    0.0000010121322223
0.060000  -.340000    0.0000006903349755
0.100000  -.340000    0.0000004812766792
0.140000  -.340000    0.0000004126469773
0.180000  -.340000    0.0000000031217256
0.220000  -.340000    0.0000001999258756
0.260000  -.340000   -0.0000000205958805
0.300000  -.340000   -0.0000001293093159
0.340000  -.340000    0.0000004667428489
0.380000  -.340000    0.0000005970483148
0.420000  -.340000    0.0000008541395805
0.460000  -.340000    0.0000012365696598
0.500000  -.340000    0.0000017371477065
0.540000  -.340000    0.0000023503074234
0.580000  -.340000    0.0000030689733782
0.620000  -.340000    0.0000038814743242
0.660000  -.340000    0.0000047781678936
0.700000  -.340000    0.0000053482890289
0.740000  -.340000    0.0000063768514122
0.780000  -.340000    0.0000070713778065
0.820000  -.340000    0.0000078017818146
0.860000  -.340000    0.0000081975340438
0.900000  -.340000    0.0000083984432030
0.940000  -.340000    0.0000085908690437
-.780000  -.300000    0.0000000370348796
-.740000  -.300000    0.0000010572170928
-.700000  -.300000    0.0000017647440604
-.660000  -.300000    0.0000025098533614
-.620000  -.300000    0.0000028610402381
-.580000  -.300000    0.0000033669496812
-.540000  -.300000    0.0000037654505652
-.500000  -.300000    0.0000040452874290
-.460000  -.300000    0.0000042003152991
-.420000  -.300000    0.0000042289814063
-.380000  -.300000    0.0000041345465604
-.340000  -.300000    0.0000044047784947
-.300000  -.300000    0.0000040941640674
-.260000  -.300000    0.0000036913821248
-.220000  -.300000    0.0000032197010175
-.180000  -.300000    0.0000030945566396
-.140000  -.300000    0.0000025424764582
-.100000  -.300000    0.0000022592815080
-.060000  -.300000    0.0000018820224544
-.020000  -.300000    0.0000014586260214
0.020000  -.300000    0.0000010547232936
0.060000  -.300000    0.0000007328970022
0.100000  -.300000    0.0000005400556560
0.140000  -.300000    0.0000005041752285
0.180000  -.300000    0.0000000935571048
0.220000  -.300000    0.0000003446263713
0.260000  -.300000    0.0000001326118896
0.300000  -.300000    0.0000000296733511
0.340000  -.300000    0.0000000538214638
0.380000  -.300000    0.0000008218411745
0.420000  -.300000    0.0000010795516540
0.460000  -.300000    0.0000014588389938
0.500000  -.300000    0.0000019547808071
0.540000  -.300000    0.0000025631835028
0.580000  -.300000    0.0000032767479084
0.620000  -.300000    0.0000040862317584
0.660000  -.300000    0.0000045310534257
0.700000  -.300000    0.0000055053908720
0.740000  -.300000    0.0000061400398525
0.780000  -.300000    0.0000072131771776
0.820000  -.300000    0.0000079242375804
0.860000  -.300000    0.0000082672099788
0.900000  -.300000    0.0000086998971802
0.940000  -.300000    0.0000086913801976
-.780000  -.260000    0.0000003025919381
-.740000  -.260000    0.0000011952583553
-.700000  -.260000    0.0000020495791886
-.660000  -.260000    0.0000025322568139
-.620000  -.260000    0.0000031504937521
-.580000  -.260000    0.0000036738385698
-.540000  -.260000    0.0000040897606272
-.500000  -.260000    0.0000043876464250
-.460000  -.260000    0.0000045607453926
-.420000  -.260000    0.0000046072724109
-.380000  -.260000    0.0000045285187952
-.340000  -.260000    0.0000043311191032
-.300000  -.260000    0.0000040257726980
-.260000  -.260000    0.0000036285066816
-.220000  -.260000    0.0000036488952603
-.180000  -.260000    0.0000031029671486
-.140000  -.260000    0.0000028932625541
-.100000  -.260000    0.0000023051323097
-.060000  -.260000    0.0000019481601709
-.020000  -.260000    0.0000015232115061
0.020000  -.260000    0.0000011104308567
0.060000  -.260000    0.0000007903137455
0.100000  -.260000    0.0000006207781518
0.140000  -.260000    0.0000000971614101
0.180000  -.260000    0.0000002302818338
0.220000  -.260000   -0.0000000968570728
0.260000  -.260000    0.0000003544261623
0.300000  -.260000    0.0000002666059315
0.340000  -.260000    0.0000003004742649
0.380000  -.260000    0.0000004607847300
0.420000  -.260000    0.0000007464652288
0.460000  -.260000    0.0000011533331753
0.500000  -.260000    0.0000016747472506
0.540000  -.260000    0.0000023053759391
0.580000  -.260000    0.0000030370352846
0.620000  -.260000    0.0000038595627109
0.660000  -.260000    0.0000047660299944
0.700000  -.260000    0.0000053065101930
0.740000  -.260000    0.0000063420298146
0.780000  -.260000    0.0000070131047227
0.820000  -.260000    0.0000077122891467
0.860000  -.260000    0.0000084211548404
0.900000  -.260000    0.0000087746689765
0.940000  -.260000    0.0000087008081779
-.780000  -.220000    0.0000004769910583
-.740000  -.220000    0.0000014363732906
-.700000  -.220000    0.0000020632963388
-.660000  -.220000    0.0000027834092773
-.620000  -.220000    0.0000030926658944
-.580000  -.220000    0.0000035884985406
-.540000  -.220000    0.0000039815682344
-.500000  -.220000    0.0000042612200333
-.460000  -.220000    0.0000044209071325
-.420000  -.220000    0.0000044588064666
-.380000  -.220000    0.0000043768387168
-.340000  -.220000    0.0000041821306151
-.300000  -.220000    0.0000038840837397
-.260000  -.220000    0.0000040780136584
-.220000  -.220000    0.0000036011990504
-.180000  -.220000    0.0000030655031560
-.140000  -.220000    0.0000029399997813
-.100000  -.220000    0.0000023364611157
-.060000  -.220000    0.0000020153853136
-.020000  -.220000    0.0000015940834442
0.020000  -.220000    0.0000011713464948
0.060000  -.220000    0.0000008573370144
0.100000  -.220000    0.0000007237439676
0.140000  -.220000    0.0000002107966872
0.180000  -.220000    0.0000004189988468
0.220000  -.220000    0.0000001187508112
0.260000  -.220000   -0.0000000694731554
0.300000  -.220000    0.0000005878837470
0.340000  -.220000    0.0000006368043322
0.380000  -.220000    0.0000008047599114
0.420000  -.220000    0.0000010914954283
0.460000  -.220000    0.0000014973852874
0.500000  -.220000    0.0000020151018491
0.540000  -.220000    0.0000026401875771
0.580000  -.220000    0.0000033665818505
0.620000  -.220000    0.0000041854833546
0.660000  -.220000    0.0000045888797174
0.700000  -.220000    0.0000055734157727
0.740000  -.220000    0.0000061829512546
0.780000  -.220000    0.0000072640612467
0.820000  -.220000    0.0000079489424487
0.860000  -.220000    0.0000086492785497
0.900000  -.220000    0.0000089485206358
0.940000  -.220000    0.0000090444750444
-.780000  -.180000    0.0000006672432671
-.740000  -.180000    0.0000014576361831
-.700000  -.180000    0.0000022694439472
-.660000  -.180000    0.0000027064796387
-.620000  -.180000    0.0000033086635368
-.580000  -.180000    0.0000038229102826
-.540000  -.180000    0.0000042360248114
-.500000  -.180000    0.0000045378201201
-.460000  -.180000    0.0000047218966861
-.420000  -.180000    0.0000047861250173
-.380000  -.180000    0.0000047313290347
-.340000  -.180000    0.0000045631817083
-.300000  -.180000    0.0000042880955491
-.260000  -.180000    0.0000039172107292
-.220000  -.180000    0.0000034653327626
-.180000  -.180000    0.0000035455874015
-.140000  -.180000    0.0000029401057067
-.100000  -.180000    0.0000023347159228
-.060000  -.180000    0.0000020747315652
-.020000  -.180000    0.0000016653579598
0.020000  -.180000    0.0000012321240709
0.060000  -.180000    0.0000009303173845
0.100000  -.180000    0.0000008548233773
0.140000  -.180000    0.0000003688885165
0.180000  -.180000   -0.0000000392061030
0.220000  -.180000    0.0000004168324321
0.260000  -.180000    0.0000002601736324
0.300000  -.180000    0.0000002235351535
0.340000  -.180000    0.0000003068248003
0.380000  -.180000    0.0000005096738290
0.420000  -.180000    0.0000008296393528
0.460000  -.180000    0.0000012629622473
0.500000  -.180000    0.0000018048455308
0.540000  -.180000    0.0000024469475301
0.580000  -.180000    0.0000031842043908
0.620000  -.180000    0.0000040137997470
0.660000  -.180000    0.0000049401765277
0.700000  -.180000    0.0000054395884103
0.740000  -.180000    0.0000064878910836
0.780000  -.180000    0.0000071342818776
0.820000  -.180000    0.0000078175865554
0.860000  -.180000    0.0000085013938899
0.900000  -.180000    0.0000092025206356
0.940000  -.180000    0.0000091685730734
0.980000  -.180000    0.0000088391726975
-.780000  -.140000    0.0000007222169680
-.740000  -.140000    0.0000016152930392
-.700000  -.140000    0.0000021844868842
-.660000  -.140000    0.0000028752868580
-.620000  -.140000    0.0000034939927395
-.580000  -.140000    0.0000040264608594
-.540000  -.140000    0.0000040140728903
-.500000  -.140000    0.0000042865044320
-.460000  -.140000    0.0000044456365333
-.420000  -.140000    0.0000044909016188
-.380000  -.140000    0.0000044249560884
-.340000  -.140000    0.0000042543752639
-.300000  -.140000    0.0000039869661989
-.260000  -.140000    0.0000043525875148
-.220000  -.140000    0.0000039235817866
-.180000  -.140000    0.0000034168339662
-.140000  -.140000    0.0000028515190095
-.100000  -.140000    0.0000027794655706
-.060000  -.140000    0.0000021131027090
-.020000  -.140000    0.0000017327835382
0.020000  -.140000    0.0000012861144580
0.060000  -.140000    0.0000010123109750
0.100000  -.140000    0.0000004046105385
0.140000  -.140000    0.0000005968063439
0.180000  -.140000    0.0000002442419950
0.220000  -.140000    0.0000000065567464
0.260000  -.140000   -0.0000001075627362
0.300000  -.140000    0.0000006927182318
0.340000  -.140000    0.0000007903826928
0.380000  -.140000    0.0000009978245041
0.420000  -.140000    0.0000013128530369
0.460000  -.140000    0.0000017475789639
0.500000  -.140000    0.0000022718464468
0.540000  -.140000    0.0000029104941054
0.580000  -.140000    0.0000030732995538
0.620000  -.140000    0.0000039150753808
0.660000  -.140000    0.0000048027535677
0.700000  -.140000    0.0000058198155987
0.740000  -.140000    0.0000063837510077
0.780000  -.140000    0.0000074843017444
0.820000  -.140000    0.0000081479994035
0.860000  -.140000    0.0000088287897129
0.900000  -.140000    0.0000090658857710
0.940000  -.140000    0.0000094009412299
0.980000  -.140000    0.0000089950632557
-.780000  -.100000    0.0000008311767221
-.740000  -.100000    0.0000017386508034
-.700000  -.100000    0.0000023046710616
-.660000  -.100000    0.0000030085879210
-.620000  -.100000    0.0000036415937590
-.580000  -.100000    0.0000037750995991
-.540000  -.100000    0.0000041702771800
-.500000  -.100000    0.0000044597368260
-.460000  -.100000    0.0000046389449336
-.420000  -.100000    0.0000047070760353
-.380000  -.100000    0.0000046672965849
-.340000  -.100000    0.0000045255956497
-.300000  -.100000    0.0000042899030817
-.260000  -.100000    0.0000039700292958
-.220000  -.100000    0.0000035762926704
-.180000  -.100000    0.0000031198116698
-.140000  -.100000    0.0000033680248466
-.100000  -.100000    0.0000027462664654
-.060000  -.100000    0.0000021025968977
-.020000  -.100000    0.0000017937883591
0.020000  -.100000    0.0000013271939733
0.060000  -.100000    0.0000011218496967
0.100000  -.100000    0.0000005727071311
0.140000  -.100000    0.0000001287289150
0.180000  -.100000    0.0000006647239298
0.220000  -.100000    0.0000004801321600
0.260000  -.100000    0.0000004009240047
0.300000  -.100000    0.0000004275973492
0.340000  -.100000    0.0000005606838784
0.380000  -.100000    0.0000007953981462
0.420000  -.100000    0.0000011485253535
0.460000  -.100000    0.0000015874779996
0.500000  -.100000    0.0000021107961926
0.540000  -.100000    0.0000028086505571
0.580000  -.100000    0.0000034897091573
0.620000  -.100000    0.0000037923638958
0.660000  -.100000    0.0000047700883752
0.700000  -.100000    0.0000057190864637
0.740000  -.100000    0.0000063150581876
0.780000  -.100000    0.0000074077362991
0.820000  -.100000    0.0000080718046629
0.860000  -.100000    0.0000087464759593
0.900000  -.100000    0.0000094286049129
0.940000  -.100000    0.0000092632818574
0.980000  -.100000    0.0000089708287399
-.780000  -.060000    0.0000009059790138
-.740000  -.060000    0.0000016155386174
-.700000  -.060000    0.0000023875242478
-.660000  -.060000    0.0000031010305234
-.620000  -.060000    0.0000033729270610
-.580000  -.060000    0.0000038739343091
-.540000  -.060000    0.0000042804564585
-.500000  -.060000    0.0000045831205688
-.460000  -.060000    0.0000047781984383
-.420000  -.060000    0.0000048649111625
-.380000  -.060000    0.0000048470413211
-.340000  -.060000    0.0000047307709155
-.300000  -.060000    0.0000045253149220
-.260000  -.060000    0.0000042403168692
-.220000  -.060000    0.0000038867098477
-.180000  -.060000    0.0000034746249351
-.140000  -.060000    0.0000030117986829
-.100000  -.060000    0.0000025031595469
-.060000  -.060000    0.0000026453424483
-.020000  -.060000    0.0000018485715972
0.020000  -.060000    0.0000013493796317
0.060000  -.060000    0.0000005999873392
0.100000  -.060000    0.0000009039165445
0.140000  -.060000    0.0000005725230208
0.180000  -.060000    0.0000003427949133
0.220000  -.060000    0.0000002113737717
0.260000  -.060000    0.0000001758431128
0.300000  -.060000    0.0000002375696688
0.340000  -.060000    0.0000004017633213
0.380000  -.060000    0.0000006506657879
0.420000  -.060000    0.0000010515576711
0.460000  -.060000    0.0000014194148240
0.500000  -.060000    0.0000021637101217
0.540000  -.060000    0.0000026572720400
0.580000  -.060000    0.0000035221182425
0.620000  -.060000    0.0000042239670587
0.660000  -.060000    0.0000047118428208
0.700000  -.060000    0.0000056581853258
0.740000  -.060000    0.0000067470767063
0.780000  -.060000    0.0000073575979658
0.820000  -.060000    0.0000080237042802
0.860000  -.060000    0.0000086951897638
0.900000  -.060000    0.0000093641847339
0.940000  -.060000    0.0000096322240876
0.980000  -.060000    0.0000091387623955
-.780000  -.020000    0.0000009440612682
-.740000  -.020000    0.0000016532432073
-.700000  -.020000    0.0000024298299636
-.660000  -.020000    0.0000031484141838
-.620000  -.020000    0.0000034186490262
-.580000  -.020000    0.0000039248747983
-.540000  -.020000    0.0000043375447905
-.500000  -.020000    0.0000046474566462
-.460000  -.020000    0.0000048513344043
-.420000  -.020000    0.0000049485561449
-.380000  -.020000    0.0000049432977559
-.340000  -.020000    0.0000048421541637
-.300000  -.020000    0.0000046555703412
-.260000  -.020000    0.0000043937730796
-.220000  -.020000    0.0000040698390700
-.180000  -.020000    0.0000036971828964
-.140000  -.020000    0.0000032891970085
-.100000  -.020000    0.0000028558264257
-.060000  -.020000    0.0000023982324861
-.020000  -.020000    0.0000018578631703
0.020000  -.020000    0.0000013865693532
0.060000  -.020000    0.0000009114899986
0.100000  -.020000    0.0000005803691352
0.140000  -.020000    0.0000003298645643
0.180000  -.020000    0.0000001559423065
0.220000  -.020000    0.0000000626551323
0.260000  -.020000    0.0000000554401406
0.300000  -.020000    0.0000001380668152
0.340000  -.020000    0.0000003200767684
0.380000  -.020000    0.0000005800272638
0.420000  -.020000    0.0000009977011355
0.460000  -.020000    0.0000013529597797
0.500000  -.020000    0.0000021687566696
0.540000  -.020000    0.0000024736033013
0.580000  -.020000    0.0000033449050068
0.620000  -.020000    0.0000045080728316
0.660000  -.020000    0.0000045786359458
0.700000  -.020000    0.0000056500292861
0.740000  -.020000    0.0000067211179914
0.780000  -.020000    0.0000073327961590
0.820000  -.020000    0.0000080004992801
0.860000  -.020000    0.0000086706438448
0.900000  -.020000    0.0000093334882555
0.940000  -.020000    0.0000095890083355
0.980000  -.020000    0.0000094453442591
-.780000  0.020000    0.0000009440612682
-.740000  0.020000    0.0000016532432073
-.700000  0.020000    0.0000024298299636
-.660000  0.020000    0.0000031484141838
-.620000  0.020000    0.0000034186490262
-.580000  0.020000    0.0000039248747983
-.540000  0.020000    0.0000043375447905
-.500000  0.020000    0.0000046474566462
-.460000  0.020000    0.0000048513344043
-.420000  0.020000    0.0000049485561449
-.380000  0.020000    0.0000049432977559
-.340000  0.020000    0.0000048421541637
-.300000  0.020000    0.0000046555703412
-.260000  0.020000    0.0000043937730796
-.220000  0.020000    0.0000040698390700
-.180000  0.020000    0.0000036971828964
-.140000  0.020000    0.0000032891970085
-.100000  0.020000    0.0000028558264257
-.060000  0.020000    0.0000023982324861
-.020000  0.020000    0.0000018578631703
0.020000  0.020000    0.0000013865693532
0.060000  0.020000    0.0000009114899986
0.100000  0.020000    0.0000005803691352
0.140000  0.020000    0.0000003298645643
0.180000  0.020000    0.0000001559423065
0.220000  0.020000    0.0000000626551323
0.260000  0.020000    0.0000000554401406
0.300000  0.020000    0.0000001380668152
0.340000  0.020000    0.0000003200767684
0.380000  0.020000    0.0000005800272638
0.420000  0.020000    0.0000009977011355
0.460000  0.020000    0.0000013529597797
0.500000  0.020000    0.0000021687566696
0.540000  0.020000    0.0000024736033013
0.580000  0.020000    0.0000033449050068
0.620000  0.020000    0.0000045080728316
0.660000  0.020000    0.0000045786359458
0.700000  0.020000    0.0000056500292861
0.740000  0.020000    0.0000067211179914
0.780000  0.020000    0.0000073327961590
0.820000  0.020000    0.0000080004992801
0.860000  0.020000    0.0000086706438448
0.900000  0.020000    0.0000093334882555
0.940000  0.020000    0.0000095890083355
0.980000  0.020000    0.0000094453442591
-.780000  0.060000    0.0000009059790138
-.740000  0.060000    0.0000016155386174
-.700000  0.060000    0.0000023875242478
-.660000  0.060000    0.0000031010305234
-.620000  0.060000    0.0000033729270610
-.580000  0.060000    0.0000038739343091
-.540000  0.060000    0.0000042804564585
-.500000  0.060000    0.0000045831205688
-.460000  0.060000    0.0000047781984383
-.420000  0.060000    0.0000048649111625
-.380000  0.060000    0.0000048470413211
-.340000  0.060000    0.0000047307709155
-.300000  0.060000    0.0000045253149220
-.260000  0.060000    0.0000042403168692
-.220000  0.060000    0.0000038867098477
-.180000  0.060000    0.0000034746249351
-.140000  0.060000    0.0000030117986829
-.100000  0.060000    0.0000025031595469
-.060000  0.060000    0.0000026453424483
-.020000  0.060000    0.0000018485715972
0.020000  0.060000    0.0000013493796317
0.060000  0.060000    0.0000005999873392
0.100000  0.060000    0.0000009039165445
0.140000  0.060000    0.0000005725230208
0.180000  0.060000    0.0000003427949133
0.220000  0.060000    0.0000002113737717
0.260000  0.060000    0.0000001758431128
0.300000  0.060000    0.0000002375696688
0.340000  0.060000    0.0000004017633213
0.380000  0.060000    0.0000006506657879
0.420000  0.060000    0.0000010515576711
0.460000  0.060000    0.0000014194148240
0.500000  0.060000    0.0000021637101217
0.540000  0.060000    0.0000026572720400
0.580000  0.060000    0.0000035221182425
0.620000  0.060000    0.0000042239670587
0.660000  0.060000    0.0000047118428208
0.700000  0.060000    0.0000056581853258
0.740000  0.060000    0.0000067470767063
0.780000  0.060000    0.0000073575979658
0.820000  0.060000    0.0000080237042802
0.860000  0.060000    0.0000086951897638
0.900000  0.060000    0.0000093641847339
0.940000  0.060000    0.0000096322240876
0.980000  0.060000    0.0000091387623955
-.780000  0.100000    0.0000008311767221
-.740000  0.100000    0.0000017386508034
-.700000  0.100000    0.0000023046710616
-.660000  0.100000    0.0000030085879210
-.620000  0.100000    0.0000036415937590
-.580000  0.100000    0.0000037750995991
-.540000  0.100000    0.0000041702771800
-.500000  0.100000    0.0000044597368260
-.460000  0.100000    0.0000046389449336
-.420000  0.100000    0.0000047070760353
-.380000  0.100000    0.0000046672965849
-.340000  0.100000    0.0000045255956497
-.300000  0.100000    0.0000042899030817
-.260000  0.100000    0.0000039700292958
-.220000  0.100000    0.0000035762926704
-.180000  0.100000    0.0000031198116698
-.140000  0.100000    0.0000033680248466
-.100000  0.100000    0.0000027462664654
-.060000  0.100000    0.0000021025968977
-.020000  0.100000    0.0000017937883591
0.020000  0.100000    0.0000013271939733
0.060000  0.100000    0.0000011218496967
0.100000  0.100000    0.0000005727071311
0.140000  0.100000    0.0000001287289150
0.180000  0.100000    0.0000006647239298
0.220000  0.100000    0.0000004801321600
0.260000  0.100000    0.0000004009240047
0.300000  0.100000    0.0000004275973492
0.340000  0.100000    0.0000005606838784
0.380000  0.100000    0.0000007953981462
0.420000  0.100000    0.0000011485253535
0.460000  0.100000    0.0000015874779996
0.500000  0.100000    0.0000021107961926
0.540000  0.100000    0.0000028086505571
0.580000  0.100000    0.0000034897091573
0.620000  0.100000    0.0000037923638958
0.660000  0.100000    0.0000047700883752
0.700000  0.100000    0.0000057190864637
0.740000  0.100000    0.0000063150581876
0.780000  0.100000    0.0000074077362991
0.820000  0.100000    0.0000080718046629
0.860000  0.100000    0.0000087464759593
0.900000  0.100000    0.0000094286049129
0.940000  0.100000    0.0000092632818574
0.980000  0.100000    0.0000089708287399
-.780000  0.140000    0.0000007222169680
-.740000  0.140000    0.0000016152930392
-.700000  0.140000    0.0000021844868842
-.660000  0.140000    0.0000028752868580
-.620000  0.140000    0.0000034939927395
-.580000  0.140000    0.0000040264608594
-.540000  0.140000    0.0000040140728903
-.500000  0.140000    0.0000042865044320
-.460000  0.140000    0.0000044456365333
-.420000  0.140000    0.0000044909016188
-.380000  0.140000    0.0000044249560884
-.340000  0.140000    0.0000042543752639
-.300000  0.140000    0.0000039869661989
-.260000  0.140000    0.0000043525875148
-.220000  0.140000    0.0000039235817866
-.180000  0.140000    0.0000034168339662
-.140000  0.140000    0.0000028515190095
-.100000  0.140000    0.0000027794655706
-.060000  0.140000    0.0000021131027090
-.020000  0.140000    0.0000017327835382
0.020000  0.140000    0.0000012861144580
0.060000  0.140000    0.0000010123109750
0.100000  0.140000    0.0000004046105385
0.140000  0.140000    0.0000005968063439
0.180000  0.140000    0.0000002442419950
0.220000  0.140000    0.0000000065567464
0.260000  0.140000   -0.0000001075627362
0.300000  0.140000    0.0000006927182318
0.340000  0.140000    0.0000007903826928
0.380000  0.140000    0.0000009978245041
0.420000  0.140000    0.0000013128530369
0.460000  0.140000    0.0000017475789639
0.500000  0.140000    0.0000022718464468
0.540000  0.140000    0.0000029104941054
0.580000  0.140000    0.0000030732995538
0.620000  0.140000    0.0000039150753808
0.660000  0.140000    0.0000048027535677
0.700000  0.140000    0.0000058198155987
0.740000  0.140000    0.0000063837510077
0.780000  0.140000    0.0000074843017444
0.820000  0.140000    0.0000081479994035
0.860000  0.140000    0.0000088287897129
0.900000  0.140000    0.0000090658857710
0.940000  0.140000    0.0000094009412299
0.980000  0.140000    0.0000089950632557
-.780000  0.180000    0.0000006672432671
-.740000  0.180000    0.0000014576361831
-.700000  0.180000    0.0000022694439472
-.660000  0.180000    0.0000027064796387
-.620000  0.180000    0.0000033086635368
-.580000  0.180000    0.0000038229102826
-.540000  0.180000    0.0000042360248114
-.500000  0.180000    0.0000045378201201
-.460000  0.180000    0.0000047218966861
-.420000  0.180000    0.0000047861250173
-.380000  0.180000    0.0000047313290347
-.340000  0.180000    0.0000045631817083
-.300000  0.180000    0.0000042880955491
-.260000  0.180000    0.0000039172107292
-.220000  0.180000    0.0000034653327626
-.180000  0.180000    0.0000035455874015
-.140000  0.180000    0.0000029401057067
-.100000  0.180000    0.0000023347159228
-.060000  0.180000    0.0000020747315652
-.020000  0.180000    0.0000016653579598
0.020000  0.180000    0.0000012321240709
0.060000  0.180000    0.0000009303173845
0.100000  0.180000    0.0000008548233773
0.140000  0.180000    0.0000003688885165
0.180000  0.180000   -0.0000000392061030
0.220000  0.180000    0.0000004168324321
0.260000  0.180000    0.0000002601736324
0.300000  0.180000    0.0000002235351535
0.340000  0.180000    0.0000003068248003
0.380000  0.180000    0.0000005096738290
0.420000  0.180000    0.0000008296393528
0.460000  0.180000    0.0000012629622473
0.500000  0.180000    0.0000018048455308
0.540000  0.180000    0.0000024469475301
0.580000  0.180000    0.0000031842043908
0.620000  0.180000    0.0000040137997470
0.660000  0.180000    0.0000049401765277
0.700000  0.180000    0.0000054395884103
0.740000  0.180000    0.0000064878910836
0.780000  0.180000    0.0000071342818776
0.820000  0.180000    0.0000078175865554
0.860000  0.180000    0.0000085013938899
0.900000  0.180000    0.0000092025206356
0.940000  0.180000    0.0000091685730734
0.980000  0.180000    0.0000088391726975
-.780000  0.220000    0.0000004769910583
-.740000  0.220000    0.0000014363732906
-.700000  0.220000    0.0000020632963388
-.660000  0.220000    0.0000027834092773
-.620000  0.220000    0.0000030926658944
-.580000  0.220000    0.0000035884985406
-.540000  0.220000    0.0000039815682344
-.500000  0.220000    0.0000042612200333
-.460000  0.220000    0.0000044209071325
-.420000  0.220000    0.0000044588064666
-.380000  0.220000    0.0000043768387168
-.340000  0.220000    0.0000041821306151
-.300000  0.220000    0.0000038840837397
-.260000  0.220000    0.0000040780136584
-.220000  0.220000    0.0000036011990504
-.180000  0.220000    0.0000030655031560
-.140000  0.220000    0.0000029399997813
-.100000  0.220000    0.0000023364611157
-.060000  0.220000    0.0000020153853136
-.020000  0.220000    0.0000015940834442
0.020000  0.220000    0.0000011713464948
0.060000  0.220000    0.0000008573370144
0.100000  0.220000    0.0000007237439676
0.140000  0.220000    0.0000002107966872
0.180000  0.220000    0.0000004189988468
0.220000  0.220000    0.0000001187508112
0.260000  0.220000   -0.0000000694731554
0.300000  0.220000    0.0000005878837470
0.340000  0.220000    0.0000006368043322
0.380000  0.220000    0.0000008047599114
0.420000  0.220000    0.0000010914954283
0.460000  0.220000    0.0000014973852874
0.500000  0.220000    0.0000020151018491
0.540000  0.220000    0.0000026401875771
0.580000  0.220000    0.0000033665818505
0.620000  0.220000    0.0000041854833546
0.660000  0.220000    0.0000045888797174
0.700000  0.220000    0.0000055734157727
0.740000  0.220000    0.0000061829512546
0.780000  0.220000    0.0000072640612467
0.820000  0.220000    0.0000079489424487
0.860000  0.220000    0.0000086492785497
0.900000  0.220000    0.0000089485206358
0.940000  0.220000    0.0000090444750444
-.780000  0.260000    0.0000003025919381
-.740000  0.260000    0.0000011952583553
-.700000  0.260000    0.0000020495791886
-.660000  0.260000    0.0000025322568139
-.620000  0.260000    0.0000031504937521
-.580000  0.260000    0.0000036738385698
-.540000  0.260000    0.0000040897606272
-.500000  0.260000    0.0000043876464250
-.460000  0.260000    0.0000045607453926
-.420000  0.260000    0.0000046072724109
-.380000  0.260000    0.0000045285187952
-.340000  0.260000    0.0000043311191032
-.300000  0.260000    0.0000040257726980
-.260000  0.260000    0.0000036285066816
-.220000  0.260000    0.0000036488952603
-.180000  0.260000    0.0000031029671486
-.140000  0.260000    0.0000028932625541
-.100000  0.260000    0.0000023051323097
-.060000  0.260000    0.0000019481601709
-.020000  0.260000    0.0000015232115061
0.020000  0.260000    0.0000011104308567
0.060000  0.260000    0.0000007903137455
0.100000  0.260000    0.0000006207781518
0.140000  0.260000    0.0000000971614101
0.180000  0.260000    0.0000002302818338
0.220000  0.260000   -0.0000000968570728
0.260000  0.260000    0.0000003544261623
0.300000  0.260000    0.0000002666059315
0.340000  0.260000    0.0000003004742649
0.380000  0.260000    0.0000004607847300
0.420000  0.260000    0.0000007464652288
0.460000  0.260000    0.0000011533331753
0.500000  0.260000    0.0000016747472506
0.540000  0.260000    0.0000023053759391
0.580000  0.260000    0.0000030370352846
0.620000  0.260000    0.0000038595627109
0.660000  0.260000    0.0000047660299944
0.700000  0.260000    0.0000053065101930
0.740000  0.260000    0.0000063420298146
0.780000  0.260000    0.0000070131047227
0.820000  0.260000    0.0000077122891467
0.860000  0.260000    0.0000084211548404
0.900000  0.260000    0.0000087746689765
0.940000  0.260000    0.0000087008081779
-.780000  0.300000    0.0000000370348796
-.740000  0.300000    0.0000010572170928
-.700000  0.300000    0.0000017647440604
-.660000  0.300000    0.0000025098533614
-.620000  0.300000    0.0000028610402381
-.580000  0.300000    0.0000033669496812
-.540000  0.300000    0.0000037654505652
-.500000  0.300000    0.0000040452874290
-.460000  0.300000    0.0000042003152991
-.420000  0.300000    0.0000042289814063
-.380000  0.300000    0.0000041345465604
-.340000  0.300000    0.0000044047784947
-.300000  0.300000    0.0000040941640674
-.260000  0.300000    0.0000036913821248
-.220000  0.300000    0.0000032197010175
-.180000  0.300000    0.0000030945566396
-.140000  0.300000    0.0000025424764582
-.100000  0.300000    0.0000022592815080
-.060000  0.300000    0.0000018820224544
-.020000  0.300000    0.0000014586260214
0.020000  0.300000    0.0000010547232936
0.060000  0.300000    0.0000007328970022
0.100000  0.300000    0.0000005400556560
0.140000  0.300000    0.0000005041752285
0.180000  0.300000    0.0000000935571048
0.220000  0.300000    0.0000003446263713
0.260000  0.300000    0.0000001326118896
0.300000  0.300000    0.0000000296733511
0.340000  0.300000    0.0000000538214638
0.380000  0.300000    0.0000008218411745
0.420000  0.300000    0.0000010795516540
0.460000  0.300000    0.0000014588389938
0.500000  0.300000    0.0000019547808071
0.540000  0.300000    0.0000025631835028
0.580000  0.300000    0.0000032767479084
0.620000  0.300000    0.0000040862317584
0.660000  0.300000    0.0000045310534257
0.700000  0.300000    0.0000055053908720
0.740000  0.300000    0.0000061400398525
0.780000  0.300000    0.0000072131771776
0.820000  0.300000    0.0000079242375804
0.860000  0.300000    0.0000082672099788
0.900000  0.300000    0.0000086998971802
0.940000  0.300000    0.0000086913801976
-.740000  0.340000    0.0000007389125659
-.700000  0.340000    0.0000016398076890
-.660000  0.340000    0.0000021891104571
-.620000  0.340000    0.0000028232462006
-.580000  0.340000    0.0000033552251440
-.540000  0.340000    0.0000037745226635
-.500000  0.340000    0.0000040713719263
-.460000  0.340000    0.0000042400413825
-.420000  0.340000    0.0000042789098171
-.380000  0.340000    0.0000041915471964
-.340000  0.340000    0.0000039870760646
-.300000  0.340000    0.0000041093658804
-.260000  0.340000    0.0000037068843786
-.220000  0.340000    0.0000032378610344
-.180000  0.340000    0.0000030629694039
-.140000  0.340000    0.0000025232046189
-.100000  0.340000    0.0000022117507697
-.060000  0.340000    0.0000018249299809
-.020000  0.340000    0.0000014068192090
0.020000  0.340000    0.0000010121322223
0.060000  0.340000    0.0000006903349755
0.100000  0.340000    0.0000004812766792
0.140000  0.340000    0.0000004126469773
0.180000  0.340000    0.0000000031217256
0.220000  0.340000    0.0000001999258756
0.260000  0.340000   -0.0000000205958805
0.300000  0.340000   -0.0000001293093159
0.340000  0.340000    0.0000004667428489
0.380000  0.340000    0.0000005970483148
0.420000  0.340000    0.0000008541395805
0.460000  0.340000    0.0000012365696598
0.500000  0.340000    0.0000017371477065
0.540000  0.340000    0.0000023503074234
0.580000  0.340000    0.0000030689733782
0.620000  0.340000    0.0000038814743242
0.660000  0.340000    0.0000047781678936
0.700000  0.340000    0.0000053482890289
0.740000  0.340000    0.0000063768514122
0.780000  0.340000    0.0000070713778065
0.820000  0.340000    0.0000078017818146
0.860000  0.340000    0.0000081975340438
0.900000  0.340000    0.0000083984432030
0.940000  0.340000    0.0000085908690437
-.740000  0.380000    0.0000004651564816
-.700000  0.380000    0.0000014455190465
-.660000  0.380000    0.0000020636611295
-.620000  0.380000    0.0000027350110412
-.580000  0.380000    0.0000032942008722
-.540000  0.380000    0.0000037343087171
-.500000  0.380000    0.0000040480435006
-.460000  0.380000    0.0000042304087868
-.420000  0.380000    0.0000042808963200
-.380000  0.380000    0.0000042028014004
-.340000  0.380000    0.0000040063065773
-.300000  0.380000    0.0000037050803650
-.260000  0.380000    0.0000036944585659
-.220000  0.380000    0.0000032335042450
-.180000  0.380000    0.0000030245280216
-.140000  0.380000    0.0000025003098731
-.100000  0.380000    0.0000021728266931
-.060000  0.380000    0.0000017840076379
-.020000  0.380000    0.0000013744452740
0.020000  0.380000    0.0000009887721075
0.060000  0.380000    0.0000006688895480
0.100000  0.380000    0.0000004498202835
0.140000  0.380000    0.0000003568270474
0.180000  0.380000   -0.0000000424633194
0.220000  0.380000    0.0000001101039667
0.260000  0.380000   -0.0000001084227264
0.300000  0.380000    0.0000003136756592
0.340000  0.380000    0.0000003238006867
0.380000  0.380000    0.0000004560404349
0.420000  0.380000    0.0000007166540604
0.460000  0.380000    0.0000011036566005
0.500000  0.380000    0.0000016092307777
0.540000  0.380000    0.0000022286363190
0.580000  0.380000    0.0000029515826373
0.620000  0.380000    0.0000037663073283
0.660000  0.380000    0.0000046623230998
0.700000  0.380000    0.0000052736094459
0.740000  0.380000    0.0000062916721837
0.780000  0.380000    0.0000070099806013
0.820000  0.380000    0.0000077642775235
0.860000  0.380000    0.0000082355364161
0.900000  0.380000    0.0000083708024391
-.740000  0.420000    0.0000000956043610
-.700000  0.420000    0.0000010350599412
-.660000  0.420000    0.0000018761167760
-.620000  0.420000    0.0000025919723133
-.580000  0.420000    0.0000028977585261
-.540000  0.420000    0.0000033343699216
-.500000  0.420000    0.0000036465428476
-.460000  0.420000    0.0000038293348301
-.420000  0.420000    0.0000038818633701
-.380000  0.420000    0.0000041800866595
-.340000  0.420000    0.0000039957191663
-.300000  0.420000    0.0000037063279266
-.260000  0.420000    0.0000036689907952
-.220000  0.420000    0.0000032210403359
-.180000  0.420000    0.0000029924147391
-.140000  0.420000    0.0000024837301487
-.100000  0.420000    0.0000021507676839
-.060000  0.420000    0.0000017666304490
-.020000  0.420000    0.0000013675748306
0.020000  0.420000    0.0000009918815110
0.060000  0.420000    0.0000006757584083
0.100000  0.420000    0.0000004509503136
0.140000  0.420000    0.0000003397701873
0.180000  0.420000   -0.0000000404498029
0.220000  0.420000    0.0000000760872909
0.260000  0.420000   -0.0000001315486350
0.300000  0.420000    0.0000002431030682
0.340000  0.420000    0.0000002590737983
0.380000  0.420000    0.0000003984312850
0.420000  0.420000    0.0000011310320328
0.460000  0.420000    0.0000015012409317
0.500000  0.420000    0.0000019893902819
0.540000  0.420000    0.0000025904059783
0.580000  0.420000    0.0000032978500548
0.620000  0.420000    0.0000037412571406
0.660000  0.420000    0.0000046356560974
0.700000  0.420000    0.0000055989081248
0.740000  0.420000    0.0000062914873255
0.780000  0.420000    0.0000070348220108
0.820000  0.420000    0.0000075025405167
0.860000  0.420000    0.0000080902242357
0.900000  0.420000    0.0000084092017880
-.700000  0.460000    0.0000007911220203
-.660000  0.460000    0.0000016157070624
-.620000  0.460000    0.0000023882998121
-.580000  0.460000    0.0000027496675378
-.540000  0.460000    0.0000032179610737
-.500000  0.460000    0.0000035577330607
-.460000  0.460000    0.0000037652571240
-.420000  0.460000    0.0000038401901764
-.380000  0.460000    0.0000041330077324
-.340000  0.460000    0.0000039665671925
-.300000  0.460000    0.0000036936513224
-.260000  0.460000    0.0000036431955742
-.220000  0.460000    0.0000032115057604
-.180000  0.460000    0.0000029759321461
-.140000  0.460000    0.0000024832339005
-.100000  0.460000    0.0000021528655569
-.060000  0.460000    0.0000017781230419
-.020000  0.460000    0.0000013923714610
0.020000  0.460000    0.0000010284062928
0.060000  0.460000    0.0000007183757763
0.100000  0.460000    0.0000004908193254
0.140000  0.460000    0.0000003661617818
0.180000  0.460000    0.0000000137733786
0.220000  0.460000    0.0000001007710630
0.260000  0.460000   -0.0000000875680574
0.300000  0.460000    0.0000002451778603
0.340000  0.460000    0.0000002744644123
0.380000  0.460000    0.0000004257875333
0.420000  0.460000    0.0000011103804966
0.460000  0.460000    0.0000014914199426
0.500000  0.460000    0.0000019893055189
0.540000  0.460000    0.0000025984531491
0.580000  0.460000    0.0000033117240355
0.620000  0.460000    0.0000038081968895
0.660000  0.460000    0.0000046998000872
0.700000  0.460000    0.0000053775406643
0.740000  0.460000    0.0000063825738651
0.780000  0.460000    0.0000071563900879
0.820000  0.460000    0.0000077038503822
0.860000  0.460000    0.0000079469124232
-.700000  0.500000    0.0000002910983831
-.660000  0.500000    0.0000012669615795
-.620000  0.500000    0.0000021144941430
-.580000  0.500000    0.0000025472637272
-.540000  0.500000    0.0000030550498133
-.500000  0.500000    0.0000034289998665
-.460000  0.500000    0.0000036674651017
-.420000  0.500000    0.0000037707998828
-.380000  0.500000    0.0000040686965691
-.340000  0.500000    0.0000039262119487
-.300000  0.500000    0.0000036752236022
-.260000  0.500000    0.0000036247982435
-.220000  0.500000    0.0000032132214232
-.180000  0.500000    0.0000029822658881
-.140000  0.500000    0.0000025043242653
-.100000  0.500000    0.0000021845774107
-.060000  0.500000    0.0000018249536112
-.020000  0.500000    0.0000014552581369
0.020000  0.500000    0.0000011046062263
0.060000  0.500000    0.0000008030862881
0.100000  0.500000    0.0000005756735907
0.140000  0.500000    0.0000004414801589
0.180000  0.500000    0.0000001254691057
0.220000  0.500000    0.0000001880984863
0.260000  0.500000    0.0000000270642228
0.300000  0.500000    0.0000003227510277
0.340000  0.500000    0.0000003722880384
0.380000  0.500000    0.0000005409418768
0.420000  0.500000    0.0000011801757111
0.460000  0.500000    0.0000015753133818
0.500000  0.500000    0.0000020850617478
0.540000  0.500000    0.0000027033628471
0.580000  0.500000    0.0000034227665604
0.620000  0.500000    0.0000039683466285
0.660000  0.500000    0.0000048578177271
0.700000  0.500000    0.0000055647325978
0.740000  0.500000    0.0000063190185031
0.780000  0.500000    0.0000071236601032
0.820000  0.500000    0.0000078066116217
0.860000  0.500000    0.0000081762658381
-.660000  0.540000    0.0000008075240080
-.620000  0.540000    0.0000017539369400
-.580000  0.540000    0.0000022810890515
-.540000  0.540000    0.0000028406559126
-.500000  0.540000    0.0000032579659078
-.460000  0.540000    0.0000035351950698
-.420000  0.540000    0.0000036746082137
-.380000  0.540000    0.0000039903475211
-.340000  0.540000    0.0000038785627795
-.300000  0.540000    0.0000036555125225
-.260000  0.540000    0.0000036191193098
-.220000  0.540000    0.0000032297710558
-.180000  0.540000    0.0000030158970548
-.140000  0.540000    0.0000025517842938
-.100000  0.540000    0.0000022500383745
-.060000  0.540000    0.0000019106197110
-.020000  0.540000    0.0000015601290882
0.020000  0.540000    0.0000012258837517
0.060000  0.540000    0.0000009352851448
0.100000  0.540000    0.0000007109134033
0.140000  0.540000    0.0000005707561132
0.180000  0.540000    0.0000002997735173
0.220000  0.540000    0.0000003419738965
0.260000  0.540000    0.0000002158309882
0.300000  0.540000    0.0000004789031402
0.340000  0.540000    0.0000005555089898
0.380000  0.540000    0.0000007467659245
0.420000  0.540000    0.0000013426249825
0.460000  0.540000    0.0000017551107565
0.500000  0.540000    0.0000022787028701
0.540000  0.540000    0.0000029071215006
0.580000  0.540000    0.0000036325594340
0.620000  0.540000    0.0000042253383089
0.660000  0.540000    0.0000051132152687
0.700000  0.540000    0.0000058512917744
0.740000  0.540000    0.0000066421637084
0.780000  0.540000    0.0000072865949160
0.820000  0.540000    0.0000078082748925
-.660000  0.580000    0.0000002410096605
-.620000  0.580000    0.0000012809029277
-.580000  0.580000    0.0000021427095381
-.540000  0.580000    0.0000025635734068
-.500000  0.580000    0.0000030372316026
-.460000  0.580000    0.0000033639203637
-.420000  0.580000    0.0000035483205736
-.380000  0.580000    0.0000038964108093
-.340000  0.580000    0.0000038232403666
-.300000  0.580000    0.0000036344419154
-.260000  0.580000    0.0000036258807142
-.220000  0.580000    0.0000032632792531
-.180000  0.580000    0.0000030769459462
-.140000  0.580000    0.0000028055477098
-.100000  0.580000    0.0000023507447089
-.060000  0.580000    0.0000020368268188
-.020000  0.580000    0.0000017097393694
0.020000  0.580000    0.0000013954708942
0.060000  0.580000    0.0000011187526107
0.100000  0.580000    0.0000009004871815
0.140000  0.580000    0.0000006167826445
0.180000  0.580000    0.0000005405609882
0.220000  0.580000    0.0000005663631984
0.260000  0.580000    0.0000004827615603
0.300000  0.580000    0.0000007160844376
0.340000  0.580000    0.0000008265221372
0.380000  0.580000    0.0000010453541846
0.420000  0.580000    0.0000015989949710
0.460000  0.580000    0.0000020319117839
0.500000  0.580000    0.0000025710010858
0.540000  0.580000    0.0000032095233202
0.580000  0.580000    0.0000037654747118
0.620000  0.580000    0.0000045816125401
0.660000  0.580000    0.0000052968852060
0.700000  0.580000    0.0000060631257750
0.740000  0.580000    0.0000068999626447
0.780000  0.580000    0.0000075249378107
-.620000  0.620000    0.0000007431335430
-.580000  0.620000    0.0000016560531405
-.540000  0.620000    0.0000024301729598
-.500000  0.620000    0.0000030090280274
-.460000  0.620000    0.0000034170348607
-.420000  0.620000    0.0000036698683703
-.380000  0.620000    0.0000037785831109
-.340000  0.620000    0.0000037537074230
-.300000  0.620000    0.0000036078103373
-.260000  0.620000    0.0000036406816784
-.220000  0.620000    0.0000033094051534
-.180000  0.620000    0.0000031622950459
-.140000  0.620000    0.0000029313766493
-.100000  0.620000    0.0000026372595214
-.060000  0.620000    0.0000022025586668
-.020000  0.620000    0.0000019045092699
0.020000  0.620000    0.0000016142061280
0.060000  0.620000    0.0000013545615948
0.100000  0.620000    0.0000010950005182
0.140000  0.620000    0.0000009298996864
0.180000  0.620000    0.0000008494812965
0.220000  0.620000    0.0000008617129815
0.260000  0.620000    0.0000008297515276
0.300000  0.620000    0.0000010353597143
0.340000  0.620000    0.0000011855620684
0.380000  0.620000    0.0000014368054721
0.420000  0.620000    0.0000017952844735
0.460000  0.620000    0.0000022596239246
0.500000  0.620000    0.0000028237172443
0.540000  0.620000    0.0000034806608160
0.580000  0.620000    0.0000042206856572
0.620000  0.620000    0.0000049093362740
0.660000  0.620000    0.0000057920079650
0.700000  0.620000    0.0000064505690511
0.740000  0.620000    0.0000072264239721
0.780000  0.620000    0.0000080285577317
-.580000  0.660000    0.0000011305817013
-.540000  0.660000    0.0000019277507893
-.500000  0.660000    0.0000026197766536
-.460000  0.660000    0.0000031181405855
-.420000  0.660000    0.0000034470174800
-.380000  0.660000    0.0000036224818031
-.340000  0.660000    0.0000036571263760
-.300000  0.660000    0.0000038508471632
-.260000  0.660000    0.0000036528993853
-.220000  0.660000    0.0000036219956996
-.180000  0.660000    0.0000032632459881
-.140000  0.660000    0.0000030823445909
-.100000  0.660000    0.0000028374997033
-.060000  0.660000    0.0000025505081815
-.020000  0.660000    0.0000022462584915
0.020000  0.660000    0.0000019495826605
0.060000  0.660000    0.0000016820780297
0.100000  0.660000    0.0000014625541026
0.140000  0.660000    0.0000013060749161
0.180000  0.660000    0.0000012243589238
0.220000  0.660000    0.0000011668673356
0.260000  0.660000    0.0000012535292487
0.300000  0.660000    0.0000013506561607
0.340000  0.660000    0.0000016290876548
0.380000  0.660000    0.0000019173718491
0.420000  0.660000    0.0000023040310485
0.460000  0.660000    0.0000027884691246
0.500000  0.660000    0.0000033650705408
0.540000  0.660000    0.0000040278805568
0.580000  0.660000    0.0000046890519123
0.620000  0.660000    0.0000055023681358
0.660000  0.660000    0.0000061735437084
0.700000  0.660000    0.0000069208383003
0.740000  0.660000    0.0000079150740595
-.580000  0.700000    0.0000001935026179
-.540000  0.700000    0.0000013949097672
-.500000  0.700000    0.0000023100074265
-.460000  0.700000    0.0000029649227670
-.420000  0.700000    0.0000031439707281
-.380000  0.700000    0.0000036832744664
-.340000  0.700000    0.0000038023145392
-.300000  0.700000    0.0000037843605651
-.260000  0.700000    0.0000039191820393
-.220000  0.700000    0.0000036854461032
-.180000  0.700000    0.0000036186718562
-.140000  0.700000    0.0000032456712216
-.100000  0.700000    0.0000030590388293
-.060000  0.700000    0.0000028260626913
-.020000  0.700000    0.0000025699886373
0.020000  0.700000    0.0000023140492049
0.060000  0.700000    0.0000020785700668
0.100000  0.700000    0.0000018816030051
0.140000  0.700000    0.0000017377702395
0.180000  0.700000    0.0000016834754768
0.220000  0.700000    0.0000016739863022
0.260000  0.700000    0.0000017379217459
0.300000  0.700000    0.0000019003012191
0.340000  0.700000    0.0000021336868276
0.380000  0.700000    0.0000024567123287
0.420000  0.700000    0.0000028939788410
0.460000  0.700000    0.0000033760368694
0.500000  0.700000    0.0000039638484570
0.540000  0.700000    0.0000046298878899
0.580000  0.700000    0.0000053197632161
0.620000  0.700000    0.0000060632223608
0.660000  0.700000    0.0000068065532197
0.700000  0.700000    0.0000077316388356
-.540000  0.740000    0.0000004171955631
-.500000  0.740000    0.0000017013839145
-.460000  0.740000    0.0000023835342430
-.420000  0.740000    0.0000029796822298
-.380000  0.740000    0.0000033704274174
-.340000  0.740000    0.0000035885160740
-.300000  0.740000    0.0000039421229928
-.260000  0.740000    0.0000038871425508
-.220000  0.740000    0.0000039888079251
-.180000  0.740000    0.0000037340178466
-.140000  0.740000    0.0000036583574891
-.100000  0.740000    0.0000035088384539
-.060000  0.740000    0.0000031113499074
-.020000  0.740000    0.0000029116819438
0.020000  0.740000    0.0000027034959483
0.060000  0.740000    0.0000025061442158
0.100000  0.740000    0.0000024556087809
0.140000  0.740000    0.0000023207663552
0.180000  0.740000    0.0000022437048893
0.220000  0.740000    0.0000023009004917
0.260000  0.740000    0.0000023670104483
0.300000  0.740000    0.0000025614270125
0.340000  0.740000    0.0000027922210771
0.380000  0.740000    0.0000031532771377
0.420000  0.740000    0.0000035949535269
0.460000  0.740000    0.0000041146495461
0.500000  0.740000    0.0000047204040464
0.540000  0.740000    0.0000053851142448
0.580000  0.740000    0.0000061074774803
0.620000  0.740000    0.0000068696704799
0.660000  0.740000    0.0000078678870870
-.500000  0.780000    0.0000005281771050
-.460000  0.780000    0.0000017078425495
-.420000  0.780000    0.0000025784170515
-.380000  0.780000    0.0000031650987617
-.340000  0.780000    0.0000035336550345
-.300000  0.780000    0.0000037250095847
-.260000  0.780000    0.0000040581924762
-.220000  0.780000    0.0000039813464051
-.180000  0.780000    0.0000040773030651
-.140000  0.780000    0.0000038130400744
-.100000  0.780000    0.0000037533516267
-.060000  0.780000    0.0000036353050646
-.020000  0.780000    0.0000034806834539
0.020000  0.780000    0.0000033110622368
0.060000  0.780000    0.0000031457210541
0.100000  0.780000    0.0000030013023828
0.140000  0.780000    0.0000028912670369
0.180000  0.780000    0.0000029744680157
0.220000  0.780000    0.0000029697028796
0.260000  0.780000    0.0000031484445960
0.300000  0.780000    0.0000032831646653
0.340000  0.780000    0.0000036012303532
0.380000  0.780000    0.0000039870544335
0.420000  0.780000    0.0000044426592270
0.460000  0.780000    0.0000049673594882
0.500000  0.780000    0.0000056047282434
0.540000  0.780000    0.0000062843460101
0.580000  0.780000    0.0000070499764721
0.620000  0.780000    0.0000081222431642
-.460000  0.820000    0.0000004087017944
-.420000  0.820000    0.0000019096907907
-.380000  0.820000    0.0000026496458855
-.340000  0.820000    0.0000032555005876
-.300000  0.820000    0.0000036251737037
-.260000  0.820000    0.0000041046758977
-.220000  0.820000    0.0000041499367625
-.180000  0.820000    0.0000043552696896
-.140000  0.820000    0.0000041826312423
-.100000  0.820000    0.0000042080479984
-.060000  0.820000    0.0000041655517448
-.020000  0.820000    0.0000040779109887
0.020000  0.820000    0.0000039664841351
0.060000  0.820000    0.0000038505834787
0.100000  0.820000    0.0000037466304454
0.140000  0.820000    0.0000036677411901
0.180000  0.820000    0.0000038089504777
0.220000  0.820000    0.0000038194752314
0.260000  0.820000    0.0000040429631449
0.300000  0.820000    0.0000041742549302
0.340000  0.820000    0.0000045197595504
0.380000  0.820000    0.0000049212765659
0.420000  0.820000    0.0000054726290489
0.460000  0.820000    0.0000059926743518
0.500000  0.820000    0.0000066443649935
0.540000  0.820000    0.0000074463364127
-.380000  0.860000    0.0000016487521365
-.340000  0.860000    0.0000027808486927
-.300000  0.860000    0.0000034882227630
-.260000  0.860000    0.0000039115544324
-.220000  0.860000    0.0000041300158120
-.180000  0.860000    0.0000044931451902
-.140000  0.860000    0.0000044372774582
-.100000  0.860000    0.0000045806079859
-.060000  0.860000    0.0000046417933773
-.020000  0.860000    0.0000046447649175
0.020000  0.860000    0.0000046115739483
0.060000  0.860000    0.0000045619106861
0.100000  0.860000    0.0000045117750645
0.140000  0.860000    0.0000044741910798
0.180000  0.860000    0.0000046827145746
0.220000  0.860000    0.0000047115186796
0.260000  0.860000    0.0000049806765514
0.300000  0.860000    0.0000052829084674
0.340000  0.860000    0.0000056289237622
0.380000  0.860000    0.0000060260974301
0.420000  0.860000    0.0000065853017831
0.460000  0.860000    0.0000072580790873
0.500000  0.860000    0.0000082474427301
-.340000  0.900000    0.0000010685019204
-.300000  0.900000    0.0000025338736569
-.260000  0.900000    0.0000034732182521
-.220000  0.900000    0.0000040240209384
-.180000  0.900000    0.0000043215545023
-.140000  0.900000    0.0000047563492902
-.100000  0.900000    0.0000047472225734
-.060000  0.900000    0.0000049512529090
-.020000  0.900000    0.0000050751800548
0.020000  0.900000    0.0000051434809330
0.060000  0.900000    0.0000051769439848
0.100000  0.900000    0.0000051921563936
0.140000  0.900000    0.0000054636305458
0.180000  0.900000    0.0000054902397885
0.220000  0.900000    0.0000057686025047
0.260000  0.900000    0.0000060566796677
0.300000  0.900000    0.0000063701351307
0.340000  0.900000    0.0000068628199704
0.380000  0.900000    0.0000073909884790
0.420000  0.900000    0.0000082426301337
-.260000  0.940000    0.0000014962009539
-.220000  0.940000    0.0000030628495794
-.180000  0.940000    0.0000039994329517
-.140000  0.940000    0.0000045088659682
-.100000  0.940000    0.0000050940952395
-.060000  0.940000    0.0000051774316570
-.020000  0.940000    0.0000054695644813
0.020000  0.940000    0.0000056697502349
0.060000  0.940000    0.0000058054861518
0.100000  0.940000    0.0000061843813743
0.140000  0.940000    0.0000062523725652
0.180000  0.940000    0.0000065669437137
0.220000  0.940000    0.0000068625729182
0.260000  0.940000    0.0000073564880370
0.300000  0.940000    0.0000078430193507
0.340000  0.940000    0.0000091029989816
-.140000  0.980000    0.0000023645488860
-.100000  0.980000    0.0000042717159767
-.060000  0.980000    0.0000051022889054
-.020000  0.980000    0.0000054635284647
0.020000  0.980000    0.0000059396484062
0.060000  0.980000    0.0000065938417956
0.100000  0.980000    0.0000070815820899
0.140000  0.980000    0.0000074243511074
0.180000  0.980000    0.0000081556595403
