-.140000  -.980000    0.0000003780465772
-.100000  -.980000    0.0000006861168539
-.060000  -.980000    0.0000005954696609
-.020000  -.980000    0.0000002497146979
0.020000  -.980000    0.0000000569113082
0.060000  -.980000    0.0000000661318207
0.100000  -.980000   -0.0000001125256483
0.140000  -.980000   -0.0000005622593161
0.180000  -.980000   -0.0000010371712910
-.260000  -.940000    0.0000003030040770
-.220000  -.940000    0.0000006800499917
-.180000  -.940000    0.0000008064123636
-.140000  -.940000    0.0000006796743528
-.100000  -.940000    0.0000008058262387
-.060000  -.940000    0.0000003555689070
-.020000  -.940000    0.0000002707958746
0.020000  -.940000    0.0000001035303486
0.060000  -.940000   -0.0000001488714538
0.100000  -.940000    0.0000000262507633
0.140000  -.940000   -0.0000004209796414
0.180000  -.940000   -0.0000004935449705
0.220000  -.940000   -0.0000007509553227
0.260000  -.940000   -0.0000008343216119
0.300000  -.940000   -0.0000014237265457
0.340000  -.940000   -0.0000023331731146
-.340000  -.900000    0.0000001823968264
-.300000  -.900000    0.0000006441411943
-.260000  -.900000    0.0000008722764886
-.220000  -.900000    0.0000008529165338
-.180000  -.900000    0.0000006350177372
-.140000  -.900000    0.0000007701597710
-.100000  -.900000    0.0000002909756606
-.060000  -.900000    0.0000002701587928
-.020000  -.900000    0.0000001949194255
0.020000  -.900000    0.0000000636112384
0.060000  -.900000   -0.0000001242123932
0.100000  -.900000   -0.0000003711710898
0.140000  -.900000   -0.0000000996322693
0.180000  -.900000   -0.0000004983492821
0.220000  -.900000   -0.0000004333338260
0.260000  -.900000   -0.0000005189493065
0.300000  -.900000   -0.0000007939547790
0.340000  -.900000   -0.0000008516654428
0.380000  -.900000   -0.0000013631139687
0.420000  -.900000   -0.0000021220739147
-.380000  -.860000    0.0000003920911359
-.340000  -.860000    0.0000007841905336
-.300000  -.860000    0.0000009311124022
-.260000  -.860000    0.0000008615611579
-.220000  -.860000    0.0000006141650888
-.180000  -.860000    0.0000007739025991
-.140000  -.860000    0.0000002930589042
-.100000  -.860000    0.0000003243200418
-.060000  -.860000    0.0000003177055619
-.020000  -.860000    0.0000002706797308
0.020000  -.860000    0.0000001820781665
0.060000  -.860000    0.0000000537349873
0.100000  -.860000   -0.0000001163447103
0.140000  -.860000   -0.0000003319964621
0.180000  -.860000    0.0000000018438184
0.220000  -.860000   -0.0000003454843540
0.260000  -.860000   -0.0000002047991263
0.300000  -.860000   -0.0000002026670501
0.340000  -.860000   -0.0000003701153391
0.380000  -.860000   -0.0000007514121226
0.420000  -.860000   -0.0000009565886429
0.460000  -.860000   -0.0000012526552853
0.500000  -.860000   -0.0000022012425193
-.420000  -.820000    0.0000005626804212
-.380000  -.820000    0.0000006576240453
-.340000  -.820000    0.0000007267498115
-.300000  -.820000    0.0000006125013653
-.260000  -.820000    0.0000008599956573
-.220000  -.820000    0.0000004916364444
-.180000  -.820000    0.0000006190362619
-.140000  -.820000    0.0000000749656793
-.100000  -.820000    0.0000001074438461
-.060000  -.820000    0.0000001152516207
-.020000  -.820000    0.0000000973054228
0.020000  -.820000    0.0000000512467762
0.060000  -.820000   -0.0000000212737468
0.100000  -.820000   -0.0000001212223314
0.140000  -.820000   -0.0000002522712985
0.180000  -.820000    0.0000001881554064
0.220000  -.820000   -0.0000000430418202
0.260000  -.820000    0.0000002400230790
0.300000  -.820000   -0.0000001413986922
0.340000  -.820000   -0.0000000810324338
0.380000  -.820000   -0.0000001826557010
0.420000  -.820000   -0.0000000036758632
0.460000  -.820000   -0.0000005817379345
0.500000  -.820000   -0.0000010944809431
0.540000  -.820000   -0.0000015089008959
-.460000  -.780000    0.0000004014774226
-.420000  -.780000    0.0000006694713034
-.380000  -.780000    0.0000007522314668
-.340000  -.780000    0.0000006583046162
-.300000  -.780000    0.0000004119978259
-.260000  -.780000    0.0000005989723255
-.220000  -.780000    0.0000001529289666
-.180000  -.780000    0.0000002509199725
-.140000  -.780000   -0.0000003137490319
-.100000  -.780000   -0.0000002768444091
-.060000  -.780000   -0.0000002519182034
-.020000  -.780000   -0.0000002395866917
0.020000  -.780000   -0.0000002413673044
0.060000  -.780000   -0.0000002601299059
0.100000  -.780000   -0.0000002962563199
0.140000  -.780000   -0.0000003529535870
0.180000  -.780000    0.0000001662116882
0.220000  -.780000    0.0000000320508742
0.260000  -.780000    0.0000004227723452
0.300000  -.780000    0.0000001693732246
0.340000  -.780000    0.0000003764980398
0.380000  -.780000    0.0000004514195157
0.420000  -.780000    0.0000003663902856
0.460000  -.780000    0.0000000861443601
0.500000  -.780000    0.0000000035469948
0.540000  -.780000   -0.0000004547899471
0.580000  -.780000   -0.0000010893594920
0.620000  -.780000   -0.0000020729216112
-.500000  -.740000    0.0000004799577629
-.460000  -.740000    0.0000005764193522
-.420000  -.740000    0.0000006649611723
-.380000  -.740000    0.0000005897184059
-.340000  -.740000    0.0000003691442701
-.300000  -.740000    0.0000005741166749
-.260000  -.740000    0.0000001597651700
-.220000  -.740000    0.0000002887032497
-.180000  -.740000   -0.0000002468208059
-.140000  -.740000   -0.0000001750836345
-.100000  -.740000   -0.0000001124003730
-.060000  -.740000   -0.0000007049015397
-.020000  -.740000   -0.0000006630934526
0.020000  -.740000   -0.0000006243043997
0.060000  -.740000   -0.0000005919840917
0.100000  -.740000    0.0000000363432663
0.140000  -.740000    0.0000000316300228
0.180000  -.740000    0.0000000078147499
0.220000  -.740000    0.0000005247024145
0.260000  -.740000    0.0000004251244295
0.300000  -.740000    0.0000008148496505
0.340000  -.740000    0.0000005923573941
0.380000  -.740000    0.0000007995673963
0.420000  -.740000    0.0000008740987400
0.460000  -.740000    0.0000007868919320
0.500000  -.740000    0.0000009349907093
0.540000  -.740000    0.0000004016620223
0.580000  -.740000   -0.0000000663893292
0.620000  -.740000   -0.0000006791895742
0.660000  -.740000   -0.0000018620142854
-.540000  -.700000    0.0000003180261550
-.500000  -.700000    0.0000006643398478
-.460000  -.700000    0.0000008515091901
-.420000  -.700000    0.0000004425741513
-.380000  -.700000    0.0000007252225759
-.340000  -.700000    0.0000004487833464
-.300000  -.700000    0.0000000708688100
-.260000  -.700000    0.0000002169152783
-.220000  -.700000   -0.0000002823818544
-.180000  -.700000   -0.0000001866979291
-.140000  -.700000   -0.0000007283834720
-.100000  -.700000   -0.0000006582274001
-.060000  -.700000   -0.0000005865590997
-.020000  -.700000   -0.0000005162024023
0.020000  -.700000   -0.0000004466396273
0.060000  -.700000   -0.0000003804330021
0.100000  -.700000   -0.0000003207512588
0.140000  -.700000   -0.0000002705336027
0.180000  -.700000    0.0000003283457716
0.220000  -.700000    0.0000003321108628
0.260000  -.700000    0.0000008397267556
0.300000  -.700000    0.0000007653335034
0.340000  -.700000    0.0000011449762417
0.380000  -.700000    0.0000014277417782
0.420000  -.700000    0.0000011343644807
0.460000  -.700000    0.0000016327641851
0.500000  -.700000    0.0000015145765142
0.540000  -.700000    0.0000012033786569
0.580000  -.700000    0.0000010204291945
0.620000  -.700000    0.0000004919493151
0.660000  -.700000   -0.0000001929607767
0.700000  -.700000   -0.0000013803247712
-.580000  -.660000    0.0000002266292510
-.540000  -.660000    0.0000004317882682
-.500000  -.660000    0.0000005964748070
-.460000  -.660000    0.0000006183833506
-.420000  -.660000    0.0000004999604605
-.380000  -.660000    0.0000002581462245
-.340000  -.660000   -0.0000000802784130
-.300000  -.660000    0.0000000635945926
-.260000  -.660000   -0.0000003918109626
-.220000  -.660000   -0.0000002838967797
-.180000  -.660000   -0.0000007878958225
-.140000  -.660000   -0.0000006996408563
-.100000  -.660000   -0.0000006086728833
-.060000  -.660000   -0.0000005160660361
-.020000  -.660000   -0.0000004237111314
0.020000  -.660000   -0.0000003303568243
0.060000  -.660000   -0.0000002371573893
0.100000  -.660000   -0.0000001467431308
0.140000  -.660000   -0.0000000619765386
0.180000  -.660000    0.0000000122978121
0.220000  -.660000    0.0000005958412280
0.260000  -.660000    0.0000006185318836
0.300000  -.660000    0.0000011117160529
0.340000  -.660000    0.0000010469564418
0.380000  -.660000    0.0000014107547090
0.420000  -.660000    0.0000016775196804
0.460000  -.660000    0.0000018265289567
0.500000  -.660000    0.0000018415230298
0.540000  -.660000    0.0000016926379347
0.580000  -.660000    0.0000017091418430
0.620000  -.660000    0.0000011024960345
0.660000  -.660000    0.0000008226761211
0.700000  -.660000    0.0000000173589902
0.740000  -.660000   -0.0000014450497500
-.620000  -.620000    0.0000000729220003
-.580000  -.620000    0.0000003644159711
-.540000  -.620000    0.0000005983654424
-.500000  -.620000    0.0000007012553730
-.460000  -.620000    0.0000006651255095
-.420000  -.620000    0.0000004979587989
-.380000  -.620000    0.0000002214644672
-.340000  -.620000   -0.0000001365997174
-.300000  -.620000   -0.0000005452137017
-.260000  -.620000   -0.0000004393621624
-.220000  -.620000   -0.0000008980174918
-.180000  -.620000   -0.0000008041835478
-.140000  -.620000   -0.0000006989266179
-.100000  -.620000   -0.0000005913364503
-.060000  -.620000   -0.0000010430348725
-.020000  -.620000   -0.0000009256891800
0.020000  -.620000   -0.0000008035395606
0.060000  -.620000   -0.0000006776353305
0.100000  -.620000   -0.0000000338650534
0.140000  -.620000    0.0000000786386370
0.180000  -.620000    0.0000001836933035
0.220000  -.620000    0.0000002714416097
0.260000  -.620000    0.0000008336135937
0.300000  -.620000    0.0000008604585918
0.340000  -.620000    0.0000013335433977
0.380000  -.620000    0.0000017318903287
0.420000  -.620000    0.0000020461696155
0.460000  -.620000    0.0000022589494487
0.500000  -.620000    0.0000023581711799
0.540000  -.620000    0.0000023211430067
0.580000  -.620000    0.0000021207248951
0.620000  -.620000    0.0000020368163488
0.660000  -.620000    0.0000013665536808
0.700000  -.620000    0.0000009475846888
0.740000  -.620000   -0.0000000344546040
0.780000  -.620000   -0.0000012828452882
-.620000  -.580000    0.0000002370683200
-.580000  -.580000    0.0000005173415235
-.540000  -.580000    0.0000003870405156
-.500000  -.580000    0.0000003515304459
-.460000  -.580000    0.0000002059911002
-.420000  -.580000   -0.0000000353979664
-.380000  -.580000    0.0000001433094391
-.340000  -.580000   -0.0000002223471751
-.300000  -.580000   -0.0000006243405770
-.260000  -.580000   -0.0000005079652848
-.220000  -.580000   -0.0000009438418032
-.180000  -.580000   -0.0000008357789615
-.140000  -.580000   -0.0000007164375097
-.100000  -.580000   -0.0000011334599513
-.060000  -.580000   -0.0000010085594874
-.020000  -.580000   -0.0000008761680046
0.020000  -.580000   -0.0000007376436359
0.060000  -.580000   -0.0000005953488714
0.100000  -.580000   -0.0000004513554224
0.140000  -.580000    0.0000001652735060
0.180000  -.580000    0.0000002940738381
0.220000  -.580000    0.0000004074990350
0.260000  -.580000    0.0000009665308596
0.300000  -.580000    0.0000010280930643
0.340000  -.580000    0.0000015120859377
0.380000  -.580000    0.0000019305230924
0.420000  -.580000    0.0000018525312180
0.460000  -.580000    0.0000021379616969
0.500000  -.580000    0.0000023190054892
0.540000  -.580000    0.0000023800512081
0.580000  -.580000    0.0000026465695165
0.620000  -.580000    0.0000023836174008
0.660000  -.580000    0.0000021994716561
0.700000  -.580000    0.0000017220742641
0.740000  -.580000    0.0000008642496807
0.780000  -.580000   -0.0000000814891485
-.660000  -.540000    0.0000000834429969
-.620000  -.540000    0.0000003743205791
-.580000  -.540000    0.0000003484407912
-.540000  -.540000    0.0000003725240961
-.500000  -.540000    0.0000002936096747
-.460000  -.540000    0.0000001176926485
-.420000  -.540000   -0.0000001405575835
-.380000  -.540000    0.0000000336900620
-.340000  -.540000   -0.0000003281245254
-.300000  -.540000   -0.0000007139457196
-.260000  -.540000   -0.0000005887561540
-.220000  -.540000   -0.0000009952874435
-.180000  -.540000   -0.0000008751219787
-.140000  -.540000   -0.0000012503985311
-.100000  -.540000   -0.0000011227199254
-.060000  -.540000   -0.0000009859532682
-.020000  -.540000   -0.0000008423981371
0.020000  -.540000   -0.0000006927129582
0.060000  -.540000   -0.0000005392651320
0.100000  -.540000   -0.0000003832404109
0.140000  -.540000   -0.0000002317612102
0.180000  -.540000    0.0000003560530234
0.220000  -.540000    0.0000004862780021
0.260000  -.540000    0.0000010337949905
0.300000  -.540000    0.0000011190933540
0.340000  -.540000    0.0000016027659173
0.380000  -.540000    0.0000020297530336
0.420000  -.540000    0.0000019935565572
0.460000  -.540000    0.0000023083533341
0.500000  -.540000    0.0000025317294860
0.540000  -.540000    0.0000026533938799
0.580000  -.540000    0.0000026517808681
0.620000  -.540000    0.0000028208879697
0.660000  -.540000    0.0000024860152053
0.700000  -.540000    0.0000021976042739
0.740000  -.540000    0.0000015977849210
0.780000  -.540000    0.0000008188730788
0.820000  -.540000   -0.0000002442133379
-.660000  -.500000    0.0000002024842952
-.620000  -.500000    0.0000004442620424
-.580000  -.500000    0.0000003312580972
-.540000  -.500000    0.0000003100439336
-.500000  -.500000    0.0000001968176516
-.460000  -.500000    0.0000000001164443
-.420000  -.500000   -0.0000002632079472
-.380000  -.500000   -0.0000000979476766
-.340000  -.500000   -0.0000004454061417
-.300000  -.500000   -0.0000008057757793
-.260000  -.500000   -0.0000006739747831
-.220000  -.500000   -0.0000010449731294
-.180000  -.500000   -0.0000009151559830
-.140000  -.500000   -0.0000012499935356
-.100000  -.500000   -0.0000011135235678
-.060000  -.500000   -0.0000009683610061
-.020000  -.500000   -0.0000008170537074
0.020000  -.500000   -0.0000006609732265
0.060000  -.500000   -0.0000005008399186
0.100000  -.500000   -0.0000003386309565
0.140000  -.500000   -0.0000001808415801
0.180000  -.500000    0.0000003814692678
0.220000  -.500000    0.0000005210968368
0.260000  -.500000    0.0000010484395895
0.300000  -.500000    0.0000011472851750
0.340000  -.500000    0.0000016220328743
0.380000  -.500000    0.0000020475013349
0.420000  -.500000    0.0000020381756315
0.460000  -.500000    0.0000023685622655
0.500000  -.500000    0.0000026202549866
0.540000  -.500000    0.0000027844170683
0.580000  -.500000    0.0000028410583168
0.620000  -.500000    0.0000030734804665
0.660000  -.500000    0.0000028475075624
0.700000  -.500000    0.0000026800334760
0.740000  -.500000    0.0000022556950841
0.780000  -.500000    0.0000015131314463
0.820000  -.500000    0.0000004995208201
0.860000  -.500000   -0.0000006865782388
-.700000  -.460000    0.0000000693780976
-.660000  -.460000    0.0000002674463921
-.620000  -.460000    0.0000004504532254
-.580000  -.460000    0.0000002703229693
-.540000  -.460000    0.0000002113379924
-.500000  -.460000    0.0000000730212941
-.460000  -.460000   -0.0000001341469861
-.420000  -.460000   -0.0000003935428112
-.380000  -.460000   -0.0000002402594628
-.340000  -.460000   -0.0000005642907565
-.300000  -.460000   -0.0000008920254199
-.260000  -.460000   -0.0000007564285576
-.220000  -.460000   -0.0000010869544704
-.180000  -.460000   -0.0000009491109347
-.140000  -.460000   -0.0000012430500592
-.100000  -.460000   -0.0000011003552314
-.060000  -.460000   -0.0000009495912358
-.020000  -.460000   -0.0000007936180688
0.020000  -.460000   -0.0000006355865271
0.060000  -.460000   -0.0000004734857924
0.100000  -.460000   -0.0000003109794500
0.140000  -.460000   -0.0000001523361058
0.180000  -.460000    0.0000003785902839
0.220000  -.460000    0.0000005202526600
0.260000  -.460000    0.0000010219538290
0.300000  -.460000    0.0000011249800511
0.340000  -.460000    0.0000015831800179
0.380000  -.460000    0.0000019994387503
0.420000  -.460000    0.0000020020138001
0.460000  -.460000    0.0000023377710278
0.500000  -.460000    0.0000026041933426
0.540000  -.460000    0.0000027955941007
0.580000  -.460000    0.0000028937874620
0.620000  -.460000    0.0000031759828219
0.660000  -.460000    0.0000030312225645
0.700000  -.460000    0.0000029578591838
0.740000  -.460000    0.0000024606883985
0.780000  -.460000    0.0000019132549127
0.820000  -.460000    0.0000012014478918
0.860000  -.460000    0.0000002976557738
-.700000  -.420000    0.0000001051818477
-.660000  -.420000    0.0000002795117195
-.620000  -.420000    0.0000004045704561
-.580000  -.420000    0.0000001785115564
-.540000  -.420000    0.0000000899644990
-.500000  -.420000   -0.0000000644413342
-.460000  -.420000   -0.0000002731712753
-.420000  -.420000   -0.0000005203409933
-.380000  -.420000   -0.0000003830017193
-.340000  -.420000   -0.0000006762955137
-.300000  -.420000   -0.0000009660423174
-.260000  -.420000   -0.0000008296890379
-.220000  -.420000   -0.0000011166787427
-.180000  -.420000   -0.0000009728425148
-.140000  -.420000   -0.0000012249504262
-.100000  -.420000   -0.0000010783092516
-.060000  -.420000   -0.0000009249720166
-.020000  -.420000   -0.0000007685703004
0.020000  -.420000   -0.0000006111514776
0.060000  -.420000   -0.0000004516239931
0.100000  -.420000   -0.0000002928374285
0.140000  -.420000   -0.0000001397156000
0.180000  -.420000    0.0000003558696704
0.220000  -.420000    0.0000004920153003
0.260000  -.420000    0.0000009623435923
0.300000  -.420000    0.0000010603605748
0.340000  -.420000    0.0000014956195386
0.380000  -.420000    0.0000018948022607
0.420000  -.420000    0.0000018975633423
0.460000  -.420000    0.0000022284613376
0.500000  -.420000    0.0000024998355417
0.540000  -.420000    0.0000027058848322
0.580000  -.420000    0.0000028317548224
0.620000  -.420000    0.0000031531793435
0.660000  -.420000    0.0000030694978438
0.700000  -.420000    0.0000028487498934
0.740000  -.420000    0.0000026907504371
0.780000  -.420000    0.0000022890195851
0.820000  -.420000    0.0000017662175181
0.860000  -.420000    0.0000008384154955
0.900000  -.420000   -0.0000004053832607
-.700000  -.380000    0.0000002070847016
-.660000  -.380000    0.0000002479331206
-.620000  -.380000    0.0000003196956174
-.580000  -.380000    0.0000003270150023
-.540000  -.380000    0.0000002653212119
-.500000  -.380000    0.0000001389204039
-.460000  -.380000   -0.0000000431363792
-.420000  -.380000   -0.0000002665198140
-.380000  -.380000   -0.0000005156865660
-.340000  -.380000   -0.0000007728653299
-.300000  -.380000   -0.0000010216234518
-.260000  -.380000   -0.0000008881873198
-.220000  -.380000   -0.0000011296867203
-.180000  -.380000   -0.0000009832041423
-.140000  -.380000   -0.0000011938847063
-.100000  -.380000   -0.0000010449236961
-.060000  -.380000   -0.0000008910816166
-.020000  -.380000   -0.0000007374346338
0.020000  -.380000   -0.0000005839101199
0.060000  -.380000   -0.0000004317080749
0.100000  -.380000   -0.0000002808162139
0.140000  -.380000   -0.0000001389465979
0.180000  -.380000    0.0000003182447545
0.220000  -.380000    0.0000004423285601
0.260000  -.380000    0.0000008772043448
0.300000  -.380000    0.0000009606713114
0.340000  -.380000    0.0000013676526809
0.380000  -.380000    0.0000017437998063
0.420000  -.380000    0.0000020853851188
0.460000  -.380000    0.0000023854141500
0.500000  -.380000    0.0000026395537117
0.540000  -.380000    0.0000028374910354
0.580000  -.380000    0.0000029703155434
0.620000  -.380000    0.0000030241057092
0.660000  -.380000    0.0000029849068303
0.700000  -.380000    0.0000030500734127
0.740000  -.380000    0.0000027567556751
0.780000  -.380000    0.0000024691043969
0.820000  -.380000    0.0000019357612977
0.860000  -.380000    0.0000012365926927
0.900000  -.380000    0.0000003189509320
-.740000  -.340000    0.0000000389798700
-.700000  -.340000    0.0000002034305618
-.660000  -.340000    0.0000001873846021
-.620000  -.340000    0.0000002138115872
-.580000  -.340000    0.0000001853502357
-.540000  -.340000    0.0000001015266868
-.500000  -.340000   -0.0000000323550586
-.460000  -.340000   -0.0000002069971733
-.420000  -.340000   -0.0000004098673736
-.380000  -.340000   -0.0000006280284216
-.340000  -.340000   -0.0000008468190118
-.300000  -.340000   -0.0000007030048249
-.260000  -.340000   -0.0000009277414499
-.220000  -.340000   -0.0000011225426658
-.180000  -.340000   -0.0000009770900068
-.140000  -.340000   -0.0000011469815314
-.100000  -.340000   -0.0000009986416708
-.060000  -.340000   -0.0000008461075632
-.020000  -.340000   -0.0000006969886966
0.020000  -.340000   -0.0000005515550840
0.060000  -.340000   -0.0000004091050885
0.100000  -.340000   -0.0000002711501608
0.140000  -.340000   -0.0000001458015725
0.180000  -.340000    0.0000002700515151
0.220000  -.340000    0.0000003742202421
0.260000  -.340000    0.0000007715439611
0.300000  -.340000    0.0000011480521919
0.340000  -.340000    0.0000012053762742
0.380000  -.340000    0.0000015533217904
0.420000  -.340000    0.0000018709028615
0.460000  -.340000    0.0000021535580130
0.500000  -.340000    0.0000023969521834
0.540000  -.340000    0.0000025926057518
0.580000  -.340000    0.0000027319993279
0.620000  -.340000    0.0000028039827273
0.660000  -.340000    0.0000027956269233
0.700000  -.340000    0.0000029127019635
0.740000  -.340000    0.0000026871866048
0.780000  -.340000    0.0000024932754218
0.820000  -.340000    0.0000020874105819
0.860000  -.340000    0.0000015576131014
0.900000  -.340000    0.0000007883873051
0.940000  -.340000   -0.0000004074006871
-.740000  -.300000    0.0000000912661615
-.700000  -.300000    0.0000001679974736
-.660000  -.300000    0.0000002555927878
-.620000  -.300000    0.0000001017968583
-.580000  -.300000    0.0000000476363276
-.540000  -.300000   -0.0000000505128331
-.500000  -.300000   -0.0000001846581361
-.460000  -.300000   -0.0000003465019264
-.420000  -.300000   -0.0000005252162696
-.380000  -.300000   -0.0000007097491072
-.340000  -.300000   -0.0000005724408557
-.300000  -.300000   -0.0000007659997125
-.260000  -.300000   -0.0000009430078475
-.220000  -.300000   -0.0000010925050854
-.180000  -.300000   -0.0000009528305849
-.140000  -.300000   -0.0000010833806038
-.100000  -.300000   -0.0000009387092106
-.060000  -.300000   -0.0000007894264924
-.020000  -.300000   -0.0000006460259476
0.020000  -.300000   -0.0000005118457636
0.060000  -.300000   -0.0000003824792348
0.100000  -.300000   -0.0000002621357838
0.140000  -.300000   -0.0000001574739866
0.180000  -.300000    0.0000002145698845
0.220000  -.300000    0.0000002917268535
0.260000  -.300000    0.0000006474736306
0.300000  -.300000    0.0000009856444876
0.340000  -.300000    0.0000013049172724
0.380000  -.300000    0.0000013281213419
0.420000  -.300000    0.0000016163441372
0.460000  -.300000    0.0000018755973749
0.500000  -.300000    0.0000021017542448
0.540000  -.300000    0.0000022882187524
0.580000  -.300000    0.0000024259599685
0.620000  -.300000    0.0000025064720752
0.660000  -.300000    0.0000027482918115
0.700000  -.300000    0.0000026776424434
0.740000  -.300000    0.0000026799516271
0.780000  -.300000    0.0000023885006717
0.820000  -.300000    0.0000020865631846
0.860000  -.300000    0.0000016874907365
0.900000  -.300000    0.0000009895420123
0.940000  -.300000    0.0000000777424701
-.740000  -.260000    0.0000000895965654
-.700000  -.260000    0.0000002122262919
-.660000  -.260000    0.0000001570287142
-.620000  -.260000    0.0000001616789780
-.580000  -.260000    0.0000001278490922
-.540000  -.260000    0.0000000552029451
-.500000  -.260000   -0.0000000504829993
-.460000  -.260000   -0.0000001827450075
-.420000  -.260000   -0.0000003320392102
-.380000  -.260000   -0.0000004902999851
-.340000  -.260000   -0.0000006482457833
-.300000  -.260000   -0.0000007971935673
-.260000  -.260000   -0.0000009289836331
-.220000  -.260000   -0.0000007842364629
-.180000  -.260000   -0.0000009094955527
-.140000  -.260000   -0.0000007493898146
-.100000  -.260000   -0.0000008648190108
-.060000  -.260000   -0.0000007199202952
-.020000  -.260000   -0.0000005848703380
0.020000  -.260000   -0.0000004628539811
0.060000  -.260000   -0.0000003510472550
0.100000  -.260000   -0.0000002524020724
0.140000  -.260000    0.0000000694993939
0.180000  -.260000    0.0000001526274647
0.220000  -.260000    0.0000004573705594
0.260000  -.260000    0.0000005078728002
0.300000  -.260000    0.0000008046633667
0.340000  -.260000    0.0000010850556836
0.380000  -.260000    0.0000013486836098
0.420000  -.260000    0.0000015934371467
0.460000  -.260000    0.0000018169798982
0.500000  -.260000    0.0000020138127508
0.540000  -.260000    0.0000021787557165
0.580000  -.260000    0.0000023030127498
0.620000  -.260000    0.0000023829893071
0.660000  -.260000    0.0000024068192965
0.700000  -.260000    0.0000025367929135
0.740000  -.260000    0.0000024106158253
0.780000  -.260000    0.0000023189236132
0.820000  -.260000    0.0000020810043390
0.860000  -.260000    0.0000016715989388
0.900000  -.260000    0.0000011352760444
0.940000  -.260000    0.0000004324664863
-.740000  -.220000    0.0000001157895692
-.700000  -.220000    0.0000001394282726
-.660000  -.220000    0.0000001877218498
-.620000  -.220000    0.0000000437841773
-.580000  -.220000   -0.0000000091843155
-.540000  -.220000   -0.0000000894243698
-.500000  -.220000   -0.0000001912090753
-.460000  -.220000   -0.0000003086149425
-.420000  -.220000   -0.0000004342421165
-.380000  -.220000   -0.0000005606882637
-.340000  -.220000   -0.0000006810988692
-.300000  -.220000   -0.0000007897031299
-.260000  -.220000   -0.0000006580474254
-.220000  -.220000   -0.0000007616140271
-.180000  -.220000   -0.0000008445613092
-.140000  -.220000   -0.0000006946518547
-.100000  -.220000   -0.0000007772794444
-.060000  -.220000   -0.0000006393475074
-.020000  -.220000   -0.0000005122465448
0.020000  -.220000   -0.0000004057828412
0.060000  -.220000   -0.0000003149396818
0.100000  -.220000   -0.0000002411636069
0.140000  -.220000    0.0000000327076421
0.180000  -.220000    0.0000000836016975
0.220000  -.220000    0.0000003434261449
0.260000  -.220000    0.0000005902183548
0.300000  -.220000    0.0000006071179361
0.340000  -.220000    0.0000008467852570
0.380000  -.220000    0.0000010714902771
0.420000  -.220000    0.0000012827051092
0.460000  -.220000    0.0000014776329874
0.500000  -.220000    0.0000016462002189
0.540000  -.220000    0.0000017913569604
0.580000  -.220000    0.0000019061614957
0.620000  -.220000    0.0000019824490832
0.660000  -.220000    0.0000021922539230
0.700000  -.220000    0.0000021622995980
0.740000  -.220000    0.0000022028672335
0.780000  -.220000    0.0000020289991849
0.820000  -.220000    0.0000018618369033
0.860000  -.220000    0.0000015492625314
0.900000  -.220000    0.0000011370503681
0.940000  -.220000    0.0000005335303130
-.780000  -.180000    0.0000000130349555
-.740000  -.180000    0.0000000793297019
-.700000  -.180000    0.0000001487517841
-.660000  -.180000    0.0000000842846846
-.620000  -.180000    0.0000000727365713
-.580000  -.180000    0.0000000368491077
-.540000  -.180000   -0.0000000212426161
-.500000  -.180000   -0.0000000976030707
-.460000  -.180000   -0.0000001872328607
-.420000  -.180000   -0.0000002845365096
-.380000  -.180000   -0.0000003832823221
-.340000  -.180000   -0.0000004789055640
-.300000  -.180000   -0.0000005672156641
-.260000  -.180000   -0.0000006446838788
-.220000  -.180000   -0.0000007080543844
-.180000  -.180000   -0.0000005586021477
-.140000  -.180000   -0.0000006253614118
-.100000  -.180000   -0.0000006768066937
-.060000  -.180000   -0.0000005480112297
-.020000  -.180000   -0.0000004298889102
0.020000  -.180000   -0.0000003401348662
0.060000  -.180000   -0.0000002739905957
0.100000  -.180000   -0.0000002309388962
0.140000  -.180000   -0.0000000046402550
0.180000  -.180000    0.0000001975270594
0.220000  -.180000    0.0000002211122598
0.260000  -.180000    0.0000004233485983
0.300000  -.180000    0.0000006163753873
0.340000  -.180000    0.0000008039945038
0.380000  -.180000    0.0000009815884109
0.420000  -.180000    0.0000011546839327
0.460000  -.180000    0.0000013038570275
0.500000  -.180000    0.0000014457142102
0.540000  -.180000    0.0000015741915149
0.580000  -.180000    0.0000016643972315
0.620000  -.180000    0.0000017258664038
0.660000  -.180000    0.0000017557177436
0.700000  -.180000    0.0000018785176176
0.740000  -.180000    0.0000018078298401
0.780000  -.180000    0.0000017798435693
0.820000  -.180000    0.0000016499377173
0.860000  -.180000    0.0000014107977924
0.900000  -.180000    0.0000010316863668
0.940000  -.180000    0.0000005844139066
0.980000  -.180000   -0.0000000697404527
-.780000  -.140000    0.0000000141759116
-.740000  -.140000    0.0000000788855732
-.700000  -.140000    0.0000000724934068
-.660000  -.140000    0.0000000877098416
-.620000  -.140000    0.0000000840300919
-.580000  -.140000    0.0000000624086177
-.540000  -.140000   -0.0000001194543849
-.500000  -.140000   -0.0000001872511537
-.460000  -.140000   -0.0000002617464188
-.420000  -.140000   -0.0000003375453125
-.380000  -.140000   -0.0000004109494131
-.340000  -.140000   -0.0000004778614235
-.300000  -.140000   -0.0000005359065992
-.260000  -.140000   -0.0000004217351791
-.220000  -.140000   -0.0000004698107341
-.180000  -.140000   -0.0000005089038965
-.140000  -.140000   -0.0000005393062818
-.100000  -.140000   -0.0000003897588486
-.060000  -.140000   -0.0000004484393594
-.020000  -.140000   -0.0000003388916426
0.020000  -.140000   -0.0000002668716867
0.060000  -.140000   -0.0000002301883700
0.100000  -.140000   -0.0000000560606082
0.140000  -.140000   -0.0000000451340368
0.180000  -.140000    0.0000001115522995
0.220000  -.140000    0.0000002597992237
0.260000  -.140000    0.0000004052361371
0.300000  -.140000    0.0000004015145262
0.340000  -.140000    0.0000005447111050
0.380000  -.140000    0.0000006882792289
0.420000  -.140000    0.0000008168356747
0.460000  -.140000    0.0000009351263221
0.500000  -.140000    0.0000010704867845
0.540000  -.140000    0.0000011304028844
0.580000  -.140000    0.0000013464907274
0.620000  -.140000    0.0000014137280346
0.660000  -.140000    0.0000014349956432
0.700000  -.140000    0.0000014224211252
0.740000  -.140000    0.0000014782981983
0.780000  -.140000    0.0000013804018162
0.820000  -.140000    0.0000013016160355
0.860000  -.140000    0.0000011311814848
0.900000  -.140000    0.0000009057150930
0.940000  -.140000    0.0000005287214377
0.980000  -.140000    0.0000000541282737
-.780000  -.100000    0.0000000155457178
-.740000  -.100000    0.0000000666179621
-.700000  -.100000    0.0000000621551859
-.660000  -.100000    0.0000000757135707
-.620000  -.100000    0.0000000769034465
-.580000  -.100000   -0.0000000301983161
-.540000  -.100000   -0.0000000696171619
-.500000  -.100000   -0.0000001153801639
-.460000  -.100000   -0.0000001664688401
-.420000  -.100000   -0.0000002184509584
-.380000  -.100000   -0.0000002687897453
-.340000  -.100000   -0.0000003145954486
-.300000  -.100000   -0.0000003538403141
-.260000  -.100000   -0.0000003849993497
-.220000  -.100000   -0.0000004080892508
-.180000  -.100000   -0.0000004227213018
-.140000  -.100000   -0.0000002971068759
-.100000  -.100000   -0.0000003153559232
-.060000  -.100000   -0.0000003433605137
-.020000  -.100000   -0.0000002406509975
0.020000  -.100000   -0.0000001892032620
0.060000  -.100000   -0.0000001864701240
0.100000  -.100000   -0.0000000619782001
0.140000  -.100000    0.0000000366426512
0.180000  -.100000    0.0000000233578591
0.220000  -.100000    0.0000001297304004
0.260000  -.100000    0.0000002323658790
0.300000  -.100000    0.0000003356822116
0.340000  -.100000    0.0000004329570513
0.380000  -.100000    0.0000005352251757
0.420000  -.100000    0.0000006133976614
0.460000  -.100000    0.0000007292815574
0.500000  -.100000    0.0000007622651033
0.540000  -.100000    0.0000008472216038
0.580000  -.100000    0.0000009522592503
0.620000  -.100000    0.0000010360710874
0.660000  -.100000    0.0000010655634803
0.700000  -.100000    0.0000010550749002
0.740000  -.100000    0.0000010927519041
0.780000  -.100000    0.0000010268200845
0.820000  -.100000    0.0000009729482519
0.860000  -.100000    0.0000008550352651
0.900000  -.100000    0.0000006643506549
0.940000  -.100000    0.0000004434090356
0.980000  -.100000    0.0000001154714816
-.780000  -.060000    0.0000000118038264
-.740000  -.060000    0.0000000257833899
-.700000  -.060000    0.0000000419188225
-.660000  -.060000    0.0000000509972242
-.620000  -.060000    0.0000000037451691
-.580000  -.060000   -0.0000000119404049
-.540000  -.060000   -0.0000000343810820
-.500000  -.060000   -0.0000000604538940
-.460000  -.060000   -0.0000000901000391
-.420000  -.060000   -0.0000001200796842
-.380000  -.060000   -0.0000001490837164
-.340000  -.060000   -0.0000001752166403
-.300000  -.060000   -0.0000001967010449
-.260000  -.060000   -0.0000002129457539
-.220000  -.060000   -0.0000002241965047
-.180000  -.060000   -0.0000002296947158
-.140000  -.060000   -0.0000002302991049
-.100000  -.060000   -0.0000002283327876
-.060000  -.060000   -0.0000000911237298
-.020000  -.060000   -0.0000001386976997
0.020000  -.060000   -0.0000001091758746
0.060000  -.060000   -0.0000000383723645
0.100000  -.060000   -0.0000000706016355
0.140000  -.060000   -0.0000000113948680
0.180000  -.060000    0.0000000454943489
0.220000  -.060000    0.0000001024625861
0.260000  -.060000    0.0000001605515073
0.300000  -.060000    0.0000002190186192
0.340000  -.060000    0.0000002762703865
0.380000  -.060000    0.0000003368554389
0.420000  -.060000    0.0000003819886397
0.460000  -.060000    0.0000004566557080
0.500000  -.060000    0.0000004500460159
0.540000  -.060000    0.0000005989440750
0.580000  -.060000    0.0000004970843974
0.620000  -.060000    0.0000005711031945
0.660000  -.060000    0.0000006333767673
0.700000  -.060000    0.0000006568162380
0.740000  -.060000    0.0000006294982287
0.780000  -.060000    0.0000006325585376
0.820000  -.060000    0.0000006005621924
0.860000  -.060000    0.0000005311353184
0.900000  -.060000    0.0000004201204409
0.940000  -.060000    0.0000002695588489
0.980000  -.060000    0.0000000834615751
-.780000  -.020000    0.0000000043767736
-.740000  -.020000    0.0000000091803253
-.700000  -.020000    0.0000000147884037
-.660000  -.020000    0.0000000179687730
-.620000  -.020000    0.0000000020982894
-.580000  -.020000   -0.0000000028418073
-.540000  -.020000   -0.0000000100996670
-.500000  -.020000   -0.0000000185123574
-.460000  -.020000   -0.0000000282129520
-.420000  -.020000   -0.0000000379548849
-.380000  -.020000   -0.0000000473815374
-.340000  -.020000   -0.0000000557933552
-.300000  -.020000   -0.0000000624341293
-.260000  -.020000   -0.0000000671538346
-.220000  -.020000   -0.0000000700355744
-.180000  -.020000   -0.0000000703830628
-.140000  -.020000   -0.0000000683091687
-.100000  -.020000   -0.0000000629332231
-.060000  -.020000   -0.0000000544629037
-.020000  -.020000   -0.0000000493677406
0.020000  -.020000   -0.0000000390585316
0.060000  -.020000   -0.0000000248480050
0.100000  -.020000   -0.0000000119260933
0.140000  -.020000    0.0000000034015040
0.180000  -.020000    0.0000000198072311
0.220000  -.020000    0.0000000376665844
0.260000  -.020000    0.0000000570652282
0.300000  -.020000    0.0000000755204715
0.340000  -.020000    0.0000000946927735
0.380000  -.020000    0.0000001148228540
0.420000  -.020000    0.0000001310478242
0.460000  -.020000    0.0000001521013179
0.500000  -.020000    0.0000001612006439
0.540000  -.020000    0.0000001808642046
0.580000  -.020000    0.0000001900163981
0.620000  -.020000    0.0000002006826708
0.660000  -.020000    0.0000002185726392
0.700000  -.020000    0.0000002211972153
0.740000  -.020000    0.0000002120224631
0.780000  -.020000    0.0000002136919522
0.820000  -.020000    0.0000002029126620
0.860000  -.020000    0.0000001799992630
0.900000  -.020000    0.0000001434536108
0.940000  -.020000    0.0000000941740440
0.980000  -.020000    0.0000000254812031
-.780000  0.020000   -0.0000000043767736
-.740000  0.020000   -0.0000000091803253
-.700000  0.020000   -0.0000000147884037
-.660000  0.020000   -0.0000000179687730
-.620000  0.020000   -0.0000000020982894
-.580000  0.020000    0.0000000028418073
-.540000  0.020000    0.0000000100996670
-.500000  0.020000    0.0000000185123574
-.460000  0.020000    0.0000000282129520
-.420000  0.020000    0.0000000379548849
-.380000  0.020000    0.0000000473815374
-.340000  0.020000    0.0000000557933552
-.300000  0.020000    0.0000000624341293
-.260000  0.020000    0.0000000671538346
-.220000  0.020000    0.0000000700355744
-.180000  0.020000    0.0000000703830628
-.140000  0.020000    0.0000000683091687
-.100000  0.020000    0.0000000629332231
-.060000  0.020000    0.0000000544629037
-.020000  0.020000    0.0000000493677406
0.020000  0.020000    0.0000000390585316
0.060000  0.020000    0.0000000248480050
0.100000  0.020000    0.0000000119260933
0.140000  0.020000   -0.0000000034015040
0.180000  0.020000   -0.0000000198072311
0.220000  0.020000   -0.0000000376665844
0.260000  0.020000   -0.0000000570652282
0.300000  0.020000   -0.0000000755204715
0.340000  0.020000   -0.0000000946927735
0.380000  0.020000   -0.0000001148228540
0.420000  0.020000   -0.0000001310478242
0.460000  0.020000   -0.0000001521013179
0.500000  0.020000   -0.0000001612006439
0.540000  0.020000   -0.0000001808642046
0.580000  0.020000   -0.0000001900163981
0.620000  0.020000   -0.0000002006826708
0.660000  0.020000   -0.0000002185726392
0.700000  0.020000   -0.0000002211972153
0.740000  0.020000   -0.0000002120224631
0.780000  0.020000   -0.0000002136919522
0.820000  0.020000   -0.0000002029126620
0.860000  0.020000   -0.0000001799992630
0.900000  0.020000   -0.0000001434536108
0.940000  0.020000   -0.0000000941740440
0.980000  0.020000   -0.0000000254812031
-.780000  0.060000   -0.0000000118038264
-.740000  0.060000   -0.0000000257833899
-.700000  0.060000   -0.0000000419188225
-.660000  0.060000   -0.0000000509972242
-.620000  0.060000   -0.0000000037451691
-.580000  0.060000    0.0000000119404049
-.540000  0.060000    0.0000000343810820
-.500000  0.060000    0.0000000604538940
-.460000  0.060000    0.0000000901000391
-.420000  0.060000    0.0000001200796842
-.380000  0.060000    0.0000001490837164
-.340000  0.060000    0.0000001752166403
-.300000  0.060000    0.0000001967010449
-.260000  0.060000    0.0000002129457539
-.220000  0.060000    0.0000002241965047
-.180000  0.060000    0.0000002296947158
-.140000  0.060000    0.0000002302991049
-.100000  0.060000    0.0000002283327876
-.060000  0.060000    0.0000000911237298
-.020000  0.060000    0.0000001386976997
0.020000  0.060000    0.0000001091758746
0.060000  0.060000    0.0000000383723645
0.100000  0.060000    0.0000000706016355
0.140000  0.060000    0.0000000113948680
0.180000  0.060000   -0.0000000454943489
0.220000  0.060000   -0.0000001024625861
0.260000  0.060000   -0.0000001605515073
0.300000  0.060000   -0.0000002190186192
0.340000  0.060000   -0.0000002762703865
0.380000  0.060000   -0.0000003368554389
0.420000  0.060000   -0.0000003819886397
0.460000  0.060000   -0.0000004566557080
0.500000  0.060000   -0.0000004500460159
0.540000  0.060000   -0.0000005989440750
0.580000  0.060000   -0.0000004970843974
0.620000  0.060000   -0.0000005711031945
0.660000  0.060000   -0.0000006333767673
0.700000  0.060000   -0.0000006568162380
0.740000  0.060000   -0.0000006294982287
0.780000  0.060000   -0.0000006325585376
0.820000  0.060000   -0.0000006005621924
0.860000  0.060000   -0.0000005311353184
0.900000  0.060000   -0.0000004201204409
0.940000  0.060000   -0.0000002695588489
0.980000  0.060000   -0.0000000834615751
-.780000  0.100000   -0.0000000155457178
-.740000  0.100000   -0.0000000666179621
-.700000  0.100000   -0.0000000621551859
-.660000  0.100000   -0.0000000757135707
-.620000  0.100000   -0.0000000769034465
-.580000  0.100000    0.0000000301983161
-.540000  0.100000    0.0000000696171619
-.500000  0.100000    0.0000001153801639
-.460000  0.100000    0.0000001664688401
-.420000  0.100000    0.0000002184509584
-.380000  0.100000    0.0000002687897453
-.340000  0.100000    0.0000003145954486
-.300000  0.100000    0.0000003538403141
-.260000  0.100000    0.0000003849993497
-.220000  0.100000    0.0000004080892508
-.180000  0.100000    0.0000004227213018
-.140000  0.100000    0.0000002971068759
-.100000  0.100000    0.0000003153559232
-.060000  0.100000    0.0000003433605137
-.020000  0.100000    0.0000002406509975
0.020000  0.100000    0.0000001892032620
0.060000  0.100000    0.0000001864701240
0.100000  0.100000    0.0000000619782001
0.140000  0.100000   -0.0000000366426512
0.180000  0.100000   -0.0000000233578591
0.220000  0.100000   -0.0000001297304004
0.260000  0.100000   -0.0000002323658790
0.300000  0.100000   -0.0000003356822116
0.340000  0.100000   -0.0000004329570513
0.380000  0.100000   -0.0000005352251757
0.420000  0.100000   -0.0000006133976614
0.460000  0.100000   -0.0000007292815574
0.500000  0.100000   -0.0000007622651033
0.540000  0.100000   -0.0000008472216038
0.580000  0.100000   -0.0000009522592503
0.620000  0.100000   -0.0000010360710874
0.660000  0.100000   -0.0000010655634803
0.700000  0.100000   -0.0000010550749002
0.740000  0.100000   -0.0000010927519041
0.780000  0.100000   -0.0000010268200845
0.820000  0.100000   -0.0000009729482519
0.860000  0.100000   -0.0000008550352651
0.900000  0.100000   -0.0000006643506549
0.940000  0.100000   -0.0000004434090356
0.980000  0.100000   -0.0000001154714816
-.780000  0.140000   -0.0000000141759116
-.740000  0.140000   -0.0000000788855732
-.700000  0.140000   -0.0000000724934068
-.660000  0.140000   -0.0000000877098416
-.620000  0.140000   -0.0000000840300919
-.580000  0.140000   -0.0000000624086177
-.540000  0.140000    0.0000001194543849
-.500000  0.140000    0.0000001872511537
-.460000  0.140000    0.0000002617464188
-.420000  0.140000    0.0000003375453125
-.380000  0.140000    0.0000004109494131
-.340000  0.140000    0.0000004778614235
-.300000  0.140000    0.0000005359065992
-.260000  0.140000    0.0000004217351791
-.220000  0.140000    0.0000004698107341
-.180000  0.140000    0.0000005089038965
-.140000  0.140000    0.0000005393062818
-.100000  0.140000    0.0000003897588486
-.060000  0.140000    0.0000004484393594
-.020000  0.140000    0.0000003388916426
0.020000  0.140000    0.0000002668716867
0.060000  0.140000    0.0000002301883700
0.100000  0.140000    0.0000000560606082
0.140000  0.140000    0.0000000451340368
0.180000  0.140000   -0.0000001115522995
0.220000  0.140000   -0.0000002597992237
0.260000  0.140000   -0.0000004052361371
0.300000  0.140000   -0.0000004015145262
0.340000  0.140000   -0.0000005447111050
0.380000  0.140000   -0.0000006882792289
0.420000  0.140000   -0.0000008168356747
0.460000  0.140000   -0.0000009351263221
0.500000  0.140000   -0.0000010704867845
0.540000  0.140000   -0.0000011304028844
0.580000  0.140000   -0.0000013464907274
0.620000  0.140000   -0.0000014137280346
0.660000  0.140000   -0.0000014349956432
0.700000  0.140000   -0.0000014224211252
0.740000  0.140000   -0.0000014782981983
0.780000  0.140000   -0.0000013804018162
0.820000  0.140000   -0.0000013016160355
0.860000  0.140000   -0.0000011311814848
0.900000  0.140000   -0.0000009057150930
0.940000  0.140000   -0.0000005287214377
0.980000  0.140000   -0.0000000541282737
-.780000  0.180000   -0.0000000130349555
-.740000  0.180000   -0.0000000793297019
-.700000  0.180000   -0.0000001487517841
-.660000  0.180000   -0.0000000842846846
-.620000  0.180000   -0.0000000727365713
-.580000  0.180000   -0.0000000368491077
-.540000  0.180000    0.0000000212426161
-.500000  0.180000    0.0000000976030707
-.460000  0.180000    0.0000001872328607
-.420000  0.180000    0.0000002845365096
-.380000  0.180000    0.0000003832823221
-.340000  0.180000    0.0000004789055640
-.300000  0.180000    0.0000005672156641
-.260000  0.180000    0.0000006446838788
-.220000  0.180000    0.0000007080543844
-.180000  0.180000    0.0000005586021477
-.140000  0.180000    0.0000006253614118
-.100000  0.180000    0.0000006768066937
-.060000  0.180000    0.0000005480112297
-.020000  0.180000    0.0000004298889102
0.020000  0.180000    0.0000003401348662
0.060000  0.180000    0.0000002739905957
0.100000  0.180000    0.0000002309388962
0.140000  0.180000    0.0000000046402550
0.180000  0.180000   -0.0000001975270594
0.220000  0.180000   -0.0000002211122598
0.260000  0.180000   -0.0000004233485983
0.300000  0.180000   -0.0000006163753873
0.340000  0.180000   -0.0000008039945038
0.380000  0.180000   -0.0000009815884109
0.420000  0.180000   -0.0000011546839327
0.460000  0.180000   -0.0000013038570275
0.500000  0.180000   -0.0000014457142102
0.540000  0.180000   -0.0000015741915149
0.580000  0.180000   -0.0000016643972315
0.620000  0.180000   -0.0000017258664038
0.660000  0.180000   -0.0000017557177436
0.700000  0.180000   -0.0000018785176176
0.740000  0.180000   -0.0000018078298401
0.780000  0.180000   -0.0000017798435693
0.820000  0.180000   -0.0000016499377173
0.860000  0.180000   -0.0000014107977924
0.900000  0.180000   -0.0000010316863668
0.940000  0.180000   -0.0000005844139066
0.980000  0.180000    0.0000000697404527
-.740000  0.220000   -0.0000001157895692
-.700000  0.220000   -0.0000001394282726
-.660000  0.220000   -0.0000001877218498
-.620000  0.220000   -0.0000000437841773
-.580000  0.220000    0.0000000091843155
-.540000  0.220000    0.0000000894243698
-.500000  0.220000    0.0000001912090753
-.460000  0.220000    0.0000003086149425
-.420000  0.220000    0.0000004342421165
-.380000  0.220000    0.0000005606882637
-.340000  0.220000    0.0000006810988692
-.300000  0.220000    0.0000007897031299
-.260000  0.220000    0.0000006580474254
-.220000  0.220000    0.0000007616140271
-.180000  0.220000    0.0000008445613092
-.140000  0.220000    0.0000006946518547
-.100000  0.220000    0.0000007772794444
-.060000  0.220000    0.0000006393475074
-.020000  0.220000    0.0000005122465448
0.020000  0.220000    0.0000004057828412
0.060000  0.220000    0.0000003149396818
0.100000  0.220000    0.0000002411636069
0.140000  0.220000   -0.0000000327076421
0.180000  0.220000   -0.0000000836016975
0.220000  0.220000   -0.0000003434261449
0.260000  0.220000   -0.0000005902183548
0.300000  0.220000   -0.0000006071179361
0.340000  0.220000   -0.0000008467852570
0.380000  0.220000   -0.0000010714902771
0.420000  0.220000   -0.0000012827051092
0.460000  0.220000   -0.0000014776329874
0.500000  0.220000   -0.0000016462002189
0.540000  0.220000   -0.0000017913569604
0.580000  0.220000   -0.0000019061614957
0.620000  0.220000   -0.0000019824490832
0.660000  0.220000   -0.0000021922539230
0.700000  0.220000   -0.0000021622995980
0.740000  0.220000   -0.0000022028672335
0.780000  0.220000   -0.0000020289991849
0.820000  0.220000   -0.0000018618369033
0.860000  0.220000   -0.0000015492625314
0.900000  0.220000   -0.0000011370503681
0.940000  0.220000   -0.0000005335303130
-.740000  0.260000   -0.0000000895965654
-.700000  0.260000   -0.0000002122262919
-.660000  0.260000   -0.0000001570287142
-.620000  0.260000   -0.0000001616789780
-.580000  0.260000   -0.0000001278490922
-.540000  0.260000   -0.0000000552029451
-.500000  0.260000    0.0000000504829993
-.460000  0.260000    0.0000001827450075
-.420000  0.260000    0.0000003320392102
-.380000  0.260000    0.0000004902999851
-.340000  0.260000    0.0000006482457833
-.300000  0.260000    0.0000007971935673
-.260000  0.260000    0.0000009289836331
-.220000  0.260000    0.0000007842364629
-.180000  0.260000    0.0000009094955527
-.140000  0.260000    0.0000007493898146
-.100000  0.260000    0.0000008648190108
-.060000  0.260000    0.0000007199202952
-.020000  0.260000    0.0000005848703380
0.020000  0.260000    0.0000004628539811
0.060000  0.260000    0.0000003510472550
0.100000  0.260000    0.0000002524020724
0.140000  0.260000   -0.0000000694993939
0.180000  0.260000   -0.0000001526274647
0.220000  0.260000   -0.0000004573705594
0.260000  0.260000   -0.0000005078728002
0.300000  0.260000   -0.0000008046633667
0.340000  0.260000   -0.0000010850556836
0.380000  0.260000   -0.0000013486836098
0.420000  0.260000   -0.0000015934371467
0.460000  0.260000   -0.0000018169798982
0.500000  0.260000   -0.0000020138127508
0.540000  0.260000   -0.0000021787557165
0.580000  0.260000   -0.0000023030127498
0.620000  0.260000   -0.0000023829893071
0.660000  0.260000   -0.0000024068192965
0.700000  0.260000   -0.0000025367929135
0.740000  0.260000   -0.0000024106158253
0.780000  0.260000   -0.0000023189236132
0.820000  0.260000   -0.0000020810043390
0.860000  0.260000   -0.0000016715989388
0.900000  0.260000   -0.0000011352760444
0.940000  0.260000   -0.0000004324664863
-.740000  0.300000   -0.0000000912661615
-.700000  0.300000   -0.0000001679974736
-.660000  0.300000   -0.0000002555927878
-.620000  0.300000   -0.0000001017968583
-.580000  0.300000   -0.0000000476363276
-.540000  0.300000    0.0000000505128331
-.500000  0.300000    0.0000001846581361
-.460000  0.300000    0.0000003465019264
-.420000  0.300000    0.0000005252162696
-.380000  0.300000    0.0000007097491072
-.340000  0.300000    0.0000005724408557
-.300000  0.300000    0.0000007659997125
-.260000  0.300000    0.0000009430078475
-.220000  0.300000    0.0000010925050854
-.180000  0.300000    0.0000009528305849
-.140000  0.300000    0.0000010833806038
-.100000  0.300000    0.0000009387092106
-.060000  0.300000    0.0000007894264924
-.020000  0.300000    0.0000006460259476
0.020000  0.300000    0.0000005118457636
0.060000  0.300000    0.0000003824792348
0.100000  0.300000    0.0000002621357838
0.140000  0.300000    0.0000001574739866
0.180000  0.300000   -0.0000002145698845
0.220000  0.300000   -0.0000002917268535
0.260000  0.300000   -0.0000006474736306
0.300000  0.300000   -0.0000009856444876
0.340000  0.300000   -0.0000013049172724
0.380000  0.300000   -0.0000013281213419
0.420000  0.300000   -0.0000016163441372
0.460000  0.300000   -0.0000018755973749
0.500000  0.300000   -0.0000021017542448
0.540000  0.300000   -0.0000022882187524
0.580000  0.300000   -0.0000024259599685
0.620000  0.300000   -0.0000025064720752
0.660000  0.300000   -0.0000027482918115
0.700000  0.300000   -0.0000026776424434
0.740000  0.300000   -0.0000026799516271
0.780000  0.300000   -0.0000023885006717
0.820000  0.300000   -0.0000020865631846
0.860000  0.300000   -0.0000016874907365
0.900000  0.300000   -0.0000009895420123
0.940000  0.300000   -0.0000000777424701
-.740000  0.340000   -0.0000000389798700
-.700000  0.340000   -0.0000002034305618
-.660000  0.340000   -0.0000001873846021
-.620000  0.340000   -0.0000002138115872
-.580000  0.340000   -0.0000001853502357
-.540000  0.340000   -0.0000001015266868
-.500000  0.340000    0.0000000323550586
-.460000  0.340000    0.0000002069971733
-.420000  0.340000    0.0000004098673736
-.380000  0.340000    0.0000006280284216
-.340000  0.340000    0.0000008468190118
-.300000  0.340000    0.0000007030048249
-.260000  0.340000    0.0000009277414499
-.220000  0.340000    0.0000011225426658
-.180000  0.340000    0.0000009770900068
-.140000  0.340000    0.0000011469815314
-.100000  0.340000    0.0000009986416708
-.060000  0.340000    0.0000008461075632
-.020000  0.340000    0.0000006969886966
0.020000  0.340000    0.0000005515550840
0.060000  0.340000    0.0000004091050885
0.100000  0.340000    0.0000002711501608
0.140000  0.340000    0.0000001458015725
0.180000  0.340000   -0.0000002700515151
0.220000  0.340000   -0.0000003742202421
0.260000  0.340000   -0.0000007715439611
0.300000  0.340000   -0.0000011480521919
0.340000  0.340000   -0.0000012053762742
0.380000  0.340000   -0.0000015533217904
0.420000  0.340000   -0.0000018709028615
0.460000  0.340000   -0.0000021535580130
0.500000  0.340000   -0.0000023969521834
0.540000  0.340000   -0.0000025926057518
0.580000  0.340000   -0.0000027319993279
0.620000  0.340000   -0.0000028039827273
0.660000  0.340000   -0.0000027956269233
0.700000  0.340000   -0.0000029127019635
0.740000  0.340000   -0.0000026871866048
0.780000  0.340000   -0.0000024932754218
0.820000  0.340000   -0.0000020874105819
0.860000  0.340000   -0.0000015576131014
0.900000  0.340000   -0.0000007883873051
0.940000  0.340000    0.0000004074006871
-.700000  0.380000   -0.0000002070847016
-.660000  0.380000   -0.0000002479331206
-.620000  0.380000   -0.0000003196956174
-.580000  0.380000   -0.0000003270150023
-.540000  0.380000   -0.0000002653212119
-.500000  0.380000   -0.0000001389204039
-.460000  0.380000    0.0000000431363792
-.420000  0.380000    0.0000002665198140
-.380000  0.380000    0.0000005156865660
-.340000  0.380000    0.0000007728653299
-.300000  0.380000    0.0000010216234518
-.260000  0.380000    0.0000008881873198
-.220000  0.380000    0.0000011296867203
-.180000  0.380000    0.0000009832041423
-.140000  0.380000    0.0000011938847063
-.100000  0.380000    0.0000010449236961
-.060000  0.380000    0.0000008910816166
-.020000  0.380000    0.0000007374346338
0.020000  0.380000    0.0000005839101199
0.060000  0.380000    0.0000004317080749
0.100000  0.380000    0.0000002808162139
0.140000  0.380000    0.0000001389465979
0.180000  0.380000   -0.0000003182447545
0.220000  0.380000   -0.0000004423285601
0.260000  0.380000   -0.0000008772043448
0.300000  0.380000   -0.0000009606713114
0.340000  0.380000   -0.0000013676526809
0.380000  0.380000   -0.0000017437998063
0.420000  0.380000   -0.0000020853851188
0.460000  0.380000   -0.0000023854141500
0.500000  0.380000   -0.0000026395537117
0.540000  0.380000   -0.0000028374910354
0.580000  0.380000   -0.0000029703155434
0.620000  0.380000   -0.0000030241057092
0.660000  0.380000   -0.0000029849068303
0.700000  0.380000   -0.0000030500734127
0.740000  0.380000   -0.0000027567556751
0.780000  0.380000   -0.0000024691043969
0.820000  0.380000   -0.0000019357612977
0.860000  0.380000   -0.0000012365926927
0.900000  0.380000   -0.0000003189509320
-.700000  0.420000   -0.0000001051818477
-.660000  0.420000   -0.0000002795117195
-.620000  0.420000   -0.0000004045704561
-.580000  0.420000   -0.0000001785115564
-.540000  0.420000   -0.0000000899644990
-.500000  0.420000    0.0000000644413342
-.460000  0.420000    0.0000002731712753
-.420000  0.420000    0.0000005203409933
-.380000  0.420000    0.0000003830017193
-.340000  0.420000    0.0000006762955137
-.300000  0.420000    0.0000009660423174
-.260000  0.420000    0.0000008296890379
-.220000  0.420000    0.0000011166787427
-.180000  0.420000    0.0000009728425148
-.140000  0.420000    0.0000012249504262
-.100000  0.420000    0.0000010783092516
-.060000  0.420000    0.0000009249720166
-.020000  0.420000    0.0000007685703004
0.020000  0.420000    0.0000006111514776
0.060000  0.420000    0.0000004516239931
0.100000  0.420000    0.0000002928374285
0.140000  0.420000    0.0000001397156000
0.180000  0.420000   -0.0000003558696704
0.220000  0.420000   -0.0000004920153003
0.260000  0.420000   -0.0000009623435923
0.300000  0.420000   -0.0000010603605748
0.340000  0.420000   -0.0000014956195386
0.380000  0.420000   -0.0000018948022607
0.420000  0.420000   -0.0000018975633423
0.460000  0.420000   -0.0000022284613376
0.500000  0.420000   -0.0000024998355417
0.540000  0.420000   -0.0000027058848322
0.580000  0.420000   -0.0000028317548224
0.620000  0.420000   -0.0000031531793435
0.660000  0.420000   -0.0000030694978438
0.700000  0.420000   -0.0000028487498934
0.740000  0.420000   -0.0000026907504371
0.780000  0.420000   -0.0000022890195851
0.820000  0.420000   -0.0000017662175181
0.860000  0.420000   -0.0000008384154955
0.900000  0.420000    0.0000004053832607
-.700000  0.460000   -0.0000000693780976
-.660000  0.460000   -0.0000002674463921
-.620000  0.460000   -0.0000004504532254
-.580000  0.460000   -0.0000002703229693
-.540000  0.460000   -0.0000002113379924
-.500000  0.460000   -0.0000000730212941
-.460000  0.460000    0.0000001341469861
-.420000  0.460000    0.0000003935428112
-.380000  0.460000    0.0000002402594628
-.340000  0.460000    0.0000005642907565
-.300000  0.460000    0.0000008920254199
-.260000  0.460000    0.0000007564285576
-.220000  0.460000    0.0000010869544704
-.180000  0.460000    0.0000009491109347
-.140000  0.460000    0.0000012430500592
-.100000  0.460000    0.0000011003552314
-.060000  0.460000    0.0000009495912358
-.020000  0.460000    0.0000007936180688
0.020000  0.460000    0.0000006355865271
0.060000  0.460000    0.0000004734857924
0.100000  0.460000    0.0000003109794500
0.140000  0.460000    0.0000001523361058
0.180000  0.460000   -0.0000003785902839
0.220000  0.460000   -0.0000005202526600
0.260000  0.460000   -0.0000010219538290
0.300000  0.460000   -0.0000011249800511
0.340000  0.460000   -0.0000015831800179
0.380000  0.460000   -0.0000019994387503
0.420000  0.460000   -0.0000020020138001
0.460000  0.460000   -0.0000023377710278
0.500000  0.460000   -0.0000026041933426
0.540000  0.460000   -0.0000027955941007
0.580000  0.460000   -0.0000028937874620
0.620000  0.460000   -0.0000031759828219
0.660000  0.460000   -0.0000030312225645
0.700000  0.460000   -0.0000029578591838
0.740000  0.460000   -0.0000024606883985
0.780000  0.460000   -0.0000019132549127
0.820000  0.460000   -0.0000012014478918
0.860000  0.460000   -0.0000002976557738
-.660000  0.500000   -0.0000002024842952
-.620000  0.500000   -0.0000004442620424
-.580000  0.500000   -0.0000003312580972
-.540000  0.500000   -0.0000003100439336
-.500000  0.500000   -0.0000001968176516
-.460000  0.500000   -0.0000000001164443
-.420000  0.500000    0.0000002632079472
-.380000  0.500000    0.0000000979476766
-.340000  0.500000    0.0000004454061417
-.300000  0.500000    0.0000008057757793
-.260000  0.500000    0.0000006739747831
-.220000  0.500000    0.0000010449731294
-.180000  0.500000    0.0000009151559830
-.140000  0.500000    0.0000012499935356
-.100000  0.500000    0.0000011135235678
-.060000  0.500000    0.0000009683610061
-.020000  0.500000    0.0000008170537074
0.020000  0.500000    0.0000006609732265
0.060000  0.500000    0.0000005008399186
0.100000  0.500000    0.0000003386309565
0.140000  0.500000    0.0000001808415801
0.180000  0.500000   -0.0000003814692678
0.220000  0.500000   -0.0000005210968368
0.260000  0.500000   -0.0000010484395895
0.300000  0.500000   -0.0000011472851750
0.340000  0.500000   -0.0000016220328743
0.380000  0.500000   -0.0000020475013349
0.420000  0.500000   -0.0000020381756315
0.460000  0.500000   -0.0000023685622655
0.500000  0.500000   -0.0000026202549866
0.540000  0.500000   -0.0000027844170683
0.580000  0.500000   -0.0000028410583168
0.620000  0.500000   -0.0000030734804665
0.660000  0.500000   -0.0000028475075624
0.700000  0.500000   -0.0000026800334760
0.740000  0.500000   -0.0000022556950841
0.780000  0.500000   -0.0000015131314463
0.820000  0.500000   -0.0000004995208201
0.860000  0.500000    0.0000006865782388
-.660000  0.540000   -0.0000000834429969
-.620000  0.540000   -0.0000003743205791
-.580000  0.540000   -0.0000003484407912
-.540000  0.540000   -0.0000003725240961
-.500000  0.540000   -0.0000002936096747
-.460000  0.540000   -0.0000001176926485
-.420000  0.540000    0.0000001405575835
-.380000  0.540000   -0.0000000336900620
-.340000  0.540000    0.0000003281245254
-.300000  0.540000    0.0000007139457196
-.260000  0.540000    0.0000005887561540
-.220000  0.540000    0.0000009952874435
-.180000  0.540000    0.0000008751219787
-.140000  0.540000    0.0000012503985311
-.100000  0.540000    0.0000011227199254
-.060000  0.540000    0.0000009859532682
-.020000  0.540000    0.0000008423981371
0.020000  0.540000    0.0000006927129582
0.060000  0.540000    0.0000005392651320
0.100000  0.540000    0.0000003832404109
0.140000  0.540000    0.0000002317612102
0.180000  0.540000   -0.0000003560530234
0.220000  0.540000   -0.0000004862780021
0.260000  0.540000   -0.0000010337949905
0.300000  0.540000   -0.0000011190933540
0.340000  0.540000   -0.0000016027659173
0.380000  0.540000   -0.0000020297530336
0.420000  0.540000   -0.0000019935565572
0.460000  0.540000   -0.0000023083533341
0.500000  0.540000   -0.0000025317294860
0.540000  0.540000   -0.0000026533938799
0.580000  0.540000   -0.0000026517808681
0.620000  0.540000   -0.0000028208879697
0.660000  0.540000   -0.0000024860152053
0.700000  0.540000   -0.0000021976042739
0.740000  0.540000   -0.0000015977849210
0.780000  0.540000   -0.0000008188730788
0.820000  0.540000    0.0000002442133379
-.620000  0.580000   -0.0000002370683200
-.580000  0.580000   -0.0000005173415235
-.540000  0.580000   -0.0000003870405156
-.500000  0.580000   -0.0000003515304459
-.460000  0.580000   -0.0000002059911002
-.420000  0.580000    0.0000000353979664
-.380000  0.580000   -0.0000001433094391
-.340000  0.580000    0.0000002223471751
-.300000  0.580000    0.0000006243405770
-.260000  0.580000    0.0000005079652848
-.220000  0.580000    0.0000009438418032
-.180000  0.580000    0.0000008357789615
-.140000  0.580000    0.0000007164375097
-.100000  0.580000    0.0000011334599513
-.060000  0.580000    0.0000010085594874
-.020000  0.580000    0.0000008761680046
0.020000  0.580000    0.0000007376436359
0.060000  0.580000    0.0000005953488714
0.100000  0.580000    0.0000004513554224
0.140000  0.580000   -0.0000001652735060
0.180000  0.580000   -0.0000002940738381
0.220000  0.580000   -0.0000004074990350
0.260000  0.580000   -0.0000009665308596
0.300000  0.580000   -0.0000010280930643
0.340000  0.580000   -0.0000015120859377
0.380000  0.580000   -0.0000019305230924
0.420000  0.580000   -0.0000018525312180
0.460000  0.580000   -0.0000021379616969
0.500000  0.580000   -0.0000023190054892
0.540000  0.580000   -0.0000023800512081
0.580000  0.580000   -0.0000026465695165
0.620000  0.580000   -0.0000023836174008
0.660000  0.580000   -0.0000021994716561
0.700000  0.580000   -0.0000017220742641
0.740000  0.580000   -0.0000008642496807
0.780000  0.580000    0.0000000814891485
-.620000  0.620000   -0.0000000729220003
-.580000  0.620000   -0.0000003644159711
-.540000  0.620000   -0.0000005983654424
-.500000  0.620000   -0.0000007012553730
-.460000  0.620000   -0.0000006651255095
-.420000  0.620000   -0.0000004979587989
-.380000  0.620000   -0.0000002214644672
-.340000  0.620000    0.0000001365997174
-.300000  0.620000    0.0000005452137017
-.260000  0.620000    0.0000004393621624
-.220000  0.620000    0.0000008980174918
-.180000  0.620000    0.0000008041835478
-.140000  0.620000    0.0000006989266179
-.100000  0.620000    0.0000005913364503
-.060000  0.620000    0.0000010430348725
-.020000  0.620000    0.0000009256891800
0.020000  0.620000    0.0000008035395606
0.060000  0.620000    0.0000006776353305
0.100000  0.620000    0.0000000338650534
0.140000  0.620000   -0.0000000786386370
0.180000  0.620000   -0.0000001836933035
0.220000  0.620000   -0.0000002714416097
0.260000  0.620000   -0.0000008336135937
0.300000  0.620000   -0.0000008604585918
0.340000  0.620000   -0.0000013335433977
0.380000  0.620000   -0.0000017318903287
0.420000  0.620000   -0.0000020461696155
0.460000  0.620000   -0.0000022589494487
0.500000  0.620000   -0.0000023581711799
0.540000  0.620000   -0.0000023211430067
0.580000  0.620000   -0.0000021207248951
0.620000  0.620000   -0.0000020368163488
0.660000  0.620000   -0.0000013665536808
0.700000  0.620000   -0.0000009475846888
0.740000  0.620000    0.0000000344546040
0.780000  0.620000    0.0000012828452882
-.580000  0.660000   -0.0000002266292510
-.540000  0.660000   -0.0000004317882682
-.500000  0.660000   -0.0000005964748070
-.460000  0.660000   -0.0000006183833506
-.420000  0.660000   -0.0000004999604605
-.380000  0.660000   -0.0000002581462245
-.340000  0.660000    0.0000000802784130
-.300000  0.660000   -0.0000000635945926
-.260000  0.660000    0.0000003918109626
-.220000  0.660000    0.0000002838967797
-.180000  0.660000    0.0000007878958225
-.140000  0.660000    0.0000006996408563
-.100000  0.660000    0.0000006086728833
-.060000  0.660000    0.0000005160660361
-.020000  0.660000    0.0000004237111314
0.020000  0.660000    0.0000003303568243
0.060000  0.660000    0.0000002371573893
0.100000  0.660000    0.0000001467431308
0.140000  0.660000    0.0000000619765386
0.180000  0.660000   -0.0000000122978121
0.220000  0.660000   -0.0000005958412280
0.260000  0.660000   -0.0000006185318836
0.300000  0.660000   -0.0000011117160529
0.340000  0.660000   -0.0000010469564418
0.380000  0.660000   -0.0000014107547090
0.420000  0.660000   -0.0000016775196804
0.460000  0.660000   -0.0000018265289567
0.500000  0.660000   -0.0000018415230298
0.540000  0.660000   -0.0000016926379347
0.580000  0.660000   -0.0000017091418430
0.620000  0.660000   -0.0000011024960345
0.660000  0.660000   -0.0000008226761211
0.700000  0.660000   -0.0000000173589902
0.740000  0.660000    0.0000014450497500
-.540000  0.700000   -0.0000003180261550
-.500000  0.700000   -0.0000006643398478
-.460000  0.700000   -0.0000008515091901
-.420000  0.700000   -0.0000004425741513
-.380000  0.700000   -0.0000007252225759
-.340000  0.700000   -0.0000004487833464
-.300000  0.700000   -0.0000000708688100
-.260000  0.700000   -0.0000002169152783
-.220000  0.700000    0.0000002823818544
-.180000  0.700000    0.0000001866979291
-.140000  0.700000    0.0000007283834720
-.100000  0.700000    0.0000006582274001
-.060000  0.700000    0.0000005865590997
-.020000  0.700000    0.0000005162024023
0.020000  0.700000    0.0000004466396273
0.060000  0.700000    0.0000003804330021
0.100000  0.700000    0.0000003207512588
0.140000  0.700000    0.0000002705336027
0.180000  0.700000   -0.0000003283457716
0.220000  0.700000   -0.0000003321108628
0.260000  0.700000   -0.0000008397267556
0.300000  0.700000   -0.0000007653335034
0.340000  0.700000   -0.0000011449762417
0.380000  0.700000   -0.0000014277417782
0.420000  0.700000   -0.0000011343644807
0.460000  0.700000   -0.0000016327641851
0.500000  0.700000   -0.0000015145765142
0.540000  0.700000   -0.0000012033786569
0.580000  0.700000   -0.0000010204291945
0.620000  0.700000   -0.0000004919493151
0.660000  0.700000    0.0000001929607767
0.700000  0.700000    0.0000013803247712
-.500000  0.740000   -0.0000004799577629
-.460000  0.740000   -0.0000005764193522
-.420000  0.740000   -0.0000006649611723
-.380000  0.740000   -0.0000005897184059
-.340000  0.740000   -0.0000003691442701
-.300000  0.740000   -0.0000005741166749
-.260000  0.740000   -0.0000001597651700
-.220000  0.740000   -0.0000002887032497
-.180000  0.740000    0.0000002468208059
-.140000  0.740000    0.0000001750836345
-.100000  0.740000    0.0000001124003730
-.060000  0.740000    0.0000007049015397
-.020000  0.740000    0.0000006630934526
0.020000  0.740000    0.0000006243043997
0.060000  0.740000    0.0000005919840917
0.100000  0.740000   -0.0000000363432663
0.140000  0.740000   -0.0000000316300228
0.180000  0.740000   -0.0000000078147499
0.220000  0.740000   -0.0000005247024145
0.260000  0.740000   -0.0000004251244295
0.300000  0.740000   -0.0000008148496505
0.340000  0.740000   -0.0000005923573941
0.380000  0.740000   -0.0000007995673963
0.420000  0.740000   -0.0000008740987400
0.460000  0.740000   -0.0000007868919320
0.500000  0.740000   -0.0000009349907093
0.540000  0.740000   -0.0000004016620223
0.580000  0.740000    0.0000000663893292
0.620000  0.740000    0.0000006791895742
0.660000  0.740000    0.0000018620142854
-.460000  0.780000   -0.0000004014774226
-.420000  0.780000   -0.0000006694713034
-.380000  0.780000   -0.0000007522314668
-.340000  0.780000   -0.0000006583046162
-.300000  0.780000   -0.0000004119978259
-.260000  0.780000   -0.0000005989723255
-.220000  0.780000   -0.0000001529289666
-.180000  0.780000   -0.0000002509199725
-.140000  0.780000    0.0000003137490319
-.100000  0.780000    0.0000002768444091
-.060000  0.780000    0.0000002519182034
-.020000  0.780000    0.0000002395866917
0.020000  0.780000    0.0000002413673044
0.060000  0.780000    0.0000002601299059
0.100000  0.780000    0.0000002962563199
0.140000  0.780000    0.0000003529535870
0.180000  0.780000   -0.0000001662116882
0.220000  0.780000   -0.0000000320508742
0.260000  0.780000   -0.0000004227723452
0.300000  0.780000   -0.0000001693732246
0.340000  0.780000   -0.0000003764980398
0.380000  0.780000   -0.0000004514195157
0.420000  0.780000   -0.0000003663902856
0.460000  0.780000   -0.0000000861443601
0.500000  0.780000   -0.0000000035469948
0.540000  0.780000    0.0000004547899471
0.580000  0.780000    0.0000010893594920
0.620000  0.780000    0.0000020729216112
-.420000  0.820000   -0.0000005626804212
-.380000  0.820000   -0.0000006576240453
-.340000  0.820000   -0.0000007267498115
-.300000  0.820000   -0.0000006125013653
-.260000  0.820000   -0.0000008599956573
-.220000  0.820000   -0.0000004916364444
-.180000  0.820000   -0.0000006190362619
-.140000  0.820000   -0.0000000749656793
-.100000  0.820000   -0.0000001074438461
-.060000  0.820000   -0.0000001152516207
-.020000  0.820000   -0.0000000973054228
0.020000  0.820000   -0.0000000512467762
0.060000  0.820000    0.0000000212737468
0.100000  0.820000    0.0000001212223314
0.140000  0.820000    0.0000002522712985
0.180000  0.820000   -0.0000001881554064
0.220000  0.820000    0.0000000430418202
0.260000  0.820000   -0.0000002400230790
0.300000  0.820000    0.0000001413986922
0.340000  0.820000    0.0000000810324338
0.380000  0.820000    0.0000001826557010
0.420000  0.820000    0.0000000036758632
0.460000  0.820000    0.0000005817379345
0.500000  0.820000    0.0000010944809431
0.540000  0.820000    0.0000015089008959
-.380000  0.860000   -0.0000003920911359
-.340000  0.860000   -0.0000007841905336
-.300000  0.860000   -0.0000009311124022
-.260000  0.860000   -0.0000008615611579
-.220000  0.860000   -0.0000006141650888
-.180000  0.860000   -0.0000007739025991
-.140000  0.860000   -0.0000002930589042
-.100000  0.860000   -0.0000003243200418
-.060000  0.860000   -0.0000003177055619
-.020000  0.860000   -0.0000002706797308
0.020000  0.860000   -0.0000001820781665
0.060000  0.860000   -0.0000000537349873
0.100000  0.860000    0.0000001163447103
0.140000  0.860000    0.0000003319964621
0.180000  0.860000   -0.0000000018438184
0.220000  0.860000    0.0000003454843540
0.260000  0.860000    0.0000002047991263
0.300000  0.860000    0.0000002026670501
0.340000  0.860000    0.0000003701153391
0.380000  0.860000    0.0000007514121226
0.420000  0.860000    0.0000009565886429
0.460000  0.860000    0.0000012526552853
0.500000  0.860000    0.0000022012425193
-.340000  0.900000   -0.0000001823968264
-.300000  0.900000   -0.0000006441411943
-.260000  0.900000   -0.0000008722764886
-.220000  0.900000   -0.0000008529165338
-.180000  0.900000   -0.0000006350177372
-.140000  0.900000   -0.0000007701597710
-.100000  0.900000   -0.0000002909756606
-.060000  0.900000   -0.0000002701587928
-.020000  0.900000   -0.0000001949194255
0.020000  0.900000   -0.0000000636112384
0.060000  0.900000    0.0000001242123932
0.100000  0.900000    0.0000003711710898
0.140000  0.900000    0.0000000996322693
0.180000  0.900000    0.0000004983492821
0.220000  0.900000    0.0000004333338260
0.260000  0.900000    0.0000005189493065
0.300000  0.900000    0.0000007939547790
0.340000  0.900000    0.0000008516654428
0.380000  0.900000    0.0000013631139687
0.420000  0.900000    0.0000021220739147
-.260000  0.940000   -0.0000003030040770
-.220000  0.940000   -0.0000006800499917
-.180000  0.940000   -0.0000008064123636
-.140000  0.940000   -0.0000006796743528
-.100000  0.940000   -0.0000008058262387
-.060000  0.940000   -0.0000003555689070
-.020000  0.940000   -0.0000002707958746
0.020000  0.940000   -0.0000001035303486
0.060000  0.940000    0.0000001488714538
0.100000  0.940000   -0.0000000262507633
0.140000  0.940000    0.0000004209796414
0.180000  0.940000    0.0000004935449705
0.220000  0.940000    0.0000007509553227
0.260000  0.940000    0.0000008343216119
0.300000  0.940000    0.0000014237265457
0.340000  0.940000    0.0000023331731146
-.140000  0.980000   -0.0000003780465772
-.100000  0.980000   -0.0000006861168539
-.060000  0.980000   -0.0000005954696609
-.020000  0.980000   -0.0000002497146979
0.020000  0.980000   -0.0000000569113082
0.060000  0.980000   -0.0000000661318207
0.100000  0.980000    0.0000001125256483
0.140000  0.980000    0.0000005622593161
0.180000  0.980000    0.0000010371712910
