-.140000  -.980000   0.16836883289050933
-.100000  -.980000   0.14117612179874361
-.060000  -.980000   0.12262168603600930
-.020000  -.980000   0.10901064691116231
0.020000  -.980000   0.10395192489174365
0.060000  -.980000   0.10542132468768597
0.100000  -.980000   0.10830677035448942
0.140000  -.980000   0.11399025118959054
0.180000  -.980000   0.13642626978243791
-.260000  -.940000   0.14110041007807342
-.220000  -.940000   0.10997586910785456
-.180000  -.940000   0.09473176893621796
-.140000  -.940000   0.08300635608505320
-.100000  -.940000   0.07809593478361264
-.060000  -.940000   0.06989744137294078
-.020000  -.940000   0.06664624329283138
0.020000  -.940000   0.06390376615003704
0.060000  -.940000   0.06169505704216969
0.100000  -.940000   0.06279802077432636
0.140000  -.940000   0.06168094873653677
0.180000  -.940000   0.06383758902526959
0.220000  -.940000   0.06693248218345037
0.260000  -.940000   0.07403356065542251
0.300000  -.940000   0.08502469079139781
0.340000  -.940000   0.13596778588079295
-.340000  -.900000   0.12412449969834238
-.300000  -.900000   0.09653982941520882
-.260000  -.900000   0.08326738178492993
-.220000  -.900000   0.07282232098359596
-.180000  -.900000   0.06429045432362215
-.140000  -.900000   0.06077365577818290
-.100000  -.900000   0.05425823117434721
-.060000  -.900000   0.05156399434256610
-.020000  -.900000   0.04911695236888905
0.020000  -.900000   0.04696122510427088
0.060000  -.900000   0.04513353197947936
0.100000  -.900000   0.04366617417290929
0.140000  -.900000   0.04457123770623176
0.180000  -.900000   0.04386030579127597
0.220000  -.900000   0.04547361348109733
0.260000  -.900000   0.04760030629185340
0.300000  -.900000   0.05050101767169635
0.340000  -.900000   0.05625574356028900
0.380000  -.900000   0.06457499754468574
0.420000  -.900000   0.08488112296759939
-.420000  -.860000   0.12316192141668798
-.380000  -.860000   0.09397001992522329
-.340000  -.860000   0.08069858985888952
-.300000  -.860000   0.07032440297876104
-.260000  -.860000   0.06183330785195273
-.220000  -.860000   0.05467917031657660
-.180000  -.860000   0.05170692944543657
-.140000  -.860000   0.04597064838183207
-.100000  -.860000   0.04345765473800536
-.060000  -.860000   0.04108263672155305
-.020000  -.860000   0.03889990058948253
0.020000  -.860000   0.03695387471231857
0.060000  -.860000   0.03527908083476033
0.100000  -.860000   0.03390027576625845
0.140000  -.860000   0.03283891149433384
0.180000  -.860000   0.03363994089460402
0.220000  -.860000   0.03323227357851674
0.260000  -.860000   0.03467242722381316
0.300000  -.860000   0.03651727244024599
0.340000  -.860000   0.03889868294736484
0.380000  -.860000   0.04205946370767666
0.420000  -.860000   0.04773288126806900
0.460000  -.860000   0.05729637345208771
0.500000  -.860000   0.08045940921090962
-.460000  -.820000   0.10174397054194802
-.420000  -.820000   0.08601572027897544
-.380000  -.820000   0.06874623527861609
-.340000  -.820000   0.06039601388525982
-.300000  -.820000   0.05336780552764853
-.260000  -.820000   0.05058272696912061
-.220000  -.820000   0.04479445817121345
-.180000  -.820000   0.04221547585499742
-.140000  -.820000   0.03743354896419217
-.100000  -.820000   0.03517169184972321
-.060000  -.820000   0.03301951653319871
-.020000  -.820000   0.03103712298636046
0.020000  -.820000   0.02926520009636523
0.060000  -.820000   0.02773608297435365
0.100000  -.820000   0.02647066489643425
0.140000  -.820000   0.02548347933895678
0.180000  -.820000   0.02601464147688987
0.220000  -.820000   0.02558109711863252
0.260000  -.820000   0.02666900944049991
0.300000  -.820000   0.02688285735938320
0.340000  -.820000   0.02865995226149462
0.380000  -.820000   0.03087274482221441
0.420000  -.820000   0.03473655390365961
0.460000  -.820000   0.03840227130282918
0.500000  -.820000   0.04469166404453755
0.540000  -.820000   0.05700793790611372
-.500000  -.780000   0.09365022475013808
-.460000  -.780000   0.07322611186026153
-.420000  -.780000   0.06399682447770229
-.380000  -.780000   0.05643411277053822
-.340000  -.780000   0.04998460866818596
-.300000  -.780000   0.04436339805149279
-.260000  -.780000   0.04198008367652785
-.220000  -.780000   0.03716872608733079
-.180000  -.780000   0.03483810854432494
-.140000  -.780000   0.03082622925642865
-.100000  -.780000   0.02875103871784447
-.060000  -.780000   0.02677439923991048
-.020000  -.780000   0.02494983010059929
0.020000  -.780000   0.02332320319048374
0.060000  -.780000   0.02192397333060966
0.100000  -.780000   0.02077125722822435
0.140000  -.780000   0.01987645546003525
0.180000  -.780000   0.02017723683834414
0.220000  -.780000   0.01979278670298537
0.260000  -.780000   0.02065784351525403
0.300000  -.780000   0.02081443092436659
0.340000  -.780000   0.02226010544415286
0.380000  -.780000   0.02402818899036413
0.420000  -.780000   0.02616213247913608
0.460000  -.780000   0.02878018814061146
0.500000  -.780000   0.03300736435526373
0.540000  -.780000   0.03835868929310095
0.580000  -.780000   0.04713970604122778
0.620000  -.780000   0.07266819303359447
-.540000  -.740000   0.08705182903217375
-.500000  -.740000   0.07450630248553426
-.460000  -.740000   0.05992770018079444
-.420000  -.740000   0.05309297706646941
-.380000  -.740000   0.04721218737046069
-.340000  -.740000   0.04203328875329574
-.300000  -.740000   0.03985567443335365
-.260000  -.740000   0.03530628116325498
-.220000  -.740000   0.03302517995467114
-.180000  -.740000   0.02915255871389419
-.140000  -.740000   0.02700611417352571
-.100000  -.740000   0.02492573397641386
-.060000  -.740000   0.02204333660910157
-.020000  -.740000   0.02035364028815075
0.020000  -.740000   0.01884676302710392
0.060000  -.740000   0.01755501185679210
0.100000  -.740000   0.01714620602319985
0.140000  -.740000   0.01631556899078660
0.180000  -.740000   0.01574741924934938
0.220000  -.740000   0.01617863208551611
0.260000  -.740000   0.01611079959595976
0.300000  -.740000   0.01710588667171530
0.340000  -.740000   0.01752200818435476
0.380000  -.740000   0.01903835651825059
0.420000  -.740000   0.02083621919682213
0.460000  -.740000   0.02295396138122791
0.500000  -.740000   0.02630788791055997
0.540000  -.740000   0.02942752621879580
0.580000  -.740000   0.03429282289380350
0.620000  -.740000   0.04191330334521514
0.660000  -.740000   0.05912155680928241
-.580000  -.700000   0.08965406122877533
-.540000  -.700000   0.06973217975853771
-.500000  -.700000   0.06121607057423390
-.460000  -.700000   0.05425259748519717
-.420000  -.700000   0.04484469951984225
-.380000  -.700000   0.04296427801605441
-.340000  -.700000   0.03822523561121634
-.300000  -.700000   0.03397578050806309
-.260000  -.700000   0.03182238790486708
-.220000  -.700000   0.02810943611120097
-.180000  -.700000   0.02595475466108495
-.140000  -.700000   0.02289054842878032
-.100000  -.700000   0.02095626296000657
-.060000  -.700000   0.01913360682873681
-.020000  -.700000   0.01746330614781885
0.020000  -.700000   0.01598885258709275
0.060000  -.700000   0.01474156538193113
0.100000  -.700000   0.01374068617650419
0.140000  -.700000   0.01299729586856407
0.180000  -.700000   0.01295811412517606
0.220000  -.700000   0.01272915080453908
0.260000  -.700000   0.01334053340007437
0.300000  -.700000   0.01357662120468652
0.340000  -.700000   0.01471307583205611
0.380000  -.700000   0.01609617929131699
0.420000  -.700000   0.01695474582239803
0.460000  -.700000   0.01953318382564872
0.500000  -.700000   0.02164682603687964
0.540000  -.700000   0.02413059965562863
0.580000  -.700000   0.02781160794612440
0.620000  -.700000   0.03235907378453381
0.660000  -.700000   0.03937652464421210
0.700000  -.700000   0.05488307567943263
-.620000  -.660000   0.08483405960984791
-.580000  -.660000   0.07163459752155601
-.540000  -.660000   0.05754542203897036
-.500000  -.660000   0.05132315244991737
-.460000  -.660000   0.04598092237581121
-.420000  -.660000   0.04123070768604542
-.380000  -.660000   0.03693465955025661
-.340000  -.660000   0.03302947674385652
-.300000  -.660000   0.03106699685569801
-.260000  -.660000   0.02754248706735897
-.220000  -.660000   0.02545810380276229
-.180000  -.660000   0.02246435825704600
-.140000  -.660000   0.02048445539562133
-.100000  -.660000   0.01855436674177989
-.060000  -.660000   0.01674305429716663
-.020000  -.660000   0.01509632875201981
0.020000  -.660000   0.01365465797589739
0.060000  -.660000   0.01245380920878602
0.100000  -.660000   0.01151351536298189
0.140000  -.660000   0.01084241091640098
0.180000  -.660000   0.01043809493732864
0.220000  -.660000   0.01060601390585955
0.260000  -.660000   0.01070766253291956
0.300000  -.660000   0.01150712070225726
0.340000  -.660000   0.01201694928403026
0.380000  -.660000   0.01327027958344596
0.420000  -.660000   0.01473743453474008
0.460000  -.660000   0.01639973072856921
0.500000  -.660000   0.01827955414465384
0.540000  -.660000   0.02042291433906286
0.580000  -.660000   0.02348804059489400
0.620000  -.660000   0.02651146047987727
0.660000  -.660000   0.03142906632673212
0.700000  -.660000   0.03825196570306365
0.740000  -.660000   0.05425489391098100
-.620000  -.620000   0.07395825770346287
-.580000  -.620000   0.05898409021649362
-.540000  -.620000   0.05263591908477600
-.500000  -.620000   0.04727245140913824
-.460000  -.620000   0.04251501630577528
-.420000  -.620000   0.03819660213150842
-.380000  -.620000   0.03423665603753460
-.340000  -.620000   0.03060958197211865
-.300000  -.620000   0.02730739293613732
-.260000  -.620000   0.02536187588450958
-.220000  -.620000   0.02245111913782828
-.180000  -.620000   0.02049930147047913
-.140000  -.620000   0.01852786594720177
-.100000  -.620000   0.01660494764717907
-.060000  -.620000   0.01468329436930950
-.020000  -.620000   0.01314789008303786
0.020000  -.620000   0.01180186101262740
0.060000  -.620000   0.01067408274023819
0.100000  -.620000   0.00972956082719990
0.140000  -.620000   0.00913175498266681
0.180000  -.620000   0.00881137016079865
0.220000  -.620000   0.00875154886732650
0.260000  -.620000   0.00914491708699103
0.300000  -.620000   0.00954535392647713
0.340000  -.620000   0.01049876083873753
0.380000  -.620000   0.01169745485623232
0.420000  -.620000   0.01307935471242833
0.460000  -.620000   0.01462299624130162
0.500000  -.620000   0.01634121260161721
0.540000  -.620000   0.01825656283360583
0.580000  -.620000   0.02042776977121499
0.620000  -.620000   0.02341149875256308
0.660000  -.620000   0.02649478385613660
0.700000  -.620000   0.03130671859542966
0.740000  -.620000   0.03833462007833733
0.780000  -.620000   0.06031273421967814
-.660000  -.580000   0.07700201385705721
-.620000  -.580000   0.06055359050557799
-.580000  -.580000   0.05399110128574001
-.540000  -.580000   0.04490233317435565
-.500000  -.580000   0.04078575716577345
-.460000  -.580000   0.03702898773417866
-.420000  -.580000   0.03353204133362242
-.380000  -.580000   0.03199014575611382
-.340000  -.580000   0.02860673317911304
-.300000  -.580000   0.02550583658962630
-.260000  -.580000   0.02358968866414723
-.220000  -.580000   0.02084914580031581
-.180000  -.580000   0.01891912400465683
-.140000  -.580000   0.01696456258380681
-.100000  -.580000   0.01495280847891804
-.060000  -.580000   0.01329266590676198
-.020000  -.580000   0.01177543852435153
0.020000  -.580000   0.01045415761875928
0.060000  -.580000   0.00936193121658696
0.100000  -.580000   0.00853094990833360
0.140000  -.580000   0.00778605433974515
0.180000  -.580000   0.00754722884082799
0.220000  -.580000   0.00757561993977899
0.260000  -.580000   0.00794628798188361
0.300000  -.580000   0.00842585683496252
0.340000  -.580000   0.00934245480790266
0.380000  -.580000   0.01048919172679313
0.420000  -.580000   0.01140877915403507
0.460000  -.580000   0.01284974837188197
0.500000  -.580000   0.01445341951864924
0.540000  -.580000   0.01623530110074752
0.580000  -.580000   0.01859120837596374
0.620000  -.580000   0.02083602615891282
0.660000  -.580000   0.02379860713039277
0.700000  -.580000   0.02731589329904689
0.740000  -.580000   0.03192866320506742
0.780000  -.580000   0.03995457685132649
-.660000  -.540000   0.06234063012550803
-.620000  -.540000   0.05533007076615302
-.580000  -.540000   0.04595532642536538
-.540000  -.540000   0.04191201581877414
-.500000  -.540000   0.03825345208931854
-.460000  -.540000   0.03483983566751964
-.420000  -.540000   0.03161182455007214
-.380000  -.540000   0.03013694376606119
-.340000  -.540000   0.02696246162042066
-.300000  -.540000   0.02403472034121731
-.260000  -.540000   0.02217165158162546
-.220000  -.540000   0.01956649343374420
-.180000  -.540000   0.01767047615976656
-.140000  -.540000   0.01555286677755901
-.100000  -.540000   0.01384344214366961
-.060000  -.540000   0.01220554508946803
-.020000  -.540000   0.01070615192222650
0.020000  -.540000   0.00940765120037653
0.060000  -.540000   0.00834685055721352
0.100000  -.540000   0.00756007299856215
0.140000  -.540000   0.00706604915073852
0.180000  -.540000   0.00657814407914133
0.220000  -.540000   0.00668766491184463
0.260000  -.540000   0.00702458768512203
0.300000  -.540000   0.00757758286587024
0.340000  -.540000   0.00844576273185440
0.380000  -.540000   0.00953592622833327
0.420000  -.540000   0.01049644567506368
0.460000  -.540000   0.01185753104962242
0.500000  -.540000   0.01337288203925208
0.540000  -.540000   0.01504522281692115
0.580000  -.540000   0.01690129925604069
0.620000  -.540000   0.01923031282788412
0.660000  -.540000   0.02160152735198261
0.700000  -.540000   0.02461050416967642
0.740000  -.540000   0.02828171388939517
0.780000  -.540000   0.03348712339029806
0.820000  -.540000   0.04363110577115584
-.700000  -.500000   0.07151335179878922
-.660000  -.500000   0.05668311755436851
-.620000  -.500000   0.05105123499415850
-.580000  -.500000   0.04291262720776519
-.540000  -.500000   0.03938591514013586
-.500000  -.500000   0.03610778298292604
-.460000  -.500000   0.03298794843598680
-.420000  -.500000   0.02999293159073625
-.380000  -.500000   0.02861296274308851
-.340000  -.500000   0.02562153397615423
-.300000  -.500000   0.02283414185502372
-.260000  -.500000   0.02105248075439709
-.220000  -.500000   0.01854711105418718
-.180000  -.500000   0.01670228685309702
-.140000  -.500000   0.01465790281345586
-.100000  -.500000   0.01298397711946798
-.060000  -.500000   0.01137185241132438
-.020000  -.500000   0.00989086373411564
0.020000  -.500000   0.00861215511013181
0.060000  -.500000   0.00758235921845141
0.100000  -.500000   0.00683571154155854
0.140000  -.500000   0.00639684385208261
0.180000  -.500000   0.00584645037085085
0.220000  -.500000   0.00603036317735665
0.260000  -.500000   0.00631428889744815
0.300000  -.500000   0.00693224997281761
0.340000  -.500000   0.00773816128901376
0.380000  -.500000   0.00876168047093208
0.420000  -.500000   0.00977124190665448
0.460000  -.500000   0.01105791180254603
0.500000  -.500000   0.01249621051184855
0.540000  -.500000   0.01408550359062002
0.580000  -.500000   0.01584842856358675
0.620000  -.500000   0.01795753357920260
0.660000  -.500000   0.02016531873450121
0.700000  -.500000   0.02283408771725556
0.740000  -.500000   0.02596410312810698
0.780000  -.500000   0.02991366522622704
0.820000  -.500000   0.03591701822075546
0.860000  -.500000   0.05355140305531466
-.700000  -.460000   0.06417294466406084
-.660000  -.460000   0.05209372637438806
-.620000  -.460000   0.04745960540977866
-.580000  -.460000   0.04032774385343406
-.540000  -.460000   0.03722367920496797
-.500000  -.460000   0.03426673562438240
-.460000  -.460000   0.03140027429161875
-.420000  -.460000   0.02860367820857638
-.380000  -.460000   0.02735165144333065
-.340000  -.460000   0.02451424739021763
-.300000  -.460000   0.02184148927881064
-.260000  -.460000   0.02017248688399789
-.220000  -.460000   0.01773540668504603
-.180000  -.460000   0.01596488984470141
-.140000  -.460000   0.01396034971202414
-.100000  -.460000   0.01232868926133358
-.060000  -.460000   0.01074638702388859
-.020000  -.460000   0.00928470660269402
0.020000  -.460000   0.00802184257641764
0.060000  -.460000   0.00702029474066151
0.100000  -.460000   0.00631374727176571
0.140000  -.460000   0.00592702215404767
0.180000  -.460000   0.00531277227993592
0.220000  -.460000   0.00555921398699287
0.260000  -.460000   0.00576815305864227
0.300000  -.460000   0.00644811055969539
0.340000  -.460000   0.00717485870992471
0.380000  -.460000   0.00812195842515216
0.420000  -.460000   0.00919248548650092
0.460000  -.460000   0.01040607639198041
0.500000  -.460000   0.01177545267592413
0.540000  -.460000   0.01329788977427959
0.580000  -.460000   0.01499297076866220
0.620000  -.460000   0.01691205030431446
0.660000  -.460000   0.01902156196640953
0.700000  -.460000   0.02145166214069273
0.740000  -.460000   0.02422684449388379
0.780000  -.460000   0.02761396597004822
0.820000  -.460000   0.03211755444238424
0.860000  -.460000   0.04012985550740951
-.740000  -.420000   0.06717203433825836
-.700000  -.420000   0.05317061684895137
-.660000  -.420000   0.04824784220970136
-.620000  -.420000   0.04438852336966602
-.580000  -.420000   0.03809536740008314
-.540000  -.420000   0.03533893850927282
-.500000  -.420000   0.03265364205799727
-.460000  -.420000   0.02999860973955851
-.420000  -.420000   0.02737275398631855
-.380000  -.420000   0.02627739436376864
-.340000  -.420000   0.02357141745222915
-.300000  -.420000   0.02099223490896039
-.260000  -.420000   0.01946781274425903
-.220000  -.420000   0.01707847034801998
-.180000  -.420000   0.01540836500480183
-.140000  -.420000   0.01341618159121001
-.100000  -.420000   0.01183822143810130
-.060000  -.420000   0.01028937232247829
-.020000  -.420000   0.00884907293220936
0.020000  -.420000   0.00760264160236196
0.060000  -.420000   0.00662494703556793
0.100000  -.420000   0.00595708774634601
0.140000  -.420000   0.00562336412175641
0.180000  -.420000   0.00493990311233195
0.220000  -.420000   0.00524645315003493
0.260000  -.420000   0.00536327382327918
0.300000  -.420000   0.00610933468205793
0.340000  -.420000   0.00673968432801686
0.380000  -.420000   0.00759914582802098
0.420000  -.420000   0.00874963022463297
0.460000  -.420000   0.00988855562669704
0.500000  -.420000   0.01119382503920647
0.540000  -.420000   0.01265952509819586
0.580000  -.420000   0.01430243865879871
0.620000  -.420000   0.01604310740927874
0.660000  -.420000   0.01809317430760218
0.700000  -.420000   0.02041930293796776
0.740000  -.420000   0.02296636894638033
0.780000  -.420000   0.02598670409383640
0.820000  -.420000   0.02971289183690353
0.860000  -.420000   0.03522307235725101
0.900000  -.420000   0.05017985590396880
-.740000  -.380000   0.06017681751810755
-.700000  -.380000   0.05357050924990314
-.660000  -.380000   0.04495989577183502
-.620000  -.380000   0.04172048661680301
-.580000  -.380000   0.03882250065809842
-.540000  -.380000   0.03606263516214957
-.500000  -.380000   0.03334927576571567
-.460000  -.380000   0.03064848231077590
-.420000  -.380000   0.02796247989211519
-.380000  -.380000   0.02530991196039888
-.340000  -.380000   0.02271837649196087
-.300000  -.380000   0.02022150483493845
-.260000  -.380000   0.01887960668714626
-.220000  -.380000   0.01652257132033805
-.180000  -.380000   0.01498370318739628
-.140000  -.380000   0.01298280958682187
-.100000  -.380000   0.01147809497443622
-.060000  -.380000   0.00996531065845500
-.020000  -.380000   0.00854861692039016
0.020000  -.380000   0.00731770998042523
0.060000  -.380000   0.00636312412088776
0.100000  -.380000   0.00573684058276541
0.140000  -.380000   0.00545915803154578
0.180000  -.380000   0.00470898403573757
0.220000  -.380000   0.00507925826372751
0.260000  -.380000   0.00508998375109610
0.300000  -.380000   0.00591194807440662
0.340000  -.380000   0.00643351128093587
0.380000  -.380000   0.00719836248056590
0.420000  -.380000   0.00815015984994809
0.460000  -.380000   0.00925696603383010
0.500000  -.380000   0.01051932402226535
0.540000  -.380000   0.01194095139653488
0.580000  -.380000   0.01353929363327086
0.620000  -.380000   0.01533397384987071
0.660000  -.380000   0.01734988529009799
0.700000  -.380000   0.01942955716082626
0.740000  -.380000   0.02198410390172189
0.780000  -.380000   0.02476077104221335
0.820000  -.380000   0.02814647614612147
0.860000  -.380000   0.03252445580494150
0.900000  -.380000   0.04042919240705962
-.740000  -.340000   0.05466484843964167
-.700000  -.340000   0.04947145437258592
-.660000  -.340000   0.04210119131271334
-.620000  -.340000   0.03935356357776745
-.580000  -.340000   0.03683171794002445
-.540000  -.340000   0.03437171690587706
-.500000  -.340000   0.03190358759410152
-.460000  -.340000   0.02940634503314534
-.420000  -.340000   0.02688916883279379
-.380000  -.340000   0.02437177291108999
-.340000  -.340000   0.02188575176730262
-.300000  -.340000   0.02082101999842028
-.260000  -.340000   0.01833983939576725
-.220000  -.340000   0.01601281456339340
-.180000  -.340000   0.01464264710884129
-.140000  -.340000   0.01262398195924903
-.100000  -.340000   0.01121337598878489
-.060000  -.340000   0.00974915383372451
-.020000  -.340000   0.00835255317191520
0.020000  -.340000   0.00713958660537632
0.060000  -.340000   0.00620450050648811
0.100000  -.340000   0.00562371732988853
0.140000  -.340000   0.00541120802709233
0.180000  -.340000   0.00460520357154897
0.220000  -.340000   0.00505067106818522
0.260000  -.340000   0.00495226662861075
0.300000  -.340000   0.00523420902304801
0.340000  -.340000   0.00628142788726826
0.380000  -.340000   0.00694465449100873
0.420000  -.340000   0.00781387834782137
0.460000  -.340000   0.00885784651703086
0.500000  -.340000   0.01007028358512817
0.540000  -.340000   0.01145431012044833
0.580000  -.340000   0.01302457284932151
0.620000  -.340000   0.01479678918623828
0.660000  -.340000   0.01679235801227675
0.700000  -.340000   0.01871385411524571
0.740000  -.340000   0.02123692044070211
0.780000  -.340000   0.02382937795663841
0.820000  -.340000   0.02694079033138717
0.860000  -.340000   0.03067941789157421
0.900000  -.340000   0.03642482623916296
0.940000  -.340000   0.06507811458839546
-.780000  -.300000   0.06305922532549250
-.740000  -.300000   0.05494213627687997
-.700000  -.300000   0.04591424415937893
-.660000  -.300000   0.04280067337362668
-.620000  -.300000   0.03721179079414338
-.580000  -.300000   0.03498349531520013
-.540000  -.300000   0.03276094969093604
-.500000  -.300000   0.03048821480884190
-.460000  -.300000   0.02815863221349884
-.420000  -.300000   0.02578264106219063
-.380000  -.300000   0.02338594896529979
-.340000  -.300000   0.02269027948484090
-.300000  -.300000   0.02019396013780510
-.260000  -.300000   0.01777901426935804
-.220000  -.300000   0.01549273693986217
-.180000  -.300000   0.01433566336554668
-.140000  -.300000   0.01229789078696771
-.100000  -.300000   0.01101307846388283
-.060000  -.300000   0.00961361411189886
-.020000  -.300000   0.00823730499915577
0.020000  -.300000   0.00703705874264426
0.060000  -.300000   0.00612847320775976
0.100000  -.300000   0.00559732548057201
0.140000  -.300000   0.00546906238003131
0.180000  -.300000   0.00462256970419373
0.220000  -.300000   0.00516461500932044
0.260000  -.300000   0.00496915273791249
0.300000  -.300000   0.00513266862910783
0.340000  -.300000   0.00558891393751940
0.380000  -.300000   0.00688016700878477
0.420000  -.300000   0.00766633358977625
0.460000  -.300000   0.00864654379712170
0.500000  -.300000   0.00981064326189999
0.540000  -.300000   0.01115917432306285
0.580000  -.300000   0.01270522994917814
0.620000  -.300000   0.01445990669418507
0.660000  -.300000   0.01598116435938722
0.700000  -.300000   0.01819792642293135
0.740000  -.300000   0.02032430936307588
0.780000  -.300000   0.02314874179925773
0.820000  -.300000   0.02606632886512857
0.860000  -.300000   0.02938080556702383
0.900000  -.300000   0.03417761320881835
0.940000  -.300000   0.04457299126025977
-.780000  -.260000   0.06252688346066618
-.740000  -.260000   0.05043478405425017
-.700000  -.260000   0.04655080557326424
-.660000  -.260000   0.04017757540518928
-.620000  -.260000   0.03790731150891771
-.580000  -.260000   0.03573951903099794
-.540000  -.260000   0.03356231880637486
-.500000  -.260000   0.03132400097864723
-.460000  -.260000   0.02901930024128065
-.420000  -.260000   0.02665671731524880
-.380000  -.260000   0.02425710209359816
-.340000  -.260000   0.02184758558933434
-.300000  -.260000   0.01945811344701395
-.260000  -.260000   0.01712789942815896
-.220000  -.260000   0.01627161832310772
-.180000  -.260000   0.01400608039001443
-.140000  -.260000   0.01278846362382577
-.100000  -.260000   0.01084604633729349
-.060000  -.260000   0.00953509862314594
-.020000  -.260000   0.00818515533189585
0.020000  -.260000   0.00698994540936233
0.060000  -.260000   0.00611207031309875
0.100000  -.260000   0.00564633602351433
0.140000  -.260000   0.00446459773753074
0.180000  -.260000   0.00476354624616651
0.220000  -.260000   0.00425891232936212
0.260000  -.260000   0.00517272154330190
0.300000  -.260000   0.00523099172281349
0.340000  -.260000   0.00558231216526728
0.380000  -.260000   0.00617126154072221
0.420000  -.260000   0.00695996655892887
0.460000  -.260000   0.00793235745069643
0.500000  -.260000   0.00908820112142612
0.540000  -.260000   0.01043031964348216
0.580000  -.260000   0.01196872016481451
0.620000  -.260000   0.01371506311243241
0.660000  -.260000   0.01568729995629342
0.700000  -.260000   0.01741005939705752
0.740000  -.260000   0.01988404785929920
0.780000  -.260000   0.02226256350219586
0.820000  -.260000   0.02507241694145449
0.860000  -.260000   0.02846054563910056
0.900000  -.260000   0.03263358939231105
0.940000  -.260000   0.03991719699018968
-.780000  -.220000   0.05652467669293494
-.740000  -.220000   0.05089247995403801
-.700000  -.220000   0.04331879607734020
-.660000  -.220000   0.04083562090792657
-.620000  -.220000   0.03579404805687508
-.580000  -.220000   0.03384051242302340
-.540000  -.220000   0.03183968517242555
-.500000  -.220000   0.02975851620660330
-.460000  -.220000   0.02759647027350869
-.420000  -.220000   0.02536920897270941
-.380000  -.220000   0.02310026100571604
-.340000  -.220000   0.02081284322557280
-.300000  -.220000   0.01853867079765552
-.260000  -.220000   0.01811248794279295
-.220000  -.220000   0.01579099003326678
-.180000  -.220000   0.01358572847566795
-.140000  -.220000   0.01265736274432651
-.100000  -.220000   0.01067535498400914
-.060000  -.220000   0.00949280182103209
-.020000  -.220000   0.00817721955852415
0.020000  -.220000   0.00698154780873851
0.060000  -.220000   0.00613854037017808
0.100000  -.220000   0.00576641378144438
0.140000  -.220000   0.00459851673074651
0.180000  -.220000   0.00504746315103287
0.220000  -.220000   0.00450756138495549
0.260000  -.220000   0.00431627290857558
0.300000  -.220000   0.00558101082460514
0.340000  -.220000   0.00584405936014362
0.380000  -.220000   0.00634900048127755
0.420000  -.220000   0.00706869602104367
0.460000  -.220000   0.00799408930935750
0.500000  -.220000   0.00911630050279363
0.540000  -.220000   0.01043360135981246
0.580000  -.220000   0.01195830822517165
0.620000  -.220000   0.01369074916657408
0.660000  -.220000   0.01497855613735645
0.700000  -.220000   0.01719641771785668
0.740000  -.220000   0.01915300396946882
0.780000  -.220000   0.02193225134917421
0.820000  -.220000   0.02461696363157573
0.860000  -.220000   0.02785181321012759
0.900000  -.220000   0.03160561773313270
0.940000  -.220000   0.03749206919439102
-.780000  -.180000   0.05661721854886102
-.740000  -.180000   0.04689660171079420
-.700000  -.180000   0.04386276462577195
-.660000  -.180000   0.03829160298942393
-.620000  -.180000   0.03636840929338529
-.580000  -.180000   0.03448088800607897
-.540000  -.180000   0.03254244546630920
-.500000  -.180000   0.03052257747274101
-.460000  -.180000   0.02841989294137300
-.420000  -.180000   0.02624658207759825
-.380000  -.180000   0.02402327043751766
-.340000  -.180000   0.02177029613648036
-.300000  -.180000   0.01951290542147317
-.260000  -.180000   0.01727522854615436
-.220000  -.180000   0.01508600454128264
-.180000  -.180000   0.01464270415261789
-.140000  -.180000   0.01243305480487487
-.100000  -.180000   0.01045311801984946
-.060000  -.180000   0.00946252036254848
-.020000  -.180000   0.00819957515562615
0.020000  -.180000   0.00699743790541143
0.060000  -.180000   0.00619943628885557
0.100000  -.180000   0.00596887078815480
0.140000  -.180000   0.00485185601876015
0.180000  -.180000   0.00402291937633624
0.220000  -.180000   0.00498238633545253
0.260000  -.180000   0.00474753648832987
0.300000  -.180000   0.00480518120262913
0.340000  -.180000   0.00511609817233176
0.380000  -.180000   0.00565437233475442
0.420000  -.180000   0.00639218403761449
0.460000  -.180000   0.00733162339672019
0.500000  -.180000   0.00845828728928834
0.540000  -.180000   0.00977458556793056
0.580000  -.180000   0.01129648120810238
0.620000  -.180000   0.01305126789756620
0.660000  -.180000   0.01504866325185938
0.700000  -.180000   0.01656426268186329
0.740000  -.180000   0.01905530180562829
0.780000  -.180000   0.02127183828395400
0.820000  -.180000   0.02391758713073764
0.860000  -.180000   0.02705053805309541
0.900000  -.180000   0.03097158554927640
0.940000  -.180000   0.03597806713105361
0.980000  -.180000   0.05334933434369996
-.820000  -.140000   0.06761343029390939
-.780000  -.140000   0.05159055748789547
-.740000  -.140000   0.04726338260408472
-.700000  -.140000   0.04081152503500626
-.660000  -.140000   0.03876093135749703
-.620000  -.140000   0.03691152689156231
-.580000  -.140000   0.03509205842119527
-.540000  -.140000   0.03057748955533861
-.500000  -.140000   0.02864446513648214
-.460000  -.140000   0.02662895719829009
-.420000  -.140000   0.02455153798954217
-.380000  -.140000   0.02243611466417025
-.340000  -.140000   0.02030494466864784
-.300000  -.140000   0.01818457972516646
-.260000  -.140000   0.01839522857224790
-.220000  -.140000   0.01621050193728615
-.180000  -.140000   0.01406683107451374
-.140000  -.140000   0.01200154722445096
-.100000  -.140000   0.01140048543228816
-.060000  -.140000   0.00941125561121701
-.020000  -.140000   0.00824202727190959
0.020000  -.140000   0.00702166537968706
0.060000  -.140000   0.00630222330987262
0.100000  -.140000   0.00486172294668377
0.140000  -.140000   0.00527707620165514
0.180000  -.140000   0.00452218017794864
0.220000  -.140000   0.00408088791356197
0.260000  -.140000   0.00394220429536903
0.300000  -.140000   0.00552878738432271
0.340000  -.140000   0.00578128870300776
0.380000  -.140000   0.00625340803297558
0.420000  -.140000   0.00694050857725591
0.460000  -.140000   0.00784408665780496
0.500000  -.140000   0.00891186984728440
0.540000  -.140000   0.01024377813050815
0.580000  -.140000   0.01082902314458732
0.620000  -.140000   0.01253545742869244
0.660000  -.140000   0.01448585279157184
0.700000  -.140000   0.01675179693008957
0.740000  -.140000   0.01852343729879472
0.780000  -.140000   0.02132058885535418
0.820000  -.140000   0.02384617554703668
0.860000  -.140000   0.02688726486504329
0.900000  -.140000   0.03018911830615389
0.940000  -.140000   0.03507953667863982
0.980000  -.140000   0.04645573833344370
-.820000  -.100000   0.06655708321415554
-.780000  -.100000   0.05172128265824592
-.740000  -.100000   0.04758474149630491
-.700000  -.100000   0.04113763246411737
-.660000  -.100000   0.03916023625078010
-.620000  -.100000   0.03737534074038854
-.580000  -.100000   0.03281001786510211
-.540000  -.100000   0.03101658963154789
-.500000  -.100000   0.02913563764060845
-.460000  -.100000   0.02717592512097804
-.420000  -.100000   0.02515781142372868
-.380000  -.100000   0.02310404893674527
-.340000  -.100000   0.02103773381161834
-.300000  -.100000   0.01898143650242582
-.260000  -.100000   0.01695314582868286
-.220000  -.100000   0.01496942188215220
-.180000  -.100000   0.01304298759444873
-.140000  -.100000   0.01326679099679534
-.100000  -.100000   0.01119841252050542
-.060000  -.100000   0.00927012734769183
-.020000  -.100000   0.00829859914388774
0.020000  -.100000   0.00704092735767896
0.060000  -.100000   0.00648860620320417
0.100000  -.100000   0.00518482219787382
0.140000  -.100000   0.00420351872973874
0.180000  -.100000   0.00535736978032743
0.220000  -.100000   0.00496969584091517
0.260000  -.100000   0.00482783877433788
0.300000  -.100000   0.00491745554174211
0.340000  -.100000   0.00522869532532559
0.380000  -.100000   0.00571973927838066
0.420000  -.100000   0.00649420070466175
0.460000  -.100000   0.00728759234663300
0.500000  -.100000   0.00847313670270959
0.540000  -.100000   0.00977477700701249
0.580000  -.100000   0.01117286905737861
0.620000  -.100000   0.01215890597648796
0.660000  -.100000   0.01409501434213589
0.700000  -.100000   0.01633676235899226
0.740000  -.100000   0.01811246717359161
0.780000  -.100000   0.02090009225623217
0.820000  -.100000   0.02340965656141392
0.860000  -.100000   0.02640831267944014
0.900000  -.100000   0.03009562579481209
0.940000  -.100000   0.03425673269260954
0.980000  -.100000   0.04374169877672859
-.820000  -.060000   0.06615185586714077
-.780000  -.060000   0.05183481253563513
-.740000  -.060000   0.04380130744532812
-.700000  -.060000   0.04137642715157504
-.660000  -.060000   0.03945128563482991
-.620000  -.060000   0.03478317562282073
-.580000  -.060000   0.03309791493043399
-.540000  -.060000   0.03134353269398012
-.500000  -.060000   0.02950430217488441
-.460000  -.060000   0.02759157447976202
-.420000  -.060000   0.02562423682508439
-.380000  -.060000   0.02362652078063596
-.340000  -.060000   0.02162354898369379
-.300000  -.060000   0.01963654948062451
-.260000  -.060000   0.01768633100549973
-.220000  -.060000   0.01578841816715143
-.180000  -.060000   0.01395293261575152
-.140000  -.060000   0.01218201459371856
-.100000  -.060000   0.01046898092856168
-.060000  -.060000   0.01056943285599683
-.020000  -.060000   0.00837093482013153
0.020000  -.060000   0.00704396210851661
0.060000  -.060000   0.00522981284537296
0.100000  -.060000   0.00589270712156039
0.140000  -.060000   0.00513252904954726
0.180000  -.060000   0.00463409111536615
0.220000  -.060000   0.00436637272408547
0.260000  -.060000   0.00431429642968860
0.300000  -.060000   0.00446587871782325
0.340000  -.060000   0.00481408960434413
0.380000  -.060000   0.00534932548433156
0.420000  -.060000   0.00612684894407485
0.460000  -.060000   0.00691615782896015
0.500000  -.060000   0.00838322438487951
0.540000  -.060000   0.00936517895193822
0.580000  -.060000   0.01121066183898883
0.620000  -.060000   0.01249681373219264
0.660000  -.060000   0.01392516961907383
0.700000  -.060000   0.01601667829723430
0.740000  -.060000   0.01856245582518922
0.780000  -.060000   0.02061544624968119
0.820000  -.060000   0.02311905489353995
0.860000  -.060000   0.02609501668215477
0.900000  -.060000   0.02971427244268356
0.940000  -.060000   0.03412048844615920
0.980000  -.060000   0.04231799887035757
-.820000  -.020000   0.06599738459667452
-.780000  -.020000   0.05189939596007272
-.740000  -.020000   0.04389326450928190
-.700000  -.020000   0.04150261779703679
-.660000  -.020000   0.03960473980748296
-.620000  -.020000   0.03491609067431301
-.580000  -.020000   0.03325095025976845
-.540000  -.020000   0.03151826439154855
-.500000  -.020000   0.02970226098922953
-.460000  -.020000   0.02781665418404447
-.420000  -.020000   0.02587894932099904
-.380000  -.020000   0.02391499203559171
-.340000  -.020000   0.02195176103663617
-.300000  -.020000   0.02001085089746854
-.260000  -.020000   0.01811752657266207
-.220000  -.020000   0.01629053920010099
-.180000  -.020000   0.01454864427611472
-.140000  -.020000   0.01290367639688974
-.100000  -.020000   0.01136201735603652
-.060000  -.020000   0.00990362600392939
-.020000  -.020000   0.00836444978818993
0.020000  -.020000   0.00710723846688718
0.060000  -.020000   0.00592840503018060
0.100000  -.020000   0.00514604080403221
0.140000  -.020000   0.00458355875468716
0.180000  -.020000   0.00421383922631324
0.220000  -.020000   0.00403046604262436
0.260000  -.020000   0.00403150807858125
0.300000  -.020000   0.00422229332186249
0.340000  -.020000   0.00458655389123268
0.380000  -.020000   0.00517081110041352
0.420000  -.020000   0.00586404999341734
0.460000  -.020000   0.00693590917682488
0.500000  -.020000   0.00777949413074528
0.540000  -.020000   0.00941089655544248
0.580000  -.020000   0.01081210035231014
0.620000  -.020000   0.01258183942936340
0.660000  -.020000   0.01374717515017360
0.700000  -.020000   0.01586103168957684
0.740000  -.020000   0.01842573677141195
0.780000  -.020000   0.02047115375185296
0.820000  -.020000   0.02297380504556806
0.860000  -.020000   0.02593993674209245
0.900000  -.020000   0.02952835068276755
0.940000  -.020000   0.03386116915063785
0.980000  -.020000   0.04176568971435218
-.820000  0.020000   0.06599738459667452
-.780000  0.020000   0.05189939596007272
-.740000  0.020000   0.04389326450928190
-.700000  0.020000   0.04150261779703679
-.660000  0.020000   0.03960473980748297
-.620000  0.020000   0.03491609067431301
-.580000  0.020000   0.03325095025976845
-.540000  0.020000   0.03151826439154855
-.500000  0.020000   0.02970226098922953
-.460000  0.020000   0.02781665418404447
-.420000  0.020000   0.02587894932099903
-.380000  0.020000   0.02391499203559171
-.340000  0.020000   0.02195176103663617
-.300000  0.020000   0.02001085089746854
-.260000  0.020000   0.01811752657266207
-.220000  0.020000   0.01629053920010099
-.180000  0.020000   0.01454864427611472
-.140000  0.020000   0.01290367639688974
-.100000  0.020000   0.01136201735603652
-.060000  0.020000   0.00990362600392938
-.020000  0.020000   0.00836444978818993
0.020000  0.020000   0.00710723846688718
0.060000  0.020000   0.00592840503018060
0.100000  0.020000   0.00514604080403221
0.140000  0.020000   0.00458355875468716
0.180000  0.020000   0.00421383922631324
0.220000  0.020000   0.00403046604262436
0.260000  0.020000   0.00403150807858125
0.300000  0.020000   0.00422229332186249
0.340000  0.020000   0.00458655389123268
0.380000  0.020000   0.00517081110041352
0.420000  0.020000   0.00586404999341734
0.460000  0.020000   0.00693590917682488
0.500000  0.020000   0.00777949413074528
0.540000  0.020000   0.00941089655544248
0.580000  0.020000   0.01081210035231014
0.620000  0.020000   0.01258183942936340
0.660000  0.020000   0.01374717515017360
0.700000  0.020000   0.01586103168957684
0.740000  0.020000   0.01842573677141195
0.780000  0.020000   0.02047115375185296
0.820000  0.020000   0.02297380504556806
0.860000  0.020000   0.02593993674209245
0.900000  0.020000   0.02952835068276755
0.940000  0.020000   0.03386116915063785
0.980000  0.020000   0.04176568971435218
-.820000  0.060000   0.06615185586714079
-.780000  0.060000   0.05183481253563512
-.740000  0.060000   0.04380130744532812
-.700000  0.060000   0.04137642715157505
-.660000  0.060000   0.03945128563482991
-.620000  0.060000   0.03478317562282073
-.580000  0.060000   0.03309791493043399
-.540000  0.060000   0.03134353269398012
-.500000  0.060000   0.02950430217488440
-.460000  0.060000   0.02759157447976202
-.420000  0.060000   0.02562423682508438
-.380000  0.060000   0.02362652078063596
-.340000  0.060000   0.02162354898369379
-.300000  0.060000   0.01963654948062451
-.260000  0.060000   0.01768633100549973
-.220000  0.060000   0.01578841816715143
-.180000  0.060000   0.01395293261575151
-.140000  0.060000   0.01218201459371856
-.100000  0.060000   0.01046898092856168
-.060000  0.060000   0.01056943285599683
-.020000  0.060000   0.00837093482013153
0.020000  0.060000   0.00704396210851661
0.060000  0.060000   0.00522981284537296
0.100000  0.060000   0.00589270712156039
0.140000  0.060000   0.00513252904954726
0.180000  0.060000   0.00463409111536615
0.220000  0.060000   0.00436637272408547
0.260000  0.060000   0.00431429642968860
0.300000  0.060000   0.00446587871782325
0.340000  0.060000   0.00481408960434413
0.380000  0.060000   0.00534932548433157
0.420000  0.060000   0.00612684894407485
0.460000  0.060000   0.00691615782896014
0.500000  0.060000   0.00838322438487951
0.540000  0.060000   0.00936517895193822
0.580000  0.060000   0.01121066183898883
0.620000  0.060000   0.01249681373219264
0.660000  0.060000   0.01392516961907383
0.700000  0.060000   0.01601667829723430
0.740000  0.060000   0.01856245582518922
0.780000  0.060000   0.02061544624968119
0.820000  0.060000   0.02311905489353995
0.860000  0.060000   0.02609501668215477
0.900000  0.060000   0.02971427244268358
0.940000  0.060000   0.03412048844615921
0.980000  0.060000   0.04231799887035759
-.820000  0.100000   0.06655708321415554
-.780000  0.100000   0.05172128265824590
-.740000  0.100000   0.04758474149630491
-.700000  0.100000   0.04113763246411736
-.660000  0.100000   0.03916023625078010
-.620000  0.100000   0.03737534074038853
-.580000  0.100000   0.03281001786510211
-.540000  0.100000   0.03101658963154790
-.500000  0.100000   0.02913563764060845
-.460000  0.100000   0.02717592512097805
-.420000  0.100000   0.02515781142372868
-.380000  0.100000   0.02310404893674527
-.340000  0.100000   0.02103773381161834
-.300000  0.100000   0.01898143650242582
-.260000  0.100000   0.01695314582868286
-.220000  0.100000   0.01496942188215220
-.180000  0.100000   0.01304298759444873
-.140000  0.100000   0.01326679099679535
-.100000  0.100000   0.01119841252050542
-.060000  0.100000   0.00927012734769183
-.020000  0.100000   0.00829859914388775
0.020000  0.100000   0.00704092735767896
0.060000  0.100000   0.00648860620320417
0.100000  0.100000   0.00518482219787382
0.140000  0.100000   0.00420351872973874
0.180000  0.100000   0.00535736978032743
0.220000  0.100000   0.00496969584091517
0.260000  0.100000   0.00482783877433788
0.300000  0.100000   0.00491745554174211
0.340000  0.100000   0.00522869532532559
0.380000  0.100000   0.00571973927838066
0.420000  0.100000   0.00649420070466175
0.460000  0.100000   0.00728759234663300
0.500000  0.100000   0.00847313670270959
0.540000  0.100000   0.00977477700701249
0.580000  0.100000   0.01117286905737861
0.620000  0.100000   0.01215890597648795
0.660000  0.100000   0.01409501434213590
0.700000  0.100000   0.01633676235899226
0.740000  0.100000   0.01811246717359161
0.780000  0.100000   0.02090009225623217
0.820000  0.100000   0.02340965656141391
0.860000  0.100000   0.02640831267944014
0.900000  0.100000   0.03009562579481209
0.940000  0.100000   0.03425673269260953
0.980000  0.100000   0.04374169877672864
-.820000  0.140000   0.06761343029390939
-.780000  0.140000   0.05159055748789547
-.740000  0.140000   0.04726338260408472
-.700000  0.140000   0.04081152503500631
-.660000  0.140000   0.03876093135749702
-.620000  0.140000   0.03691152689156230
-.580000  0.140000   0.03509205842119525
-.540000  0.140000   0.03057748955533861
-.500000  0.140000   0.02864446513648214
-.460000  0.140000   0.02662895719829009
-.420000  0.140000   0.02455153798954217
-.380000  0.140000   0.02243611466417025
-.340000  0.140000   0.02030494466864784
-.300000  0.140000   0.01818457972516646
-.260000  0.140000   0.01839522857224790
-.220000  0.140000   0.01621050193728612
-.180000  0.140000   0.01406683107451374
-.140000  0.140000   0.01200154722445094
-.100000  0.140000   0.01140048543228816
-.060000  0.140000   0.00941125561121701
-.020000  0.140000   0.00824202727190959
0.020000  0.140000   0.00702166537968707
0.060000  0.140000   0.00630222330987262
0.100000  0.140000   0.00486172294668377
0.140000  0.140000   0.00527707620165516
0.180000  0.140000   0.00452218017794864
0.220000  0.140000   0.00408088791356198
0.260000  0.140000   0.00394220429536903
0.300000  0.140000   0.00552878738432271
0.340000  0.140000   0.00578128870300776
0.380000  0.140000   0.00625340803297559
0.420000  0.140000   0.00694050857725592
0.460000  0.140000   0.00784408665780496
0.500000  0.140000   0.00891186984728439
0.540000  0.140000   0.01024377813050815
0.580000  0.140000   0.01082902314458733
0.620000  0.140000   0.01253545742869244
0.660000  0.140000   0.01448585279157185
0.700000  0.140000   0.01675179693008957
0.740000  0.140000   0.01852343729879472
0.780000  0.140000   0.02132058885535418
0.820000  0.140000   0.02384617554703668
0.860000  0.140000   0.02688726486504329
0.900000  0.140000   0.03018911830615389
0.940000  0.140000   0.03507953667863982
0.980000  0.140000   0.04645573833344375
-.780000  0.180000   0.05661721854886102
-.740000  0.180000   0.04689660171079420
-.700000  0.180000   0.04386276462577195
-.660000  0.180000   0.03829160298942393
-.620000  0.180000   0.03636840929338530
-.580000  0.180000   0.03448088800607897
-.540000  0.180000   0.03254244546630920
-.500000  0.180000   0.03052257747274102
-.460000  0.180000   0.02841989294137300
-.420000  0.180000   0.02624658207759825
-.380000  0.180000   0.02402327043751766
-.340000  0.180000   0.02177029613648036
-.300000  0.180000   0.01951290542147317
-.260000  0.180000   0.01727522854615436
-.220000  0.180000   0.01508600454128264
-.180000  0.180000   0.01464270415261789
-.140000  0.180000   0.01243305480487487
-.100000  0.180000   0.01045311801984946
-.060000  0.180000   0.00946252036254848
-.020000  0.180000   0.00819957515562615
0.020000  0.180000   0.00699743790541143
0.060000  0.180000   0.00619943628885557
0.100000  0.180000   0.00596887078815480
0.140000  0.180000   0.00485185601876015
0.180000  0.180000   0.00402291937633624
0.220000  0.180000   0.00498238633545253
0.260000  0.180000   0.00474753648832987
0.300000  0.180000   0.00480518120262913
0.340000  0.180000   0.00511609817233176
0.380000  0.180000   0.00565437233475442
0.420000  0.180000   0.00639218403761449
0.460000  0.180000   0.00733162339672019
0.500000  0.180000   0.00845828728928834
0.540000  0.180000   0.00977458556793056
0.580000  0.180000   0.01129648120810237
0.620000  0.180000   0.01305126789756620
0.660000  0.180000   0.01504866325185938
0.700000  0.180000   0.01656426268186329
0.740000  0.180000   0.01905530180562829
0.780000  0.180000   0.02127183828395400
0.820000  0.180000   0.02391758713073764
0.860000  0.180000   0.02705053805309541
0.900000  0.180000   0.03097158554927639
0.940000  0.180000   0.03597806713105361
0.980000  0.180000   0.05334933434369996
-.780000  0.220000   0.05652467669293495
-.740000  0.220000   0.05089247995403800
-.700000  0.220000   0.04331879607734020
-.660000  0.220000   0.04083562090792657
-.620000  0.220000   0.03579404805687508
-.580000  0.220000   0.03384051242302340
-.540000  0.220000   0.03183968517242555
-.500000  0.220000   0.02975851620660330
-.460000  0.220000   0.02759647027350869
-.420000  0.220000   0.02536920897270941
-.380000  0.220000   0.02310026100571605
-.340000  0.220000   0.02081284322557280
-.300000  0.220000   0.01853867079765553
-.260000  0.220000   0.01811248794279295
-.220000  0.220000   0.01579099003326678
-.180000  0.220000   0.01358572847566795
-.140000  0.220000   0.01265736274432651
-.100000  0.220000   0.01067535498400914
-.060000  0.220000   0.00949280182103209
-.020000  0.220000   0.00817721955852415
0.020000  0.220000   0.00698154780873851
0.060000  0.220000   0.00613854037017808
0.100000  0.220000   0.00576641378144438
0.140000  0.220000   0.00459851673074651
0.180000  0.220000   0.00504746315103287
0.220000  0.220000   0.00450756138495549
0.260000  0.220000   0.00431627290857558
0.300000  0.220000   0.00558101082460514
0.340000  0.220000   0.00584405936014362
0.380000  0.220000   0.00634900048127755
0.420000  0.220000   0.00706869602104367
0.460000  0.220000   0.00799408930935750
0.500000  0.220000   0.00911630050279363
0.540000  0.220000   0.01043360135981246
0.580000  0.220000   0.01195830822517165
0.620000  0.220000   0.01369074916657409
0.660000  0.220000   0.01497855613735645
0.700000  0.220000   0.01719641771785668
0.740000  0.220000   0.01915300396946882
0.780000  0.220000   0.02193225134917421
0.820000  0.220000   0.02461696363157572
0.860000  0.220000   0.02785181321012759
0.900000  0.220000   0.03160561773313270
0.940000  0.220000   0.03749206919439101
-.780000  0.260000   0.06252688346066616
-.740000  0.260000   0.05043478405425016
-.700000  0.260000   0.04655080557326424
-.660000  0.260000   0.04017757540518928
-.620000  0.260000   0.03790731150891771
-.580000  0.260000   0.03573951903099794
-.540000  0.260000   0.03356231880637486
-.500000  0.260000   0.03132400097864723
-.460000  0.260000   0.02901930024128065
-.420000  0.260000   0.02665671731524879
-.380000  0.260000   0.02425710209359816
-.340000  0.260000   0.02184758558933435
-.300000  0.260000   0.01945811344701395
-.260000  0.260000   0.01712789942815896
-.220000  0.260000   0.01627161832310772
-.180000  0.260000   0.01400608039001443
-.140000  0.260000   0.01278846362382577
-.100000  0.260000   0.01084604633729349
-.060000  0.260000   0.00953509862314593
-.020000  0.260000   0.00818515533189585
0.020000  0.260000   0.00698994540936233
0.060000  0.260000   0.00611207031309875
0.100000  0.260000   0.00564633602351433
0.140000  0.260000   0.00446459773753074
0.180000  0.260000   0.00476354624616651
0.220000  0.260000   0.00425891232936212
0.260000  0.260000   0.00517272154330190
0.300000  0.260000   0.00523099172281349
0.340000  0.260000   0.00558231216526728
0.380000  0.260000   0.00617126154072221
0.420000  0.260000   0.00695996655892887
0.460000  0.260000   0.00793235745069643
0.500000  0.260000   0.00908820112142612
0.540000  0.260000   0.01043031964348216
0.580000  0.260000   0.01196872016481451
0.620000  0.260000   0.01371506311243241
0.660000  0.260000   0.01568729995629342
0.700000  0.260000   0.01741005939705752
0.740000  0.260000   0.01988404785929920
0.780000  0.260000   0.02226256350219586
0.820000  0.260000   0.02507241694145449
0.860000  0.260000   0.02846054563910056
0.900000  0.260000   0.03263358939231104
0.940000  0.260000   0.03991719699018968
-.780000  0.300000   0.06305922532549252
-.740000  0.300000   0.05494213627687991
-.700000  0.300000   0.04591424415937892
-.660000  0.300000   0.04280067337362670
-.620000  0.300000   0.03721179079414338
-.580000  0.300000   0.03498349531520013
-.540000  0.300000   0.03276094969093604
-.500000  0.300000   0.03048821480884189
-.460000  0.300000   0.02815863221349884
-.420000  0.300000   0.02578264106219062
-.380000  0.300000   0.02338594896529979
-.340000  0.300000   0.02269027948484090
-.300000  0.300000   0.02019396013780510
-.260000  0.300000   0.01777901426935804
-.220000  0.300000   0.01549273693986217
-.180000  0.300000   0.01433566336554669
-.140000  0.300000   0.01229789078696771
-.100000  0.300000   0.01101307846388283
-.060000  0.300000   0.00961361411189887
-.020000  0.300000   0.00823730499915577
0.020000  0.300000   0.00703705874264426
0.060000  0.300000   0.00612847320775977
0.100000  0.300000   0.00559732548057201
0.140000  0.300000   0.00546906238003131
0.180000  0.300000   0.00462256970419373
0.220000  0.300000   0.00516461500932044
0.260000  0.300000   0.00496915273791249
0.300000  0.300000   0.00513266862910783
0.340000  0.300000   0.00558891393751940
0.380000  0.300000   0.00688016700878478
0.420000  0.300000   0.00766633358977625
0.460000  0.300000   0.00864654379712170
0.500000  0.300000   0.00981064326189999
0.540000  0.300000   0.01115917432306285
0.580000  0.300000   0.01270522994917816
0.620000  0.300000   0.01445990669418507
0.660000  0.300000   0.01598116435938723
0.700000  0.300000   0.01819792642293137
0.740000  0.300000   0.02032430936307588
0.780000  0.300000   0.02314874179925773
0.820000  0.300000   0.02606632886512858
0.860000  0.300000   0.02938080556702382
0.900000  0.300000   0.03417761320881833
0.940000  0.300000   0.04457299126025983
-.740000  0.340000   0.05466484843964167
-.700000  0.340000   0.04947145437258593
-.660000  0.340000   0.04210119131271333
-.620000  0.340000   0.03935356357776745
-.580000  0.340000   0.03683171794002445
-.540000  0.340000   0.03437171690587711
-.500000  0.340000   0.03190358759410152
-.460000  0.340000   0.02940634503314532
-.420000  0.340000   0.02688916883279378
-.380000  0.340000   0.02437177291108998
-.340000  0.340000   0.02188575176730263
-.300000  0.340000   0.02082101999842028
-.260000  0.340000   0.01833983939576725
-.220000  0.340000   0.01601281456339340
-.180000  0.340000   0.01464264710884129
-.140000  0.340000   0.01262398195924903
-.100000  0.340000   0.01121337598878489
-.060000  0.340000   0.00974915383372452
-.020000  0.340000   0.00835255317191519
0.020000  0.340000   0.00713958660537632
0.060000  0.340000   0.00620450050648811
0.100000  0.340000   0.00562371732988853
0.140000  0.340000   0.00541120802709233
0.180000  0.340000   0.00460520357154897
0.220000  0.340000   0.00505067106818522
0.260000  0.340000   0.00495226662861075
0.300000  0.340000   0.00523420902304801
0.340000  0.340000   0.00628142788726826
0.380000  0.340000   0.00694465449100873
0.420000  0.340000   0.00781387834782137
0.460000  0.340000   0.00885784651703087
0.500000  0.340000   0.01007028358512817
0.540000  0.340000   0.01145431012044833
0.580000  0.340000   0.01302457284932151
0.620000  0.340000   0.01479678918623828
0.660000  0.340000   0.01679235801227675
0.700000  0.340000   0.01871385411524571
0.740000  0.340000   0.02123692044070210
0.780000  0.340000   0.02382937795663840
0.820000  0.340000   0.02694079033138717
0.860000  0.340000   0.03067941789157421
0.900000  0.340000   0.03642482623916296
0.940000  0.340000   0.06507811458839562
-.740000  0.380000   0.06017681751810755
-.700000  0.380000   0.05357050924990313
-.660000  0.380000   0.04495989577183503
-.620000  0.380000   0.04172048661680299
-.580000  0.380000   0.03882250065809842
-.540000  0.380000   0.03606263516214957
-.500000  0.380000   0.03334927576571564
-.460000  0.380000   0.03064848231077588
-.420000  0.380000   0.02796247989211520
-.380000  0.380000   0.02530991196039888
-.340000  0.380000   0.02271837649196089
-.300000  0.380000   0.02022150483493845
-.260000  0.380000   0.01887960668714626
-.220000  0.380000   0.01652257132033805
-.180000  0.380000   0.01498370318739628
-.140000  0.380000   0.01298280958682187
-.100000  0.380000   0.01147809497443621
-.060000  0.380000   0.00996531065845499
-.020000  0.380000   0.00854861692039016
0.020000  0.380000   0.00731770998042524
0.060000  0.380000   0.00636312412088777
0.100000  0.380000   0.00573684058276541
0.140000  0.380000   0.00545915803154579
0.180000  0.380000   0.00470898403573757
0.220000  0.380000   0.00507925826372751
0.260000  0.380000   0.00508998375109610
0.300000  0.380000   0.00591194807440663
0.340000  0.380000   0.00643351128093587
0.380000  0.380000   0.00719836248056591
0.420000  0.380000   0.00815015984994809
0.460000  0.380000   0.00925696603383011
0.500000  0.380000   0.01051932402226535
0.540000  0.380000   0.01194095139653489
0.580000  0.380000   0.01353929363327086
0.620000  0.380000   0.01533397384987071
0.660000  0.380000   0.01734988529009796
0.700000  0.380000   0.01942955716082627
0.740000  0.380000   0.02198410390172192
0.780000  0.380000   0.02476077104221335
0.820000  0.380000   0.02814647614612149
0.860000  0.380000   0.03252445580494149
0.900000  0.380000   0.04042919240705962
-.740000  0.420000   0.06717203433825836
-.700000  0.420000   0.05317061684895134
-.660000  0.420000   0.04824784220970135
-.620000  0.420000   0.04438852336966602
-.580000  0.420000   0.03809536740008315
-.540000  0.420000   0.03533893850927284
-.500000  0.420000   0.03265364205799727
-.460000  0.420000   0.02999860973955849
-.420000  0.420000   0.02737275398631854
-.380000  0.420000   0.02627739436376864
-.340000  0.420000   0.02357141745222917
-.300000  0.420000   0.02099223490896039
-.260000  0.420000   0.01946781274425903
-.220000  0.420000   0.01707847034801998
-.180000  0.420000   0.01540836500480182
-.140000  0.420000   0.01341618159121001
-.100000  0.420000   0.01183822143810130
-.060000  0.420000   0.01028937232247833
-.020000  0.420000   0.00884907293220935
0.020000  0.420000   0.00760264160236197
0.060000  0.420000   0.00662494703556793
0.100000  0.420000   0.00595708774634600
0.140000  0.420000   0.00562336412175641
0.180000  0.420000   0.00493990311233196
0.220000  0.420000   0.00524645315003495
0.260000  0.420000   0.00536327382327918
0.300000  0.420000   0.00610933468205794
0.340000  0.420000   0.00673968432801686
0.380000  0.420000   0.00759914582802098
0.420000  0.420000   0.00874963022463299
0.460000  0.420000   0.00988855562669703
0.500000  0.420000   0.01119382503920649
0.540000  0.420000   0.01265952509819587
0.580000  0.420000   0.01430243865879869
0.620000  0.420000   0.01604310740927876
0.660000  0.420000   0.01809317430760219
0.700000  0.420000   0.02041930293796776
0.740000  0.420000   0.02296636894638034
0.780000  0.420000   0.02598670409383641
0.820000  0.420000   0.02971289183690354
0.860000  0.420000   0.03522307235725104
0.900000  0.420000   0.05017985590396885
-.700000  0.460000   0.06417294466406086
-.660000  0.460000   0.05209372637438804
-.620000  0.460000   0.04745960540977866
-.580000  0.460000   0.04032774385343406
-.540000  0.460000   0.03722367920496797
-.500000  0.460000   0.03426673562438240
-.460000  0.460000   0.03140027429161875
-.420000  0.460000   0.02860367820857637
-.380000  0.460000   0.02735165144333065
-.340000  0.460000   0.02451424739021763
-.300000  0.460000   0.02184148927881063
-.260000  0.460000   0.02017248688399789
-.220000  0.460000   0.01773540668504604
-.180000  0.460000   0.01596488984470141
-.140000  0.460000   0.01396034971202414
-.100000  0.460000   0.01232868926133358
-.060000  0.460000   0.01074638702388859
-.020000  0.460000   0.00928470660269403
0.020000  0.460000   0.00802184257641764
0.060000  0.460000   0.00702029474066151
0.100000  0.460000   0.00631374727176571
0.140000  0.460000   0.00592702215404767
0.180000  0.460000   0.00531277227993592
0.220000  0.460000   0.00555921398699287
0.260000  0.460000   0.00576815305864227
0.300000  0.460000   0.00644811055969540
0.340000  0.460000   0.00717485870992471
0.380000  0.460000   0.00812195842515216
0.420000  0.460000   0.00919248548650092
0.460000  0.460000   0.01040607639198041
0.500000  0.460000   0.01177545267592413
0.540000  0.460000   0.01329788977427959
0.580000  0.460000   0.01499297076866220
0.620000  0.460000   0.01691205030431446
0.660000  0.460000   0.01902156196640953
0.700000  0.460000   0.02145166214069272
0.740000  0.460000   0.02422684449388379
0.780000  0.460000   0.02761396597004822
0.820000  0.460000   0.03211755444238424
0.860000  0.460000   0.04012985550740951
-.700000  0.500000   0.07151335179878922
-.660000  0.500000   0.05668311755436851
-.620000  0.500000   0.05105123499415849
-.580000  0.500000   0.04291262720776519
-.540000  0.500000   0.03938591514013586
-.500000  0.500000   0.03610778298292604
-.460000  0.500000   0.03298794843598680
-.420000  0.500000   0.02999293159073625
-.380000  0.500000   0.02861296274308851
-.340000  0.500000   0.02562153397615422
-.300000  0.500000   0.02283414185502372
-.260000  0.500000   0.02105248075439710
-.220000  0.500000   0.01854711105418718
-.180000  0.500000   0.01670228685309702
-.140000  0.500000   0.01465790281345586
-.100000  0.500000   0.01298397711946798
-.060000  0.500000   0.01137185241132438
-.020000  0.500000   0.00989086373411563
0.020000  0.500000   0.00861215511013181
0.060000  0.500000   0.00758235921845141
0.100000  0.500000   0.00683571154155854
0.140000  0.500000   0.00639684385208261
0.180000  0.500000   0.00584645037085085
0.220000  0.500000   0.00603036317735665
0.260000  0.500000   0.00631428889744815
0.300000  0.500000   0.00693224997281761
0.340000  0.500000   0.00773816128901377
0.380000  0.500000   0.00876168047093208
0.420000  0.500000   0.00977124190665448
0.460000  0.500000   0.01105791180254603
0.500000  0.500000   0.01249621051184855
0.540000  0.500000   0.01408550359062002
0.580000  0.500000   0.01584842856358675
0.620000  0.500000   0.01795753357920260
0.660000  0.500000   0.02016531873450120
0.700000  0.500000   0.02283408771725556
0.740000  0.500000   0.02596410312810699
0.780000  0.500000   0.02991366522622704
0.820000  0.500000   0.03591701822075546
0.860000  0.500000   0.05355140305531466
-.660000  0.540000   0.06234063012550804
-.620000  0.540000   0.05533007076615302
-.580000  0.540000   0.04595532642536538
-.540000  0.540000   0.04191201581877414
-.500000  0.540000   0.03825345208931853
-.460000  0.540000   0.03483983566751964
-.420000  0.540000   0.03161182455007214
-.380000  0.540000   0.03013694376606119
-.340000  0.540000   0.02696246162042066
-.300000  0.540000   0.02403472034121731
-.260000  0.540000   0.02217165158162546
-.220000  0.540000   0.01956649343374420
-.180000  0.540000   0.01767047615976656
-.140000  0.540000   0.01555286677755901
-.100000  0.540000   0.01384344214366961
-.060000  0.540000   0.01220554508946803
-.020000  0.540000   0.01070615192222649
0.020000  0.540000   0.00940765120037653
0.060000  0.540000   0.00834685055721352
0.100000  0.540000   0.00756007299856215
0.140000  0.540000   0.00706604915073852
0.180000  0.540000   0.00657814407914133
0.220000  0.540000   0.00668766491184463
0.260000  0.540000   0.00702458768512203
0.300000  0.540000   0.00757758286587024
0.340000  0.540000   0.00844576273185440
0.380000  0.540000   0.00953592622833327
0.420000  0.540000   0.01049644567506368
0.460000  0.540000   0.01185753104962242
0.500000  0.540000   0.01337288203925208
0.540000  0.540000   0.01504522281692115
0.580000  0.540000   0.01690129925604069
0.620000  0.540000   0.01923031282788411
0.660000  0.540000   0.02160152735198261
0.700000  0.540000   0.02461050416967641
0.740000  0.540000   0.02828171388939516
0.780000  0.540000   0.03348712339029807
0.820000  0.540000   0.04363110577115586
-.660000  0.580000   0.07700201385705717
-.620000  0.580000   0.06055359050557798
-.580000  0.580000   0.05399110128574003
-.540000  0.580000   0.04490233317435563
-.500000  0.580000   0.04078575716577346
-.460000  0.580000   0.03702898773417865
-.420000  0.580000   0.03353204133362241
-.380000  0.580000   0.03199014575611383
-.340000  0.580000   0.02860673317911304
-.300000  0.580000   0.02550583658962630
-.260000  0.580000   0.02358968866414724
-.220000  0.580000   0.02084914580031581
-.180000  0.580000   0.01891912400465683
-.140000  0.580000   0.01696456258380678
-.100000  0.580000   0.01495280847891805
-.060000  0.580000   0.01329266590676198
-.020000  0.580000   0.01177543852435153
0.020000  0.580000   0.01045415761875928
0.060000  0.580000   0.00936193121658696
0.100000  0.580000   0.00853094990833360
0.140000  0.580000   0.00778605433974515
0.180000  0.580000   0.00754722884082799
0.220000  0.580000   0.00757561993977899
0.260000  0.580000   0.00794628798188362
0.300000  0.580000   0.00842585683496252
0.340000  0.580000   0.00934245480790267
0.380000  0.580000   0.01048919172679313
0.420000  0.580000   0.01140877915403507
0.460000  0.580000   0.01284974837188197
0.500000  0.580000   0.01445341951864923
0.540000  0.580000   0.01623530110074752
0.580000  0.580000   0.01859120837596377
0.620000  0.580000   0.02083602615891280
0.660000  0.580000   0.02379860713039277
0.700000  0.580000   0.02731589329904690
0.740000  0.580000   0.03192866320506742
0.780000  0.580000   0.03995457685132647
-.620000  0.620000   0.07395825770346287
-.580000  0.620000   0.05898409021649364
-.540000  0.620000   0.05263591908477600
-.500000  0.620000   0.04727245140913829
-.460000  0.620000   0.04251501630577528
-.420000  0.620000   0.03819660213150841
-.380000  0.620000   0.03423665603753460
-.340000  0.620000   0.03060958197211865
-.300000  0.620000   0.02730739293613731
-.260000  0.620000   0.02536187588450959
-.220000  0.620000   0.02245111913782828
-.180000  0.620000   0.02049930147047913
-.140000  0.620000   0.01852786594720176
-.100000  0.620000   0.01660494764717907
-.060000  0.620000   0.01468329436930950
-.020000  0.620000   0.01314789008303786
0.020000  0.620000   0.01180186101262740
0.060000  0.620000   0.01067408274023819
0.100000  0.620000   0.00972956082719990
0.140000  0.620000   0.00913175498266681
0.180000  0.620000   0.00881137016079865
0.220000  0.620000   0.00875154886732650
0.260000  0.620000   0.00914491708699103
0.300000  0.620000   0.00954535392647713
0.340000  0.620000   0.01049876083873753
0.380000  0.620000   0.01169745485623233
0.420000  0.620000   0.01307935471242834
0.460000  0.620000   0.01462299624130163
0.500000  0.620000   0.01634121260161720
0.540000  0.620000   0.01825656283360585
0.580000  0.620000   0.02042776977121499
0.620000  0.620000   0.02341149875256307
0.660000  0.620000   0.02649478385613657
0.700000  0.620000   0.03130671859542970
0.740000  0.620000   0.03833462007833738
0.780000  0.620000   0.06031273421967825
-.620000  0.660000   0.08483405960984797
-.580000  0.660000   0.07163459752155608
-.540000  0.660000   0.05754542203897026
-.500000  0.660000   0.05132315244991737
-.460000  0.660000   0.04598092237581120
-.420000  0.660000   0.04123070768604545
-.380000  0.660000   0.03693465955025661
-.340000  0.660000   0.03302947674385654
-.300000  0.660000   0.03106699685569798
-.260000  0.660000   0.02754248706735898
-.220000  0.660000   0.02545810380276230
-.180000  0.660000   0.02246435825704601
-.140000  0.660000   0.02048445539562133
-.100000  0.660000   0.01855436674177989
-.060000  0.660000   0.01674305429716663
-.020000  0.660000   0.01509632875201981
0.020000  0.660000   0.01365465797589742
0.060000  0.660000   0.01245380920878604
0.100000  0.660000   0.01151351536298190
0.140000  0.660000   0.01084241091640098
0.180000  0.660000   0.01043809493732863
0.220000  0.660000   0.01060601390585955
0.260000  0.660000   0.01070766253291956
0.300000  0.660000   0.01150712070225727
0.340000  0.660000   0.01201694928403026
0.380000  0.660000   0.01327027958344596
0.420000  0.660000   0.01473743453474011
0.460000  0.660000   0.01639973072856922
0.500000  0.660000   0.01827955414465384
0.540000  0.660000   0.02042291433906289
0.580000  0.660000   0.02348804059489399
0.620000  0.660000   0.02651146047987728
0.660000  0.660000   0.03142906632673215
0.700000  0.660000   0.03825196570306372
0.740000  0.660000   0.05425489391098119
-.580000  0.700000   0.08965406122877534
-.540000  0.700000   0.06973217975853771
-.500000  0.700000   0.06121607057423391
-.460000  0.700000   0.05425259748519717
-.420000  0.700000   0.04484469951984225
-.380000  0.700000   0.04296427801605441
-.340000  0.700000   0.03822523561121634
-.300000  0.700000   0.03397578050806310
-.260000  0.700000   0.03182238790486708
-.220000  0.700000   0.02810943611120097
-.180000  0.700000   0.02595475466108495
-.140000  0.700000   0.02289054842878032
-.100000  0.700000   0.02095626296000657
-.060000  0.700000   0.01913360682873681
-.020000  0.700000   0.01746330614781885
0.020000  0.700000   0.01598885258709275
0.060000  0.700000   0.01474156538193113
0.100000  0.700000   0.01374068617650420
0.140000  0.700000   0.01299729586856407
0.180000  0.700000   0.01295811412517606
0.220000  0.700000   0.01272915080453908
0.260000  0.700000   0.01334053340007437
0.300000  0.700000   0.01357662120468652
0.340000  0.700000   0.01471307583205611
0.380000  0.700000   0.01609617929131698
0.420000  0.700000   0.01695474582239804
0.460000  0.700000   0.01953318382564872
0.500000  0.700000   0.02164682603687963
0.540000  0.700000   0.02413059965562863
0.580000  0.700000   0.02781160794612440
0.620000  0.700000   0.03235907378453381
0.660000  0.700000   0.03937652464421210
0.700000  0.700000   0.05488307567943263
-.540000  0.740000   0.08705182903217375
-.500000  0.740000   0.07450630248553426
-.460000  0.740000   0.05992770018079444
-.420000  0.740000   0.05309297706646941
-.380000  0.740000   0.04721218737046069
-.340000  0.740000   0.04203328875329574
-.300000  0.740000   0.03985567443335365
-.260000  0.740000   0.03530628116325498
-.220000  0.740000   0.03302517995467114
-.180000  0.740000   0.02915255871389420
-.140000  0.740000   0.02700611417352571
-.100000  0.740000   0.02492573397641386
-.060000  0.740000   0.02204333660910157
-.020000  0.740000   0.02035364028815075
0.020000  0.740000   0.01884676302710393
0.060000  0.740000   0.01755501185679210
0.100000  0.740000   0.01714620602319985
0.140000  0.740000   0.01631556899078660
0.180000  0.740000   0.01574741924934938
0.220000  0.740000   0.01617863208551611
0.260000  0.740000   0.01611079959595976
0.300000  0.740000   0.01710588667171530
0.340000  0.740000   0.01752200818435476
0.380000  0.740000   0.01903835651825059
0.420000  0.740000   0.02083621919682213
0.460000  0.740000   0.02295396138122790
0.500000  0.740000   0.02630788791055997
0.540000  0.740000   0.02942752621879581
0.580000  0.740000   0.03429282289380350
0.620000  0.740000   0.04191330334521514
0.660000  0.740000   0.05912155680928241
-.500000  0.780000   0.09365022475013808
-.460000  0.780000   0.07322611186026153
-.420000  0.780000   0.06399682447770227
-.380000  0.780000   0.05643411277053821
-.340000  0.780000   0.04998460866818595
-.300000  0.780000   0.04436339805149279
-.260000  0.780000   0.04198008367652784
-.220000  0.780000   0.03716872608733079
-.180000  0.780000   0.03483810854432494
-.140000  0.780000   0.03082622925642865
-.100000  0.780000   0.02875103871784447
-.060000  0.780000   0.02677439923991048
-.020000  0.780000   0.02494983010059929
0.020000  0.780000   0.02332320319048374
0.060000  0.780000   0.02192397333060966
0.100000  0.780000   0.02077125722822434
0.140000  0.780000   0.01987645546003525
0.180000  0.780000   0.02017723683834414
0.220000  0.780000   0.01979278670298537
0.260000  0.780000   0.02065784351525403
0.300000  0.780000   0.02081443092436659
0.340000  0.780000   0.02226010544415285
0.380000  0.780000   0.02402818899036414
0.420000  0.780000   0.02616213247913609
0.460000  0.780000   0.02878018814061146
0.500000  0.780000   0.03300736435526373
0.540000  0.780000   0.03835868929310095
0.580000  0.780000   0.04713970604122778
0.620000  0.780000   0.07266819303359448
-.460000  0.820000   0.10174397054194800
-.420000  0.820000   0.08601572027897549
-.380000  0.820000   0.06874623527861612
-.340000  0.820000   0.06039601388525980
-.300000  0.820000   0.05336780552764856
-.260000  0.820000   0.05058272696912062
-.220000  0.820000   0.04479445817121347
-.180000  0.820000   0.04221547585499736
-.140000  0.820000   0.03743354896419223
-.100000  0.820000   0.03517169184972326
-.060000  0.820000   0.03301951653319873
-.020000  0.820000   0.03103712298636048
0.020000  0.820000   0.02926520009636523
0.060000  0.820000   0.02773608297435363
0.100000  0.820000   0.02647066489643425
0.140000  0.820000   0.02548347933895678
0.180000  0.820000   0.02601464147688987
0.220000  0.820000   0.02558109711863253
0.260000  0.820000   0.02666900944049993
0.300000  0.820000   0.02688285735938322
0.340000  0.820000   0.02865995226149464
0.380000  0.820000   0.03087274482221444
0.420000  0.820000   0.03473655390365964
0.460000  0.820000   0.03840227130282919
0.500000  0.820000   0.04469166404453752
0.540000  0.820000   0.05700793790611380
-.420000  0.860000   0.12316192141668811
-.380000  0.860000   0.09397001992522329
-.340000  0.860000   0.08069858985888954
-.300000  0.860000   0.07032440297876109
-.260000  0.860000   0.06183330785195273
-.220000  0.860000   0.05467917031657660
-.180000  0.860000   0.05170692944543660
-.140000  0.860000   0.04597064838183212
-.100000  0.860000   0.04345765473800541
-.060000  0.860000   0.04108263672155304
-.020000  0.860000   0.03889990058948255
0.020000  0.860000   0.03695387471231860
0.060000  0.860000   0.03527908083476033
0.100000  0.860000   0.03390027576625847
0.140000  0.860000   0.03283891149433385
0.180000  0.860000   0.03363994089460400
0.220000  0.860000   0.03323227357851674
0.260000  0.860000   0.03467242722381321
0.300000  0.860000   0.03651727244024601
0.340000  0.860000   0.03889868294736488
0.380000  0.860000   0.04205946370767669
0.420000  0.860000   0.04773288126806907
0.460000  0.860000   0.05729637345208776
0.500000  0.860000   0.08045940921090990
-.340000  0.900000   0.12412449969834236
-.300000  0.900000   0.09653982941520886
-.260000  0.900000   0.08326738178492994
-.220000  0.900000   0.07282232098359602
-.180000  0.900000   0.06429045432362220
-.140000  0.900000   0.06077365577818292
-.100000  0.900000   0.05425823117434726
-.060000  0.900000   0.05156399434256612
-.020000  0.900000   0.04911695236888906
0.020000  0.900000   0.04696122510427089
0.060000  0.900000   0.04513353197947937
0.100000  0.900000   0.04366617417290932
0.140000  0.900000   0.04457123770623177
0.180000  0.900000   0.04386030579127597
0.220000  0.900000   0.04547361348109734
0.260000  0.900000   0.04760030629185343
0.300000  0.900000   0.05050101767169642
0.340000  0.900000   0.05625574356028903
0.380000  0.900000   0.06457499754468582
0.420000  0.900000   0.08488112296759977
-.260000  0.940000   0.14110041007807345
-.220000  0.940000   0.10997586910785456
-.180000  0.940000   0.09473176893621796
-.140000  0.940000   0.08300635608505320
-.100000  0.940000   0.07809593478361264
-.060000  0.940000   0.06989744137294078
-.020000  0.940000   0.06664624329283139
0.020000  0.940000   0.06390376615003704
0.060000  0.940000   0.06169505704216969
0.100000  0.940000   0.06279802077432636
0.140000  0.940000   0.06168094873653677
0.180000  0.940000   0.06383758902526959
0.220000  0.940000   0.06693248218345038
0.260000  0.940000   0.07403356065542251
0.300000  0.940000   0.08502469079139781
0.340000  0.940000   0.13596778588079292
-.140000  0.980000   0.16836883289050933
-.100000  0.980000   0.14117612179874361
-.060000  0.980000   0.12262168603600930
-.020000  0.980000   0.10901064691116231
0.020000  0.980000   0.10395192489174365
0.060000  0.980000   0.10542132468768596
0.100000  0.980000   0.10830677035448943
0.140000  0.980000   0.11399025118959054
0.180000  0.980000   0.13642626978243791
