-.180000  -.980000   0.13367962692477475
-.140000  -.980000   0.08450172215841308
-.100000  -.980000   0.06938770110020016
-.060000  -.980000   0.06009449223458199
-.020000  -.980000   0.05371631258779421
0.020000  -.980000   0.05211752925798509
0.060000  -.980000   0.05481670657393935
0.100000  -.980000   0.05880645260673498
0.140000  -.980000   0.06464759877695442
0.180000  -.980000   0.08591044276316954
-.300000  -.940000   0.08908945130636363
-.260000  -.940000   0.06206136779076217
-.220000  -.940000   0.04855923799715953
-.180000  -.940000   0.04236528272916635
-.140000  -.940000   0.03843850162024048
-.100000  -.940000   0.03715067939827147
-.060000  -.940000   0.03509762169087664
-.020000  -.940000   0.03468024351766753
0.020000  -.940000   0.03442583169172407
0.060000  -.940000   0.03425350511942650
0.100000  -.940000   0.03544102008441519
0.140000  -.940000   0.03533510184839807
0.180000  -.940000   0.03689823960140590
0.220000  -.940000   0.03892734723027159
0.260000  -.940000   0.04437188237814894
0.300000  -.940000   0.05248935765596467
0.340000  -.940000   0.10423605214881380
-.380000  -.900000   0.07198252196230630
-.340000  -.900000   0.05154937584625984
-.300000  -.900000   0.04139255033283292
-.260000  -.900000   0.03670705172202471
-.220000  -.900000   0.03399353410826608
-.180000  -.900000   0.03236976979128831
-.140000  -.900000   0.03208304029776279
-.100000  -.900000   0.03133367714644180
-.060000  -.900000   0.03140767742823870
-.020000  -.900000   0.03149089309656458
0.020000  -.900000   0.03154455878523931
0.060000  -.900000   0.03155455670241310
0.100000  -.900000   0.03151610517491433
0.140000  -.900000   0.03196115362924813
0.180000  -.900000   0.03183055087419062
0.220000  -.900000   0.03232970146424346
0.260000  -.900000   0.03303888711132379
0.300000  -.900000   0.03406411584538641
0.340000  -.900000   0.03735469062710387
0.380000  -.900000   0.04252314990757706
0.420000  -.900000   0.05903993033399668
-.460000  -.860000   0.07627499660023654
-.420000  -.860000   0.05044634372696544
-.380000  -.860000   0.03982809678438385
-.340000  -.860000   0.03491512346161398
-.300000  -.860000   0.03230902889852520
-.260000  -.860000   0.03094357634410775
-.220000  -.860000   0.03022733923761274
-.180000  -.860000   0.03042693389024679
-.140000  -.860000   0.03016861676508708
-.100000  -.860000   0.03051404166809877
-.060000  -.860000   0.03079883943948846
-.020000  -.860000   0.03099560171094120
0.020000  -.860000   0.03110574647515733
0.060000  -.860000   0.03114150096976869
0.100000  -.860000   0.03111571034135176
0.140000  -.860000   0.03103729625663059
0.180000  -.860000   0.03110898580575397
0.220000  -.860000   0.03095939737906610
0.260000  -.860000   0.03099415451028674
0.300000  -.860000   0.03112726269441398
0.340000  -.860000   0.03146945955097153
0.380000  -.860000   0.03209162094662620
0.420000  -.860000   0.03449226514339803
0.460000  -.860000   0.04107524936427014
0.500000  -.860000   0.06110940791267973
-.500000  -.820000   0.05680844292553531
-.460000  -.820000   0.04205627983979048
-.420000  -.820000   0.03527826038593486
-.380000  -.820000   0.03142419141881840
-.340000  -.820000   0.02977274164299532
-.300000  -.820000   0.02902414865128994
-.260000  -.820000   0.02934614077345951
-.220000  -.820000   0.02925845719394710
-.180000  -.820000   0.02980994875054398
-.140000  -.820000   0.02972732243018828
-.100000  -.820000   0.03018349216018860
-.060000  -.820000   0.03052225390865061
-.020000  -.820000   0.03074091386691978
0.020000  -.820000   0.03085334054504419
0.060000  -.820000   0.03088076838422635
0.100000  -.820000   0.03084271126107374
0.140000  -.820000   0.03075322466308638
0.180000  -.820000   0.03072027941684226
0.220000  -.820000   0.03057104346715642
0.260000  -.820000   0.03038301261694053
0.300000  -.820000   0.03023069336871203
0.340000  -.820000   0.03007279258413611
0.380000  -.820000   0.02999797501146405
0.420000  -.820000   0.03044772100853887
0.460000  -.820000   0.03114190911687021
0.500000  -.820000   0.03352291164713882
0.540000  -.820000   0.04302806190965768
-.580000  -.780000   0.08020857290815603
-.540000  -.780000   0.04980082337235248
-.500000  -.780000   0.03807436314237927
-.460000  -.780000   0.03221358765567821
-.420000  -.780000   0.02952575300146965
-.380000  -.780000   0.02834355804133849
-.340000  -.780000   0.02793052482786088
-.300000  -.780000   0.02783686518680156
-.260000  -.780000   0.02860403827652243
-.220000  -.780000   0.02863263006252220
-.180000  -.780000   0.02932849164405711
-.140000  -.780000   0.02916281873660758
-.100000  -.780000   0.02965684979146574
-.060000  -.780000   0.03001358616785687
-.020000  -.780000   0.03024129368984317
0.020000  -.780000   0.03035402878523386
0.060000  -.780000   0.03037419207241069
0.100000  -.780000   0.03032277493940072
0.140000  -.780000   0.03021611960440222
0.180000  -.780000   0.03027248199489103
0.220000  -.780000   0.03009731525300749
0.260000  -.780000   0.02990535285746764
0.300000  -.780000   0.02973856086991035
0.340000  -.780000   0.02948236567127252
0.380000  -.780000   0.02920060573871496
0.420000  -.780000   0.02899625939354694
0.460000  -.780000   0.02892669357802495
0.500000  -.780000   0.02944836844623079
0.540000  -.780000   0.03118124877432732
0.580000  -.780000   0.03653290482352594
0.620000  -.780000   0.06165654996433025
-.620000  -.740000   0.07196055968156709
-.580000  -.740000   0.04636028785220643
-.540000  -.740000   0.03581995225163252
-.500000  -.740000   0.03064734972580813
-.460000  -.740000   0.02801330908640330
-.420000  -.740000   0.02702829452787076
-.380000  -.740000   0.02676809171211226
-.340000  -.740000   0.02678498331136515
-.300000  -.740000   0.02771338528979653
-.260000  -.740000   0.02780822969946303
-.220000  -.740000   0.02865282710120191
-.180000  -.740000   0.02850491502575739
-.140000  -.740000   0.02910307011611156
-.100000  -.740000   0.02954042424668954
-.060000  -.740000   0.02903818707902184
-.020000  -.740000   0.02927788806386747
0.020000  -.740000   0.02940048780082696
0.060000  -.740000   0.02942291442447309
0.100000  -.740000   0.02985466487908464
0.140000  -.740000   0.02969927948136017
0.180000  -.740000   0.02951407614621825
0.220000  -.740000   0.02944746186138391
0.260000  -.740000   0.02925646357601626
0.300000  -.740000   0.02900080806462224
0.340000  -.740000   0.02885520662059237
0.380000  -.740000   0.02856159497436964
0.420000  -.740000   0.02824500934715948
0.460000  -.740000   0.02797811034105156
0.500000  -.740000   0.02765958852817063
0.540000  -.740000   0.02796315989567703
0.580000  -.740000   0.02913148167637887
0.620000  -.740000   0.03343070756480329
0.660000  -.740000   0.04783184847111098
-.660000  -.700000   0.07045594199601081
-.620000  -.700000   0.04517514303860332
-.580000  -.700000   0.03464239404750422
-.540000  -.700000   0.02947523212355555
-.500000  -.700000   0.02700990838506684
-.460000  -.700000   0.02613266468853926
-.420000  -.700000   0.02539602917849354
-.380000  -.700000   0.02627918262366056
-.340000  -.700000   0.02652883791927648
-.300000  -.700000   0.02665360256896151
-.260000  -.700000   0.02764226250998100
-.220000  -.700000   0.02750845006286451
-.180000  -.700000   0.02824575329676776
-.140000  -.700000   0.02779658647545555
-.100000  -.700000   0.02826764169150098
-.060000  -.700000   0.02858423568003551
-.020000  -.700000   0.02876719949206133
0.020000  -.700000   0.02883038250778401
0.060000  -.700000   0.02879572603886751
0.100000  -.700000   0.02868622677836736
0.140000  -.700000   0.02852037533791922
0.180000  -.700000   0.02873073598543540
0.220000  -.700000   0.02849522046615977
0.260000  -.700000   0.02838373397086116
0.300000  -.700000   0.02818313455157542
0.340000  -.700000   0.02793029767534247
0.380000  -.700000   0.02755415713794718
0.420000  -.700000   0.02751074475042966
0.460000  -.700000   0.02680491608701616
0.500000  -.700000   0.02658406499623725
0.540000  -.700000   0.02653674664838292
0.580000  -.700000   0.02664272316552675
0.620000  -.700000   0.02793316721870745
0.660000  -.700000   0.03232795039240272
0.700000  -.700000   0.04673011441232088
-.700000  -.660000   0.07405782919392762
-.660000  -.660000   0.04564488351859020
-.620000  -.660000   0.03460174740780569
-.580000  -.660000   0.02874683267648933
-.540000  -.660000   0.02590426526732691
-.500000  -.660000   0.02481141538910865
-.460000  -.660000   0.02461598604108669
-.420000  -.660000   0.02478748359523218
-.380000  -.660000   0.02502031322159067
-.340000  -.660000   0.02514584249319677
-.300000  -.660000   0.02627606237459557
-.260000  -.660000   0.02615898518826253
-.220000  -.660000   0.02704804752211629
-.180000  -.660000   0.02660497002782361
-.140000  -.660000   0.02721721319907172
-.100000  -.660000   0.02764631182179355
-.060000  -.660000   0.02792141268460968
-.020000  -.660000   0.02805884803152902
0.020000  -.660000   0.02807300889856537
0.060000  -.660000   0.02798870122598212
0.100000  -.660000   0.02783090755444121
0.140000  -.660000   0.02762094422431333
0.180000  -.660000   0.02737233313639922
0.220000  -.660000   0.02751819402852865
0.260000  -.660000   0.02724520491965064
0.300000  -.660000   0.02714742343967602
0.340000  -.660000   0.02692084859026341
0.380000  -.660000   0.02672299926039007
0.420000  -.660000   0.02642807404842230
0.460000  -.660000   0.02610453906966335
0.500000  -.660000   0.02580885672484736
0.540000  -.660000   0.02557999665155343
0.580000  -.660000   0.02511096835187817
0.620000  -.660000   0.02536193712992950
0.660000  -.660000   0.02673865290198980
0.700000  -.660000   0.03137763619118732
0.740000  -.660000   0.04582484883802862
-.700000  -.620000   0.04832387823437569
-.660000  -.620000   0.03547785309438237
-.620000  -.620000   0.02849064871367675
-.580000  -.620000   0.02527126729451164
-.540000  -.620000   0.02385339292095735
-.500000  -.620000   0.02356593092867171
-.460000  -.620000   0.02379322013714410
-.420000  -.620000   0.02415531478157933
-.380000  -.620000   0.02444308732955957
-.340000  -.620000   0.02455406086411990
-.300000  -.620000   0.02445439410972462
-.260000  -.620000   0.02549690954460496
-.220000  -.620000   0.02508762958449769
-.180000  -.620000   0.02585321692939091
-.140000  -.620000   0.02644011097672538
-.100000  -.620000   0.02684521924186199
-.060000  -.620000   0.02596849699246475
-.020000  -.620000   0.02615410595321416
0.020000  -.620000   0.02621775983157447
0.060000  -.620000   0.02617407566039794
0.100000  -.620000   0.02685127332706047
0.140000  -.620000   0.02660098005356569
0.180000  -.620000   0.02631434544129164
0.220000  -.620000   0.02599688671877970
0.260000  -.620000   0.02612976392912159
0.300000  -.620000   0.02580992887709197
0.340000  -.620000   0.02576368544204766
0.380000  -.620000   0.02554053822488085
0.420000  -.620000   0.02522304779640331
0.460000  -.620000   0.02487278553262652
0.500000  -.620000   0.02454056866776493
0.540000  -.620000   0.02428477296466730
0.580000  -.620000   0.02413390560731779
0.620000  -.620000   0.02370321008430499
0.660000  -.620000   0.02409022239797451
0.700000  -.620000   0.02570782394580694
0.740000  -.620000   0.03065530907607719
0.780000  -.620000   0.05624162371371114
-.740000  -.580000   0.05402865243968055
-.700000  -.580000   0.03705890411721848
-.660000  -.580000   0.02905293017971034
-.620000  -.580000   0.02494869063801412
-.580000  -.580000   0.02293619350294186
-.540000  -.580000   0.02192694252877624
-.500000  -.580000   0.02190904444379061
-.460000  -.580000   0.02213053827890579
-.420000  -.580000   0.02235015921184115
-.380000  -.580000   0.02366306786518607
-.340000  -.580000   0.02374116530339301
-.300000  -.580000   0.02359598622253347
-.260000  -.580000   0.02462190754757550
-.220000  -.580000   0.02417172019074286
-.180000  -.580000   0.02492252750184182
-.140000  -.580000   0.02550387345807516
-.100000  -.580000   0.02466093304793964
-.060000  -.580000   0.02497776268670858
-.020000  -.580000   0.02514745711932161
0.020000  -.580000   0.02519002705217559
0.060000  -.580000   0.02511993444093015
0.100000  -.580000   0.02495506944984986
0.140000  -.580000   0.02550452095492638
0.180000  -.580000   0.02518044043919120
0.220000  -.580000   0.02482555535764195
0.260000  -.580000   0.02494338645963865
0.300000  -.580000   0.02459004385474775
0.340000  -.580000   0.02452629505039311
0.380000  -.580000   0.02429196992012881
0.420000  -.580000   0.02409837501453830
0.460000  -.580000   0.02390205927411987
0.500000  -.580000   0.02366862129272054
0.540000  -.580000   0.02342947420363772
0.580000  -.580000   0.02276093513060925
0.620000  -.580000   0.02269605423467065
0.660000  -.580000   0.02239575113690794
0.700000  -.580000   0.02291019199535631
0.740000  -.580000   0.02478726089162035
0.780000  -.580000   0.03207555277367399
-.780000  -.540000   0.06372018879786079
-.740000  -.540000   0.04128407934654733
-.700000  -.540000   0.03077590126374392
-.660000  -.540000   0.02520717670736267
-.620000  -.540000   0.02229915968362113
-.580000  -.540000   0.02091496393571435
-.540000  -.540000   0.02069615497988921
-.500000  -.540000   0.02087919073587131
-.460000  -.540000   0.02116206732275997
-.420000  -.540000   0.02137896460142734
-.380000  -.540000   0.02267645105735047
-.340000  -.540000   0.02271346115883337
-.300000  -.540000   0.02254237935423264
-.260000  -.540000   0.02356034770328352
-.220000  -.540000   0.02309946040943114
-.180000  -.540000   0.02384915939282311
-.140000  -.540000   0.02309651064908486
-.100000  -.540000   0.02358338573971200
-.060000  -.540000   0.02390212460881396
-.020000  -.540000   0.02406742050672389
0.020000  -.540000   0.02409971199729352
0.060000  -.540000   0.02401204752967863
0.100000  -.540000   0.02382230295063901
0.140000  -.540000   0.02354885308162041
0.180000  -.540000   0.02400762851918620
0.220000  -.540000   0.02361313532969474
0.260000  -.540000   0.02372056861350990
0.300000  -.540000   0.02332419202352953
0.340000  -.540000   0.02324988629016522
0.380000  -.540000   0.02301115272372682
0.420000  -.540000   0.02277536005064732
0.460000  -.540000   0.02258523551860874
0.500000  -.540000   0.02235246139684123
0.540000  -.540000   0.02211618781474754
0.580000  -.540000   0.02189988793625769
0.620000  -.540000   0.02130134408286623
0.660000  -.540000   0.02129703467932981
0.700000  -.540000   0.02117652046884551
0.740000  -.540000   0.02188892723579931
0.780000  -.540000   0.02503961932777015
0.820000  -.540000   0.03676689558151035
-.780000  -.500000   0.04740997640953912
-.740000  -.500000   0.03307293938522256
-.700000  -.500000   0.02595567972271219
-.660000  -.500000   0.02222584583183927
-.620000  -.500000   0.02027508800461188
-.580000  -.500000   0.01945112492342967
-.540000  -.500000   0.01947191170573994
-.500000  -.500000   0.01973756789059535
-.460000  -.500000   0.02002509786557429
-.420000  -.500000   0.02021782837232981
-.380000  -.500000   0.02148738159227908
-.340000  -.500000   0.02150030869138631
-.300000  -.500000   0.02132625714692601
-.260000  -.500000   0.02234340914962829
-.220000  -.500000   0.02189863274066140
-.180000  -.500000   0.02265978247643770
-.140000  -.500000   0.02193930392607858
-.100000  -.500000   0.02243690564114619
-.060000  -.500000   0.02277230004460238
-.020000  -.500000   0.02294604460913411
0.020000  -.500000   0.02297839451430063
0.060000  -.500000   0.02288141912384772
0.100000  -.500000   0.02267270028412513
0.140000  -.500000   0.02237106450884809
0.180000  -.500000   0.02282497355106793
0.220000  -.500000   0.02238878669346415
0.260000  -.500000   0.02249270855124002
0.300000  -.500000   0.02204335227886070
0.340000  -.500000   0.02196470808040448
0.380000  -.500000   0.02172796042487892
0.420000  -.500000   0.02142472247885779
0.460000  -.500000   0.02123391473053640
0.500000  -.500000   0.02100098382651929
0.540000  -.500000   0.02076589671842446
0.580000  -.500000   0.02055156762116513
0.620000  -.500000   0.01993438548769480
0.660000  -.500000   0.01990231232104807
0.700000  -.500000   0.01954817809088637
0.740000  -.500000   0.01984015832749764
0.780000  -.500000   0.02138541599284187
0.820000  -.500000   0.02592664840746031
0.860000  -.500000   0.04983392152701999
-.820000  -.460000   0.05890232896108597
-.780000  -.460000   0.03881952012266300
-.740000  -.460000   0.02866195462679433
-.700000  -.460000   0.02245500923184753
-.660000  -.460000   0.01990394991135231
-.620000  -.460000   0.01859727090751330
-.580000  -.460000   0.01803760818468217
-.540000  -.460000   0.01817353107206612
-.500000  -.460000   0.01845663459737129
-.460000  -.460000   0.01872026927780894
-.420000  -.460000   0.01888792062579322
-.380000  -.460000   0.02012504441048218
-.340000  -.460000   0.02013329396373084
-.300000  -.460000   0.01998349481076464
-.260000  -.460000   0.02099484466831243
-.220000  -.460000   0.02060695904892712
-.180000  -.460000   0.02138921053808088
-.140000  -.460000   0.02073225316737113
-.100000  -.460000   0.02124952197628647
-.060000  -.460000   0.02161442259537084
-.020000  -.460000   0.02180901042479422
0.020000  -.460000   0.02185120973718175
0.060000  -.460000   0.02175249521599472
0.100000  -.460000   0.02152919819334415
0.140000  -.460000   0.02120088221040191
0.180000  -.460000   0.02165456197863606
0.220000  -.460000   0.02117372321622207
0.260000  -.460000   0.02127862243809211
0.300000  -.460000   0.02076559946699566
0.340000  -.460000   0.02068679114837566
0.380000  -.460000   0.02045829439395738
0.420000  -.460000   0.02005874959840443
0.460000  -.460000   0.01986608295355833
0.500000  -.460000   0.01963154032669306
0.540000  -.460000   0.01938999272578553
0.580000  -.460000   0.01917099340830133
0.620000  -.460000   0.01860526231110501
0.660000  -.460000   0.01852848630780473
0.700000  -.460000   0.01804657808461095
0.740000  -.460000   0.01836008492754354
0.780000  -.460000   0.01884957627415541
0.820000  -.460000   0.02151667066533493
0.860000  -.460000   0.03214712775955463
-.820000  -.420000   0.04544829042073759
-.780000  -.420000   0.03263553349896064
-.740000  -.420000   0.02479639254478967
-.700000  -.420000   0.02028428143486582
-.660000  -.420000   0.01797798173906007
-.620000  -.420000   0.01708078891835669
-.580000  -.420000   0.01659312502702220
-.540000  -.420000   0.01676972176375608
-.500000  -.420000   0.01703576799610736
-.460000  -.420000   0.01727281917036073
-.420000  -.420000   0.01742936894382933
-.380000  -.420000   0.01862247427569774
-.340000  -.420000   0.01865109567072755
-.300000  -.420000   0.01855782817071629
-.260000  -.420000   0.01955072466194586
-.220000  -.420000   0.01925556035111536
-.180000  -.420000   0.02005933828797002
-.140000  -.420000   0.01950701502819837
-.100000  -.420000   0.02004805497812670
-.060000  -.420000   0.02044861737523904
-.020000  -.420000   0.02067796255625549
0.020000  -.420000   0.02074081511487642
0.060000  -.420000   0.02064742103724486
0.100000  -.420000   0.02041310709652670
0.140000  -.420000   0.02005820666908495
0.180000  -.420000   0.02051342007616413
0.220000  -.420000   0.01998356965626127
0.260000  -.420000   0.02009112817817637
0.300000  -.420000   0.01950168171447441
0.340000  -.420000   0.01942734787567828
0.380000  -.420000   0.01920552030207153
0.420000  -.420000   0.01867976412976536
0.460000  -.420000   0.01848362389487820
0.500000  -.420000   0.01824194685754391
0.540000  -.420000   0.01799175265129040
0.580000  -.420000   0.01775427682801231
0.620000  -.420000   0.01729539463084146
0.660000  -.420000   0.01717179484978244
0.700000  -.420000   0.01708722089363308
0.740000  -.420000   0.01686157822914856
0.780000  -.420000   0.01708514501629122
0.820000  -.420000   0.01883702381201863
0.860000  -.420000   0.02404021535703009
0.900000  -.420000   0.04491924145422119
-.860000  -.380000   0.06173544845963585
-.820000  -.380000   0.03943550312007792
-.780000  -.380000   0.02818801229423065
-.740000  -.380000   0.02181467614676098
-.700000  -.380000   0.01777591586812929
-.660000  -.380000   0.01626329880188388
-.620000  -.380000   0.01560851176433882
-.580000  -.380000   0.01561767783057155
-.540000  -.380000   0.01591515030538309
-.500000  -.380000   0.01627963264095925
-.460000  -.380000   0.01660707561714482
-.420000  -.380000   0.01685842458017583
-.380000  -.380000   0.01702392982832905
-.340000  -.380000   0.01710349066622108
-.300000  -.380000   0.01709978343691025
-.260000  -.380000   0.01805157279722458
-.220000  -.380000   0.01788655849727921
-.180000  -.380000   0.01869885747893561
-.140000  -.380000   0.01828918782997782
-.100000  -.380000   0.01885732746927171
-.060000  -.380000   0.01930184095799413
-.020000  -.380000   0.01957376655974233
0.020000  -.380000   0.01966501731131837
0.060000  -.380000   0.01958325188602448
0.100000  -.380000   0.01934205335388332
0.140000  -.380000   0.01896031758885131
0.180000  -.380000   0.01941508397355884
0.220000  -.380000   0.01882857703888695
0.260000  -.380000   0.01894169739679666
0.300000  -.380000   0.01825615332950577
0.340000  -.380000   0.01818716311796176
0.380000  -.380000   0.01797437893946892
0.420000  -.380000   0.01765471745233577
0.460000  -.380000   0.01727807002635012
0.500000  -.380000   0.01689079826587774
0.540000  -.380000   0.01652969652731420
0.580000  -.380000   0.01622060420123019
0.620000  -.380000   0.01597852457417793
0.660000  -.380000   0.01580208592396171
0.700000  -.380000   0.01533890792577812
0.740000  -.380000   0.01541792469405928
0.780000  -.380000   0.01544943047443459
0.820000  -.380000   0.01621964784179383
0.860000  -.380000   0.01944885212636224
0.900000  -.380000   0.03101633768231896
-.860000  -.340000   0.04976825308039345
-.820000  -.340000   0.03413777938497522
-.780000  -.340000   0.02486974432376631
-.740000  -.340000   0.01939388023010569
-.700000  -.340000   0.01605188592474071
-.660000  -.340000   0.01464112122060873
-.620000  -.340000   0.01412128068068923
-.580000  -.340000   0.01412521556835389
-.540000  -.340000   0.01436198519900102
-.500000  -.340000   0.01466037468991533
-.460000  -.340000   0.01494507215707317
-.420000  -.340000   0.01519153377095056
-.380000  -.340000   0.01539543748080215
-.340000  -.340000   0.01555754632517336
-.300000  -.340000   0.01647504082990991
-.260000  -.340000   0.01655370537057594
-.220000  -.340000   0.01655204124954792
-.180000  -.340000   0.01733847893685578
-.140000  -.340000   0.01711247736718352
-.100000  -.340000   0.01770151514717137
-.060000  -.340000   0.01818516361200093
-.020000  -.340000   0.01851339812408841
0.020000  -.340000   0.01864073973597033
0.060000  -.340000   0.01857572877503636
0.100000  -.340000   0.01832766479003709
0.140000  -.340000   0.01791252523085363
0.180000  -.340000   0.01836819679444806
0.220000  -.340000   0.01770938246824108
0.260000  -.340000   0.01782887578236274
0.300000  -.340000   0.01770752215458347
0.340000  -.340000   0.01695632585715654
0.380000  -.340000   0.01674874562062110
0.420000  -.340000   0.01643313778807004
0.460000  -.340000   0.01605337536498797
0.500000  -.340000   0.01565278169780308
0.540000  -.340000   0.01526334529633013
0.580000  -.340000   0.01491467144337409
0.620000  -.340000   0.01462027667955027
0.660000  -.340000   0.01437978537334087
0.700000  -.340000   0.01402471234997599
0.740000  -.340000   0.01398087627021023
0.780000  -.340000   0.01391615200593742
0.820000  -.340000   0.01438236647678899
0.860000  -.340000   0.01683836648491644
0.900000  -.340000   0.02460459598369609
0.940000  -.340000   0.06496504786985875
-.860000  -.300000   0.04273274610598549
-.820000  -.300000   0.03028318740049966
-.780000  -.300000   0.02224655700894238
-.740000  -.300000   0.01682003200877808
-.700000  -.300000   0.01450007182593698
-.660000  -.300000   0.01307242569439106
-.620000  -.300000   0.01260424482264567
-.580000  -.300000   0.01258442936968302
-.540000  -.300000   0.01276263449244961
-.500000  -.300000   0.01301520897138300
-.460000  -.300000   0.01328734602600285
-.420000  -.300000   0.01356294836744247
-.380000  -.300000   0.01383950062678410
-.340000  -.300000   0.01462415523771579
-.300000  -.300000   0.01489164852822310
-.260000  -.300000   0.01513042653273437
-.220000  -.300000   0.01531730074259762
-.180000  -.300000   0.01602653555299246
-.140000  -.300000   0.01601625159586441
-.100000  -.300000   0.01660167255660383
-.060000  -.300000   0.01712136699039763
-.020000  -.300000   0.01750773649025374
0.020000  -.300000   0.01768222588661345
0.060000  -.300000   0.01763817382862524
0.100000  -.300000   0.01737966199799792
0.140000  -.300000   0.01692043365406946
0.180000  -.300000   0.01737074022686246
0.220000  -.300000   0.01662311869447944
0.260000  -.300000   0.01674858463884628
0.300000  -.300000   0.01664463035239370
0.340000  -.300000   0.01636673856610929
0.380000  -.300000   0.01550597356135495
0.420000  -.300000   0.01518769493291565
0.460000  -.300000   0.01479528681351340
0.500000  -.300000   0.01436922945341327
0.540000  -.300000   0.01394064407487342
0.580000  -.300000   0.01353588254320638
0.620000  -.300000   0.01317264210251801
0.660000  -.300000   0.01284494048285009
0.700000  -.300000   0.01265579231199392
0.740000  -.300000   0.01234627908007321
0.780000  -.300000   0.01240782172519877
0.820000  -.300000   0.01266184772276938
0.860000  -.300000   0.01452046487395521
0.900000  -.300000   0.01947305625881172
0.940000  -.300000   0.03639495042428342
-.900000  -.260000   0.06056890735383465
-.860000  -.260000   0.03827297713298440
-.820000  -.260000   0.02628118800057663
-.780000  -.260000   0.01942337209908837
-.740000  -.260000   0.01540619784647339
-.700000  -.260000   0.01248490453584435
-.660000  -.260000   0.01173488324105320
-.620000  -.260000   0.01125812886725940
-.580000  -.260000   0.01123805242473614
-.540000  -.260000   0.01143114339582691
-.500000  -.260000   0.01170181932330334
-.460000  -.260000   0.01200061187677956
-.420000  -.260000   0.01232239612803126
-.380000  -.260000   0.01267475182234444
-.340000  -.260000   0.01306124203787763
-.300000  -.260000   0.01347245475231521
-.260000  -.260000   0.01388571320624039
-.220000  -.260000   0.01449350220783225
-.180000  -.260000   0.01483326262549779
-.140000  -.260000   0.01552286940984723
-.100000  -.260000   0.01558832853512907
-.060000  -.260000   0.01613181291321325
-.020000  -.260000   0.01657193320922895
0.020000  -.260000   0.01680412217206476
0.060000  -.260000   0.01677845092074603
0.100000  -.260000   0.01650226961381788
0.140000  -.260000   0.01707562967976360
0.180000  -.260000   0.01642288204116547
0.220000  -.260000   0.01656738770534981
0.260000  -.260000   0.01565524490281945
0.300000  -.260000   0.01556896145176269
0.340000  -.260000   0.01531421194819599
0.380000  -.260000   0.01491913746332028
0.420000  -.260000   0.01443390533379208
0.460000  -.260000   0.01389870452863747
0.500000  -.260000   0.01333925402209052
0.540000  -.260000   0.01279224679418499
0.580000  -.260000   0.01228912677461665
0.620000  -.260000   0.01184756831489568
0.660000  -.260000   0.01147618527477606
0.700000  -.260000   0.01109562170090073
0.740000  -.260000   0.01097989633433912
0.780000  -.260000   0.01086077805349587
0.820000  -.260000   0.01117521092630859
0.860000  -.260000   0.01245951128933663
0.900000  -.260000   0.01661334228700092
0.940000  -.260000   0.02915470835306146
-.900000  -.220000   0.05325764402889451
-.860000  -.220000   0.03519070054989835
-.820000  -.220000   0.02456468642690358
-.780000  -.220000   0.01807992494023310
-.740000  -.220000   0.01318454554402319
-.700000  -.220000   0.01146141940125881
-.660000  -.220000   0.01007693516004350
-.620000  -.220000   0.00991400722144565
-.580000  -.220000   0.00981583097262503
-.540000  -.220000   0.00993029871604077
-.500000  -.220000   0.01016236672105631
-.460000  -.220000   0.01047442695685119
-.420000  -.220000   0.01085825914094843
-.380000  -.220000   0.01131091326523887
-.340000  -.220000   0.01182623598785528
-.300000  -.220000   0.01238633646509376
-.260000  -.220000   0.01269371057690194
-.220000  -.220000   0.01329753990522785
-.180000  -.220000   0.01385224318204351
-.140000  -.220000   0.01436791927531959
-.100000  -.220000   0.01470471393459334
-.060000  -.220000   0.01523138265846203
-.020000  -.220000   0.01572381684243069
0.020000  -.220000   0.01601838282705943
0.060000  -.220000   0.01600812044931844
0.100000  -.220000   0.01569926841204523
0.140000  -.220000   0.01625752471500924
0.180000  -.220000   0.01548225615666688
0.220000  -.220000   0.01565047818398062
0.260000  -.220000   0.01558675337139572
0.300000  -.220000   0.01449029524360365
0.340000  -.220000   0.01424258522209982
0.380000  -.220000   0.01385697683732347
0.420000  -.220000   0.01335732587253269
0.460000  -.220000   0.01278486908055471
0.500000  -.220000   0.01218698920116204
0.540000  -.220000   0.01157533847007025
0.580000  -.220000   0.01097720071068756
0.620000  -.220000   0.01042010767115235
0.660000  -.220000   0.01010381373195456
0.700000  -.220000   0.00975599320272176
0.740000  -.220000   0.00945985166357374
0.780000  -.220000   0.00940537558180962
0.820000  -.220000   0.00961369739547470
0.860000  -.220000   0.01051002105174963
0.900000  -.220000   0.01405079862866139
0.940000  -.220000   0.02313834830578633
-.900000  -.180000   0.04898783573928584
-.860000  -.180000   0.03147451030880691
-.820000  -.180000   0.02179715881189223
-.780000  -.180000   0.01601015580065352
-.740000  -.180000   0.01251885265543145
-.700000  -.180000   0.00968219409795252
-.660000  -.180000   0.00908815334349870
-.620000  -.180000   0.00846217215882799
-.580000  -.180000   0.00828295943245291
-.540000  -.180000   0.00835136218393184
-.500000  -.180000   0.00855577688321286
-.460000  -.180000   0.00885578051002030
-.420000  -.180000   0.00924899690062911
-.380000  -.180000   0.00974279000563636
-.340000  -.180000   0.01033729603588126
-.300000  -.180000   0.01101810513758390
-.260000  -.180000   0.01175527832308400
-.220000  -.180000   0.01250560218336167
-.180000  -.180000   0.01266203984546603
-.140000  -.180000   0.01342970930027929
-.100000  -.180000   0.01401470181508267
-.060000  -.180000   0.01444396207376334
-.020000  -.180000   0.01497719793760161
0.020000  -.180000   0.01533227617103472
0.060000  -.180000   0.01533332746623474
0.100000  -.180000   0.01494982716121424
0.140000  -.180000   0.01546962775182249
0.180000  -.180000   0.01570767959361297
0.220000  -.180000   0.01471846123746680
0.260000  -.180000   0.01457835284724921
0.300000  -.180000   0.01429226006845667
0.340000  -.180000   0.01389280220346974
0.380000  -.180000   0.01337979680402476
0.420000  -.180000   0.01280251049108505
0.460000  -.180000   0.01214501453721910
0.500000  -.180000   0.01141490343298382
0.540000  -.180000   0.01069070175416613
0.580000  -.180000   0.00998398119281119
0.620000  -.180000   0.00931877638271177
0.660000  -.180000   0.00871274798523477
0.700000  -.180000   0.00839231861995661
0.740000  -.180000   0.00806887822999954
0.780000  -.180000   0.00798359697845671
0.820000  -.180000   0.00823277826751349
0.860000  -.180000   0.00931138175931364
0.900000  -.180000   0.01164224696728134
0.940000  -.180000   0.01995106905241252
0.980000  -.180000   0.04951977712134152
-.900000  -.140000   0.04421025689288201
-.860000  -.140000   0.03050638966893245
-.820000  -.140000   0.02133676542777678
-.780000  -.140000   0.01545692318409454
-.740000  -.140000   0.01093904248904009
-.700000  -.140000   0.00917877983147795
-.660000  -.140000   0.00761520115197410
-.620000  -.140000   0.00682424927654139
-.580000  -.140000   0.00655735972598560
-.540000  -.140000   0.00740370144436451
-.500000  -.140000   0.00763761797523577
-.460000  -.140000   0.00801994081006001
-.420000  -.140000   0.00853410371407894
-.380000  -.140000   0.00916178407542457
-.340000  -.140000   0.00988125129649266
-.300000  -.140000   0.01066405868679744
-.260000  -.140000   0.01010772136761147
-.220000  -.140000   0.01103612162239318
-.180000  -.140000   0.01197899752414709
-.140000  -.140000   0.01286774652957595
-.100000  -.140000   0.01306592542252549
-.060000  -.140000   0.01381614158409399
-.020000  -.140000   0.01433858954027262
0.020000  -.140000   0.01476464608635579
0.060000  -.140000   0.01474920195429538
0.100000  -.140000   0.01545151925502500
0.140000  -.140000   0.01468694756021916
0.180000  -.140000   0.01491441177615345
0.220000  -.140000   0.01477159638900521
0.260000  -.140000   0.01462321644060525
0.300000  -.140000   0.01347087850159348
0.340000  -.140000   0.01307879898791498
0.380000  -.140000   0.01251509433581453
0.420000  -.140000   0.01177603301029224
0.460000  -.140000   0.01105140457283216
0.500000  -.140000   0.01029997748595030
0.540000  -.140000   0.00946950394478799
0.580000  -.140000   0.00908548401029155
0.620000  -.140000   0.00831658445930492
0.660000  -.140000   0.00760278914757955
0.700000  -.140000   0.00695230374492242
0.740000  -.140000   0.00675731187469134
0.780000  -.140000   0.00641245958452116
0.820000  -.140000   0.00665472737715571
0.860000  -.140000   0.00747087066331904
0.900000  -.140000   0.01082027694909399
0.940000  -.140000   0.01703790795888049
0.980000  -.140000   0.03850599590777923
-.900000  -.100000   0.04329422045976525
-.860000  -.100000   0.02865435742933050
-.820000  -.100000   0.01990747023532615
-.780000  -.100000   0.01434024759151673
-.740000  -.100000   0.00947785851942246
-.700000  -.100000   0.00798166919009127
-.660000  -.100000   0.00612107141715598
-.620000  -.100000   0.00511828920247921
-.580000  -.100000   0.00605685832438897
-.540000  -.100000   0.00600648508529051
-.500000  -.100000   0.00618667604705677
-.460000  -.100000   0.00655070438832848
-.420000  -.100000   0.00707555855920599
-.380000  -.100000   0.00773611329618523
-.340000  -.100000   0.00850539566252474
-.300000  -.100000   0.00935221381280305
-.260000  -.100000   0.01024588913261151
-.220000  -.100000   0.01115378272884830
-.180000  -.100000   0.01204502910919856
-.140000  -.100000   0.01138045401117743
-.100000  -.100000   0.01249119646516852
-.060000  -.100000   0.01341934582584382
-.020000  -.100000   0.01381809431652888
0.020000  -.100000   0.01432680506017553
0.060000  -.100000   0.01421801131001813
0.100000  -.100000   0.01483561834281864
0.140000  -.100000   0.01513073518340777
0.180000  -.100000   0.01389035931523364
0.220000  -.100000   0.01393749711148272
0.260000  -.100000   0.01385078322970402
0.300000  -.100000   0.01308184451220732
0.340000  -.100000   0.01257141397840478
0.380000  -.100000   0.01210188474141919
0.420000  -.100000   0.01157183888382721
0.460000  -.100000   0.01072243180167498
0.500000  -.100000   0.00985427195547802
0.540000  -.100000   0.00893401000516387
0.580000  -.100000   0.00797271605343054
0.620000  -.100000   0.00747221227508318
0.660000  -.100000   0.00664915448595437
0.700000  -.100000   0.00587550804756832
0.740000  -.100000   0.00558545309272786
0.780000  -.100000   0.00519409779316694
0.820000  -.100000   0.00551785402872530
0.860000  -.100000   0.00653463222025947
0.900000  -.100000   0.00859379430374194
0.940000  -.100000   0.01645787854608114
0.980000  -.100000   0.03457369542864618
-.900000  -.060000   0.04147705089041571
-.860000  -.060000   0.02730525585188730
-.820000  -.060000   0.01884546788839522
-.780000  -.060000   0.01348166901238393
-.740000  -.060000   0.01005296079839506
-.700000  -.060000   0.00699075674574414
-.660000  -.060000   0.00480072733733780
-.620000  -.060000   0.00540170159798387
-.580000  -.060000   0.00487521472933678
-.540000  -.060000   0.00471379970225730
-.500000  -.060000   0.00483567246729857
-.460000  -.060000   0.00518578216083184
-.420000  -.060000   0.00572523238228153
-.380000  -.060000   0.00641575663021948
-.340000  -.060000   0.00721996251461080
-.300000  -.060000   0.00810073068439539
-.260000  -.060000   0.00902517458042960
-.220000  -.060000   0.00996306520993850
-.180000  -.060000   0.01089189575680119
-.140000  -.060000   0.01179649700525913
-.100000  -.060000   0.01266483115557976
-.060000  -.060000   0.01210168598742756
-.020000  -.060000   0.01342199397533907
0.020000  -.060000   0.01402986435220731
0.060000  -.060000   0.01496803804598696
0.100000  -.060000   0.01405106478775927
0.140000  -.060000   0.01426139533661552
0.180000  -.060000   0.01418649747281587
0.220000  -.060000   0.01430466207239738
0.260000  -.060000   0.01338177249518630
0.300000  -.060000   0.01343112908972233
0.340000  -.060000   0.01307574286021885
0.380000  -.060000   0.01212702827257173
0.420000  -.060000   0.01129412256953108
0.460000  -.060000   0.01047119607458338
0.500000  -.060000   0.00954461598002195
0.540000  -.060000   0.00854298645096911
0.580000  -.060000   0.00750233222519735
0.620000  -.060000   0.00640456290454014
0.660000  -.060000   0.00593031880412473
0.700000  -.060000   0.00503567333621244
0.740000  -.060000   0.00413917520963887
0.780000  -.060000   0.00419652789071600
0.820000  -.060000   0.00460465866613962
0.860000  -.060000   0.00580263912600437
0.900000  -.060000   0.00813897149583967
0.940000  -.060000   0.01394870319389486
0.980000  -.060000   0.03121666365431634
-.900000  -.020000   0.04053154249783492
-.860000  -.020000   0.02659669193412438
-.820000  -.020000   0.01828055538379208
-.780000  -.020000   0.01301457430280967
-.740000  -.020000   0.00965775218611098
-.700000  -.020000   0.00641558159776764
-.660000  -.020000   0.00396009046327803
-.620000  -.020000   0.00477580515856021
-.580000  -.020000   0.00411541674998643
-.540000  -.020000   0.00386065313544311
-.500000  -.020000   0.00393821769947537
-.460000  -.020000   0.00428777534491961
-.420000  -.020000   0.00484977530143914
-.380000  -.020000   0.00556988479528390
-.340000  -.020000   0.00639972445192872
-.300000  -.020000   0.00729621062301099
-.260000  -.020000   0.00822217502089943
-.220000  -.020000   0.00914569052824656
-.180000  -.020000   0.01004130571122295
-.140000  -.020000   0.01088804235966370
-.100000  -.020000   0.01167471135189917
-.060000  -.020000   0.01241507448056221
-.020000  -.020000   0.01324051223739031
0.020000  -.020000   0.01381526866015587
0.060000  -.020000   0.01431048805976977
0.100000  -.020000   0.01449347186615337
0.140000  -.020000   0.01451498304392662
0.180000  -.020000   0.01436364617183301
0.220000  -.020000   0.01431616907375284
0.260000  -.020000   0.01340731829809181
0.300000  -.020000   0.01377725486591302
0.340000  -.020000   0.01262880425791131
0.380000  -.020000   0.01192893110837575
0.420000  -.020000   0.01125155945812207
0.460000  -.020000   0.01031768948732940
0.500000  -.020000   0.00938406057294322
0.540000  -.020000   0.00833777336980327
0.580000  -.020000   0.00725384867529021
0.620000  -.020000   0.00609099949100629
0.660000  -.020000   0.00553690071038742
0.700000  -.020000   0.00455991970176976
0.740000  -.020000   0.00353716088158470
0.780000  -.020000   0.00359866403678457
0.820000  -.020000   0.00407332435035719
0.860000  -.020000   0.00539402625835666
0.900000  -.020000   0.00788142431888826
0.940000  -.020000   0.01381047783964810
0.980000  -.020000   0.02801991499242392
-.900000  0.020000   0.04053154249783492
-.860000  0.020000   0.02659669193412438
-.820000  0.020000   0.01828055538379208
-.780000  0.020000   0.01301457430280967
-.740000  0.020000   0.00965775218611098
-.700000  0.020000   0.00641558159776764
-.660000  0.020000   0.00396009046327802
-.620000  0.020000   0.00477580515856021
-.580000  0.020000   0.00411541674998643
-.540000  0.020000   0.00386065313544311
-.500000  0.020000   0.00393821769947537
-.460000  0.020000   0.00428777534491961
-.420000  0.020000   0.00484977530143914
-.380000  0.020000   0.00556988479528390
-.340000  0.020000   0.00639972445192872
-.300000  0.020000   0.00729621062301099
-.260000  0.020000   0.00822217502089943
-.220000  0.020000   0.00914569052824656
-.180000  0.020000   0.01004130571122295
-.140000  0.020000   0.01088804235966370
-.100000  0.020000   0.01167471135189917
-.060000  0.020000   0.01241507448056221
-.020000  0.020000   0.01324051223739031
0.020000  0.020000   0.01381526866015587
0.060000  0.020000   0.01431048805976977
0.100000  0.020000   0.01449347186615337
0.140000  0.020000   0.01451498304392662
0.180000  0.020000   0.01436364617183301
0.220000  0.020000   0.01431616907375285
0.260000  0.020000   0.01340731829809181
0.300000  0.020000   0.01377725486591302
0.340000  0.020000   0.01262880425791131
0.380000  0.020000   0.01192893110837575
0.420000  0.020000   0.01125155945812206
0.460000  0.020000   0.01031768948732940
0.500000  0.020000   0.00938406057294322
0.540000  0.020000   0.00833777336980327
0.580000  0.020000   0.00725384867529021
0.620000  0.020000   0.00609099949100629
0.660000  0.020000   0.00553690071038742
0.700000  0.020000   0.00455991970176976
0.740000  0.020000   0.00353716088158470
0.780000  0.020000   0.00359866403678457
0.820000  0.020000   0.00407332435035719
0.860000  0.020000   0.00539402625835666
0.900000  0.020000   0.00788142431888826
0.940000  0.020000   0.01381047783964810
0.980000  0.020000   0.02801991499242392
-.900000  0.060000   0.04147705089041571
-.860000  0.060000   0.02730525585188730
-.820000  0.060000   0.01884546788839522
-.780000  0.060000   0.01348166901238393
-.740000  0.060000   0.01005296079839506
-.700000  0.060000   0.00699075674574414
-.660000  0.060000   0.00480072733733780
-.620000  0.060000   0.00540170159798387
-.580000  0.060000   0.00487521472933678
-.540000  0.060000   0.00471379970225730
-.500000  0.060000   0.00483567246729857
-.460000  0.060000   0.00518578216083184
-.420000  0.060000   0.00572523238228153
-.380000  0.060000   0.00641575663021948
-.340000  0.060000   0.00721996251461080
-.300000  0.060000   0.00810073068439539
-.260000  0.060000   0.00902517458042960
-.220000  0.060000   0.00996306520993850
-.180000  0.060000   0.01089189575680118
-.140000  0.060000   0.01179649700525913
-.100000  0.060000   0.01266483115557976
-.060000  0.060000   0.01210168598742756
-.020000  0.060000   0.01342199397533907
0.020000  0.060000   0.01402986435220731
0.060000  0.060000   0.01496803804598696
0.100000  0.060000   0.01405106478775927
0.140000  0.060000   0.01426139533661552
0.180000  0.060000   0.01418649747281586
0.220000  0.060000   0.01430466207239738
0.260000  0.060000   0.01338177249518630
0.300000  0.060000   0.01343112908972233
0.340000  0.060000   0.01307574286021885
0.380000  0.060000   0.01212702827257173
0.420000  0.060000   0.01129412256953108
0.460000  0.060000   0.01047119607458338
0.500000  0.060000   0.00954461598002195
0.540000  0.060000   0.00854298645096911
0.580000  0.060000   0.00750233222519735
0.620000  0.060000   0.00640456290454014
0.660000  0.060000   0.00593031880412473
0.700000  0.060000   0.00503567333621244
0.740000  0.060000   0.00413917520963887
0.780000  0.060000   0.00419652789071600
0.820000  0.060000   0.00460465866613962
0.860000  0.060000   0.00580263912600437
0.900000  0.060000   0.00813897149583953
0.940000  0.060000   0.01394870319389486
0.980000  0.060000   0.03121666365431631
-.900000  0.100000   0.04329422045976525
-.860000  0.100000   0.02865435742933050
-.820000  0.100000   0.01990747023532615
-.780000  0.100000   0.01434024759151673
-.740000  0.100000   0.00947785851942246
-.700000  0.100000   0.00798166919009127
-.660000  0.100000   0.00612107141715598
-.620000  0.100000   0.00511828920247921
-.580000  0.100000   0.00605685832438897
-.540000  0.100000   0.00600648508529051
-.500000  0.100000   0.00618667604705677
-.460000  0.100000   0.00655070438832848
-.420000  0.100000   0.00707555855920599
-.380000  0.100000   0.00773611329618524
-.340000  0.100000   0.00850539566252474
-.300000  0.100000   0.00935221381280305
-.260000  0.100000   0.01024588913261151
-.220000  0.100000   0.01115378272884830
-.180000  0.100000   0.01204502910919856
-.140000  0.100000   0.01138045401117743
-.100000  0.100000   0.01249119646516852
-.060000  0.100000   0.01341934582584382
-.020000  0.100000   0.01381809431652888
0.020000  0.100000   0.01432680506017553
0.060000  0.100000   0.01421801131001813
0.100000  0.100000   0.01483561834281864
0.140000  0.100000   0.01513073518340777
0.180000  0.100000   0.01389035931523364
0.220000  0.100000   0.01393749711148272
0.260000  0.100000   0.01385078322970402
0.300000  0.100000   0.01308184451220732
0.340000  0.100000   0.01257141397840478
0.380000  0.100000   0.01210188474141919
0.420000  0.100000   0.01157183888382721
0.460000  0.100000   0.01072243180167498
0.500000  0.100000   0.00985427195547802
0.540000  0.100000   0.00893401000516387
0.580000  0.100000   0.00797271605343053
0.620000  0.100000   0.00747221227508318
0.660000  0.100000   0.00664915448595438
0.700000  0.100000   0.00587550804756832
0.740000  0.100000   0.00558545309272786
0.780000  0.100000   0.00519409779316694
0.820000  0.100000   0.00551785402872530
0.860000  0.100000   0.00653463222025947
0.900000  0.100000   0.00859379430374194
0.940000  0.100000   0.01645787854608113
0.980000  0.100000   0.03457369542864618
-.900000  0.140000   0.04421025689288201
-.860000  0.140000   0.03050638966893245
-.820000  0.140000   0.02133676542777677
-.780000  0.140000   0.01545692318409454
-.740000  0.140000   0.01093904248904009
-.700000  0.140000   0.00917877983147790
-.660000  0.140000   0.00761520115197398
-.620000  0.140000   0.00682424927654141
-.580000  0.140000   0.00655735972598560
-.540000  0.140000   0.00740370144436451
-.500000  0.140000   0.00763761797523577
-.460000  0.140000   0.00801994081006001
-.420000  0.140000   0.00853410371407894
-.380000  0.140000   0.00916178407542457
-.340000  0.140000   0.00988125129649271
-.300000  0.140000   0.01066405868679744
-.260000  0.140000   0.01010772136761147
-.220000  0.140000   0.01103612162239321
-.180000  0.140000   0.01197899752414709
-.140000  0.140000   0.01286774652957597
-.100000  0.140000   0.01306592542252549
-.060000  0.140000   0.01381614158409399
-.020000  0.140000   0.01433858954027262
0.020000  0.140000   0.01476464608635580
0.060000  0.140000   0.01474920195429538
0.100000  0.140000   0.01545151925502500
0.140000  0.140000   0.01468694756021915
0.180000  0.140000   0.01491441177615345
0.220000  0.140000   0.01477159638900521
0.260000  0.140000   0.01462321644060525
0.300000  0.140000   0.01347087850159348
0.340000  0.140000   0.01307879898791498
0.380000  0.140000   0.01251509433581455
0.420000  0.140000   0.01177603301029225
0.460000  0.140000   0.01105140457283216
0.500000  0.140000   0.01029997748595030
0.540000  0.140000   0.00946950394478800
0.580000  0.140000   0.00908548401029158
0.620000  0.140000   0.00831658445930497
0.660000  0.140000   0.00760278914757952
0.700000  0.140000   0.00695230374492239
0.740000  0.140000   0.00675731187469134
0.780000  0.140000   0.00641245958452116
0.820000  0.140000   0.00665472737715571
0.860000  0.140000   0.00747087066331904
0.900000  0.140000   0.01082027694909399
0.940000  0.140000   0.01703790795888049
0.980000  0.140000   0.03850599590777924
-.900000  0.180000   0.04898783573928583
-.860000  0.180000   0.03147451030880691
-.820000  0.180000   0.02179715881189222
-.780000  0.180000   0.01601015580065352
-.740000  0.180000   0.01251885265543145
-.700000  0.180000   0.00968219409795252
-.660000  0.180000   0.00908815334349871
-.620000  0.180000   0.00846217215882799
-.580000  0.180000   0.00828295943245291
-.540000  0.180000   0.00835136218393184
-.500000  0.180000   0.00855577688321286
-.460000  0.180000   0.00885578051002030
-.420000  0.180000   0.00924899690062911
-.380000  0.180000   0.00974279000563636
-.340000  0.180000   0.01033729603588126
-.300000  0.180000   0.01101810513758390
-.260000  0.180000   0.01175527832308399
-.220000  0.180000   0.01250560218336168
-.180000  0.180000   0.01266203984546603
-.140000  0.180000   0.01342970930027929
-.100000  0.180000   0.01401470181508267
-.060000  0.180000   0.01444396207376333
-.020000  0.180000   0.01497719793760161
0.020000  0.180000   0.01533227617103472
0.060000  0.180000   0.01533332746623474
0.100000  0.180000   0.01494982716121424
0.140000  0.180000   0.01546962775182249
0.180000  0.180000   0.01570767959361297
0.220000  0.180000   0.01471846123746680
0.260000  0.180000   0.01457835284724921
0.300000  0.180000   0.01429226006845667
0.340000  0.180000   0.01389280220346974
0.380000  0.180000   0.01337979680402476
0.420000  0.180000   0.01280251049108505
0.460000  0.180000   0.01214501453721910
0.500000  0.180000   0.01141490343298382
0.540000  0.180000   0.01069070175416613
0.580000  0.180000   0.00998398119281119
0.620000  0.180000   0.00931877638271177
0.660000  0.180000   0.00871274798523477
0.700000  0.180000   0.00839231861995661
0.740000  0.180000   0.00806887822999954
0.780000  0.180000   0.00798359697845671
0.820000  0.180000   0.00823277826751350
0.860000  0.180000   0.00931138175931364
0.900000  0.180000   0.01164224696728134
0.940000  0.180000   0.01995106905241251
0.980000  0.180000   0.04951977712134153
-.900000  0.220000   0.05325764402889451
-.860000  0.220000   0.03519070054989835
-.820000  0.220000   0.02456468642690358
-.780000  0.220000   0.01807992494023310
-.740000  0.220000   0.01318454554402319
-.700000  0.220000   0.01146141940125881
-.660000  0.220000   0.01007693516004350
-.620000  0.220000   0.00991400722144565
-.580000  0.220000   0.00981583097262503
-.540000  0.220000   0.00993029871604077
-.500000  0.220000   0.01016236672105631
-.460000  0.220000   0.01047442695685119
-.420000  0.220000   0.01085825914094843
-.380000  0.220000   0.01131091326523886
-.340000  0.220000   0.01182623598785528
-.300000  0.220000   0.01238633646509376
-.260000  0.220000   0.01269371057690195
-.220000  0.220000   0.01329753990522785
-.180000  0.220000   0.01385224318204351
-.140000  0.220000   0.01436791927531959
-.100000  0.220000   0.01470471393459334
-.060000  0.220000   0.01523138265846204
-.020000  0.220000   0.01572381684243069
0.020000  0.220000   0.01601838282705943
0.060000  0.220000   0.01600812044931844
0.100000  0.220000   0.01569926841204523
0.140000  0.220000   0.01625752471500924
0.180000  0.220000   0.01548225615666688
0.220000  0.220000   0.01565047818398062
0.260000  0.220000   0.01558675337139572
0.300000  0.220000   0.01449029524360365
0.340000  0.220000   0.01424258522209982
0.380000  0.220000   0.01385697683732347
0.420000  0.220000   0.01335732587253270
0.460000  0.220000   0.01278486908055471
0.500000  0.220000   0.01218698920116204
0.540000  0.220000   0.01157533847007025
0.580000  0.220000   0.01097720071068756
0.620000  0.220000   0.01042010767115235
0.660000  0.220000   0.01010381373195456
0.700000  0.220000   0.00975599320272176
0.740000  0.220000   0.00945985166357374
0.780000  0.220000   0.00940537558180962
0.820000  0.220000   0.00961369739547470
0.860000  0.220000   0.01051002105174963
0.900000  0.220000   0.01405079862866139
0.940000  0.220000   0.02313834830578633
-.900000  0.260000   0.06056890735383465
-.860000  0.260000   0.03827297713298440
-.820000  0.260000   0.02628118800057663
-.780000  0.260000   0.01942337209908837
-.740000  0.260000   0.01540619784647339
-.700000  0.260000   0.01248490453584435
-.660000  0.260000   0.01173488324105320
-.620000  0.260000   0.01125812886725940
-.580000  0.260000   0.01123805242473614
-.540000  0.260000   0.01143114339582691
-.500000  0.260000   0.01170181932330334
-.460000  0.260000   0.01200061187677956
-.420000  0.260000   0.01232239612803125
-.380000  0.260000   0.01267475182234444
-.340000  0.260000   0.01306124203787763
-.300000  0.260000   0.01347245475231520
-.260000  0.260000   0.01388571320624039
-.220000  0.260000   0.01449350220783225
-.180000  0.260000   0.01483326262549779
-.140000  0.260000   0.01552286940984723
-.100000  0.260000   0.01558832853512907
-.060000  0.260000   0.01613181291321325
-.020000  0.260000   0.01657193320922895
0.020000  0.260000   0.01680412217206476
0.060000  0.260000   0.01677845092074603
0.100000  0.260000   0.01650226961381788
0.140000  0.260000   0.01707562967976360
0.180000  0.260000   0.01642288204116548
0.220000  0.260000   0.01656738770534981
0.260000  0.260000   0.01565524490281945
0.300000  0.260000   0.01556896145176269
0.340000  0.260000   0.01531421194819599
0.380000  0.260000   0.01491913746332029
0.420000  0.260000   0.01443390533379208
0.460000  0.260000   0.01389870452863747
0.500000  0.260000   0.01333925402209052
0.540000  0.260000   0.01279224679418499
0.580000  0.260000   0.01228912677461665
0.620000  0.260000   0.01184756831489568
0.660000  0.260000   0.01147618527477606
0.700000  0.260000   0.01109562170090073
0.740000  0.260000   0.01097989633433912
0.780000  0.260000   0.01086077805349587
0.820000  0.260000   0.01117521092630860
0.860000  0.260000   0.01245951128933663
0.900000  0.260000   0.01661334228700091
0.940000  0.260000   0.02915470835306146
-.860000  0.300000   0.04273274610598549
-.820000  0.300000   0.03028318740049969
-.780000  0.300000   0.02224655700894238
-.740000  0.300000   0.01682003200877812
-.700000  0.300000   0.01450007182593698
-.660000  0.300000   0.01307242569439106
-.620000  0.300000   0.01260424482264572
-.580000  0.300000   0.01258442936968303
-.540000  0.300000   0.01276263449244961
-.500000  0.300000   0.01301520897138300
-.460000  0.300000   0.01328734602600285
-.420000  0.300000   0.01356294836744247
-.380000  0.300000   0.01383950062678410
-.340000  0.300000   0.01462415523771581
-.300000  0.300000   0.01489164852822310
-.260000  0.300000   0.01513042653273437
-.220000  0.300000   0.01531730074259762
-.180000  0.300000   0.01602653555299246
-.140000  0.300000   0.01601625159586441
-.100000  0.300000   0.01660167255660383
-.060000  0.300000   0.01712136699039767
-.020000  0.300000   0.01750773649025374
0.020000  0.300000   0.01768222588661344
0.060000  0.300000   0.01763817382862524
0.100000  0.300000   0.01737966199799792
0.140000  0.300000   0.01692043365406946
0.180000  0.300000   0.01737074022686247
0.220000  0.300000   0.01662311869447944
0.260000  0.300000   0.01674858463884628
0.300000  0.300000   0.01664463035239370
0.340000  0.300000   0.01636673856610929
0.380000  0.300000   0.01550597356135496
0.420000  0.300000   0.01518769493291567
0.460000  0.300000   0.01479528681351340
0.500000  0.300000   0.01436922945341327
0.540000  0.300000   0.01394064407487342
0.580000  0.300000   0.01353588254320634
0.620000  0.300000   0.01317264210251803
0.660000  0.300000   0.01284494048285009
0.700000  0.300000   0.01265579231199388
0.740000  0.300000   0.01234627908007318
0.780000  0.300000   0.01240782172519877
0.820000  0.300000   0.01266184772276930
0.860000  0.300000   0.01452046487395521
0.900000  0.300000   0.01947305625881171
0.940000  0.300000   0.03639495042428342
-.860000  0.340000   0.04976825308039354
-.820000  0.340000   0.03413777938497522
-.780000  0.340000   0.02486974432376631
-.740000  0.340000   0.01939388023010569
-.700000  0.340000   0.01605188592474071
-.660000  0.340000   0.01464112122060874
-.620000  0.340000   0.01412128068068923
-.580000  0.340000   0.01412521556835389
-.540000  0.340000   0.01436198519900096
-.500000  0.340000   0.01466037468991532
-.460000  0.340000   0.01494507215707328
-.420000  0.340000   0.01519153377095056
-.380000  0.340000   0.01539543748080215
-.340000  0.340000   0.01555754632517342
-.300000  0.340000   0.01647504082990991
-.260000  0.340000   0.01655370537057594
-.220000  0.340000   0.01655204124954792
-.180000  0.340000   0.01733847893685578
-.140000  0.340000   0.01711247736718352
-.100000  0.340000   0.01770151514717136
-.060000  0.340000   0.01818516361200093
-.020000  0.340000   0.01851339812408841
0.020000  0.340000   0.01864073973597033
0.060000  0.340000   0.01857572877503636
0.100000  0.340000   0.01832766479003708
0.140000  0.340000   0.01791252523085363
0.180000  0.340000   0.01836819679444805
0.220000  0.340000   0.01770938246824108
0.260000  0.340000   0.01782887578236274
0.300000  0.340000   0.01770752215458347
0.340000  0.340000   0.01695632585715654
0.380000  0.340000   0.01674874562062110
0.420000  0.340000   0.01643313778807006
0.460000  0.340000   0.01605337536498797
0.500000  0.340000   0.01565278169780308
0.540000  0.340000   0.01526334529633012
0.580000  0.340000   0.01491467144337409
0.620000  0.340000   0.01462027667955027
0.660000  0.340000   0.01437978537334087
0.700000  0.340000   0.01402471234997599
0.740000  0.340000   0.01398087627021023
0.780000  0.340000   0.01391615200593742
0.820000  0.340000   0.01438236647678891
0.860000  0.340000   0.01683836648491645
0.900000  0.340000   0.02460459598369605
0.940000  0.340000   0.06496504786985875
-.860000  0.380000   0.06173544845963597
-.820000  0.380000   0.03943550312007792
-.780000  0.380000   0.02818801229423065
-.740000  0.380000   0.02181467614676097
-.700000  0.380000   0.01777591586812928
-.660000  0.380000   0.01626329880188390
-.620000  0.380000   0.01560851176433876
-.580000  0.380000   0.01561767783057155
-.540000  0.380000   0.01591515030538312
-.500000  0.380000   0.01627963264095925
-.460000  0.380000   0.01660707561714482
-.420000  0.380000   0.01685842458017583
-.380000  0.380000   0.01702392982832905
-.340000  0.380000   0.01710349066622109
-.300000  0.380000   0.01709978343691025
-.260000  0.380000   0.01805157279722458
-.220000  0.380000   0.01788655849727921
-.180000  0.380000   0.01869885747893561
-.140000  0.380000   0.01828918782997782
-.100000  0.380000   0.01885732746927171
-.060000  0.380000   0.01930184095799415
-.020000  0.380000   0.01957376655974234
0.020000  0.380000   0.01966501731131837
0.060000  0.380000   0.01958325188602450
0.100000  0.380000   0.01934205335388332
0.140000  0.380000   0.01896031758885130
0.180000  0.380000   0.01941508397355884
0.220000  0.380000   0.01882857703888695
0.260000  0.380000   0.01894169739679665
0.300000  0.380000   0.01825615332950579
0.340000  0.380000   0.01818716311796176
0.380000  0.380000   0.01797437893946891
0.420000  0.380000   0.01765471745233577
0.460000  0.380000   0.01727807002635014
0.500000  0.380000   0.01689079826587775
0.540000  0.380000   0.01652969652731420
0.580000  0.380000   0.01622060420123019
0.620000  0.380000   0.01597852457417791
0.660000  0.380000   0.01580208592396174
0.700000  0.380000   0.01533890792577812
0.740000  0.380000   0.01541792469405928
0.780000  0.380000   0.01544943047443463
0.820000  0.380000   0.01621964784179376
0.860000  0.380000   0.01944885212636224
0.900000  0.380000   0.03101633768231903
-.820000  0.420000   0.04544829042073765
-.780000  0.420000   0.03263553349896063
-.740000  0.420000   0.02479639254478976
-.700000  0.420000   0.02028428143486585
-.660000  0.420000   0.01797798173906018
-.620000  0.420000   0.01708078891835669
-.580000  0.420000   0.01659312502702226
-.540000  0.420000   0.01676972176375608
-.500000  0.420000   0.01703576799610732
-.460000  0.420000   0.01727281917036070
-.420000  0.420000   0.01742936894382935
-.380000  0.420000   0.01862247427569774
-.340000  0.420000   0.01865109567072756
-.300000  0.420000   0.01855782817071629
-.260000  0.420000   0.01955072466194586
-.220000  0.420000   0.01925556035111535
-.180000  0.420000   0.02005933828797003
-.140000  0.420000   0.01950701502819837
-.100000  0.420000   0.02004805497812671
-.060000  0.420000   0.02044861737523903
-.020000  0.420000   0.02067796255625549
0.020000  0.420000   0.02074081511487643
0.060000  0.420000   0.02064742103724485
0.100000  0.420000   0.02041310709652669
0.140000  0.420000   0.02005820666908496
0.180000  0.420000   0.02051342007616413
0.220000  0.420000   0.01998356965626127
0.260000  0.420000   0.02009112817817637
0.300000  0.420000   0.01950168171447443
0.340000  0.420000   0.01942734787567829
0.380000  0.420000   0.01920552030207153
0.420000  0.420000   0.01867976412976538
0.460000  0.420000   0.01848362389487820
0.500000  0.420000   0.01824194685754391
0.540000  0.420000   0.01799175265129038
0.580000  0.420000   0.01775427682801234
0.620000  0.420000   0.01729539463084145
0.660000  0.420000   0.01717179484978237
0.700000  0.420000   0.01708722089363304
0.740000  0.420000   0.01686157822914858
0.780000  0.420000   0.01708514501629122
0.820000  0.420000   0.01883702381201864
0.860000  0.420000   0.02404021535703011
0.900000  0.420000   0.04491924145422121
-.820000  0.460000   0.05890232896108596
-.780000  0.460000   0.03881952012266300
-.740000  0.460000   0.02866195462679433
-.700000  0.460000   0.02245500923184754
-.660000  0.460000   0.01990394991135231
-.620000  0.460000   0.01859727090751330
-.580000  0.460000   0.01803760818468217
-.540000  0.460000   0.01817353107206612
-.500000  0.460000   0.01845663459737129
-.460000  0.460000   0.01872026927780894
-.420000  0.460000   0.01888792062579322
-.380000  0.460000   0.02012504441048218
-.340000  0.460000   0.02013329396373084
-.300000  0.460000   0.01998349481076464
-.260000  0.460000   0.02099484466831243
-.220000  0.460000   0.02060695904892712
-.180000  0.460000   0.02138921053808088
-.140000  0.460000   0.02073225316737113
-.100000  0.460000   0.02124952197628647
-.060000  0.460000   0.02161442259537085
-.020000  0.460000   0.02180901042479422
0.020000  0.460000   0.02185120973718175
0.060000  0.460000   0.02175249521599472
0.100000  0.460000   0.02152919819334415
0.140000  0.460000   0.02120088221040191
0.180000  0.460000   0.02165456197863606
0.220000  0.460000   0.02117372321622206
0.260000  0.460000   0.02127862243809211
0.300000  0.460000   0.02076559946699566
0.340000  0.460000   0.02068679114837566
0.380000  0.460000   0.02045829439395738
0.420000  0.460000   0.02005874959840443
0.460000  0.460000   0.01986608295355833
0.500000  0.460000   0.01963154032669306
0.540000  0.460000   0.01938999272578552
0.580000  0.460000   0.01917099340830133
0.620000  0.460000   0.01860526231110501
0.660000  0.460000   0.01852848630780473
0.700000  0.460000   0.01804657808461095
0.740000  0.460000   0.01836008492754354
0.780000  0.460000   0.01884957627415541
0.820000  0.460000   0.02151667066533492
0.860000  0.460000   0.03214712775955463
-.780000  0.500000   0.04740997640953911
-.740000  0.500000   0.03307293938522256
-.700000  0.500000   0.02595567972271219
-.660000  0.500000   0.02222584583183927
-.620000  0.500000   0.02027508800461188
-.580000  0.500000   0.01945112492342967
-.540000  0.500000   0.01947191170573994
-.500000  0.500000   0.01973756789059535
-.460000  0.500000   0.02002509786557429
-.420000  0.500000   0.02021782837232981
-.380000  0.500000   0.02148738159227908
-.340000  0.500000   0.02150030869138631
-.300000  0.500000   0.02132625714692601
-.260000  0.500000   0.02234340914962829
-.220000  0.500000   0.02189863274066140
-.180000  0.500000   0.02265978247643770
-.140000  0.500000   0.02193930392607858
-.100000  0.500000   0.02243690564114619
-.060000  0.500000   0.02277230004460239
-.020000  0.500000   0.02294604460913411
0.020000  0.500000   0.02297839451430063
0.060000  0.500000   0.02288141912384772
0.100000  0.500000   0.02267270028412513
0.140000  0.500000   0.02237106450884809
0.180000  0.500000   0.02282497355106793
0.220000  0.500000   0.02238878669346415
0.260000  0.500000   0.02249270855124002
0.300000  0.500000   0.02204335227886070
0.340000  0.500000   0.02196470808040448
0.380000  0.500000   0.02172796042487892
0.420000  0.500000   0.02142472247885779
0.460000  0.500000   0.02123391473053640
0.500000  0.500000   0.02100098382651929
0.540000  0.500000   0.02076589671842446
0.580000  0.500000   0.02055156762116513
0.620000  0.500000   0.01993438548769480
0.660000  0.500000   0.01990231232104807
0.700000  0.500000   0.01954817809088637
0.740000  0.500000   0.01984015832749765
0.780000  0.500000   0.02138541599284187
0.820000  0.500000   0.02592664840746031
0.860000  0.500000   0.04983392152701999
-.780000  0.540000   0.06372018879786077
-.740000  0.540000   0.04128407934654733
-.700000  0.540000   0.03077590126374392
-.660000  0.540000   0.02520717670736267
-.620000  0.540000   0.02229915968362113
-.580000  0.540000   0.02091496393571435
-.540000  0.540000   0.02069615497988921
-.500000  0.540000   0.02087919073587131
-.460000  0.540000   0.02116206732275997
-.420000  0.540000   0.02137896460142734
-.380000  0.540000   0.02267645105735047
-.340000  0.540000   0.02271346115883336
-.300000  0.540000   0.02254237935423265
-.260000  0.540000   0.02356034770328352
-.220000  0.540000   0.02309946040943113
-.180000  0.540000   0.02384915939282311
-.140000  0.540000   0.02309651064908485
-.100000  0.540000   0.02358338573971200
-.060000  0.540000   0.02390212460881396
-.020000  0.540000   0.02406742050672389
0.020000  0.540000   0.02409971199729352
0.060000  0.540000   0.02401204752967863
0.100000  0.540000   0.02382230295063901
0.140000  0.540000   0.02354885308162041
0.180000  0.540000   0.02400762851918621
0.220000  0.540000   0.02361313532969474
0.260000  0.540000   0.02372056861350990
0.300000  0.540000   0.02332419202352953
0.340000  0.540000   0.02324988629016522
0.380000  0.540000   0.02301115272372682
0.420000  0.540000   0.02277536005064732
0.460000  0.540000   0.02258523551860874
0.500000  0.540000   0.02235246139684122
0.540000  0.540000   0.02211618781474754
0.580000  0.540000   0.02189988793625769
0.620000  0.540000   0.02130134408286622
0.660000  0.540000   0.02129703467932981
0.700000  0.540000   0.02117652046884551
0.740000  0.540000   0.02188892723579932
0.780000  0.540000   0.02503961932777016
0.820000  0.540000   0.03676689558151035
-.740000  0.580000   0.05402865243968050
-.700000  0.580000   0.03705890411721854
-.660000  0.580000   0.02905293017971036
-.620000  0.580000   0.02494869063801412
-.580000  0.580000   0.02293619350294194
-.540000  0.580000   0.02192694252877624
-.500000  0.580000   0.02190904444379061
-.460000  0.580000   0.02213053827890582
-.420000  0.580000   0.02235015921184115
-.380000  0.580000   0.02366306786518607
-.340000  0.580000   0.02374116530339301
-.300000  0.580000   0.02359598622253347
-.260000  0.580000   0.02462190754757551
-.220000  0.580000   0.02417172019074286
-.180000  0.580000   0.02492252750184182
-.140000  0.580000   0.02550387345807514
-.100000  0.580000   0.02466093304793964
-.060000  0.580000   0.02497776268670858
-.020000  0.580000   0.02514745711932161
0.020000  0.580000   0.02519002705217559
0.060000  0.580000   0.02511993444093015
0.100000  0.580000   0.02495506944984986
0.140000  0.580000   0.02550452095492638
0.180000  0.580000   0.02518044043919120
0.220000  0.580000   0.02482555535764195
0.260000  0.580000   0.02494338645963864
0.300000  0.580000   0.02459004385474775
0.340000  0.580000   0.02452629505039309
0.380000  0.580000   0.02429196992012881
0.420000  0.580000   0.02409837501453833
0.460000  0.580000   0.02390205927411987
0.500000  0.580000   0.02366862129272054
0.540000  0.580000   0.02342947420363771
0.580000  0.580000   0.02276093513060929
0.620000  0.580000   0.02269605423467065
0.660000  0.580000   0.02239575113690793
0.700000  0.580000   0.02291019199535633
0.740000  0.580000   0.02478726089162035
0.780000  0.580000   0.03207555277367399
-.700000  0.620000   0.04832387823437576
-.660000  0.620000   0.03547785309438237
-.620000  0.620000   0.02849064871367675
-.580000  0.620000   0.02527126729451164
-.540000  0.620000   0.02385339292095735
-.500000  0.620000   0.02356593092867171
-.460000  0.620000   0.02379322013714404
-.420000  0.620000   0.02415531478157933
-.380000  0.620000   0.02444308732955957
-.340000  0.620000   0.02455406086411989
-.300000  0.620000   0.02445439410972461
-.260000  0.620000   0.02549690954460498
-.220000  0.620000   0.02508762958449769
-.180000  0.620000   0.02585321692939091
-.140000  0.620000   0.02644011097672538
-.100000  0.620000   0.02684521924186199
-.060000  0.620000   0.02596849699246475
-.020000  0.620000   0.02615410595321416
0.020000  0.620000   0.02621775983157447
0.060000  0.620000   0.02617407566039794
0.100000  0.620000   0.02685127332706047
0.140000  0.620000   0.02660098005356569
0.180000  0.620000   0.02631434544129164
0.220000  0.620000   0.02599688671877970
0.260000  0.620000   0.02612976392912160
0.300000  0.620000   0.02580992887709197
0.340000  0.620000   0.02576368544204766
0.380000  0.620000   0.02554053822488084
0.420000  0.620000   0.02522304779640332
0.460000  0.620000   0.02487278553262653
0.500000  0.620000   0.02454056866776494
0.540000  0.620000   0.02428477296466730
0.580000  0.620000   0.02413390560731779
0.620000  0.620000   0.02370321008430499
0.660000  0.620000   0.02409022239797451
0.700000  0.620000   0.02570782394580695
0.740000  0.620000   0.03065530907607720
0.780000  0.620000   0.05624162371371112
-.700000  0.660000   0.07405782919392795
-.660000  0.660000   0.04564488351859025
-.620000  0.660000   0.03460174740780569
-.580000  0.660000   0.02874683267648937
-.540000  0.660000   0.02590426526732690
-.500000  0.660000   0.02481141538910861
-.460000  0.660000   0.02461598604108668
-.420000  0.660000   0.02478748359523216
-.380000  0.660000   0.02502031322159072
-.340000  0.660000   0.02514584249319678
-.300000  0.660000   0.02627606237459556
-.260000  0.660000   0.02615898518826254
-.220000  0.660000   0.02704804752211631
-.180000  0.660000   0.02660497002782361
-.140000  0.660000   0.02721721319907171
-.100000  0.660000   0.02764631182179354
-.060000  0.660000   0.02792141268460967
-.020000  0.660000   0.02805884803152901
0.020000  0.660000   0.02807300889856539
0.060000  0.660000   0.02798870122598209
0.100000  0.660000   0.02783090755444120
0.140000  0.660000   0.02762094422431334
0.180000  0.660000   0.02737233313639921
0.220000  0.660000   0.02751819402852866
0.260000  0.660000   0.02724520491965064
0.300000  0.660000   0.02714742343967601
0.340000  0.660000   0.02692084859026342
0.380000  0.660000   0.02672299926039009
0.420000  0.660000   0.02642807404842229
0.460000  0.660000   0.02610453906966336
0.500000  0.660000   0.02580885672484736
0.540000  0.660000   0.02557999665155344
0.580000  0.660000   0.02511096835187818
0.620000  0.660000   0.02536193712992951
0.660000  0.660000   0.02673865290198980
0.700000  0.660000   0.03137763619118737
0.740000  0.660000   0.04582484883802860
-.660000  0.700000   0.07045594199601081
-.620000  0.700000   0.04517514303860332
-.580000  0.700000   0.03464239404750424
-.540000  0.700000   0.02947523212355555
-.500000  0.700000   0.02700990838506684
-.460000  0.700000   0.02613266468853926
-.420000  0.700000   0.02539602917849354
-.380000  0.700000   0.02627918262366056
-.340000  0.700000   0.02652883791927648
-.300000  0.700000   0.02665360256896151
-.260000  0.700000   0.02764226250998099
-.220000  0.700000   0.02750845006286451
-.180000  0.700000   0.02824575329676775
-.140000  0.700000   0.02779658647545556
-.100000  0.700000   0.02826764169150097
-.060000  0.700000   0.02858423568003551
-.020000  0.700000   0.02876719949206133
0.020000  0.700000   0.02883038250778400
0.060000  0.700000   0.02879572603886751
0.100000  0.700000   0.02868622677836737
0.140000  0.700000   0.02852037533791922
0.180000  0.700000   0.02873073598543540
0.220000  0.700000   0.02849522046615976
0.260000  0.700000   0.02838373397086116
0.300000  0.700000   0.02818313455157541
0.340000  0.700000   0.02793029767534247
0.380000  0.700000   0.02755415713794718
0.420000  0.700000   0.02751074475042967
0.460000  0.700000   0.02680491608701616
0.500000  0.700000   0.02658406499623725
0.540000  0.700000   0.02653674664838292
0.580000  0.700000   0.02664272316552675
0.620000  0.700000   0.02793316721870745
0.660000  0.700000   0.03232795039240272
0.700000  0.700000   0.04673011441232088
-.620000  0.740000   0.07196055968156710
-.580000  0.740000   0.04636028785220643
-.540000  0.740000   0.03581995225163252
-.500000  0.740000   0.03064734972580813
-.460000  0.740000   0.02801330908640330
-.420000  0.740000   0.02702829452787076
-.380000  0.740000   0.02676809171211226
-.340000  0.740000   0.02678498331136515
-.300000  0.740000   0.02771338528979653
-.260000  0.740000   0.02780822969946303
-.220000  0.740000   0.02865282710120190
-.180000  0.740000   0.02850491502575739
-.140000  0.740000   0.02910307011611156
-.100000  0.740000   0.02954042424668954
-.060000  0.740000   0.02903818707902184
-.020000  0.740000   0.02927788806386747
0.020000  0.740000   0.02940048780082696
0.060000  0.740000   0.02942291442447309
0.100000  0.740000   0.02985466487908464
0.140000  0.740000   0.02969927948136017
0.180000  0.740000   0.02951407614621825
0.220000  0.740000   0.02944746186138391
0.260000  0.740000   0.02925646357601626
0.300000  0.740000   0.02900080806462224
0.340000  0.740000   0.02885520662059237
0.380000  0.740000   0.02856159497436964
0.420000  0.740000   0.02824500934715948
0.460000  0.740000   0.02797811034105156
0.500000  0.740000   0.02765958852817063
0.540000  0.740000   0.02796315989567703
0.580000  0.740000   0.02913148167637887
0.620000  0.740000   0.03343070756480328
0.660000  0.740000   0.04783184847111098
-.580000  0.780000   0.08020857290815603
-.540000  0.780000   0.04980082337235248
-.500000  0.780000   0.03807436314237927
-.460000  0.780000   0.03221358765567821
-.420000  0.780000   0.02952575300146965
-.380000  0.780000   0.02834355804133849
-.340000  0.780000   0.02793052482786088
-.300000  0.780000   0.02783686518680156
-.260000  0.780000   0.02860403827652243
-.220000  0.780000   0.02863263006252221
-.180000  0.780000   0.02932849164405711
-.140000  0.780000   0.02916281873660758
-.100000  0.780000   0.02965684979146574
-.060000  0.780000   0.03001358616785687
-.020000  0.780000   0.03024129368984318
0.020000  0.780000   0.03035402878523386
0.060000  0.780000   0.03037419207241069
0.100000  0.780000   0.03032277493940072
0.140000  0.780000   0.03021611960440222
0.180000  0.780000   0.03027248199489103
0.220000  0.780000   0.03009731525300748
0.260000  0.780000   0.02990535285746764
0.300000  0.780000   0.02973856086991035
0.340000  0.780000   0.02948236567127252
0.380000  0.780000   0.02920060573871496
0.420000  0.780000   0.02899625939354693
0.460000  0.780000   0.02892669357802495
0.500000  0.780000   0.02944836844623078
0.540000  0.780000   0.03118124877432732
0.580000  0.780000   0.03653290482352595
0.620000  0.780000   0.06165654996433025
-.500000  0.820000   0.05680844292553540
-.460000  0.820000   0.04205627983979051
-.420000  0.820000   0.03527826038593489
-.380000  0.820000   0.03142419141881841
-.340000  0.820000   0.02977274164299532
-.300000  0.820000   0.02902414865128995
-.260000  0.820000   0.02934614077345954
-.220000  0.820000   0.02925845719394706
-.180000  0.820000   0.02980994875054398
-.140000  0.820000   0.02972732243018831
-.100000  0.820000   0.03018349216018859
-.060000  0.820000   0.03052225390865061
-.020000  0.820000   0.03074091386691978
0.020000  0.820000   0.03085334054504414
0.060000  0.820000   0.03088076838422638
0.100000  0.820000   0.03084271126107375
0.140000  0.820000   0.03075322466308638
0.180000  0.820000   0.03072027941684226
0.220000  0.820000   0.03057104346715641
0.260000  0.820000   0.03038301261694054
0.300000  0.820000   0.03023069336871203
0.340000  0.820000   0.03007279258413611
0.380000  0.820000   0.02999797501146402
0.420000  0.820000   0.03044772100853890
0.460000  0.820000   0.03114190911687022
0.500000  0.820000   0.03352291164713884
0.540000  0.820000   0.04302806190965769
-.460000  0.860000   0.07627499660023661
-.420000  0.860000   0.05044634372696547
-.380000  0.860000   0.03982809678438388
-.340000  0.860000   0.03491512346161392
-.300000  0.860000   0.03230902889852516
-.260000  0.860000   0.03094357634410774
-.220000  0.860000   0.03022733923761275
-.180000  0.860000   0.03042693389024679
-.140000  0.860000   0.03016861676508706
-.100000  0.860000   0.03051404166809876
-.060000  0.860000   0.03079883943948844
-.020000  0.860000   0.03099560171094118
0.020000  0.860000   0.03110574647515734
0.060000  0.860000   0.03114150096976869
0.100000  0.860000   0.03111571034135176
0.140000  0.860000   0.03103729625663057
0.180000  0.860000   0.03110898580575398
0.220000  0.860000   0.03095939737906610
0.260000  0.860000   0.03099415451028676
0.300000  0.860000   0.03112726269441398
0.340000  0.860000   0.03146945955097150
0.380000  0.860000   0.03209162094662622
0.420000  0.860000   0.03449226514339802
0.460000  0.860000   0.04107524936427011
0.500000  0.860000   0.06110940791267983
-.380000  0.900000   0.07198252196230642
-.340000  0.900000   0.05154937584625988
-.300000  0.900000   0.04139255033283299
-.260000  0.900000   0.03670705172202470
-.220000  0.900000   0.03399353410826608
-.180000  0.900000   0.03236976979128831
-.140000  0.900000   0.03208304029776281
-.100000  0.900000   0.03133367714644179
-.060000  0.900000   0.03140767742823868
-.020000  0.900000   0.03149089309656460
0.020000  0.900000   0.03154455878523930
0.060000  0.900000   0.03155455670241313
0.100000  0.900000   0.03151610517491433
0.140000  0.900000   0.03196115362924813
0.180000  0.900000   0.03183055087419061
0.220000  0.900000   0.03232970146424347
0.260000  0.900000   0.03303888711132380
0.300000  0.900000   0.03406411584538638
0.340000  0.900000   0.03735469062710388
0.380000  0.900000   0.04252314990757704
0.420000  0.900000   0.05903993033399678
-.300000  0.940000   0.08908945130636362
-.260000  0.940000   0.06206136779076217
-.220000  0.940000   0.04855923799715954
-.180000  0.940000   0.04236528272916635
-.140000  0.940000   0.03843850162024049
-.100000  0.940000   0.03715067939827147
-.060000  0.940000   0.03509762169087664
-.020000  0.940000   0.03468024351766753
0.020000  0.940000   0.03442583169172407
0.060000  0.940000   0.03425350511942650
0.100000  0.940000   0.03544102008441519
0.140000  0.940000   0.03533510184839807
0.180000  0.940000   0.03689823960140590
0.220000  0.940000   0.03892734723027159
0.260000  0.940000   0.04437188237814894
0.300000  0.940000   0.05248935765596467
0.340000  0.940000   0.10423605214881380
-.180000  0.980000   0.13367962692477475
-.140000  0.980000   0.08450172215841309
-.100000  0.980000   0.06938770110020015
-.060000  0.980000   0.06009449223458200
-.020000  0.980000   0.05371631258779421
0.020000  0.980000   0.05211752925798509
0.060000  0.980000   0.05481670657393933
0.100000  0.980000   0.05880645260673499
0.140000  0.980000   0.06464759877695440
0.180000  0.980000   0.08591044276316954
