-.140000  -.980000   -0.0000002812975091
-.100000  -.980000   -0.0000005774193160
-.060000  -.980000   -0.0000006419169190
-.020000  -.980000   -0.0000006413856868
0.020000  -.980000   -0.0000006928756975
0.060000  -.980000   -0.0000007867036591
0.100000  -.980000   -0.0000008777337813
0.140000  -.980000   -0.0000009884908671
0.180000  -.980000   -0.0000012395460825
-.260000  -.940000   -0.0000001070765106
-.220000  -.940000   -0.0000003421979710
-.180000  -.940000   -0.0000004317727442
-.140000  -.940000   -0.0000004703881450
-.100000  -.940000   -0.0000005517398504
-.060000  -.940000   -0.0000006296682686
-.020000  -.940000   -0.0000007445000064
0.020000  -.940000   -0.0000008718934501
0.060000  -.940000   -0.0000010095776525
0.100000  -.940000   -0.0000010590348480
0.140000  -.940000   -0.0000011918368040
0.180000  -.940000   -0.0000012100508331
0.220000  -.940000   -0.0000012265041115
0.260000  -.940000   -0.0000011753018009
0.300000  -.940000   -0.0000012415620486
0.340000  -.940000   -0.0000015678787257
-.340000  -.900000   -0.0000000338255444
-.300000  -.900000   -0.0000002630913660
-.260000  -.900000   -0.0000003706114077
-.220000  -.900000   -0.0000004338952645
-.180000  -.900000   -0.0000005169065252
-.140000  -.900000   -0.0000006612057209
-.100000  -.900000   -0.0000008510675738
-.060000  -.900000   -0.0000010660144851
-.020000  -.900000   -0.0000012993766073
0.020000  -.900000   -0.0000015466402962
0.060000  -.900000   -0.0000017987735526
0.100000  -.900000   -0.0000020467070129
0.140000  -.900000   -0.0000020783737686
0.180000  -.900000   -0.0000022805679071
0.220000  -.900000   -0.0000022236307287
0.260000  -.900000   -0.0000021309868218
0.300000  -.900000   -0.0000020302326936
0.340000  -.900000   -0.0000017417625911
0.380000  -.900000   -0.0000015948586096
0.420000  -.900000   -0.0000015481058701
-.380000  -.860000   -0.0000001368123833
-.340000  -.860000   -0.0000002964024269
-.300000  -.860000   -0.0000003839637094
-.260000  -.860000   -0.0000004659189287
-.220000  -.860000   -0.0000005911795451
-.180000  -.860000   -0.0000007938300532
-.140000  -.860000   -0.0000010547210324
-.100000  -.860000   -0.0000013496599474
-.060000  -.860000   -0.0000016699103219
-.020000  -.860000   -0.0000020074177413
0.020000  -.860000   -0.0000023519687378
0.060000  -.860000   -0.0000026942557238
0.100000  -.860000   -0.0000030223761708
0.140000  -.860000   -0.0000033264600353
0.180000  -.860000   -0.0000033279203681
0.220000  -.860000   -0.0000035493806753
0.260000  -.860000   -0.0000034200757491
0.300000  -.860000   -0.0000032306700092
0.340000  -.860000   -0.0000030097080399
0.380000  -.860000   -0.0000027860736205
0.420000  -.860000   -0.0000023213823286
0.460000  -.860000   -0.0000018421035152
0.500000  -.860000   -0.0000016910923922
-.420000  -.820000   -0.0000001879993694
-.380000  -.820000   -0.0000002642149597
-.340000  -.820000   -0.0000003506524756
-.300000  -.820000   -0.0000004522078334
-.260000  -.820000   -0.0000006518118109
-.220000  -.820000   -0.0000008667712944
-.180000  -.820000   -0.0000011644341701
-.140000  -.820000   -0.0000015427878621
-.100000  -.820000   -0.0000019448041390
-.060000  -.820000   -0.0000023700165303
-.020000  -.820000   -0.0000028060355421
0.020000  -.820000   -0.0000032401065668
0.060000  -.820000   -0.0000036619360866
0.100000  -.820000   -0.0000040592382847
0.140000  -.820000   -0.0000044196582310
0.180000  -.820000   -0.0000044639270793
0.220000  -.820000   -0.0000047181689148
0.260000  -.820000   -0.0000045909711025
0.300000  -.820000   -0.0000047337243158
0.340000  -.820000   -0.0000044671651425
0.380000  -.820000   -0.0000041441790946
0.420000  -.820000   -0.0000034207687445
0.460000  -.820000   -0.0000031180396477
0.500000  -.820000   -0.0000025950340550
0.540000  -.820000   -0.0000019369564000
-.460000  -.780000   -0.0000001425627946
-.420000  -.780000   -0.0000002600753613
-.380000  -.780000   -0.0000003462749680
-.340000  -.780000   -0.0000004470080101
-.300000  -.780000   -0.0000006010357690
-.260000  -.780000   -0.0000008773677655
-.220000  -.780000   -0.0000011865001981
-.180000  -.780000   -0.0000015848587915
-.140000  -.780000   -0.0000020591978578
-.100000  -.780000   -0.0000025596270774
-.060000  -.780000   -0.0000030768093800
-.020000  -.780000   -0.0000035979528746
0.020000  -.780000   -0.0000041084388920
0.060000  -.780000   -0.0000045939075877
0.100000  -.780000   -0.0000050433117728
0.140000  -.780000   -0.0000054455125288
0.180000  -.780000   -0.0000055646048343
0.220000  -.780000   -0.0000058402045874
0.260000  -.780000   -0.0000057562659768
0.300000  -.780000   -0.0000058962376325
0.340000  -.780000   -0.0000056350307056
0.380000  -.780000   -0.0000052816725683
0.420000  -.780000   -0.0000048661659590
0.460000  -.780000   -0.0000044257673918
0.500000  -.780000   -0.0000036030769222
0.540000  -.780000   -0.0000029265684655
0.580000  -.780000   -0.0000022654842661
0.620000  -.780000   -0.0000018287613322
-.500000  -.740000   -0.0000001609442524
-.460000  -.740000   -0.0000002235204464
-.420000  -.740000   -0.0000003049493795
-.380000  -.740000   -0.0000003971615087
-.340000  -.740000   -0.0000005380557407
-.300000  -.740000   -0.0000008210121145
-.260000  -.740000   -0.0000011158118587
-.220000  -.740000   -0.0000015297462642
-.180000  -.740000   -0.0000019987536380
-.140000  -.740000   -0.0000025281189646
-.100000  -.740000   -0.0000030823677819
-.060000  -.740000   -0.0000037128666808
-.020000  -.740000   -0.0000043000029988
0.020000  -.740000   -0.0000048672637915
0.060000  -.740000   -0.0000054002615562
0.100000  -.740000   -0.0000057520057388
0.140000  -.740000   -0.0000061729544295
0.180000  -.740000   -0.0000065281638619
0.220000  -.740000   -0.0000065969268241
0.260000  -.740000   -0.0000068033305055
0.300000  -.740000   -0.0000066564159050
0.340000  -.740000   -0.0000067150599051
0.380000  -.740000   -0.0000063805671286
0.420000  -.740000   -0.0000059503444855
0.460000  -.740000   -0.0000054561226134
0.500000  -.740000   -0.0000045045893279
0.540000  -.740000   -0.0000040136498269
0.580000  -.740000   -0.0000032286587767
0.620000  -.740000   -0.0000024227727066
0.660000  -.740000   -0.0000020035311881
-.540000  -.700000   -0.0000001041271909
-.500000  -.700000   -0.0000002435971498
-.460000  -.700000   -0.0000003344540660
-.420000  -.700000   -0.0000003063396853
-.380000  -.700000   -0.0000005257650261
-.340000  -.700000   -0.0000007034076429
-.300000  -.700000   -0.0000009699183911
-.260000  -.700000   -0.0000013859455875
-.220000  -.700000   -0.0000018315180110
-.180000  -.700000   -0.0000023764503828
-.140000  -.700000   -0.0000029614216600
-.100000  -.700000   -0.0000035864564262
-.060000  -.700000   -0.0000042163856874
-.020000  -.700000   -0.0000048359201320
0.020000  -.700000   -0.0000054297081467
0.060000  -.700000   -0.0000059835513032
0.100000  -.700000   -0.0000064837739395
0.140000  -.700000   -0.0000069182876546
0.180000  -.700000   -0.0000071651419164
0.220000  -.700000   -0.0000074471312757
0.260000  -.700000   -0.0000074613216942
0.300000  -.700000   -0.0000075772018217
0.340000  -.700000   -0.0000073694531921
0.380000  -.700000   -0.0000070301770003
0.420000  -.700000   -0.0000069306764718
0.460000  -.700000   -0.0000060500386441
0.500000  -.700000   -0.0000054658161193
0.540000  -.700000   -0.0000048710049523
0.580000  -.700000   -0.0000038856845893
0.620000  -.700000   -0.0000030677558206
0.660000  -.700000   -0.0000022561199423
0.700000  -.700000   -0.0000018494295751
-.580000  -.660000   -0.0000000633018239
-.540000  -.660000   -0.0000001575174489
-.500000  -.660000   -0.0000002354129603
-.460000  -.660000   -0.0000002998819959
-.420000  -.660000   -0.0000003872811330
-.380000  -.660000   -0.0000005322299263
-.340000  -.660000   -0.0000007608128029
-.300000  -.660000   -0.0000011664294570
-.260000  -.660000   -0.0000015747836876
-.220000  -.660000   -0.0000021198758987
-.180000  -.660000   -0.0000026821417973
-.140000  -.660000   -0.0000033257871486
-.100000  -.660000   -0.0000039845884217
-.060000  -.660000   -0.0000046432111683
-.020000  -.660000   -0.0000052876263639
0.020000  -.660000   -0.0000059017690510
0.060000  -.660000   -0.0000064713284424
0.100000  -.660000   -0.0000069815279720
0.140000  -.660000   -0.0000074203539099
0.180000  -.660000   -0.0000077789568641
0.220000  -.660000   -0.0000079777617404
0.260000  -.660000   -0.0000081634345463
0.300000  -.660000   -0.0000081201364901
0.340000  -.660000   -0.0000081303327680
0.380000  -.660000   -0.0000078622074652
0.420000  -.660000   -0.0000074633442161
0.460000  -.660000   -0.0000069559154681
0.500000  -.660000   -0.0000063664045026
0.540000  -.660000   -0.0000057292494755
0.580000  -.660000   -0.0000046581126604
0.620000  -.660000   -0.0000040784049654
0.660000  -.660000   -0.0000028296392748
0.700000  -.660000   -0.0000020773495147
0.740000  -.660000   -0.0000018829762052
-.580000  -.620000   -0.0000001318139956
-.540000  -.620000   -0.0000002264383634
-.500000  -.620000   -0.0000002886799048
-.460000  -.620000   -0.0000003514600076
-.420000  -.620000   -0.0000004520420427
-.380000  -.620000   -0.0000006227357082
-.340000  -.620000   -0.0000008853749159
-.300000  -.620000   -0.0000012471712392
-.260000  -.620000   -0.0000017790263120
-.220000  -.620000   -0.0000023056974367
-.180000  -.620000   -0.0000029518780786
-.140000  -.620000   -0.0000036247522193
-.100000  -.620000   -0.0000043097707897
-.060000  -.620000   -0.0000049660233862
-.020000  -.620000   -0.0000056365277037
0.020000  -.620000   -0.0000062680940559
0.060000  -.620000   -0.0000068472856316
0.100000  -.620000   -0.0000073821162976
0.140000  -.620000   -0.0000078219786191
0.180000  -.620000   -0.0000081751507125
0.220000  -.620000   -0.0000084338114006
0.260000  -.620000   -0.0000085770669469
0.300000  -.620000   -0.0000086497980852
0.340000  -.620000   -0.0000085479706739
0.380000  -.620000   -0.0000082976174206
0.420000  -.620000   -0.0000079098960608
0.460000  -.620000   -0.0000074028337783
0.500000  -.620000   -0.0000067979327721
0.540000  -.620000   -0.0000061252393774
0.580000  -.620000   -0.0000054252524148
0.620000  -.620000   -0.0000043212896502
0.660000  -.620000   -0.0000037368207900
0.700000  -.620000   -0.0000025426445742
0.740000  -.620000   -0.0000019313189317
0.780000  -.620000   -0.0000016365476601
-.620000  -.580000   -0.0000000813559687
-.580000  -.580000   -0.0000001977490444
-.540000  -.580000   -0.0000001370499580
-.500000  -.580000   -0.0000001701490008
-.460000  -.580000   -0.0000002323040674
-.420000  -.580000   -0.0000003558423302
-.380000  -.580000   -0.0000006899118271
-.340000  -.580000   -0.0000009816608387
-.300000  -.580000   -0.0000013737419224
-.260000  -.580000   -0.0000019395887644
-.220000  -.580000   -0.0000024904215860
-.180000  -.580000   -0.0000031624370493
-.140000  -.580000   -0.0000038571283919
-.100000  -.580000   -0.0000045129424538
-.060000  -.580000   -0.0000052200060793
-.020000  -.580000   -0.0000059017539478
0.020000  -.580000   -0.0000065410890055
0.060000  -.580000   -0.0000071230298982
0.100000  -.580000   -0.0000076332007221
0.140000  -.580000   -0.0000081282389055
0.180000  -.580000   -0.0000084735411494
0.220000  -.580000   -0.0000087190619244
0.260000  -.580000   -0.0000088916875296
0.300000  -.580000   -0.0000089432849372
0.340000  -.580000   -0.0000088659689262
0.380000  -.580000   -0.0000086381291516
0.420000  -.580000   -0.0000084253991401
0.460000  -.580000   -0.0000079869662963
0.500000  -.580000   -0.0000074340766333
0.540000  -.580000   -0.0000067921043265
0.580000  -.580000   -0.0000057354004812
0.620000  -.580000   -0.0000049928935605
0.660000  -.580000   -0.0000038825000652
0.700000  -.580000   -0.0000029070403119
0.740000  -.580000   -0.0000022534905367
0.780000  -.580000   -0.0000015804641817
-.660000  -.540000   -0.0000000118702934
-.620000  -.540000   -0.0000001457387001
-.580000  -.540000   -0.0000001069317547
-.540000  -.540000   -0.0000001261891234
-.500000  -.540000   -0.0000001543387584
-.460000  -.540000   -0.0000002237457764
-.420000  -.540000   -0.0000003649480837
-.380000  -.540000   -0.0000007291846661
-.340000  -.540000   -0.0000010455302846
-.300000  -.540000   -0.0000014623641069
-.260000  -.540000   -0.0000020540706295
-.220000  -.540000   -0.0000026230064776
-.180000  -.540000   -0.0000033142606504
-.140000  -.540000   -0.0000039584653065
-.100000  -.540000   -0.0000046851034485
-.060000  -.540000   -0.0000054010451923
-.020000  -.540000   -0.0000060903815245
0.020000  -.540000   -0.0000067345800930
0.060000  -.540000   -0.0000073175969014
0.100000  -.540000   -0.0000078250352591
0.140000  -.540000   -0.0000082425059983
0.180000  -.540000   -0.0000086833457226
0.220000  -.540000   -0.0000089140071721
0.260000  -.540000   -0.0000091135952462
0.300000  -.540000   -0.0000091426693583
0.340000  -.540000   -0.0000090914632710
0.380000  -.540000   -0.0000088891720322
0.420000  -.540000   -0.0000086432273851
0.460000  -.540000   -0.0000082201008159
0.500000  -.540000   -0.0000076772860043
0.540000  -.540000   -0.0000070345142771
0.580000  -.540000   -0.0000063218601292
0.620000  -.540000   -0.0000052199469260
0.660000  -.540000   -0.0000044585166767
0.700000  -.540000   -0.0000033755430436
0.740000  -.540000   -0.0000024911744126
0.780000  -.540000   -0.0000016582563575
0.820000  -.540000   -0.0000012322465323
-.660000  -.500000   -0.0000000742971396
-.620000  -.500000   -0.0000001769303976
-.580000  -.500000   -0.0000000841082297
-.540000  -.500000   -0.0000000885954072
-.500000  -.500000   -0.0000001134053781
-.460000  -.500000   -0.0000001913858274
-.420000  -.500000   -0.0000003496551041
-.380000  -.500000   -0.0000007386978807
-.340000  -.500000   -0.0000010759820089
-.300000  -.500000   -0.0000015133843780
-.260000  -.500000   -0.0000021228715700
-.220000  -.500000   -0.0000027064997543
-.180000  -.500000   -0.0000034104395828
-.140000  -.500000   -0.0000040610960668
-.100000  -.500000   -0.0000047952484033
-.060000  -.500000   -0.0000055167757542
-.020000  -.500000   -0.0000062103465248
0.020000  -.500000   -0.0000068575250562
0.060000  -.500000   -0.0000074397501160
0.100000  -.500000   -0.0000079418697595
0.140000  -.500000   -0.0000083496153342
0.180000  -.500000   -0.0000088136798893
0.220000  -.500000   -0.0000090277031700
0.260000  -.500000   -0.0000092521643304
0.300000  -.500000   -0.0000092574948536
0.340000  -.500000   -0.0000092305416900
0.380000  -.500000   -0.0000090520078195
0.420000  -.500000   -0.0000087751007594
0.460000  -.500000   -0.0000083721694870
0.500000  -.500000   -0.0000078452589467
0.540000  -.500000   -0.0000072106011708
0.580000  -.500000   -0.0000064957949989
0.620000  -.500000   -0.0000054154611681
0.660000  -.500000   -0.0000046049801334
0.700000  -.500000   -0.0000034628386606
0.740000  -.500000   -0.0000024450216982
0.780000  -.500000   -0.0000017280270493
0.820000  -.500000   -0.0000012633090061
0.860000  -.500000   -0.0000012091023743
-.660000  -.460000   -0.0000001059129726
-.620000  -.460000   -0.0000001724609906
-.580000  -.460000   -0.0000000329095184
-.540000  -.460000   -0.0000000243467307
-.500000  -.460000   -0.0000000482128354
-.460000  -.460000   -0.0000001354967896
-.420000  -.460000   -0.0000003102018281
-.380000  -.460000   -0.0000007185839356
-.340000  -.460000   -0.0000010746388918
-.300000  -.460000   -0.0000015296901354
-.260000  -.460000   -0.0000021508221752
-.220000  -.460000   -0.0000027457903027
-.180000  -.460000   -0.0000034564844167
-.140000  -.460000   -0.0000041132081055
-.100000  -.460000   -0.0000048512551091
-.060000  -.460000   -0.0000055755631646
-.020000  -.460000   -0.0000062711571592
0.020000  -.460000   -0.0000069194177490
0.060000  -.460000   -0.0000074999686814
0.100000  -.460000   -0.0000079957151191
0.140000  -.460000   -0.0000083921514702
0.180000  -.460000   -0.0000088747416576
0.220000  -.460000   -0.0000090706799781
0.260000  -.460000   -0.0000093153376230
0.300000  -.460000   -0.0000092970539540
0.340000  -.460000   -0.0000092916325679
0.380000  -.460000   -0.0000091359516260
0.420000  -.460000   -0.0000088313666447
0.460000  -.460000   -0.0000084497983719
0.500000  -.460000   -0.0000079421315895
0.540000  -.460000   -0.0000073219697843
0.580000  -.460000   -0.0000066145201651
0.620000  -.460000   -0.0000055711596193
0.660000  -.460000   -0.0000047319982555
0.700000  -.460000   -0.0000035650211330
0.740000  -.460000   -0.0000028462789743
0.780000  -.460000   -0.0000019594828384
0.820000  -.460000   -0.0000011286147508
0.860000  -.460000   -0.0000006597856466
-.700000  -.420000   -0.0000000335530338
-.660000  -.420000   -0.0000001028206164
-.620000  -.420000   -0.0000001328101365
-.580000  -.420000    0.0000000450386895
-.540000  -.420000    0.0000000641292316
-.500000  -.420000    0.0000000392315686
-.460000  -.420000   -0.0000000584505665
-.420000  -.420000   -0.0000002502287857
-.380000  -.420000   -0.0000006712939733
-.340000  -.420000   -0.0000010442917180
-.300000  -.420000   -0.0000015159757340
-.260000  -.420000   -0.0000021426912416
-.220000  -.420000   -0.0000027482177272
-.180000  -.420000   -0.0000034600898441
-.140000  -.420000   -0.0000041227509441
-.100000  -.420000   -0.0000048615847065
-.060000  -.420000   -0.0000055862113683
-.020000  -.420000   -0.0000062825134859
0.020000  -.420000   -0.0000069305078591
0.060000  -.420000   -0.0000075087292610
0.100000  -.420000   -0.0000079968499546
0.140000  -.420000   -0.0000083805993388
0.180000  -.420000   -0.0000088773167799
0.220000  -.420000   -0.0000090531592812
0.260000  -.420000   -0.0000093145095236
0.300000  -.420000   -0.0000092718145900
0.340000  -.420000   -0.0000092839157587
0.380000  -.420000   -0.0000091491131537
0.420000  -.420000   -0.0000088210863455
0.460000  -.420000   -0.0000084611158406
0.500000  -.420000   -0.0000079745593287
0.540000  -.420000   -0.0000073735168299
0.580000  -.420000   -0.0000066808609728
0.620000  -.420000   -0.0000056822313366
0.660000  -.420000   -0.0000048307151045
0.700000  -.420000   -0.0000039994362352
0.740000  -.420000   -0.0000028732533428
0.780000  -.420000   -0.0000018796057945
0.820000  -.420000   -0.0000008475664329
0.860000  -.420000   -0.0000005086313031
0.900000  -.420000   -0.0000008822452051
-.700000  -.380000   -0.0000001001178405
-.660000  -.380000   -0.0000000660067655
-.620000  -.380000   -0.0000000604171389
-.580000  -.380000   -0.0000000358560984
-.540000  -.380000   -0.0000000190531811
-.500000  -.380000   -0.0000000419471299
-.460000  -.380000   -0.0000001338454735
-.420000  -.380000   -0.0000003165309123
-.380000  -.380000   -0.0000006018070717
-.340000  -.380000   -0.0000009922994573
-.300000  -.380000   -0.0000014796007664
-.260000  -.380000   -0.0000021066834382
-.220000  -.380000   -0.0000027219116995
-.180000  -.380000   -0.0000034303406344
-.140000  -.380000   -0.0000040991515745
-.100000  -.380000   -0.0000048343114593
-.060000  -.380000   -0.0000055587766540
-.020000  -.380000   -0.0000062542702504
0.020000  -.380000   -0.0000069013707512
0.060000  -.380000   -0.0000074763135868
0.100000  -.380000   -0.0000079561220986
0.140000  -.380000   -0.0000083257379387
0.180000  -.380000   -0.0000088310084244
0.220000  -.380000   -0.0000089852270977
0.260000  -.380000   -0.0000092570876966
0.300000  -.380000   -0.0000091900636728
0.340000  -.380000   -0.0000092169297913
0.380000  -.380000   -0.0000090997787275
0.420000  -.380000   -0.0000088423065846
0.460000  -.380000   -0.0000084494924933
0.500000  -.380000   -0.0000079277274476
0.540000  -.380000   -0.0000072909942774
0.580000  -.380000   -0.0000065588412632
0.620000  -.380000   -0.0000057500561644
0.660000  -.380000   -0.0000049013041010
0.700000  -.380000   -0.0000037457369872
0.740000  -.380000   -0.0000029119828045
0.780000  -.380000   -0.0000018519899973
0.820000  -.380000   -0.0000010394817760
0.860000  -.380000   -0.0000003800145236
0.900000  -.380000   -0.0000002468541723
-.740000  -.340000   -0.0000000027090552
-.700000  -.340000   -0.0000000949253086
-.660000  -.340000    0.0000000005641373
-.620000  -.340000    0.0000000400524381
-.580000  -.340000    0.0000000866747897
-.540000  -.340000    0.0000001124182249
-.500000  -.340000    0.0000000871947194
-.460000  -.340000   -0.0000000157642227
-.420000  -.340000   -0.0000002146341195
-.380000  -.340000   -0.0000005183365276
-.340000  -.340000   -0.0000009267007163
-.300000  -.340000   -0.0000014907932009
-.260000  -.340000   -0.0000020508349993
-.220000  -.340000   -0.0000026772822863
-.180000  -.340000   -0.0000033762138703
-.140000  -.340000   -0.0000040542575956
-.100000  -.340000   -0.0000047806282671
-.060000  -.340000   -0.0000055020225174
-.020000  -.340000   -0.0000061964049567
0.020000  -.340000   -0.0000068421268028
0.060000  -.340000   -0.0000074129775421
0.100000  -.340000   -0.0000078835465792
0.140000  -.340000   -0.0000082366542590
0.180000  -.340000   -0.0000087450012489
0.220000  -.340000   -0.0000088756519143
0.260000  -.340000   -0.0000091528388446
0.300000  -.340000   -0.0000092941718467
0.340000  -.340000   -0.0000091010176986
0.380000  -.340000   -0.0000089980926912
0.420000  -.340000   -0.0000087597915316
0.460000  -.340000   -0.0000083882212947
0.500000  -.340000   -0.0000078906091694
0.540000  -.340000   -0.0000072785024982
0.580000  -.340000   -0.0000065697420531
0.620000  -.340000   -0.0000057812041323
0.660000  -.340000   -0.0000049451231345
0.700000  -.340000   -0.0000038124894389
0.740000  -.340000   -0.0000029572685705
0.780000  -.340000   -0.0000018571145338
0.820000  -.340000   -0.0000009471514627
0.860000  -.340000   -0.0000000948659134
0.900000  -.340000    0.0000002050294741
0.940000  -.340000   -0.0000009892207175
-.740000  -.300000   -0.0000000432513350
-.700000  -.300000   -0.0000000559910166
-.660000  -.300000   -0.0000000594663710
-.620000  -.300000    0.0000001615174242
-.580000  -.300000    0.0000002268826278
-.540000  -.300000    0.0000002587502056
-.500000  -.300000    0.0000002279303477
-.460000  -.300000    0.0000001109851323
-.420000  -.300000   -0.0000001064476971
-.380000  -.300000   -0.0000004307129548
-.340000  -.300000   -0.0000009267158037
-.300000  -.300000   -0.0000014134248345
-.260000  -.300000   -0.0000019864431862
-.220000  -.300000   -0.0000026252663723
-.180000  -.300000   -0.0000033079415420
-.140000  -.300000   -0.0000039966159106
-.100000  -.300000   -0.0000047103458172
-.060000  -.300000   -0.0000054244346937
-.020000  -.300000   -0.0000061180936778
0.020000  -.300000   -0.0000067623825309
0.060000  -.300000   -0.0000073288326899
0.100000  -.300000   -0.0000077879509652
0.140000  -.300000   -0.0000081220950184
0.180000  -.300000   -0.0000086279012591
0.220000  -.300000   -0.0000087333465843
0.260000  -.300000   -0.0000090102118404
0.300000  -.300000   -0.0000091557043345
0.340000  -.300000   -0.0000091634101614
0.380000  -.300000   -0.0000088558965295
0.420000  -.300000   -0.0000086344193213
0.460000  -.300000   -0.0000082845338408
0.500000  -.300000   -0.0000078140487981
0.540000  -.300000   -0.0000072301131516
0.580000  -.300000   -0.0000065488136032
0.620000  -.300000   -0.0000057871629695
0.660000  -.300000   -0.0000047613729893
0.700000  -.300000   -0.0000038662393017
0.740000  -.300000   -0.0000026974589255
0.780000  -.300000   -0.0000018882492129
0.820000  -.300000   -0.0000009125951965
0.860000  -.300000    0.0000000764749010
0.900000  -.300000    0.0000003762179448
0.940000  -.300000   -0.0000000835515206
-.740000  -.260000   -0.0000000466193469
-.700000  -.260000   -0.0000001118004097
-.660000  -.260000    0.0000000525456335
-.620000  -.260000    0.0000001159523179
-.580000  -.260000    0.0000001782688584
-.540000  -.260000    0.0000002113137730
-.500000  -.260000    0.0000001863737909
-.460000  -.260000    0.0000000802753675
-.420000  -.260000   -0.0000001214073010
-.380000  -.260000   -0.0000004264370264
-.340000  -.260000   -0.0000008342868897
-.300000  -.260000   -0.0000013389935343
-.260000  -.260000   -0.0000019272810092
-.220000  -.260000   -0.0000025558097476
-.180000  -.260000   -0.0000032377784284
-.140000  -.260000   -0.0000039277749957
-.100000  -.260000   -0.0000046330504149
-.060000  -.260000   -0.0000053365902362
-.020000  -.260000   -0.0000060270651065
0.020000  -.260000   -0.0000066714689610
0.060000  -.260000   -0.0000072324908833
0.100000  -.260000   -0.0000076771476279
0.140000  -.260000   -0.0000082759967048
0.180000  -.260000   -0.0000084855644003
0.220000  -.260000   -0.0000088673180884
0.260000  -.260000   -0.0000088364644544
0.300000  -.260000   -0.0000089820273966
0.340000  -.260000   -0.0000089954799948
0.380000  -.260000   -0.0000088775797805
0.420000  -.260000   -0.0000086293623399
0.460000  -.260000   -0.0000082533757031
0.500000  -.260000   -0.0000077523675391
0.540000  -.260000   -0.0000071392740110
0.580000  -.260000   -0.0000064296455397
0.620000  -.260000   -0.0000056372788940
0.660000  -.260000   -0.0000047890910719
0.700000  -.260000   -0.0000036753934912
0.740000  -.260000   -0.0000027629641521
0.780000  -.260000   -0.0000016127207301
0.820000  -.260000   -0.0000005812484666
0.860000  -.260000    0.0000001652767303
0.900000  -.260000    0.0000006655557015
0.940000  -.260000    0.0000005172762195
-.740000  -.220000   -0.0000000871646513
-.700000  -.220000   -0.0000000252086195
-.660000  -.220000    0.0000000055727630
-.620000  -.220000    0.0000002720059542
-.580000  -.220000    0.0000003512544313
-.540000  -.220000    0.0000003867936528
-.500000  -.220000    0.0000003526198879
-.460000  -.220000    0.0000002289430119
-.420000  -.220000    0.0000000038653937
-.380000  -.220000   -0.0000003258977057
-.340000  -.220000   -0.0000007578817774
-.300000  -.220000   -0.0000012838889131
-.260000  -.220000   -0.0000018481457685
-.220000  -.220000   -0.0000024876140334
-.180000  -.220000   -0.0000031791630149
-.140000  -.220000   -0.0000038404166913
-.100000  -.220000   -0.0000045585423205
-.060000  -.220000   -0.0000052466532582
-.020000  -.220000   -0.0000059315461872
0.020000  -.220000   -0.0000065772128198
0.060000  -.220000   -0.0000071316819946
0.100000  -.220000   -0.0000075572997746
0.140000  -.220000   -0.0000081453121937
0.180000  -.220000   -0.0000083224185045
0.220000  -.220000   -0.0000086917851528
0.260000  -.220000   -0.0000089415202232
0.300000  -.220000   -0.0000087823824266
0.340000  -.220000   -0.0000087999462568
0.380000  -.220000   -0.0000086925726029
0.420000  -.220000   -0.0000084635079170
0.460000  -.220000   -0.0000081065465641
0.500000  -.220000   -0.0000076398473831
0.540000  -.220000   -0.0000070702082233
0.580000  -.220000   -0.0000063950614344
0.620000  -.220000   -0.0000056380946256
0.660000  -.220000   -0.0000046425641579
0.700000  -.220000   -0.0000037329296587
0.740000  -.220000   -0.0000025682962111
0.780000  -.220000   -0.0000016925112043
0.820000  -.220000   -0.0000006323566415
0.860000  -.220000    0.0000001824007168
0.900000  -.220000    0.0000008322835029
0.940000  -.220000    0.0000007640769405
-.740000  -.180000   -0.0000000449720674
-.700000  -.180000   -0.0000000648785030
-.660000  -.180000    0.0000001542508717
-.620000  -.180000    0.0000002440836445
-.580000  -.180000    0.0000003219093615
-.540000  -.180000    0.0000003594570541
-.500000  -.180000    0.0000003311758836
-.460000  -.180000    0.0000002180990894
-.420000  -.180000    0.0000000084424908
-.380000  -.180000   -0.0000003014432379
-.340000  -.180000   -0.0000007105947704
-.300000  -.180000   -0.0000012125507449
-.260000  -.180000   -0.0000017965271915
-.220000  -.180000   -0.0000024494485722
-.180000  -.180000   -0.0000030480528959
-.140000  -.180000   -0.0000037702918901
-.100000  -.180000   -0.0000044981377982
-.060000  -.180000   -0.0000051617613333
-.020000  -.180000   -0.0000058397313379
0.020000  -.180000   -0.0000064858169944
0.060000  -.180000   -0.0000070327199900
0.100000  -.180000   -0.0000074316576822
0.140000  -.180000   -0.0000080008150210
0.180000  -.180000   -0.0000084710704093
0.220000  -.180000   -0.0000084921269062
0.260000  -.180000   -0.0000087297508018
0.300000  -.180000   -0.0000088463924254
0.340000  -.180000   -0.0000088381056167
0.380000  -.180000   -0.0000087085764335
0.420000  -.180000   -0.0000084515166384
0.460000  -.180000   -0.0000080778624795
0.500000  -.180000   -0.0000075957690294
0.540000  -.180000   -0.0000069777633699
0.580000  -.180000   -0.0000062736942972
0.620000  -.180000   -0.0000055015449284
0.660000  -.180000   -0.0000046715538957
0.700000  -.180000   -0.0000035859255498
0.740000  -.180000   -0.0000026617222613
0.780000  -.180000   -0.0000014951925769
0.820000  -.180000   -0.0000004056871162
0.860000  -.180000    0.0000004658839370
0.900000  -.180000    0.0000008975098579
0.940000  -.180000    0.0000010620800266
0.980000  -.180000   -0.0000002015124768
-.780000  -.140000   -0.0000000004986047
-.740000  -.140000   -0.0000000706340836
-.700000  -.140000    0.0000000574461970
-.660000  -.140000    0.0000001286834916
-.620000  -.140000    0.0000002144206238
-.580000  -.140000    0.0000002907059279
-.540000  -.140000    0.0000005436144173
-.500000  -.140000    0.0000005011089080
-.460000  -.140000    0.0000003640662330
-.420000  -.140000    0.0000001244665676
-.380000  -.140000   -0.0000002180898918
-.340000  -.140000   -0.0000006592684354
-.300000  -.140000   -0.0000011892690070
-.260000  -.140000   -0.0000017005089268
-.220000  -.140000   -0.0000023273755409
-.180000  -.140000   -0.0000030114290415
-.140000  -.140000   -0.0000037362906504
-.100000  -.140000   -0.0000043463286594
-.060000  -.140000   -0.0000050912064550
-.020000  -.140000   -0.0000057560229707
0.020000  -.140000   -0.0000064058060502
0.060000  -.140000   -0.0000069393595789
0.100000  -.140000   -0.0000075996840695
0.140000  -.140000   -0.0000078380328965
0.180000  -.140000   -0.0000082792388977
0.220000  -.140000   -0.0000086101998550
0.260000  -.140000   -0.0000088223967488
0.300000  -.140000   -0.0000086129828250
0.340000  -.140000   -0.0000086121932069
0.380000  -.140000   -0.0000084980461604
0.420000  -.140000   -0.0000082633685939
0.460000  -.140000   -0.0000079286904429
0.500000  -.140000   -0.0000074527779681
0.540000  -.140000   -0.0000069112283933
0.580000  -.140000   -0.0000062597213545
0.620000  -.140000   -0.0000054475536753
0.660000  -.140000   -0.0000045643859382
0.700000  -.140000   -0.0000036793122746
0.740000  -.140000   -0.0000025177955864
0.780000  -.140000   -0.0000016326337274
0.820000  -.140000   -0.0000005343311286
0.860000  -.140000    0.0000003689066415
0.900000  -.140000    0.0000011869250932
0.940000  -.140000    0.0000012105994580
0.980000  -.140000    0.0000003151229750
-.780000  -.100000   -0.0000000097237017
-.740000  -.100000   -0.0000000943008988
-.700000  -.100000    0.0000000394011893
-.660000  -.100000    0.0000001050844216
-.620000  -.100000    0.0000001872339441
-.580000  -.100000    0.0000004985857807
-.540000  -.100000    0.0000005365101889
-.500000  -.100000    0.0000004985802178
-.460000  -.100000    0.0000003690928709
-.420000  -.100000    0.0000001406519735
-.380000  -.100000   -0.0000001875814009
-.340000  -.100000   -0.0000006107869157
-.300000  -.100000   -0.0000011202474184
-.260000  -.100000   -0.0000017048122536
-.220000  -.100000   -0.0000023510686508
-.180000  -.100000   -0.0000030453640655
-.140000  -.100000   -0.0000035651590298
-.100000  -.100000   -0.0000043036869310
-.060000  -.100000   -0.0000050501634891
-.020000  -.100000   -0.0000056857859169
0.020000  -.100000   -0.0000063414816303
0.060000  -.100000   -0.0000068455634304
0.100000  -.100000   -0.0000074722365484
0.140000  -.100000   -0.0000080057378989
0.180000  -.100000   -0.0000080539763679
0.220000  -.100000   -0.0000083614744340
0.260000  -.100000   -0.0000085634377156
0.300000  -.100000   -0.0000086546966054
0.340000  -.100000   -0.0000086355701365
0.380000  -.100000   -0.0000085005615813
0.420000  -.100000   -0.0000082554350807
0.460000  -.100000   -0.0000078934530914
0.500000  -.100000   -0.0000074187747911
0.540000  -.100000   -0.0000068907931214
0.580000  -.100000   -0.0000061324097424
0.620000  -.100000   -0.0000053199089337
0.660000  -.100000   -0.0000044866930249
0.700000  -.100000   -0.0000035571823131
0.740000  -.100000   -0.0000024279259431
0.780000  -.100000   -0.0000015058072322
0.820000  -.100000   -0.0000003921353839
0.860000  -.100000    0.0000005389299058
0.900000  -.100000    0.0000010913468068
0.940000  -.100000    0.0000015058502399
0.980000  -.100000    0.0000007194047414
-.780000  -.060000   -0.0000000176571656
-.740000  -.060000   -0.0000000048670221
-.700000  -.060000    0.0000000253440297
-.660000  -.060000    0.0000000870052131
-.620000  -.060000    0.0000004000402543
-.580000  -.060000    0.0000004907276908
-.540000  -.060000    0.0000005298798517
-.500000  -.060000    0.0000004951198712
-.460000  -.060000    0.0000003710053176
-.420000  -.060000    0.0000001505973840
-.380000  -.060000   -0.0000001671417742
-.340000  -.060000   -0.0000005766420830
-.300000  -.060000   -0.0000010697960909
-.260000  -.060000   -0.0000016344173825
-.220000  -.060000   -0.0000022578608364
-.180000  -.060000   -0.0000029262487350
-.140000  -.060000   -0.0000036268434955
-.100000  -.060000   -0.0000043478174469
-.060000  -.060000   -0.0000048447974865
-.020000  -.060000   -0.0000056310292693
0.020000  -.060000   -0.0000062983973289
0.060000  -.060000   -0.0000070486901120
0.100000  -.060000   -0.0000072948789850
0.140000  -.060000   -0.0000077718849778
0.180000  -.060000   -0.0000081540907599
0.220000  -.060000   -0.0000084374103488
0.260000  -.060000   -0.0000086178884063
0.300000  -.060000   -0.0000086908637814
0.340000  -.060000   -0.0000086559245713
0.380000  -.060000   -0.0000085061933070
0.420000  -.060000   -0.0000082499624525
0.460000  -.060000   -0.0000078708394673
0.500000  -.060000   -0.0000074159200364
0.540000  -.060000   -0.0000067746058076
0.580000  -.060000   -0.0000061697737007
0.620000  -.060000   -0.0000054232837352
0.660000  -.060000   -0.0000044672225285
0.700000  -.060000   -0.0000034812749886
0.740000  -.060000   -0.0000026113412304
0.780000  -.060000   -0.0000014179920334
0.820000  -.060000   -0.0000003007189414
0.860000  -.060000    0.0000006475274637
0.900000  -.060000    0.0000012350061316
0.940000  -.060000    0.0000014281554728
0.980000  -.060000    0.0000008560161034
-.780000  -.020000   -0.0000000221960364
-.740000  -.020000   -0.0000000096645677
-.700000  -.020000    0.0000000176680377
-.660000  -.020000    0.0000000772067701
-.620000  -.020000    0.0000003955773257
-.580000  -.020000    0.0000004861729289
-.540000  -.020000    0.0000005259209141
-.500000  -.020000    0.0000004927557048
-.460000  -.020000    0.0000003714020741
-.420000  -.020000    0.0000001551461182
-.380000  -.020000   -0.0000001571047758
-.340000  -.020000   -0.0000005592684310
-.300000  -.020000   -0.0000010435431886
-.260000  -.020000   -0.0000015966848520
-.220000  -.020000   -0.0000022059887824
-.180000  -.020000   -0.0000028556198925
-.140000  -.020000   -0.0000035309438129
-.100000  -.020000   -0.0000042181820183
-.060000  -.020000   -0.0000049063284486
-.020000  -.020000   -0.0000056094426205
0.020000  -.020000   -0.0000062648309758
0.060000  -.020000   -0.0000068912065001
0.100000  -.020000   -0.0000074168024837
0.140000  -.020000   -0.0000078606284764
0.180000  -.020000   -0.0000082182540692
0.220000  -.020000   -0.0000084832214775
0.260000  -.020000   -0.0000086499605118
0.300000  -.020000   -0.0000087124131192
0.340000  -.020000   -0.0000086687434379
0.380000  -.020000   -0.0000085116306968
0.420000  -.020000   -0.0000082481821515
0.460000  -.020000   -0.0000078651190631
0.500000  -.020000   -0.0000074019649776
0.540000  -.020000   -0.0000067471959515
0.580000  -.020000   -0.0000062210186594
0.620000  -.020000   -0.0000053789008706
0.660000  -.020000   -0.0000042422686997
0.700000  -.020000   -0.0000035230743345
0.740000  -.020000   -0.0000025656957281
0.780000  -.020000   -0.0000013742405609
0.820000  -.020000   -0.0000002562618403
0.860000  -.020000    0.0000007004463412
0.900000  -.020000    0.0000013047850916
0.940000  -.020000    0.0000015250730378
0.980000  -.020000    0.0000007852500867
-.780000  0.020000   -0.0000000221960364
-.740000  0.020000   -0.0000000096645677
-.700000  0.020000    0.0000000176680377
-.660000  0.020000    0.0000000772067701
-.620000  0.020000    0.0000003955773257
-.580000  0.020000    0.0000004861729289
-.540000  0.020000    0.0000005259209141
-.500000  0.020000    0.0000004927557048
-.460000  0.020000    0.0000003714020741
-.420000  0.020000    0.0000001551461182
-.380000  0.020000   -0.0000001571047758
-.340000  0.020000   -0.0000005592684310
-.300000  0.020000   -0.0000010435431886
-.260000  0.020000   -0.0000015966848520
-.220000  0.020000   -0.0000022059887824
-.180000  0.020000   -0.0000028556198925
-.140000  0.020000   -0.0000035309438129
-.100000  0.020000   -0.0000042181820183
-.060000  0.020000   -0.0000049063284486
-.020000  0.020000   -0.0000056094426205
0.020000  0.020000   -0.0000062648309758
0.060000  0.020000   -0.0000068912065001
0.100000  0.020000   -0.0000074168024837
0.140000  0.020000   -0.0000078606284764
0.180000  0.020000   -0.0000082182540692
0.220000  0.020000   -0.0000084832214775
0.260000  0.020000   -0.0000086499605118
0.300000  0.020000   -0.0000087124131192
0.340000  0.020000   -0.0000086687434379
0.380000  0.020000   -0.0000085116306968
0.420000  0.020000   -0.0000082481821515
0.460000  0.020000   -0.0000078651190631
0.500000  0.020000   -0.0000074019649776
0.540000  0.020000   -0.0000067471959515
0.580000  0.020000   -0.0000062210186594
0.620000  0.020000   -0.0000053789008706
0.660000  0.020000   -0.0000042422686997
0.700000  0.020000   -0.0000035230743345
0.740000  0.020000   -0.0000025656957281
0.780000  0.020000   -0.0000013742405609
0.820000  0.020000   -0.0000002562618403
0.860000  0.020000    0.0000007004463412
0.900000  0.020000    0.0000013047850916
0.940000  0.020000    0.0000015250730378
0.980000  0.020000    0.0000007852500867
-.780000  0.060000   -0.0000000176571656
-.740000  0.060000   -0.0000000048670221
-.700000  0.060000    0.0000000253440297
-.660000  0.060000    0.0000000870052131
-.620000  0.060000    0.0000004000402543
-.580000  0.060000    0.0000004907276908
-.540000  0.060000    0.0000005298798517
-.500000  0.060000    0.0000004951198712
-.460000  0.060000    0.0000003710053176
-.420000  0.060000    0.0000001505973840
-.380000  0.060000   -0.0000001671417742
-.340000  0.060000   -0.0000005766420830
-.300000  0.060000   -0.0000010697960909
-.260000  0.060000   -0.0000016344173825
-.220000  0.060000   -0.0000022578608364
-.180000  0.060000   -0.0000029262487350
-.140000  0.060000   -0.0000036268434955
-.100000  0.060000   -0.0000043478174469
-.060000  0.060000   -0.0000048447974865
-.020000  0.060000   -0.0000056310292693
0.020000  0.060000   -0.0000062983973289
0.060000  0.060000   -0.0000070486901120
0.100000  0.060000   -0.0000072948789850
0.140000  0.060000   -0.0000077718849778
0.180000  0.060000   -0.0000081540907599
0.220000  0.060000   -0.0000084374103488
0.260000  0.060000   -0.0000086178884063
0.300000  0.060000   -0.0000086908637814
0.340000  0.060000   -0.0000086559245713
0.380000  0.060000   -0.0000085061933070
0.420000  0.060000   -0.0000082499624525
0.460000  0.060000   -0.0000078708394673
0.500000  0.060000   -0.0000074159200364
0.540000  0.060000   -0.0000067746058076
0.580000  0.060000   -0.0000061697737007
0.620000  0.060000   -0.0000054232837352
0.660000  0.060000   -0.0000044672225285
0.700000  0.060000   -0.0000034812749886
0.740000  0.060000   -0.0000026113412304
0.780000  0.060000   -0.0000014179920334
0.820000  0.060000   -0.0000003007189414
0.860000  0.060000    0.0000006475274637
0.900000  0.060000    0.0000012350061316
0.940000  0.060000    0.0000014281554728
0.980000  0.060000    0.0000008560161034
-.780000  0.100000   -0.0000000097237017
-.740000  0.100000   -0.0000000943008988
-.700000  0.100000    0.0000000394011893
-.660000  0.100000    0.0000001050844216
-.620000  0.100000    0.0000001872339441
-.580000  0.100000    0.0000004985857807
-.540000  0.100000    0.0000005365101889
-.500000  0.100000    0.0000004985802178
-.460000  0.100000    0.0000003690928709
-.420000  0.100000    0.0000001406519735
-.380000  0.100000   -0.0000001875814009
-.340000  0.100000   -0.0000006107869157
-.300000  0.100000   -0.0000011202474184
-.260000  0.100000   -0.0000017048122536
-.220000  0.100000   -0.0000023510686508
-.180000  0.100000   -0.0000030453640655
-.140000  0.100000   -0.0000035651590298
-.100000  0.100000   -0.0000043036869310
-.060000  0.100000   -0.0000050501634891
-.020000  0.100000   -0.0000056857859169
0.020000  0.100000   -0.0000063414816303
0.060000  0.100000   -0.0000068455634304
0.100000  0.100000   -0.0000074722365484
0.140000  0.100000   -0.0000080057378989
0.180000  0.100000   -0.0000080539763679
0.220000  0.100000   -0.0000083614744340
0.260000  0.100000   -0.0000085634377156
0.300000  0.100000   -0.0000086546966054
0.340000  0.100000   -0.0000086355701365
0.380000  0.100000   -0.0000085005615813
0.420000  0.100000   -0.0000082554350807
0.460000  0.100000   -0.0000078934530914
0.500000  0.100000   -0.0000074187747911
0.540000  0.100000   -0.0000068907931214
0.580000  0.100000   -0.0000061324097424
0.620000  0.100000   -0.0000053199089337
0.660000  0.100000   -0.0000044866930249
0.700000  0.100000   -0.0000035571823131
0.740000  0.100000   -0.0000024279259431
0.780000  0.100000   -0.0000015058072322
0.820000  0.100000   -0.0000003921353839
0.860000  0.100000    0.0000005389299058
0.900000  0.100000    0.0000010913468068
0.940000  0.100000    0.0000015058502399
0.980000  0.100000    0.0000007194047414
-.780000  0.140000   -0.0000000004986047
-.740000  0.140000   -0.0000000706340836
-.700000  0.140000    0.0000000574461970
-.660000  0.140000    0.0000001286834916
-.620000  0.140000    0.0000002144206238
-.580000  0.140000    0.0000002907059279
-.540000  0.140000    0.0000005436144173
-.500000  0.140000    0.0000005011089080
-.460000  0.140000    0.0000003640662330
-.420000  0.140000    0.0000001244665676
-.380000  0.140000   -0.0000002180898918
-.340000  0.140000   -0.0000006592684354
-.300000  0.140000   -0.0000011892690070
-.260000  0.140000   -0.0000017005089268
-.220000  0.140000   -0.0000023273755409
-.180000  0.140000   -0.0000030114290415
-.140000  0.140000   -0.0000037362906504
-.100000  0.140000   -0.0000043463286594
-.060000  0.140000   -0.0000050912064550
-.020000  0.140000   -0.0000057560229707
0.020000  0.140000   -0.0000064058060502
0.060000  0.140000   -0.0000069393595789
0.100000  0.140000   -0.0000075996840695
0.140000  0.140000   -0.0000078380328965
0.180000  0.140000   -0.0000082792388977
0.220000  0.140000   -0.0000086101998550
0.260000  0.140000   -0.0000088223967488
0.300000  0.140000   -0.0000086129828250
0.340000  0.140000   -0.0000086121932069
0.380000  0.140000   -0.0000084980461604
0.420000  0.140000   -0.0000082633685939
0.460000  0.140000   -0.0000079286904429
0.500000  0.140000   -0.0000074527779681
0.540000  0.140000   -0.0000069112283933
0.580000  0.140000   -0.0000062597213545
0.620000  0.140000   -0.0000054475536753
0.660000  0.140000   -0.0000045643859382
0.700000  0.140000   -0.0000036793122746
0.740000  0.140000   -0.0000025177955864
0.780000  0.140000   -0.0000016326337274
0.820000  0.140000   -0.0000005343311286
0.860000  0.140000    0.0000003689066415
0.900000  0.140000    0.0000011869250932
0.940000  0.140000    0.0000012105994580
0.980000  0.140000    0.0000003151229750
-.740000  0.180000   -0.0000000449720674
-.700000  0.180000   -0.0000000648785030
-.660000  0.180000    0.0000001542508717
-.620000  0.180000    0.0000002440836445
-.580000  0.180000    0.0000003219093615
-.540000  0.180000    0.0000003594570541
-.500000  0.180000    0.0000003311758836
-.460000  0.180000    0.0000002180990894
-.420000  0.180000    0.0000000084424908
-.380000  0.180000   -0.0000003014432379
-.340000  0.180000   -0.0000007105947704
-.300000  0.180000   -0.0000012125507449
-.260000  0.180000   -0.0000017965271915
-.220000  0.180000   -0.0000024494485722
-.180000  0.180000   -0.0000030480528959
-.140000  0.180000   -0.0000037702918901
-.100000  0.180000   -0.0000044981377982
-.060000  0.180000   -0.0000051617613333
-.020000  0.180000   -0.0000058397313379
0.020000  0.180000   -0.0000064858169944
0.060000  0.180000   -0.0000070327199900
0.100000  0.180000   -0.0000074316576822
0.140000  0.180000   -0.0000080008150210
0.180000  0.180000   -0.0000084710704093
0.220000  0.180000   -0.0000084921269062
0.260000  0.180000   -0.0000087297508018
0.300000  0.180000   -0.0000088463924254
0.340000  0.180000   -0.0000088381056167
0.380000  0.180000   -0.0000087085764335
0.420000  0.180000   -0.0000084515166384
0.460000  0.180000   -0.0000080778624795
0.500000  0.180000   -0.0000075957690294
0.540000  0.180000   -0.0000069777633699
0.580000  0.180000   -0.0000062736942972
0.620000  0.180000   -0.0000055015449284
0.660000  0.180000   -0.0000046715538957
0.700000  0.180000   -0.0000035859255498
0.740000  0.180000   -0.0000026617222613
0.780000  0.180000   -0.0000014951925769
0.820000  0.180000   -0.0000004056871162
0.860000  0.180000    0.0000004658839370
0.900000  0.180000    0.0000008975098579
0.940000  0.180000    0.0000010620800266
0.980000  0.180000   -0.0000002015124768
-.740000  0.220000   -0.0000000871646513
-.700000  0.220000   -0.0000000252086195
-.660000  0.220000    0.0000000055727630
-.620000  0.220000    0.0000002720059542
-.580000  0.220000    0.0000003512544313
-.540000  0.220000    0.0000003867936528
-.500000  0.220000    0.0000003526198879
-.460000  0.220000    0.0000002289430119
-.420000  0.220000    0.0000000038653937
-.380000  0.220000   -0.0000003258977057
-.340000  0.220000   -0.0000007578817774
-.300000  0.220000   -0.0000012838889131
-.260000  0.220000   -0.0000018481457685
-.220000  0.220000   -0.0000024876140334
-.180000  0.220000   -0.0000031791630149
-.140000  0.220000   -0.0000038404166913
-.100000  0.220000   -0.0000045585423205
-.060000  0.220000   -0.0000052466532582
-.020000  0.220000   -0.0000059315461872
0.020000  0.220000   -0.0000065772128198
0.060000  0.220000   -0.0000071316819946
0.100000  0.220000   -0.0000075572997746
0.140000  0.220000   -0.0000081453121937
0.180000  0.220000   -0.0000083224185045
0.220000  0.220000   -0.0000086917851528
0.260000  0.220000   -0.0000089415202232
0.300000  0.220000   -0.0000087823824266
0.340000  0.220000   -0.0000087999462568
0.380000  0.220000   -0.0000086925726029
0.420000  0.220000   -0.0000084635079170
0.460000  0.220000   -0.0000081065465641
0.500000  0.220000   -0.0000076398473831
0.540000  0.220000   -0.0000070702082233
0.580000  0.220000   -0.0000063950614344
0.620000  0.220000   -0.0000056380946256
0.660000  0.220000   -0.0000046425641579
0.700000  0.220000   -0.0000037329296587
0.740000  0.220000   -0.0000025682962111
0.780000  0.220000   -0.0000016925112043
0.820000  0.220000   -0.0000006323566415
0.860000  0.220000    0.0000001824007168
0.900000  0.220000    0.0000008322835029
0.940000  0.220000    0.0000007640769405
-.740000  0.260000   -0.0000000466193469
-.700000  0.260000   -0.0000001118004097
-.660000  0.260000    0.0000000525456335
-.620000  0.260000    0.0000001159523179
-.580000  0.260000    0.0000001782688584
-.540000  0.260000    0.0000002113137730
-.500000  0.260000    0.0000001863737909
-.460000  0.260000    0.0000000802753675
-.420000  0.260000   -0.0000001214073010
-.380000  0.260000   -0.0000004264370264
-.340000  0.260000   -0.0000008342868897
-.300000  0.260000   -0.0000013389935343
-.260000  0.260000   -0.0000019272810092
-.220000  0.260000   -0.0000025558097476
-.180000  0.260000   -0.0000032377784284
-.140000  0.260000   -0.0000039277749957
-.100000  0.260000   -0.0000046330504149
-.060000  0.260000   -0.0000053365902362
-.020000  0.260000   -0.0000060270651065
0.020000  0.260000   -0.0000066714689610
0.060000  0.260000   -0.0000072324908833
0.100000  0.260000   -0.0000076771476279
0.140000  0.260000   -0.0000082759967048
0.180000  0.260000   -0.0000084855644003
0.220000  0.260000   -0.0000088673180884
0.260000  0.260000   -0.0000088364644544
0.300000  0.260000   -0.0000089820273966
0.340000  0.260000   -0.0000089954799948
0.380000  0.260000   -0.0000088775797805
0.420000  0.260000   -0.0000086293623399
0.460000  0.260000   -0.0000082533757031
0.500000  0.260000   -0.0000077523675391
0.540000  0.260000   -0.0000071392740110
0.580000  0.260000   -0.0000064296455397
0.620000  0.260000   -0.0000056372788940
0.660000  0.260000   -0.0000047890910719
0.700000  0.260000   -0.0000036753934912
0.740000  0.260000   -0.0000027629641521
0.780000  0.260000   -0.0000016127207301
0.820000  0.260000   -0.0000005812484666
0.860000  0.260000    0.0000001652767303
0.900000  0.260000    0.0000006655557015
0.940000  0.260000    0.0000005172762195
-.740000  0.300000   -0.0000000432513350
-.700000  0.300000   -0.0000000559910166
-.660000  0.300000   -0.0000000594663710
-.620000  0.300000    0.0000001615174242
-.580000  0.300000    0.0000002268826278
-.540000  0.300000    0.0000002587502056
-.500000  0.300000    0.0000002279303477
-.460000  0.300000    0.0000001109851323
-.420000  0.300000   -0.0000001064476971
-.380000  0.300000   -0.0000004307129548
-.340000  0.300000   -0.0000009267158037
-.300000  0.300000   -0.0000014134248345
-.260000  0.300000   -0.0000019864431862
-.220000  0.300000   -0.0000026252663723
-.180000  0.300000   -0.0000033079415420
-.140000  0.300000   -0.0000039966159106
-.100000  0.300000   -0.0000047103458172
-.060000  0.300000   -0.0000054244346937
-.020000  0.300000   -0.0000061180936778
0.020000  0.300000   -0.0000067623825309
0.060000  0.300000   -0.0000073288326899
0.100000  0.300000   -0.0000077879509652
0.140000  0.300000   -0.0000081220950184
0.180000  0.300000   -0.0000086279012591
0.220000  0.300000   -0.0000087333465843
0.260000  0.300000   -0.0000090102118404
0.300000  0.300000   -0.0000091557043345
0.340000  0.300000   -0.0000091634101614
0.380000  0.300000   -0.0000088558965295
0.420000  0.300000   -0.0000086344193213
0.460000  0.300000   -0.0000082845338408
0.500000  0.300000   -0.0000078140487981
0.540000  0.300000   -0.0000072301131516
0.580000  0.300000   -0.0000065488136032
0.620000  0.300000   -0.0000057871629695
0.660000  0.300000   -0.0000047613729893
0.700000  0.300000   -0.0000038662393017
0.740000  0.300000   -0.0000026974589255
0.780000  0.300000   -0.0000018882492129
0.820000  0.300000   -0.0000009125951965
0.860000  0.300000    0.0000000764749010
0.900000  0.300000    0.0000003762179448
0.940000  0.300000   -0.0000000835515206
-.740000  0.340000   -0.0000000027090552
-.700000  0.340000   -0.0000000949253086
-.660000  0.340000    0.0000000005641373
-.620000  0.340000    0.0000000400524381
-.580000  0.340000    0.0000000866747897
-.540000  0.340000    0.0000001124182249
-.500000  0.340000    0.0000000871947194
-.460000  0.340000   -0.0000000157642227
-.420000  0.340000   -0.0000002146341195
-.380000  0.340000   -0.0000005183365276
-.340000  0.340000   -0.0000009267007163
-.300000  0.340000   -0.0000014907932009
-.260000  0.340000   -0.0000020508349993
-.220000  0.340000   -0.0000026772822863
-.180000  0.340000   -0.0000033762138703
-.140000  0.340000   -0.0000040542575956
-.100000  0.340000   -0.0000047806282671
-.060000  0.340000   -0.0000055020225174
-.020000  0.340000   -0.0000061964049567
0.020000  0.340000   -0.0000068421268028
0.060000  0.340000   -0.0000074129775421
0.100000  0.340000   -0.0000078835465792
0.140000  0.340000   -0.0000082366542590
0.180000  0.340000   -0.0000087450012489
0.220000  0.340000   -0.0000088756519143
0.260000  0.340000   -0.0000091528388446
0.300000  0.340000   -0.0000092941718467
0.340000  0.340000   -0.0000091010176986
0.380000  0.340000   -0.0000089980926912
0.420000  0.340000   -0.0000087597915316
0.460000  0.340000   -0.0000083882212947
0.500000  0.340000   -0.0000078906091694
0.540000  0.340000   -0.0000072785024982
0.580000  0.340000   -0.0000065697420531
0.620000  0.340000   -0.0000057812041323
0.660000  0.340000   -0.0000049451231345
0.700000  0.340000   -0.0000038124894389
0.740000  0.340000   -0.0000029572685705
0.780000  0.340000   -0.0000018571145338
0.820000  0.340000   -0.0000009471514627
0.860000  0.340000   -0.0000000948659134
0.900000  0.340000    0.0000002050294741
0.940000  0.340000   -0.0000009892207175
-.700000  0.380000   -0.0000001001178405
-.660000  0.380000   -0.0000000660067655
-.620000  0.380000   -0.0000000604171389
-.580000  0.380000   -0.0000000358560984
-.540000  0.380000   -0.0000000190531811
-.500000  0.380000   -0.0000000419471299
-.460000  0.380000   -0.0000001338454735
-.420000  0.380000   -0.0000003165309123
-.380000  0.380000   -0.0000006018070717
-.340000  0.380000   -0.0000009922994573
-.300000  0.380000   -0.0000014796007664
-.260000  0.380000   -0.0000021066834382
-.220000  0.380000   -0.0000027219116995
-.180000  0.380000   -0.0000034303406344
-.140000  0.380000   -0.0000040991515745
-.100000  0.380000   -0.0000048343114593
-.060000  0.380000   -0.0000055587766540
-.020000  0.380000   -0.0000062542702504
0.020000  0.380000   -0.0000069013707512
0.060000  0.380000   -0.0000074763135868
0.100000  0.380000   -0.0000079561220986
0.140000  0.380000   -0.0000083257379387
0.180000  0.380000   -0.0000088310084244
0.220000  0.380000   -0.0000089852270977
0.260000  0.380000   -0.0000092570876966
0.300000  0.380000   -0.0000091900636728
0.340000  0.380000   -0.0000092169297913
0.380000  0.380000   -0.0000090997787275
0.420000  0.380000   -0.0000088423065846
0.460000  0.380000   -0.0000084494924933
0.500000  0.380000   -0.0000079277274476
0.540000  0.380000   -0.0000072909942774
0.580000  0.380000   -0.0000065588412632
0.620000  0.380000   -0.0000057500561644
0.660000  0.380000   -0.0000049013041010
0.700000  0.380000   -0.0000037457369872
0.740000  0.380000   -0.0000029119828045
0.780000  0.380000   -0.0000018519899973
0.820000  0.380000   -0.0000010394817760
0.860000  0.380000   -0.0000003800145236
0.900000  0.380000   -0.0000002468541723
-.700000  0.420000   -0.0000000335530338
-.660000  0.420000   -0.0000001028206164
-.620000  0.420000   -0.0000001328101365
-.580000  0.420000    0.0000000450386895
-.540000  0.420000    0.0000000641292316
-.500000  0.420000    0.0000000392315686
-.460000  0.420000   -0.0000000584505665
-.420000  0.420000   -0.0000002502287857
-.380000  0.420000   -0.0000006712939733
-.340000  0.420000   -0.0000010442917180
-.300000  0.420000   -0.0000015159757340
-.260000  0.420000   -0.0000021426912416
-.220000  0.420000   -0.0000027482177272
-.180000  0.420000   -0.0000034600898441
-.140000  0.420000   -0.0000041227509441
-.100000  0.420000   -0.0000048615847065
-.060000  0.420000   -0.0000055862113683
-.020000  0.420000   -0.0000062825134859
0.020000  0.420000   -0.0000069305078591
0.060000  0.420000   -0.0000075087292610
0.100000  0.420000   -0.0000079968499546
0.140000  0.420000   -0.0000083805993388
0.180000  0.420000   -0.0000088773167799
0.220000  0.420000   -0.0000090531592812
0.260000  0.420000   -0.0000093145095236
0.300000  0.420000   -0.0000092718145900
0.340000  0.420000   -0.0000092839157587
0.380000  0.420000   -0.0000091491131537
0.420000  0.420000   -0.0000088210863455
0.460000  0.420000   -0.0000084611158406
0.500000  0.420000   -0.0000079745593287
0.540000  0.420000   -0.0000073735168299
0.580000  0.420000   -0.0000066808609728
0.620000  0.420000   -0.0000056822313366
0.660000  0.420000   -0.0000048307151045
0.700000  0.420000   -0.0000039994362352
0.740000  0.420000   -0.0000028732533428
0.780000  0.420000   -0.0000018796057945
0.820000  0.420000   -0.0000008475664329
0.860000  0.420000   -0.0000005086313031
0.900000  0.420000   -0.0000008822452051
-.660000  0.460000   -0.0000001059129726
-.620000  0.460000   -0.0000001724609906
-.580000  0.460000   -0.0000000329095184
-.540000  0.460000   -0.0000000243467307
-.500000  0.460000   -0.0000000482128354
-.460000  0.460000   -0.0000001354967896
-.420000  0.460000   -0.0000003102018281
-.380000  0.460000   -0.0000007185839356
-.340000  0.460000   -0.0000010746388918
-.300000  0.460000   -0.0000015296901354
-.260000  0.460000   -0.0000021508221752
-.220000  0.460000   -0.0000027457903027
-.180000  0.460000   -0.0000034564844167
-.140000  0.460000   -0.0000041132081055
-.100000  0.460000   -0.0000048512551091
-.060000  0.460000   -0.0000055755631646
-.020000  0.460000   -0.0000062711571592
0.020000  0.460000   -0.0000069194177490
0.060000  0.460000   -0.0000074999686814
0.100000  0.460000   -0.0000079957151191
0.140000  0.460000   -0.0000083921514702
0.180000  0.460000   -0.0000088747416576
0.220000  0.460000   -0.0000090706799781
0.260000  0.460000   -0.0000093153376230
0.300000  0.460000   -0.0000092970539540
0.340000  0.460000   -0.0000092916325679
0.380000  0.460000   -0.0000091359516260
0.420000  0.460000   -0.0000088313666447
0.460000  0.460000   -0.0000084497983719
0.500000  0.460000   -0.0000079421315895
0.540000  0.460000   -0.0000073219697843
0.580000  0.460000   -0.0000066145201651
0.620000  0.460000   -0.0000055711596193
0.660000  0.460000   -0.0000047319982555
0.700000  0.460000   -0.0000035650211330
0.740000  0.460000   -0.0000028462789743
0.780000  0.460000   -0.0000019594828384
0.820000  0.460000   -0.0000011286147508
0.860000  0.460000   -0.0000006597856466
-.660000  0.500000   -0.0000000742971396
-.620000  0.500000   -0.0000001769303976
-.580000  0.500000   -0.0000000841082297
-.540000  0.500000   -0.0000000885954072
-.500000  0.500000   -0.0000001134053781
-.460000  0.500000   -0.0000001913858274
-.420000  0.500000   -0.0000003496551041
-.380000  0.500000   -0.0000007386978807
-.340000  0.500000   -0.0000010759820089
-.300000  0.500000   -0.0000015133843780
-.260000  0.500000   -0.0000021228715700
-.220000  0.500000   -0.0000027064997543
-.180000  0.500000   -0.0000034104395828
-.140000  0.500000   -0.0000040610960668
-.100000  0.500000   -0.0000047952484033
-.060000  0.500000   -0.0000055167757542
-.020000  0.500000   -0.0000062103465248
0.020000  0.500000   -0.0000068575250562
0.060000  0.500000   -0.0000074397501160
0.100000  0.500000   -0.0000079418697595
0.140000  0.500000   -0.0000083496153342
0.180000  0.500000   -0.0000088136798893
0.220000  0.500000   -0.0000090277031700
0.260000  0.500000   -0.0000092521643304
0.300000  0.500000   -0.0000092574948536
0.340000  0.500000   -0.0000092305416900
0.380000  0.500000   -0.0000090520078195
0.420000  0.500000   -0.0000087751007594
0.460000  0.500000   -0.0000083721694870
0.500000  0.500000   -0.0000078452589467
0.540000  0.500000   -0.0000072106011708
0.580000  0.500000   -0.0000064957949989
0.620000  0.500000   -0.0000054154611681
0.660000  0.500000   -0.0000046049801334
0.700000  0.500000   -0.0000034628386606
0.740000  0.500000   -0.0000024450216982
0.780000  0.500000   -0.0000017280270493
0.820000  0.500000   -0.0000012633090061
0.860000  0.500000   -0.0000012091023743
-.660000  0.540000   -0.0000000118702934
-.620000  0.540000   -0.0000001457387001
-.580000  0.540000   -0.0000001069317547
-.540000  0.540000   -0.0000001261891234
-.500000  0.540000   -0.0000001543387584
-.460000  0.540000   -0.0000002237457764
-.420000  0.540000   -0.0000003649480837
-.380000  0.540000   -0.0000007291846661
-.340000  0.540000   -0.0000010455302846
-.300000  0.540000   -0.0000014623641069
-.260000  0.540000   -0.0000020540706295
-.220000  0.540000   -0.0000026230064776
-.180000  0.540000   -0.0000033142606504
-.140000  0.540000   -0.0000039584653065
-.100000  0.540000   -0.0000046851034485
-.060000  0.540000   -0.0000054010451923
-.020000  0.540000   -0.0000060903815245
0.020000  0.540000   -0.0000067345800930
0.060000  0.540000   -0.0000073175969014
0.100000  0.540000   -0.0000078250352591
0.140000  0.540000   -0.0000082425059983
0.180000  0.540000   -0.0000086833457226
0.220000  0.540000   -0.0000089140071721
0.260000  0.540000   -0.0000091135952462
0.300000  0.540000   -0.0000091426693583
0.340000  0.540000   -0.0000090914632710
0.380000  0.540000   -0.0000088891720322
0.420000  0.540000   -0.0000086432273851
0.460000  0.540000   -0.0000082201008159
0.500000  0.540000   -0.0000076772860043
0.540000  0.540000   -0.0000070345142771
0.580000  0.540000   -0.0000063218601292
0.620000  0.540000   -0.0000052199469260
0.660000  0.540000   -0.0000044585166767
0.700000  0.540000   -0.0000033755430436
0.740000  0.540000   -0.0000024911744126
0.780000  0.540000   -0.0000016582563575
0.820000  0.540000   -0.0000012322465323
-.620000  0.580000   -0.0000000813559687
-.580000  0.580000   -0.0000001977490444
-.540000  0.580000   -0.0000001370499580
-.500000  0.580000   -0.0000001701490008
-.460000  0.580000   -0.0000002323040674
-.420000  0.580000   -0.0000003558423302
-.380000  0.580000   -0.0000006899118271
-.340000  0.580000   -0.0000009816608387
-.300000  0.580000   -0.0000013737419224
-.260000  0.580000   -0.0000019395887644
-.220000  0.580000   -0.0000024904215860
-.180000  0.580000   -0.0000031624370493
-.140000  0.580000   -0.0000038571283919
-.100000  0.580000   -0.0000045129424538
-.060000  0.580000   -0.0000052200060793
-.020000  0.580000   -0.0000059017539478
0.020000  0.580000   -0.0000065410890055
0.060000  0.580000   -0.0000071230298982
0.100000  0.580000   -0.0000076332007221
0.140000  0.580000   -0.0000081282389055
0.180000  0.580000   -0.0000084735411494
0.220000  0.580000   -0.0000087190619244
0.260000  0.580000   -0.0000088916875296
0.300000  0.580000   -0.0000089432849372
0.340000  0.580000   -0.0000088659689262
0.380000  0.580000   -0.0000086381291516
0.420000  0.580000   -0.0000084253991401
0.460000  0.580000   -0.0000079869662963
0.500000  0.580000   -0.0000074340766333
0.540000  0.580000   -0.0000067921043265
0.580000  0.580000   -0.0000057354004812
0.620000  0.580000   -0.0000049928935605
0.660000  0.580000   -0.0000038825000652
0.700000  0.580000   -0.0000029070403119
0.740000  0.580000   -0.0000022534905367
0.780000  0.580000   -0.0000015804641817
-.580000  0.620000   -0.0000001318139956
-.540000  0.620000   -0.0000002264383634
-.500000  0.620000   -0.0000002886799048
-.460000  0.620000   -0.0000003514600076
-.420000  0.620000   -0.0000004520420427
-.380000  0.620000   -0.0000006227357082
-.340000  0.620000   -0.0000008853749159
-.300000  0.620000   -0.0000012471712392
-.260000  0.620000   -0.0000017790263120
-.220000  0.620000   -0.0000023056974367
-.180000  0.620000   -0.0000029518780786
-.140000  0.620000   -0.0000036247522193
-.100000  0.620000   -0.0000043097707897
-.060000  0.620000   -0.0000049660233862
-.020000  0.620000   -0.0000056365277037
0.020000  0.620000   -0.0000062680940559
0.060000  0.620000   -0.0000068472856316
0.100000  0.620000   -0.0000073821162976
0.140000  0.620000   -0.0000078219786191
0.180000  0.620000   -0.0000081751507125
0.220000  0.620000   -0.0000084338114006
0.260000  0.620000   -0.0000085770669469
0.300000  0.620000   -0.0000086497980852
0.340000  0.620000   -0.0000085479706739
0.380000  0.620000   -0.0000082976174206
0.420000  0.620000   -0.0000079098960608
0.460000  0.620000   -0.0000074028337783
0.500000  0.620000   -0.0000067979327721
0.540000  0.620000   -0.0000061252393774
0.580000  0.620000   -0.0000054252524148
0.620000  0.620000   -0.0000043212896502
0.660000  0.620000   -0.0000037368207900
0.700000  0.620000   -0.0000025426445742
0.740000  0.620000   -0.0000019313189317
0.780000  0.620000   -0.0000016365476601
-.580000  0.660000   -0.0000000633018239
-.540000  0.660000   -0.0000001575174489
-.500000  0.660000   -0.0000002354129603
-.460000  0.660000   -0.0000002998819959
-.420000  0.660000   -0.0000003872811330
-.380000  0.660000   -0.0000005322299263
-.340000  0.660000   -0.0000007608128029
-.300000  0.660000   -0.0000011664294570
-.260000  0.660000   -0.0000015747836876
-.220000  0.660000   -0.0000021198758987
-.180000  0.660000   -0.0000026821417973
-.140000  0.660000   -0.0000033257871486
-.100000  0.660000   -0.0000039845884217
-.060000  0.660000   -0.0000046432111683
-.020000  0.660000   -0.0000052876263639
0.020000  0.660000   -0.0000059017690510
0.060000  0.660000   -0.0000064713284424
0.100000  0.660000   -0.0000069815279720
0.140000  0.660000   -0.0000074203539099
0.180000  0.660000   -0.0000077789568641
0.220000  0.660000   -0.0000079777617404
0.260000  0.660000   -0.0000081634345463
0.300000  0.660000   -0.0000081201364901
0.340000  0.660000   -0.0000081303327680
0.380000  0.660000   -0.0000078622074652
0.420000  0.660000   -0.0000074633442161
0.460000  0.660000   -0.0000069559154681
0.500000  0.660000   -0.0000063664045026
0.540000  0.660000   -0.0000057292494755
0.580000  0.660000   -0.0000046581126604
0.620000  0.660000   -0.0000040784049654
0.660000  0.660000   -0.0000028296392748
0.700000  0.660000   -0.0000020773495147
0.740000  0.660000   -0.0000018829762052
-.540000  0.700000   -0.0000001041271909
-.500000  0.700000   -0.0000002435971498
-.460000  0.700000   -0.0000003344540660
-.420000  0.700000   -0.0000003063396853
-.380000  0.700000   -0.0000005257650261
-.340000  0.700000   -0.0000007034076429
-.300000  0.700000   -0.0000009699183911
-.260000  0.700000   -0.0000013859455875
-.220000  0.700000   -0.0000018315180110
-.180000  0.700000   -0.0000023764503828
-.140000  0.700000   -0.0000029614216600
-.100000  0.700000   -0.0000035864564262
-.060000  0.700000   -0.0000042163856874
-.020000  0.700000   -0.0000048359201320
0.020000  0.700000   -0.0000054297081467
0.060000  0.700000   -0.0000059835513032
0.100000  0.700000   -0.0000064837739395
0.140000  0.700000   -0.0000069182876546
0.180000  0.700000   -0.0000071651419164
0.220000  0.700000   -0.0000074471312757
0.260000  0.700000   -0.0000074613216942
0.300000  0.700000   -0.0000075772018217
0.340000  0.700000   -0.0000073694531921
0.380000  0.700000   -0.0000070301770003
0.420000  0.700000   -0.0000069306764718
0.460000  0.700000   -0.0000060500386441
0.500000  0.700000   -0.0000054658161193
0.540000  0.700000   -0.0000048710049523
0.580000  0.700000   -0.0000038856845893
0.620000  0.700000   -0.0000030677558206
0.660000  0.700000   -0.0000022561199423
0.700000  0.700000   -0.0000018494295751
-.500000  0.740000   -0.0000001609442524
-.460000  0.740000   -0.0000002235204464
-.420000  0.740000   -0.0000003049493795
-.380000  0.740000   -0.0000003971615087
-.340000  0.740000   -0.0000005380557407
-.300000  0.740000   -0.0000008210121145
-.260000  0.740000   -0.0000011158118587
-.220000  0.740000   -0.0000015297462642
-.180000  0.740000   -0.0000019987536380
-.140000  0.740000   -0.0000025281189646
-.100000  0.740000   -0.0000030823677819
-.060000  0.740000   -0.0000037128666808
-.020000  0.740000   -0.0000043000029988
0.020000  0.740000   -0.0000048672637915
0.060000  0.740000   -0.0000054002615562
0.100000  0.740000   -0.0000057520057388
0.140000  0.740000   -0.0000061729544295
0.180000  0.740000   -0.0000065281638619
0.220000  0.740000   -0.0000065969268241
0.260000  0.740000   -0.0000068033305055
0.300000  0.740000   -0.0000066564159050
0.340000  0.740000   -0.0000067150599051
0.380000  0.740000   -0.0000063805671286
0.420000  0.740000   -0.0000059503444855
0.460000  0.740000   -0.0000054561226134
0.500000  0.740000   -0.0000045045893279
0.540000  0.740000   -0.0000040136498269
0.580000  0.740000   -0.0000032286587767
0.620000  0.740000   -0.0000024227727066
0.660000  0.740000   -0.0000020035311881
-.460000  0.780000   -0.0000001425627946
-.420000  0.780000   -0.0000002600753613
-.380000  0.780000   -0.0000003462749680
-.340000  0.780000   -0.0000004470080101
-.300000  0.780000   -0.0000006010357690
-.260000  0.780000   -0.0000008773677655
-.220000  0.780000   -0.0000011865001981
-.180000  0.780000   -0.0000015848587915
-.140000  0.780000   -0.0000020591978578
-.100000  0.780000   -0.0000025596270774
-.060000  0.780000   -0.0000030768093800
-.020000  0.780000   -0.0000035979528746
0.020000  0.780000   -0.0000041084388920
0.060000  0.780000   -0.0000045939075877
0.100000  0.780000   -0.0000050433117728
0.140000  0.780000   -0.0000054455125288
0.180000  0.780000   -0.0000055646048343
0.220000  0.780000   -0.0000058402045874
0.260000  0.780000   -0.0000057562659768
0.300000  0.780000   -0.0000058962376325
0.340000  0.780000   -0.0000056350307056
0.380000  0.780000   -0.0000052816725683
0.420000  0.780000   -0.0000048661659590
0.460000  0.780000   -0.0000044257673918
0.500000  0.780000   -0.0000036030769222
0.540000  0.780000   -0.0000029265684655
0.580000  0.780000   -0.0000022654842661
0.620000  0.780000   -0.0000018287613322
-.420000  0.820000   -0.0000001879993694
-.380000  0.820000   -0.0000002642149597
-.340000  0.820000   -0.0000003506524756
-.300000  0.820000   -0.0000004522078334
-.260000  0.820000   -0.0000006518118109
-.220000  0.820000   -0.0000008667712944
-.180000  0.820000   -0.0000011644341701
-.140000  0.820000   -0.0000015427878621
-.100000  0.820000   -0.0000019448041390
-.060000  0.820000   -0.0000023700165303
-.020000  0.820000   -0.0000028060355421
0.020000  0.820000   -0.0000032401065668
0.060000  0.820000   -0.0000036619360866
0.100000  0.820000   -0.0000040592382847
0.140000  0.820000   -0.0000044196582310
0.180000  0.820000   -0.0000044639270793
0.220000  0.820000   -0.0000047181689148
0.260000  0.820000   -0.0000045909711025
0.300000  0.820000   -0.0000047337243158
0.340000  0.820000   -0.0000044671651425
0.380000  0.820000   -0.0000041441790946
0.420000  0.820000   -0.0000034207687445
0.460000  0.820000   -0.0000031180396477
0.500000  0.820000   -0.0000025950340550
0.540000  0.820000   -0.0000019369564000
-.380000  0.860000   -0.0000001368123833
-.340000  0.860000   -0.0000002964024269
-.300000  0.860000   -0.0000003839637094
-.260000  0.860000   -0.0000004659189287
-.220000  0.860000   -0.0000005911795451
-.180000  0.860000   -0.0000007938300532
-.140000  0.860000   -0.0000010547210324
-.100000  0.860000   -0.0000013496599474
-.060000  0.860000   -0.0000016699103219
-.020000  0.860000   -0.0000020074177413
0.020000  0.860000   -0.0000023519687378
0.060000  0.860000   -0.0000026942557238
0.100000  0.860000   -0.0000030223761708
0.140000  0.860000   -0.0000033264600353
0.180000  0.860000   -0.0000033279203681
0.220000  0.860000   -0.0000035493806753
0.260000  0.860000   -0.0000034200757491
0.300000  0.860000   -0.0000032306700092
0.340000  0.860000   -0.0000030097080399
0.380000  0.860000   -0.0000027860736205
0.420000  0.860000   -0.0000023213823286
0.460000  0.860000   -0.0000018421035152
0.500000  0.860000   -0.0000016910923922
-.340000  0.900000   -0.0000000338255444
-.300000  0.900000   -0.0000002630913660
-.260000  0.900000   -0.0000003706114077
-.220000  0.900000   -0.0000004338952645
-.180000  0.900000   -0.0000005169065252
-.140000  0.900000   -0.0000006612057209
-.100000  0.900000   -0.0000008510675738
-.060000  0.900000   -0.0000010660144851
-.020000  0.900000   -0.0000012993766073
0.020000  0.900000   -0.0000015466402962
0.060000  0.900000   -0.0000017987735526
0.100000  0.900000   -0.0000020467070129
0.140000  0.900000   -0.0000020783737686
0.180000  0.900000   -0.0000022805679071
0.220000  0.900000   -0.0000022236307287
0.260000  0.900000   -0.0000021309868218
0.300000  0.900000   -0.0000020302326936
0.340000  0.900000   -0.0000017417625911
0.380000  0.900000   -0.0000015948586096
0.420000  0.900000   -0.0000015481058701
-.260000  0.940000   -0.0000001070765106
-.220000  0.940000   -0.0000003421979710
-.180000  0.940000   -0.0000004317727442
-.140000  0.940000   -0.0000004703881450
-.100000  0.940000   -0.0000005517398504
-.060000  0.940000   -0.0000006296682686
-.020000  0.940000   -0.0000007445000064
0.020000  0.940000   -0.0000008718934501
0.060000  0.940000   -0.0000010095776525
0.100000  0.940000   -0.0000010590348480
0.140000  0.940000   -0.0000011918368040
0.180000  0.940000   -0.0000012100508331
0.220000  0.940000   -0.0000012265041115
0.260000  0.940000   -0.0000011753018009
0.300000  0.940000   -0.0000012415620486
0.340000  0.940000   -0.0000015678787257
-.140000  0.980000   -0.0000002812975091
-.100000  0.980000   -0.0000005774193160
-.060000  0.980000   -0.0000006419169190
-.020000  0.980000   -0.0000006413856868
0.020000  0.980000   -0.0000006928756975
0.060000  0.980000   -0.0000007867036591
0.100000  0.980000   -0.0000008777337813
0.140000  0.980000   -0.0000009884908671
0.180000  0.980000   -0.0000012395460825
