-.140000  -.980000   -0.0000001708326011
-.100000  -.980000   -0.0000003191703976
-.060000  -.980000   -0.0000003535190338
-.020000  -.980000   -0.0000002982108639
0.020000  -.980000   -0.0000002412226566
0.060000  -.980000   -0.0000001982914917
0.100000  -.980000   -0.0000000897930672
0.140000  -.980000    0.0000000921675753
0.180000  -.980000    0.0000002629983950
-.260000  -.940000   -0.0000002169557819
-.220000  -.940000   -0.0000004513161551
-.180000  -.940000   -0.0000006301103987
-.140000  -.940000   -0.0000007271929643
-.100000  -.940000   -0.0000008397695641
-.060000  -.940000   -0.0000007831592509
-.020000  -.940000   -0.0000007514850941
0.020000  -.940000   -0.0000006499201016
0.060000  -.940000   -0.0000004799883728
0.100000  -.940000   -0.0000003715316871
0.140000  -.940000   -0.0000000848061040
0.180000  -.940000    0.0000001181915774
0.220000  -.940000    0.0000003575282977
0.260000  -.940000    0.0000005044597223
0.300000  -.940000    0.0000007222261425
0.340000  -.940000    0.0000007887341901
-.340000  -.900000   -0.0000002168008950
-.300000  -.900000   -0.0000005210357575
-.260000  -.900000   -0.0000007922127665
-.220000  -.900000   -0.0000009960043356
-.180000  -.900000   -0.0000011284203444
-.140000  -.900000   -0.0000012885675324
-.100000  -.900000   -0.0000012626018357
-.060000  -.900000   -0.0000012666791854
-.020000  -.900000   -0.0000011901494477
0.020000  -.900000   -0.0000010326674464
0.060000  -.900000   -0.0000007969327680
0.100000  -.900000   -0.0000004882643996
0.140000  -.900000   -0.0000002848082314
0.180000  -.900000    0.0000001343139155
0.220000  -.900000    0.0000004118940447
0.260000  -.900000    0.0000007065309930
0.300000  -.900000    0.0000010088043256
0.340000  -.900000    0.0000011320891084
0.380000  -.900000    0.0000012820554177
0.420000  -.900000    0.0000012685270908
-.420000  -.860000   -0.0000000302147203
-.380000  -.860000   -0.0000004019708083
-.340000  -.860000   -0.0000007580288562
-.300000  -.860000   -0.0000010672891576
-.260000  -.860000   -0.0000013196464735
-.220000  -.860000   -0.0000015041520493
-.180000  -.860000   -0.0000017268573952
-.140000  -.860000   -0.0000017455041465
-.100000  -.860000   -0.0000018033365494
-.060000  -.860000   -0.0000017726554577
-.020000  -.860000   -0.0000016502893881
0.020000  -.860000   -0.0000014363298830
0.060000  -.860000   -0.0000011344892390
0.100000  -.860000   -0.0000007511120500
0.140000  -.860000   -0.0000002951357680
0.180000  -.860000    0.0000000013441418
0.220000  -.860000    0.0000005556451738
0.260000  -.860000    0.0000009071274866
0.300000  -.860000    0.0000012637978215
0.340000  -.860000    0.0000016095403207
0.380000  -.860000    0.0000019323935458
0.420000  -.860000    0.0000019939862395
0.460000  -.860000    0.0000018549768450
0.500000  -.860000    0.0000015898548528
-.460000  -.820000   -0.0000001401659647
-.420000  -.820000   -0.0000005560207847
-.380000  -.820000   -0.0000008805587572
-.340000  -.820000   -0.0000012267201827
-.300000  -.820000   -0.0000015260659495
-.260000  -.820000   -0.0000018797282180
-.220000  -.820000   -0.0000020460799631
-.180000  -.820000   -0.0000022635544331
-.140000  -.820000   -0.0000022301243485
-.100000  -.820000   -0.0000022584540102
-.060000  -.820000   -0.0000021881347530
-.020000  -.820000   -0.0000020165196217
0.020000  -.820000   -0.0000017444071869
0.060000  -.820000   -0.0000013760860433
0.100000  -.820000   -0.0000009187845613
0.140000  -.820000   -0.0000003825481302
0.180000  -.820000   -0.0000000461475682
0.220000  -.820000    0.0000005996428714
0.260000  -.820000    0.0000010055863339
0.300000  -.820000    0.0000016998454257
0.340000  -.820000    0.0000021113042482
0.380000  -.820000    0.0000024967742320
0.420000  -.820000    0.0000025543773285
0.460000  -.820000    0.0000028437261239
0.500000  -.820000    0.0000028052115575
0.540000  -.820000    0.0000023153960777
-.500000  -.780000   -0.0000001849928443
-.460000  -.780000   -0.0000005660824310
-.420000  -.780000   -0.0000009753867409
-.380000  -.780000   -0.0000013664716543
-.340000  -.780000   -0.0000017198475556
-.300000  -.780000   -0.0000020137193798
-.260000  -.780000   -0.0000023760306836
-.220000  -.780000   -0.0000025053550806
-.180000  -.780000   -0.0000027099520872
-.140000  -.780000   -0.0000026029200111
-.100000  -.780000   -0.0000025973235610
-.060000  -.780000   -0.0000024856299676
-.020000  -.780000   -0.0000022649802311
0.020000  -.780000   -0.0000019370073999
0.060000  -.780000   -0.0000015064667260
0.100000  -.780000   -0.0000009816620108
0.140000  -.780000   -0.0000003736525476
0.180000  -.780000   -0.0000000144958402
0.220000  -.780000    0.0000007132320012
0.260000  -.780000    0.0000011635949446
0.300000  -.780000    0.0000019482414708
0.340000  -.780000    0.0000024178300945
0.380000  -.780000    0.0000028690755307
0.420000  -.780000    0.0000032811295968
0.460000  -.780000    0.0000036350954086
0.500000  -.780000    0.0000035918634039
0.540000  -.780000    0.0000034812363581
0.580000  -.780000    0.0000030549185273
0.620000  -.780000    0.0000020547534431
-.540000  -.740000   -0.0000001666285063
-.500000  -.740000   -0.0000006007364359
-.460000  -.740000   -0.0000009793805327
-.420000  -.740000   -0.0000014030932304
-.380000  -.740000   -0.0000018003913885
-.340000  -.740000   -0.0000021467500505
-.300000  -.740000   -0.0000025793599697
-.260000  -.740000   -0.0000027747828937
-.220000  -.740000   -0.0000030674454623
-.180000  -.740000   -0.0000030275153154
-.140000  -.740000   -0.0000031147593149
-.100000  -.740000   -0.0000030941591241
-.060000  -.740000   -0.0000026313376806
-.020000  -.740000   -0.0000023654477283
0.020000  -.740000   -0.0000019876821486
0.060000  -.740000   -0.0000015038729786
0.100000  -.740000   -0.0000012941464760
0.140000  -.740000   -0.0000006317048939
0.180000  -.740000    0.0000001044387646
0.220000  -.740000    0.0000005393304253
0.260000  -.740000    0.0000013733089026
0.300000  -.740000    0.0000018811632719
0.340000  -.740000    0.0000027452732120
0.380000  -.740000    0.0000032527671680
0.420000  -.740000    0.0000037299890426
0.460000  -.740000    0.0000041544974835
0.500000  -.740000    0.0000041548461315
0.540000  -.740000    0.0000044173368156
0.580000  -.740000    0.0000042341013285
0.620000  -.740000    0.0000036698123480
0.660000  -.740000    0.0000027266320955
-.580000  -.700000   -0.0000001154832501
-.540000  -.700000   -0.0000005167232974
-.500000  -.700000   -0.0000009710976281
-.460000  -.700000   -0.0000014340147088
-.420000  -.700000   -0.0000017708546382
-.380000  -.700000   -0.0000022978541663
-.340000  -.700000   -0.0000026477031371
-.300000  -.700000   -0.0000029035255371
-.260000  -.700000   -0.0000032801426980
-.220000  -.700000   -0.0000033106487326
-.180000  -.700000   -0.0000034970274475
-.140000  -.700000   -0.0000032333999604
-.100000  -.700000   -0.0000031802505982
-.060000  -.700000   -0.0000030097059424
-.020000  -.700000   -0.0000027196413930
0.020000  -.700000   -0.0000023117600168
0.060000  -.700000   -0.0000017922352654
0.100000  -.700000   -0.0000011713325941
0.140000  -.700000   -0.0000004618399501
0.180000  -.700000   -0.0000000959490075
0.220000  -.700000    0.0000007492311145
0.260000  -.700000    0.0000012459987594
0.300000  -.700000    0.0000021610173698
0.340000  -.700000    0.0000027125407505
0.380000  -.700000    0.0000032660959348
0.420000  -.700000    0.0000041564725893
0.460000  -.700000    0.0000042830368798
0.500000  -.700000    0.0000047026685956
0.540000  -.700000    0.0000050372227968
0.580000  -.700000    0.0000048970582216
0.620000  -.700000    0.0000046524649724
0.660000  -.700000    0.0000039968928971
0.700000  -.700000    0.0000029152385867
-.620000  -.660000   -0.0000000229219782
-.580000  -.660000   -0.0000004232422761
-.540000  -.660000   -0.0000008248379456
-.500000  -.660000   -0.0000012876806310
-.460000  -.660000   -0.0000017521950836
-.420000  -.660000   -0.0000021934066956
-.380000  -.660000   -0.0000025824850649
-.340000  -.660000   -0.0000028875425262
-.300000  -.660000   -0.0000033358931989
-.260000  -.660000   -0.0000034344834944
-.220000  -.660000   -0.0000037179445547
-.180000  -.660000   -0.0000035284809678
-.140000  -.660000   -0.0000035839213148
-.100000  -.660000   -0.0000035240772594
-.060000  -.660000   -0.0000033416185249
-.020000  -.660000   -0.0000030333927024
0.020000  -.660000   -0.0000026018768399
0.060000  -.660000   -0.0000020536798983
0.100000  -.660000   -0.0000013996932091
0.140000  -.660000   -0.0000006548086541
0.180000  -.660000    0.0000001646735409
0.220000  -.660000    0.0000005958025247
0.260000  -.660000    0.0000015235230341
0.300000  -.660000    0.0000020669961343
0.340000  -.660000    0.0000030320823896
0.380000  -.660000    0.0000036096578246
0.420000  -.660000    0.0000041791310483
0.460000  -.660000    0.0000047155205103
0.500000  -.660000    0.0000051964925256
0.540000  -.660000    0.0000056008182717
0.580000  -.660000    0.0000055266687362
0.620000  -.660000    0.0000057173310839
0.660000  -.660000    0.0000050210181922
0.700000  -.660000    0.0000042783510663
0.740000  -.660000    0.0000030852540314
-.620000  -.620000   -0.0000002870465484
-.580000  -.620000   -0.0000006866486660
-.540000  -.620000   -0.0000011540452432
-.500000  -.620000   -0.0000016390665657
-.460000  -.620000   -0.0000021184893027
-.420000  -.620000   -0.0000025653688538
-.380000  -.620000   -0.0000029485562482
-.340000  -.620000   -0.0000032348577104
-.300000  -.620000   -0.0000033922268857
-.260000  -.620000   -0.0000037616980721
-.220000  -.620000   -0.0000036479549066
-.180000  -.620000   -0.0000038131467760
-.140000  -.620000   -0.0000038717124296
-.100000  -.620000   -0.0000038109043186
-.060000  -.620000   -0.0000030779705675
-.020000  -.620000   -0.0000027472466106
0.020000  -.620000   -0.0000022943440211
0.060000  -.620000   -0.0000017263807275
0.100000  -.620000   -0.0000016035654955
0.140000  -.620000   -0.0000008301494075
0.180000  -.620000    0.0000000179337045
0.220000  -.620000    0.0000009206728108
0.260000  -.620000    0.0000014032077899
0.300000  -.620000    0.0000023800103420
0.340000  -.620000    0.0000029526131582
0.380000  -.620000    0.0000035510510698
0.420000  -.620000    0.0000041497746513
0.460000  -.620000    0.0000047234788764
0.500000  -.620000    0.0000052496389861
0.540000  -.620000    0.0000057070921245
0.580000  -.620000    0.0000060770044822
0.620000  -.620000    0.0000059540998667
0.660000  -.620000    0.0000060905795318
0.700000  -.620000    0.0000053183231622
0.740000  -.620000    0.0000044907267735
0.780000  -.620000    0.0000025909717684
-.660000  -.580000   -0.0000001305169118
-.620000  -.580000   -0.0000005081261232
-.580000  -.580000   -0.0000009609143405
-.540000  -.580000   -0.0000013568363781
-.500000  -.580000   -0.0000018247266432
-.460000  -.580000   -0.0000022739865933
-.420000  -.580000   -0.0000026736425019
-.380000  -.580000   -0.0000032432927931
-.340000  -.580000   -0.0000035048447505
-.300000  -.580000   -0.0000036272623072
-.260000  -.580000   -0.0000040092375460
-.220000  -.580000   -0.0000038483138144
-.180000  -.580000   -0.0000040233649146
-.140000  -.580000   -0.0000040909077334
-.100000  -.580000   -0.0000034424878566
-.060000  -.580000   -0.0000032377661106
-.020000  -.580000   -0.0000029043370444
0.020000  -.580000   -0.0000024439229559
0.060000  -.580000   -0.0000018644190200
0.100000  -.580000   -0.0000011790582160
0.140000  -.580000   -0.0000009836259207
0.180000  -.580000   -0.0000001142958372
0.220000  -.580000    0.0000008077195310
0.260000  -.580000    0.0000012810943255
0.300000  -.580000    0.0000022761701212
0.340000  -.580000    0.0000028507173251
0.380000  -.580000    0.0000034594604258
0.420000  -.580000    0.0000044438726046
0.460000  -.580000    0.0000050321505628
0.500000  -.580000    0.0000055869803027
0.540000  -.580000    0.0000060867583756
0.580000  -.580000    0.0000061529832792
0.620000  -.580000    0.0000064752492787
0.660000  -.580000    0.0000062979954494
0.700000  -.580000    0.0000059774681992
0.740000  -.580000    0.0000055231461347
0.780000  -.580000    0.0000042912550691
-.660000  -.540000   -0.0000003125157934
-.620000  -.540000   -0.0000007302574164
-.580000  -.540000   -0.0000011210196200
-.540000  -.540000   -0.0000015870480200
-.500000  -.540000   -0.0000020539282260
-.460000  -.540000   -0.0000024936427714
-.420000  -.540000   -0.0000028748229806
-.380000  -.540000   -0.0000034557343133
-.340000  -.540000   -0.0000036888261062
-.300000  -.540000   -0.0000037749378761
-.260000  -.540000   -0.0000041701073888
-.220000  -.540000   -0.0000039660104885
-.180000  -.540000   -0.0000041559902194
-.140000  -.540000   -0.0000036048006141
-.100000  -.540000   -0.0000035360505916
-.060000  -.540000   -0.0000033397935480
-.020000  -.540000   -0.0000030106001450
0.020000  -.540000   -0.0000025496058135
0.060000  -.540000   -0.0000019650141061
0.100000  -.540000   -0.0000012720129831
0.140000  -.540000   -0.0000004890311382
0.180000  -.540000   -0.0000002272263473
0.220000  -.540000    0.0000007056386632
0.260000  -.540000    0.0000011633906533
0.300000  -.540000    0.0000021660280490
0.340000  -.540000    0.0000027335919427
0.380000  -.540000    0.0000033421512229
0.420000  -.540000    0.0000043303082934
0.460000  -.540000    0.0000049274871466
0.500000  -.540000    0.0000054987824681
0.540000  -.540000    0.0000060238910744
0.580000  -.540000    0.0000064827170746
0.620000  -.540000    0.0000065111429006
0.660000  -.540000    0.0000067744890946
0.700000  -.540000    0.0000065384477097
0.740000  -.540000    0.0000061494840383
0.780000  -.540000    0.0000052522028654
0.820000  -.540000    0.0000037340091384
-.700000  -.500000   -0.0000001379531095
-.660000  -.500000   -0.0000004873396848
-.620000  -.500000   -0.0000009160405159
-.580000  -.500000   -0.0000012989290183
-.540000  -.500000   -0.0000017605711656
-.500000  -.500000   -0.0000022161256139
-.460000  -.500000   -0.0000026368716077
-.420000  -.500000   -0.0000029916115201
-.380000  -.500000   -0.0000035782662755
-.340000  -.500000   -0.0000037796839586
-.300000  -.500000   -0.0000038295524114
-.260000  -.500000   -0.0000042393280341
-.220000  -.500000   -0.0000039972743645
-.180000  -.500000   -0.0000042067073144
-.140000  -.500000   -0.0000036139733648
-.100000  -.500000   -0.0000035641980375
-.060000  -.500000   -0.0000033838064387
-.020000  -.500000   -0.0000030652341238
0.020000  -.500000   -0.0000026095156304
0.060000  -.500000   -0.0000020261547545
0.100000  -.500000   -0.0000013308547015
0.140000  -.500000   -0.0000005455665222
0.180000  -.500000   -0.0000003156802510
0.220000  -.500000    0.0000006196845363
0.260000  -.500000    0.0000010560805742
0.300000  -.500000    0.0000020556026371
0.340000  -.500000    0.0000026077528840
0.380000  -.500000    0.0000032065362359
0.420000  -.500000    0.0000041840711045
0.460000  -.500000    0.0000047775444001
0.500000  -.500000    0.0000053527399992
0.540000  -.500000    0.0000058896929357
0.580000  -.500000    0.0000063698638817
0.620000  -.500000    0.0000064536521254
0.660000  -.500000    0.0000067602492983
0.700000  -.500000    0.0000065977806873
0.740000  -.500000    0.0000062840607692
0.780000  -.500000    0.0000058256075981
0.820000  -.500000    0.0000048913732000
0.860000  -.500000    0.0000027583723309
-.700000  -.460000   -0.0000002802774936
-.660000  -.460000   -0.0000006302282640
-.620000  -.460000   -0.0000010578894950
-.580000  -.460000   -0.0000014236518532
-.540000  -.460000   -0.0000018706379335
-.500000  -.460000   -0.0000023042886301
-.460000  -.460000   -0.0000026970501730
-.420000  -.460000   -0.0000030184662773
-.380000  -.460000   -0.0000036046203376
-.340000  -.460000   -0.0000037719844921
-.300000  -.460000   -0.0000037873698759
-.260000  -.460000   -0.0000042125523841
-.220000  -.460000   -0.0000039396745475
-.180000  -.460000   -0.0000041738577828
-.140000  -.460000   -0.0000035498253443
-.100000  -.460000   -0.0000035256440242
-.060000  -.460000   -0.0000033685905026
-.020000  -.460000   -0.0000030679982971
0.020000  -.460000   -0.0000026240077923
0.060000  -.460000   -0.0000020468688014
0.100000  -.460000   -0.0000013548391515
0.140000  -.460000   -0.0000005725859316
0.180000  -.460000   -0.0000003773148323
0.220000  -.460000    0.0000005540031595
0.260000  -.460000    0.0000009637680088
0.300000  -.460000    0.0000019496284033
0.340000  -.460000    0.0000024787427417
0.380000  -.460000    0.0000030574512382
0.420000  -.460000    0.0000040102445980
0.460000  -.460000    0.0000045889675451
0.500000  -.460000    0.0000051555497542
0.540000  -.460000    0.0000056911242347
0.580000  -.460000    0.0000061787419009
0.620000  -.460000    0.0000063083072396
0.660000  -.460000    0.0000066449976005
0.700000  -.460000    0.0000065500887020
0.740000  -.460000    0.0000066613943312
0.780000  -.460000    0.0000062847983156
0.820000  -.460000    0.0000054043847063
0.860000  -.460000    0.0000038653727097
-.740000  -.420000   -0.0000000759703655
-.700000  -.420000   -0.0000003664025471
-.660000  -.420000   -0.0000007346894783
-.620000  -.420000   -0.0000011510141615
-.580000  -.420000   -0.0000014907845878
-.540000  -.420000   -0.0000019120142952
-.500000  -.420000   -0.0000023143981748
-.460000  -.420000   -0.0000026709861325
-.420000  -.420000   -0.0000029538176210
-.380000  -.420000   -0.0000035307674530
-.340000  -.420000   -0.0000036641103511
-.300000  -.420000   -0.0000036477478998
-.260000  -.420000   -0.0000040879001866
-.220000  -.420000   -0.0000037927868260
-.180000  -.420000   -0.0000040560293191
-.140000  -.420000   -0.0000034134270552
-.100000  -.420000   -0.0000034221528759
-.060000  -.420000   -0.0000032954220060
-.020000  -.420000   -0.0000030197524678
0.020000  -.420000   -0.0000025933784473
0.060000  -.420000   -0.0000020268805428
0.100000  -.420000   -0.0000013424675191
0.140000  -.420000   -0.0000005679828671
0.180000  -.420000   -0.0000004084845191
0.220000  -.420000    0.0000005111156979
0.260000  -.420000    0.0000008903726882
0.300000  -.420000    0.0000018519657982
0.340000  -.420000    0.0000023500095870
0.380000  -.420000    0.0000029003247494
0.420000  -.420000    0.0000038141953834
0.460000  -.420000    0.0000043669487077
0.500000  -.420000    0.0000049124922953
0.540000  -.420000    0.0000054340712024
0.580000  -.420000    0.0000059158612128
0.620000  -.420000    0.0000060811347215
0.660000  -.420000    0.0000064342572738
0.700000  -.420000    0.0000066977103025
0.740000  -.420000    0.0000065511521062
0.780000  -.420000    0.0000062523307239
0.820000  -.420000    0.0000054653518401
0.860000  -.420000    0.0000045790703093
0.900000  -.420000    0.0000027553513329
-.740000  -.380000   -0.0000001611980982
-.700000  -.380000   -0.0000004770808158
-.660000  -.380000   -0.0000007977984906
-.620000  -.380000   -0.0000011926178225
-.580000  -.380000   -0.0000016135857912
-.540000  -.380000   -0.0000020415237069
-.500000  -.380000   -0.0000024552817890
-.460000  -.380000   -0.0000028300838740
-.420000  -.380000   -0.0000031401340976
-.380000  -.380000   -0.0000033575908801
-.340000  -.380000   -0.0000034563528874
-.300000  -.380000   -0.0000034113116333
-.260000  -.380000   -0.0000038646558820
-.220000  -.380000   -0.0000035562714487
-.180000  -.380000   -0.0000038538352508
-.140000  -.380000   -0.0000032049330903
-.100000  -.380000   -0.0000032541009455
-.060000  -.380000   -0.0000031659954436
-.020000  -.380000   -0.0000029222782242
0.020000  -.380000   -0.0000025188443697
0.060000  -.380000   -0.0000019670252798
0.100000  -.380000   -0.0000012924849230
0.140000  -.380000   -0.0000005301621376
0.180000  -.380000   -0.0000004060074048
0.220000  -.380000    0.0000004938389095
0.260000  -.380000    0.0000008388849891
0.300000  -.380000    0.0000017647409718
0.340000  -.380000    0.0000022248325562
0.380000  -.380000    0.0000027377367526
0.420000  -.380000    0.0000032796369907
0.460000  -.380000    0.0000038296006882
0.500000  -.380000    0.0000043683210566
0.540000  -.380000    0.0000048814466307
0.580000  -.380000    0.0000053557287135
0.620000  -.380000    0.0000057776286627
0.660000  -.380000    0.0000061340753293
0.700000  -.380000    0.0000061505766585
0.740000  -.380000    0.0000063301006829
0.780000  -.380000    0.0000061055163073
0.820000  -.380000    0.0000057370110218
0.860000  -.380000    0.0000049175230277
0.900000  -.380000    0.0000035029742418
-.740000  -.340000   -0.0000002232864967
-.700000  -.340000   -0.0000005240048792
-.660000  -.340000   -0.0000008182781380
-.620000  -.340000   -0.0000011826456635
-.580000  -.340000   -0.0000015668311489
-.540000  -.340000   -0.0000019530694040
-.500000  -.340000   -0.0000023212827715
-.460000  -.340000   -0.0000026492976704
-.420000  -.340000   -0.0000029130027253
-.380000  -.340000   -0.0000030891442227
-.340000  -.340000   -0.0000031534352486
-.300000  -.340000   -0.0000036781190055
-.260000  -.340000   -0.0000035443115154
-.220000  -.340000   -0.0000032324065899
-.180000  -.340000   -0.0000035656301944
-.140000  -.340000   -0.0000029267284926
-.100000  -.340000   -0.0000030240169723
-.060000  -.340000   -0.0000029824276063
-.020000  -.340000   -0.0000027781521160
0.020000  -.340000   -0.0000024025229001
0.060000  -.340000   -0.0000018682888387
0.100000  -.340000   -0.0000012063686043
0.140000  -.340000   -0.0000004588389546
0.180000  -.340000   -0.0000003686770439
0.220000  -.340000    0.0000005036000891
0.260000  -.340000    0.0000008110512422
0.300000  -.340000    0.0000012197419758
0.340000  -.340000    0.0000021034596558
0.380000  -.340000    0.0000025706021374
0.420000  -.340000    0.0000030666378415
0.460000  -.340000    0.0000035730666712
0.500000  -.340000    0.0000040720284077
0.540000  -.340000    0.0000045509196925
0.580000  -.340000    0.0000049983381514
0.620000  -.340000    0.0000054015722147
0.660000  -.340000    0.0000057489785683
0.700000  -.340000    0.0000058077393225
0.740000  -.340000    0.0000060028797355
0.780000  -.340000    0.0000058457417532
0.820000  -.340000    0.0000055531950949
0.860000  -.340000    0.0000048344604411
0.900000  -.340000    0.0000037617284304
0.940000  -.340000    0.0000016313680018
-.780000  -.300000   -0.0000000474375725
-.740000  -.300000   -0.0000002800570414
-.700000  -.300000   -0.0000005363585503
-.660000  -.300000   -0.0000008562873833
-.620000  -.300000   -0.0000011230971924
-.580000  -.300000   -0.0000014623651247
-.540000  -.300000   -0.0000017987048955
-.500000  -.300000   -0.0000021140301890
-.460000  -.300000   -0.0000023886854216
-.420000  -.300000   -0.0000026026203058
-.380000  -.300000   -0.0000027351339222
-.340000  -.300000   -0.0000032742745894
-.300000  -.300000   -0.0000032741681749
-.260000  -.300000   -0.0000031322192445
-.220000  -.300000   -0.0000028254800923
-.180000  -.300000   -0.0000031941920349
-.140000  -.300000   -0.0000025795089859
-.100000  -.300000   -0.0000027326742811
-.060000  -.300000   -0.0000027477090255
-.020000  -.300000   -0.0000025903912000
0.020000  -.300000   -0.0000022470507226
0.060000  -.300000   -0.0000017317919794
0.100000  -.300000   -0.0000010833163031
0.140000  -.300000   -0.0000003537288693
0.180000  -.300000   -0.0000002947221046
0.220000  -.300000    0.0000005403272919
0.260000  -.300000    0.0000008068282957
0.300000  -.300000    0.0000011706760259
0.340000  -.300000    0.0000015992540215
0.380000  -.300000    0.0000023972241933
0.420000  -.300000    0.0000028388557676
0.460000  -.300000    0.0000032930969433
0.500000  -.300000    0.0000037419626424
0.540000  -.300000    0.0000041763150338
0.580000  -.300000    0.0000045864617898
0.620000  -.300000    0.0000049598273205
0.660000  -.300000    0.0000051050128136
0.700000  -.300000    0.0000053750030340
0.740000  -.300000    0.0000053642631862
0.780000  -.300000    0.0000054781519095
0.820000  -.300000    0.0000052558983280
0.860000  -.300000    0.0000046423212214
0.900000  -.300000    0.0000039206112090
0.940000  -.300000    0.0000025528567932
-.780000  -.260000   -0.0000000875372310
-.740000  -.260000   -0.0000002917391771
-.700000  -.260000   -0.0000005539295917
-.660000  -.260000   -0.0000007970018531
-.620000  -.260000   -0.0000011037319483
-.580000  -.260000   -0.0000014246612874
-.540000  -.260000   -0.0000017463926237
-.500000  -.260000   -0.0000020540696200
-.460000  -.260000   -0.0000023308613321
-.420000  -.260000   -0.0000025605565225
-.380000  -.260000   -0.0000027251696787
-.340000  -.260000   -0.0000028062570795
-.300000  -.260000   -0.0000027843563215
-.260000  -.260000   -0.0000026384212455
-.220000  -.260000   -0.0000031121422329
-.180000  -.260000   -0.0000027413341030
-.140000  -.260000   -0.0000031036522281
-.100000  -.260000   -0.0000023824149365
-.060000  -.260000   -0.0000024642529522
-.020000  -.260000   -0.0000023629394564
0.020000  -.260000   -0.0000020556420957
0.060000  -.260000   -0.0000015587386570
0.100000  -.260000   -0.0000009230679762
0.140000  -.260000   -0.0000009994817706
0.180000  -.260000   -0.0000001839471253
0.220000  -.260000    0.0000000093859417
0.260000  -.260000    0.0000008235719003
0.300000  -.260000    0.0000011353108798
0.340000  -.260000    0.0000015060018064
0.380000  -.260000    0.0000019126762988
0.420000  -.260000    0.0000023366483525
0.460000  -.260000    0.0000027627985637
0.500000  -.260000    0.0000031804451402
0.540000  -.260000    0.0000035823113378
0.580000  -.260000    0.0000039590247366
0.620000  -.260000    0.0000043028998809
0.660000  -.260000    0.0000046081244253
0.700000  -.260000    0.0000046927336975
0.740000  -.260000    0.0000048836148954
0.780000  -.260000    0.0000048103636722
0.820000  -.260000    0.0000046300627841
0.860000  -.260000    0.0000043418025607
0.900000  -.260000    0.0000037180368095
0.940000  -.260000    0.0000026466354148
-.780000  -.220000   -0.0000001043148051
-.740000  -.220000   -0.0000003004570139
-.700000  -.220000   -0.0000005032417668
-.660000  -.220000   -0.0000007582427438
-.620000  -.220000   -0.0000009586418865
-.580000  -.220000   -0.0000012224471823
-.540000  -.220000   -0.0000014823363266
-.500000  -.220000   -0.0000017268197312
-.460000  -.220000   -0.0000019417076567
-.420000  -.220000   -0.0000021131007988
-.380000  -.220000   -0.0000022282015277
-.340000  -.220000   -0.0000022719681062
-.300000  -.220000   -0.0000022295065800
-.260000  -.220000   -0.0000027224316286
-.220000  -.220000   -0.0000025454949780
-.180000  -.220000   -0.0000022143073558
-.140000  -.220000   -0.0000026255711020
-.100000  -.220000   -0.0000019735255501
-.060000  -.220000   -0.0000021337526135
-.020000  -.220000   -0.0000020997068184
0.020000  -.220000   -0.0000018318759452
0.060000  -.220000   -0.0000013498049200
0.100000  -.220000   -0.0000007249983215
0.140000  -.220000   -0.0000008142018328
0.180000  -.220000   -0.0000000384665027
0.220000  -.220000    0.0000001198625247
0.260000  -.220000    0.0000003828814805
0.300000  -.220000    0.0000011048244569
0.340000  -.220000    0.0000014100102250
0.380000  -.220000    0.0000017466069788
0.420000  -.220000    0.0000020982016828
0.460000  -.220000    0.0000024635759555
0.500000  -.220000    0.0000028236250176
0.540000  -.220000    0.0000031663349907
0.580000  -.220000    0.0000034915286070
0.620000  -.220000    0.0000037823057713
0.660000  -.220000    0.0000039069321436
0.700000  -.220000    0.0000041386656239
0.740000  -.220000    0.0000041657203008
0.780000  -.220000    0.0000042830363683
0.820000  -.220000    0.0000041570408906
0.860000  -.220000    0.0000039331408430
0.900000  -.220000    0.0000034128344694
0.940000  -.220000    0.0000026420576244
-.780000  -.180000   -0.0000001131194364
-.740000  -.180000   -0.0000002657073847
-.700000  -.180000   -0.0000004605178322
-.660000  -.180000   -0.0000006335137711
-.620000  -.180000   -0.0000008557090752
-.580000  -.180000   -0.0000010869206038
-.540000  -.180000   -0.0000013174555995
-.500000  -.180000   -0.0000015385351564
-.460000  -.180000   -0.0000017394053286
-.420000  -.180000   -0.0000019098964723
-.380000  -.180000   -0.0000020400061903
-.340000  -.180000   -0.0000021193152687
-.300000  -.180000   -0.0000021367231845
-.260000  -.180000   -0.0000020757189814
-.220000  -.180000   -0.0000019148808931
-.180000  -.180000   -0.0000024118811450
-.140000  -.180000   -0.0000020689406691
-.100000  -.180000   -0.0000015075806545
-.060000  -.180000   -0.0000017553100919
-.020000  -.180000   -0.0000018041688789
0.020000  -.180000   -0.0000015791457597
0.060000  -.180000   -0.0000011044185639
0.100000  -.180000   -0.0000004883150586
0.140000  -.180000   -0.0000005811779177
0.180000  -.180000   -0.0000004800444142
0.220000  -.180000    0.0000002519270607
0.260000  -.180000    0.0000004586825541
0.300000  -.180000    0.0000007203168211
0.340000  -.180000    0.0000010146850566
0.380000  -.180000    0.0000013242206377
0.420000  -.180000    0.0000016476523337
0.460000  -.180000    0.0000019605945677
0.500000  -.180000    0.0000022395281079
0.540000  -.180000    0.0000025251889383
0.580000  -.180000    0.0000027977581008
0.620000  -.180000    0.0000030752511308
0.660000  -.180000    0.0000033282266399
0.700000  -.180000    0.0000033976005221
0.740000  -.180000    0.0000035563983766
0.780000  -.180000    0.0000035328926005
0.820000  -.180000    0.0000034354938008
0.860000  -.180000    0.0000032588417687
0.900000  -.180000    0.0000030063165104
0.940000  -.180000    0.0000023618245570
0.980000  -.180000    0.0000012224933576
-.820000  -.140000   -0.0000000016938935
-.780000  -.140000   -0.0000000988241138
-.740000  -.140000   -0.0000002314758652
-.700000  -.140000   -0.0000003635102036
-.660000  -.140000   -0.0000005310196734
-.620000  -.140000   -0.0000007129661044
-.580000  -.140000   -0.0000009032057551
-.540000  -.140000   -0.0000009856173794
-.500000  -.140000   -0.0000011388043564
-.460000  -.140000   -0.0000012729613073
-.420000  -.140000   -0.0000013814104028
-.380000  -.140000   -0.0000014570556971
-.340000  -.140000   -0.0000014923863852
-.300000  -.140000   -0.0000014791276409
-.260000  -.140000   -0.0000019057568480
-.220000  -.140000   -0.0000018509099854
-.180000  -.140000   -0.0000017110463167
-.140000  -.140000   -0.0000014454204644
-.100000  -.140000   -0.0000019339948220
-.060000  -.140000   -0.0000013271548265
-.020000  -.140000   -0.0000014800806102
0.020000  -.140000   -0.0000013003645094
0.060000  -.140000   -0.0000008191050732
0.100000  -.140000   -0.0000010302759359
0.140000  -.140000   -0.0000003058482846
0.180000  -.140000   -0.0000002288309977
0.220000  -.140000   -0.0000000560914890
0.260000  -.140000    0.0000001687108206
0.300000  -.140000    0.0000007077752210
0.340000  -.140000    0.0000009202462343
0.380000  -.140000    0.0000011482663681
0.420000  -.140000    0.0000013809571682
0.460000  -.140000    0.0000015971617226
0.500000  -.140000    0.0000018915582823
0.540000  -.140000    0.0000021681046770
0.580000  -.140000    0.0000023008100032
0.620000  -.140000    0.0000024113055467
0.660000  -.140000    0.0000025614426186
0.700000  -.140000    0.0000027487173069
0.740000  -.140000    0.0000027772523558
0.780000  -.140000    0.0000028681928130
0.820000  -.140000    0.0000028090759431
0.860000  -.140000    0.0000026865965250
0.900000  -.140000    0.0000023674987845
0.940000  -.140000    0.0000019914957958
0.980000  -.140000    0.0000012019267464
-.820000  -.100000   -0.0000000072484393
-.780000  -.100000   -0.0000000805864343
-.740000  -.100000   -0.0000001793801165
-.700000  -.100000   -0.0000002767264291
-.660000  -.100000   -0.0000004008580009
-.620000  -.100000   -0.0000005359924233
-.580000  -.100000   -0.0000006172103095
-.540000  -.100000   -0.0000007409985950
-.500000  -.100000   -0.0000008584652096
-.460000  -.100000   -0.0000009640529426
-.420000  -.100000   -0.0000010539190221
-.380000  -.100000   -0.0000011235714825
-.340000  -.100000   -0.0000011691044490
-.300000  -.100000   -0.0000011862155592
-.260000  -.100000   -0.0000011690763533
-.220000  -.100000   -0.0000011097191732
-.180000  -.100000   -0.0000009935328171
-.140000  -.100000   -0.0000014730542805
-.100000  -.100000   -0.0000012755933242
-.060000  -.100000   -0.0000008426841991
-.020000  -.100000   -0.0000011270670000
0.020000  -.100000   -0.0000009963415679
0.060000  -.100000   -0.0000004863976833
0.100000  -.100000   -0.0000006392282490
0.140000  -.100000   -0.0000005706011600
0.180000  -.100000    0.0000000208090658
0.220000  -.100000    0.0000001257132212
0.260000  -.100000    0.0000002674089072
0.300000  -.100000    0.0000004287731178
0.340000  -.100000    0.0000006015175411
0.380000  -.100000    0.0000007823071251
0.420000  -.100000    0.0000009467529894
0.460000  -.100000    0.0000011727533357
0.500000  -.100000    0.0000013018487010
0.540000  -.100000    0.0000012743849901
0.580000  -.100000    0.0000014282017364
0.620000  -.100000    0.0000017711987593
0.660000  -.100000    0.0000018467675109
0.700000  -.100000    0.0000019653640974
0.740000  -.100000    0.0000019891090426
0.780000  -.100000    0.0000020586290350
0.820000  -.100000    0.0000020177207161
0.860000  -.100000    0.0000019324294693
0.900000  -.100000    0.0000018010853584
0.940000  -.100000    0.0000014399539977
0.980000  -.100000    0.0000009376554722
-.820000  -.060000   -0.0000000069960134
-.780000  -.060000   -0.0000000525346801
-.740000  -.060000   -0.0000001055196749
-.700000  -.060000   -0.0000001731089145
-.660000  -.060000   -0.0000002494524959
-.620000  -.060000   -0.0000003054458773
-.580000  -.060000   -0.0000003829757163
-.540000  -.060000   -0.0000004601069521
-.500000  -.060000   -0.0000005340778779
-.460000  -.060000   -0.0000006017283578
-.420000  -.060000   -0.0000006612031836
-.380000  -.060000   -0.0000007101776633
-.340000  -.060000   -0.0000007471580171
-.300000  -.060000   -0.0000007706527416
-.260000  -.060000   -0.0000007787156028
-.220000  -.060000   -0.0000007699377723
-.180000  -.060000   -0.0000007405272222
-.140000  -.060000   -0.0000006809333323
-.100000  -.060000   -0.0000005648434823
-.060000  -.060000   -0.0000011366102988
-.020000  -.060000   -0.0000007363880291
0.020000  -.060000   -0.0000006556963008
0.060000  -.060000   -0.0000008661393396
0.100000  -.060000   -0.0000002089520165
0.140000  -.060000   -0.0000001747296644
0.180000  -.060000   -0.0000000956568557
0.220000  -.060000    0.0000000029946518
0.260000  -.060000    0.0000001103971873
0.300000  -.060000    0.0000002229120721
0.340000  -.060000    0.0000003362116045
0.380000  -.060000    0.0000004507932834
0.420000  -.060000    0.0000005584624450
0.460000  -.060000    0.0000006979879518
0.500000  -.060000    0.0000006570180572
0.540000  -.060000    0.0000011708979828
0.580000  -.060000    0.0000012538457433
0.620000  -.060000    0.0000009004614878
0.660000  -.060000    0.0000011634311732
0.700000  -.060000    0.0000011669136908
0.740000  -.060000    0.0000012373795177
0.780000  -.060000    0.0000012386927995
0.820000  -.060000    0.0000012149097538
0.860000  -.060000    0.0000011647041101
0.900000  -.060000    0.0000010869894249
0.940000  -.060000    0.0000009258882183
0.980000  -.060000    0.0000006100104886
-.820000  -.020000   -0.0000000027951533
-.780000  -.020000   -0.0000000182272930
-.740000  -.020000   -0.0000000360985361
-.700000  -.020000   -0.0000000589067050
-.660000  -.020000   -0.0000000846727959
-.620000  -.020000   -0.0000001035765093
-.580000  -.020000   -0.0000001298211975
-.540000  -.020000   -0.0000001560288172
-.500000  -.020000   -0.0000001812969391
-.460000  -.020000   -0.0000002046069619
-.420000  -.020000   -0.0000002254236784
-.380000  -.020000   -0.0000002430535522
-.340000  -.020000   -0.0000002571734664
-.300000  -.020000   -0.0000002675319191
-.260000  -.020000   -0.0000002738653203
-.220000  -.020000   -0.0000002766127367
-.180000  -.020000   -0.0000002762070051
-.140000  -.020000   -0.0000002735061512
-.100000  -.020000   -0.0000002705317581
-.060000  -.020000   -0.0000002697475626
-.020000  -.020000   -0.0000002301909373
0.020000  -.020000   -0.0000002039270251
0.060000  -.020000   -0.0000001887526541
0.100000  -.020000   -0.0000001393285068
0.140000  -.020000   -0.0000000960750873
0.180000  -.020000   -0.0000000533099074
0.220000  -.020000   -0.0000000123207191
0.260000  -.020000    0.0000000281352984
0.300000  -.020000    0.0000000678893167
0.340000  -.020000    0.0000001082004537
0.380000  -.020000    0.0000001466939735
0.420000  -.020000    0.0000001876010106
0.460000  -.020000    0.0000002158554118
0.500000  -.020000    0.0000002881473177
0.540000  -.020000    0.0000002368795357
0.580000  -.020000    0.0000003020048869
0.620000  -.020000    0.0000003488661415
0.660000  -.020000    0.0000003835588462
0.700000  -.020000    0.0000003876767501
0.740000  -.020000    0.0000004136088513
0.780000  -.020000    0.0000004133964014
0.820000  -.020000    0.0000004056652222
0.860000  -.020000    0.0000003890906415
0.900000  -.020000    0.0000003633754206
0.940000  -.020000    0.0000003097852223
0.980000  -.020000    0.0000002189304403
-.820000  0.020000    0.0000000027951533
-.780000  0.020000    0.0000000182272930
-.740000  0.020000    0.0000000360985361
-.700000  0.020000    0.0000000589067050
-.660000  0.020000    0.0000000846727959
-.620000  0.020000    0.0000001035765093
-.580000  0.020000    0.0000001298211975
-.540000  0.020000    0.0000001560288172
-.500000  0.020000    0.0000001812969391
-.460000  0.020000    0.0000002046069619
-.420000  0.020000    0.0000002254236784
-.380000  0.020000    0.0000002430535522
-.340000  0.020000    0.0000002571734664
-.300000  0.020000    0.0000002675319191
-.260000  0.020000    0.0000002738653203
-.220000  0.020000    0.0000002766127367
-.180000  0.020000    0.0000002762070051
-.140000  0.020000    0.0000002735061512
-.100000  0.020000    0.0000002705317581
-.060000  0.020000    0.0000002697475626
-.020000  0.020000    0.0000002301909373
0.020000  0.020000    0.0000002039270251
0.060000  0.020000    0.0000001887526541
0.100000  0.020000    0.0000001393285068
0.140000  0.020000    0.0000000960750873
0.180000  0.020000    0.0000000533099074
0.220000  0.020000    0.0000000123207191
0.260000  0.020000   -0.0000000281352984
0.300000  0.020000   -0.0000000678893167
0.340000  0.020000   -0.0000001082004537
0.380000  0.020000   -0.0000001466939735
0.420000  0.020000   -0.0000001876010106
0.460000  0.020000   -0.0000002158554118
0.500000  0.020000   -0.0000002881473177
0.540000  0.020000   -0.0000002368795357
0.580000  0.020000   -0.0000003020048869
0.620000  0.020000   -0.0000003488661415
0.660000  0.020000   -0.0000003835588462
0.700000  0.020000   -0.0000003876767501
0.740000  0.020000   -0.0000004136088513
0.780000  0.020000   -0.0000004133964014
0.820000  0.020000   -0.0000004056652222
0.860000  0.020000   -0.0000003890906415
0.900000  0.020000   -0.0000003633754206
0.940000  0.020000   -0.0000003097852223
0.980000  0.020000   -0.0000002189304403
-.820000  0.060000    0.0000000069960134
-.780000  0.060000    0.0000000525346801
-.740000  0.060000    0.0000001055196749
-.700000  0.060000    0.0000001731089145
-.660000  0.060000    0.0000002494524959
-.620000  0.060000    0.0000003054458773
-.580000  0.060000    0.0000003829757163
-.540000  0.060000    0.0000004601069521
-.500000  0.060000    0.0000005340778779
-.460000  0.060000    0.0000006017283578
-.420000  0.060000    0.0000006612031836
-.380000  0.060000    0.0000007101776633
-.340000  0.060000    0.0000007471580171
-.300000  0.060000    0.0000007706527416
-.260000  0.060000    0.0000007787156028
-.220000  0.060000    0.0000007699377723
-.180000  0.060000    0.0000007405272222
-.140000  0.060000    0.0000006809333323
-.100000  0.060000    0.0000005648434823
-.060000  0.060000    0.0000011366102988
-.020000  0.060000    0.0000007363880291
0.020000  0.060000    0.0000006556963008
0.060000  0.060000    0.0000008661393396
0.100000  0.060000    0.0000002089520165
0.140000  0.060000    0.0000001747296644
0.180000  0.060000    0.0000000956568557
0.220000  0.060000   -0.0000000029946518
0.260000  0.060000   -0.0000001103971873
0.300000  0.060000   -0.0000002229120721
0.340000  0.060000   -0.0000003362116045
0.380000  0.060000   -0.0000004507932834
0.420000  0.060000   -0.0000005584624450
0.460000  0.060000   -0.0000006979879518
0.500000  0.060000   -0.0000006570180572
0.540000  0.060000   -0.0000011708979828
0.580000  0.060000   -0.0000012538457433
0.620000  0.060000   -0.0000009004614878
0.660000  0.060000   -0.0000011634311732
0.700000  0.060000   -0.0000011669136908
0.740000  0.060000   -0.0000012373795177
0.780000  0.060000   -0.0000012386927995
0.820000  0.060000   -0.0000012149097538
0.860000  0.060000   -0.0000011647041101
0.900000  0.060000   -0.0000010869894249
0.940000  0.060000   -0.0000009258882183
0.980000  0.060000   -0.0000006100104886
-.820000  0.100000    0.0000000072484393
-.780000  0.100000    0.0000000805864343
-.740000  0.100000    0.0000001793801165
-.700000  0.100000    0.0000002767264291
-.660000  0.100000    0.0000004008580009
-.620000  0.100000    0.0000005359924233
-.580000  0.100000    0.0000006172103095
-.540000  0.100000    0.0000007409985950
-.500000  0.100000    0.0000008584652096
-.460000  0.100000    0.0000009640529426
-.420000  0.100000    0.0000010539190221
-.380000  0.100000    0.0000011235714825
-.340000  0.100000    0.0000011691044490
-.300000  0.100000    0.0000011862155592
-.260000  0.100000    0.0000011690763533
-.220000  0.100000    0.0000011097191732
-.180000  0.100000    0.0000009935328171
-.140000  0.100000    0.0000014730542805
-.100000  0.100000    0.0000012755933242
-.060000  0.100000    0.0000008426841991
-.020000  0.100000    0.0000011270670000
0.020000  0.100000    0.0000009963415679
0.060000  0.100000    0.0000004863976833
0.100000  0.100000    0.0000006392282490
0.140000  0.100000    0.0000005706011600
0.180000  0.100000   -0.0000000208090658
0.220000  0.100000   -0.0000001257132212
0.260000  0.100000   -0.0000002674089072
0.300000  0.100000   -0.0000004287731178
0.340000  0.100000   -0.0000006015175411
0.380000  0.100000   -0.0000007823071251
0.420000  0.100000   -0.0000009467529894
0.460000  0.100000   -0.0000011727533357
0.500000  0.100000   -0.0000013018487010
0.540000  0.100000   -0.0000012743849901
0.580000  0.100000   -0.0000014282017364
0.620000  0.100000   -0.0000017711987593
0.660000  0.100000   -0.0000018467675109
0.700000  0.100000   -0.0000019653640974
0.740000  0.100000   -0.0000019891090426
0.780000  0.100000   -0.0000020586290350
0.820000  0.100000   -0.0000020177207161
0.860000  0.100000   -0.0000019324294693
0.900000  0.100000   -0.0000018010853584
0.940000  0.100000   -0.0000014399539977
0.980000  0.100000   -0.0000009376554722
-.820000  0.140000    0.0000000016938935
-.780000  0.140000    0.0000000988241138
-.740000  0.140000    0.0000002314758652
-.700000  0.140000    0.0000003635102036
-.660000  0.140000    0.0000005310196734
-.620000  0.140000    0.0000007129661044
-.580000  0.140000    0.0000009032057551
-.540000  0.140000    0.0000009856173794
-.500000  0.140000    0.0000011388043564
-.460000  0.140000    0.0000012729613073
-.420000  0.140000    0.0000013814104028
-.380000  0.140000    0.0000014570556971
-.340000  0.140000    0.0000014923863852
-.300000  0.140000    0.0000014791276409
-.260000  0.140000    0.0000019057568480
-.220000  0.140000    0.0000018509099854
-.180000  0.140000    0.0000017110463167
-.140000  0.140000    0.0000014454204644
-.100000  0.140000    0.0000019339948220
-.060000  0.140000    0.0000013271548265
-.020000  0.140000    0.0000014800806102
0.020000  0.140000    0.0000013003645094
0.060000  0.140000    0.0000008191050732
0.100000  0.140000    0.0000010302759359
0.140000  0.140000    0.0000003058482846
0.180000  0.140000    0.0000002288309977
0.220000  0.140000    0.0000000560914890
0.260000  0.140000   -0.0000001687108206
0.300000  0.140000   -0.0000007077752210
0.340000  0.140000   -0.0000009202462343
0.380000  0.140000   -0.0000011482663681
0.420000  0.140000   -0.0000013809571682
0.460000  0.140000   -0.0000015971617226
0.500000  0.140000   -0.0000018915582823
0.540000  0.140000   -0.0000021681046770
0.580000  0.140000   -0.0000023008100032
0.620000  0.140000   -0.0000024113055467
0.660000  0.140000   -0.0000025614426186
0.700000  0.140000   -0.0000027487173069
0.740000  0.140000   -0.0000027772523558
0.780000  0.140000   -0.0000028681928130
0.820000  0.140000   -0.0000028090759431
0.860000  0.140000   -0.0000026865965250
0.900000  0.140000   -0.0000023674987845
0.940000  0.140000   -0.0000019914957958
0.980000  0.140000   -0.0000012019267464
-.780000  0.180000    0.0000001131194364
-.740000  0.180000    0.0000002657073847
-.700000  0.180000    0.0000004605178322
-.660000  0.180000    0.0000006335137711
-.620000  0.180000    0.0000008557090752
-.580000  0.180000    0.0000010869206038
-.540000  0.180000    0.0000013174555995
-.500000  0.180000    0.0000015385351564
-.460000  0.180000    0.0000017394053286
-.420000  0.180000    0.0000019098964723
-.380000  0.180000    0.0000020400061903
-.340000  0.180000    0.0000021193152687
-.300000  0.180000    0.0000021367231845
-.260000  0.180000    0.0000020757189814
-.220000  0.180000    0.0000019148808931
-.180000  0.180000    0.0000024118811450
-.140000  0.180000    0.0000020689406691
-.100000  0.180000    0.0000015075806545
-.060000  0.180000    0.0000017553100919
-.020000  0.180000    0.0000018041688789
0.020000  0.180000    0.0000015791457597
0.060000  0.180000    0.0000011044185639
0.100000  0.180000    0.0000004883150586
0.140000  0.180000    0.0000005811779177
0.180000  0.180000    0.0000004800444142
0.220000  0.180000   -0.0000002519270607
0.260000  0.180000   -0.0000004586825541
0.300000  0.180000   -0.0000007203168211
0.340000  0.180000   -0.0000010146850566
0.380000  0.180000   -0.0000013242206377
0.420000  0.180000   -0.0000016476523337
0.460000  0.180000   -0.0000019605945677
0.500000  0.180000   -0.0000022395281079
0.540000  0.180000   -0.0000025251889383
0.580000  0.180000   -0.0000027977581008
0.620000  0.180000   -0.0000030752511308
0.660000  0.180000   -0.0000033282266399
0.700000  0.180000   -0.0000033976005221
0.740000  0.180000   -0.0000035563983766
0.780000  0.180000   -0.0000035328926005
0.820000  0.180000   -0.0000034354938008
0.860000  0.180000   -0.0000032588417687
0.900000  0.180000   -0.0000030063165104
0.940000  0.180000   -0.0000023618245570
0.980000  0.180000   -0.0000012224933576
-.780000  0.220000    0.0000001043148051
-.740000  0.220000    0.0000003004570139
-.700000  0.220000    0.0000005032417668
-.660000  0.220000    0.0000007582427438
-.620000  0.220000    0.0000009586418865
-.580000  0.220000    0.0000012224471823
-.540000  0.220000    0.0000014823363266
-.500000  0.220000    0.0000017268197312
-.460000  0.220000    0.0000019417076567
-.420000  0.220000    0.0000021131007988
-.380000  0.220000    0.0000022282015277
-.340000  0.220000    0.0000022719681062
-.300000  0.220000    0.0000022295065800
-.260000  0.220000    0.0000027224316286
-.220000  0.220000    0.0000025454949780
-.180000  0.220000    0.0000022143073558
-.140000  0.220000    0.0000026255711020
-.100000  0.220000    0.0000019735255501
-.060000  0.220000    0.0000021337526135
-.020000  0.220000    0.0000020997068184
0.020000  0.220000    0.0000018318759452
0.060000  0.220000    0.0000013498049200
0.100000  0.220000    0.0000007249983215
0.140000  0.220000    0.0000008142018328
0.180000  0.220000    0.0000000384665027
0.220000  0.220000   -0.0000001198625247
0.260000  0.220000   -0.0000003828814805
0.300000  0.220000   -0.0000011048244569
0.340000  0.220000   -0.0000014100102250
0.380000  0.220000   -0.0000017466069788
0.420000  0.220000   -0.0000020982016828
0.460000  0.220000   -0.0000024635759555
0.500000  0.220000   -0.0000028236250176
0.540000  0.220000   -0.0000031663349907
0.580000  0.220000   -0.0000034915286070
0.620000  0.220000   -0.0000037823057713
0.660000  0.220000   -0.0000039069321436
0.700000  0.220000   -0.0000041386656239
0.740000  0.220000   -0.0000041657203008
0.780000  0.220000   -0.0000042830363683
0.820000  0.220000   -0.0000041570408906
0.860000  0.220000   -0.0000039331408430
0.900000  0.220000   -0.0000034128344694
0.940000  0.220000   -0.0000026420576244
-.780000  0.260000    0.0000000875372310
-.740000  0.260000    0.0000002917391771
-.700000  0.260000    0.0000005539295917
-.660000  0.260000    0.0000007970018531
-.620000  0.260000    0.0000011037319483
-.580000  0.260000    0.0000014246612874
-.540000  0.260000    0.0000017463926237
-.500000  0.260000    0.0000020540696200
-.460000  0.260000    0.0000023308613321
-.420000  0.260000    0.0000025605565225
-.380000  0.260000    0.0000027251696787
-.340000  0.260000    0.0000028062570795
-.300000  0.260000    0.0000027843563215
-.260000  0.260000    0.0000026384212455
-.220000  0.260000    0.0000031121422329
-.180000  0.260000    0.0000027413341030
-.140000  0.260000    0.0000031036522281
-.100000  0.260000    0.0000023824149365
-.060000  0.260000    0.0000024642529522
-.020000  0.260000    0.0000023629394564
0.020000  0.260000    0.0000020556420957
0.060000  0.260000    0.0000015587386570
0.100000  0.260000    0.0000009230679762
0.140000  0.260000    0.0000009994817706
0.180000  0.260000    0.0000001839471253
0.220000  0.260000   -0.0000000093859417
0.260000  0.260000   -0.0000008235719003
0.300000  0.260000   -0.0000011353108798
0.340000  0.260000   -0.0000015060018064
0.380000  0.260000   -0.0000019126762988
0.420000  0.260000   -0.0000023366483525
0.460000  0.260000   -0.0000027627985637
0.500000  0.260000   -0.0000031804451402
0.540000  0.260000   -0.0000035823113378
0.580000  0.260000   -0.0000039590247366
0.620000  0.260000   -0.0000043028998809
0.660000  0.260000   -0.0000046081244253
0.700000  0.260000   -0.0000046927336975
0.740000  0.260000   -0.0000048836148954
0.780000  0.260000   -0.0000048103636722
0.820000  0.260000   -0.0000046300627841
0.860000  0.260000   -0.0000043418025607
0.900000  0.260000   -0.0000037180368095
0.940000  0.260000   -0.0000026466354148
-.780000  0.300000    0.0000000474375725
-.740000  0.300000    0.0000002800570414
-.700000  0.300000    0.0000005363585503
-.660000  0.300000    0.0000008562873833
-.620000  0.300000    0.0000011230971924
-.580000  0.300000    0.0000014623651247
-.540000  0.300000    0.0000017987048955
-.500000  0.300000    0.0000021140301890
-.460000  0.300000    0.0000023886854216
-.420000  0.300000    0.0000026026203058
-.380000  0.300000    0.0000027351339222
-.340000  0.300000    0.0000032742745894
-.300000  0.300000    0.0000032741681749
-.260000  0.300000    0.0000031322192445
-.220000  0.300000    0.0000028254800923
-.180000  0.300000    0.0000031941920349
-.140000  0.300000    0.0000025795089859
-.100000  0.300000    0.0000027326742811
-.060000  0.300000    0.0000027477090255
-.020000  0.300000    0.0000025903912000
0.020000  0.300000    0.0000022470507226
0.060000  0.300000    0.0000017317919794
0.100000  0.300000    0.0000010833163031
0.140000  0.300000    0.0000003537288693
0.180000  0.300000    0.0000002947221046
0.220000  0.300000   -0.0000005403272919
0.260000  0.300000   -0.0000008068282957
0.300000  0.300000   -0.0000011706760259
0.340000  0.300000   -0.0000015992540215
0.380000  0.300000   -0.0000023972241933
0.420000  0.300000   -0.0000028388557676
0.460000  0.300000   -0.0000032930969433
0.500000  0.300000   -0.0000037419626424
0.540000  0.300000   -0.0000041763150338
0.580000  0.300000   -0.0000045864617898
0.620000  0.300000   -0.0000049598273205
0.660000  0.300000   -0.0000051050128136
0.700000  0.300000   -0.0000053750030340
0.740000  0.300000   -0.0000053642631862
0.780000  0.300000   -0.0000054781519095
0.820000  0.300000   -0.0000052558983280
0.860000  0.300000   -0.0000046423212214
0.900000  0.300000   -0.0000039206112090
0.940000  0.300000   -0.0000025528567932
-.740000  0.340000    0.0000002232864967
-.700000  0.340000    0.0000005240048792
-.660000  0.340000    0.0000008182781380
-.620000  0.340000    0.0000011826456635
-.580000  0.340000    0.0000015668311489
-.540000  0.340000    0.0000019530694040
-.500000  0.340000    0.0000023212827715
-.460000  0.340000    0.0000026492976704
-.420000  0.340000    0.0000029130027253
-.380000  0.340000    0.0000030891442227
-.340000  0.340000    0.0000031534352486
-.300000  0.340000    0.0000036781190055
-.260000  0.340000    0.0000035443115154
-.220000  0.340000    0.0000032324065899
-.180000  0.340000    0.0000035656301944
-.140000  0.340000    0.0000029267284926
-.100000  0.340000    0.0000030240169723
-.060000  0.340000    0.0000029824276063
-.020000  0.340000    0.0000027781521160
0.020000  0.340000    0.0000024025229001
0.060000  0.340000    0.0000018682888387
0.100000  0.340000    0.0000012063686043
0.140000  0.340000    0.0000004588389546
0.180000  0.340000    0.0000003686770439
0.220000  0.340000   -0.0000005036000891
0.260000  0.340000   -0.0000008110512422
0.300000  0.340000   -0.0000012197419758
0.340000  0.340000   -0.0000021034596558
0.380000  0.340000   -0.0000025706021374
0.420000  0.340000   -0.0000030666378415
0.460000  0.340000   -0.0000035730666712
0.500000  0.340000   -0.0000040720284077
0.540000  0.340000   -0.0000045509196925
0.580000  0.340000   -0.0000049983381514
0.620000  0.340000   -0.0000054015722147
0.660000  0.340000   -0.0000057489785683
0.700000  0.340000   -0.0000058077393225
0.740000  0.340000   -0.0000060028797355
0.780000  0.340000   -0.0000058457417532
0.820000  0.340000   -0.0000055531950949
0.860000  0.340000   -0.0000048344604411
0.900000  0.340000   -0.0000037617284304
0.940000  0.340000   -0.0000016313680018
-.740000  0.380000    0.0000001611980982
-.700000  0.380000    0.0000004770808158
-.660000  0.380000    0.0000007977984906
-.620000  0.380000    0.0000011926178225
-.580000  0.380000    0.0000016135857912
-.540000  0.380000    0.0000020415237069
-.500000  0.380000    0.0000024552817890
-.460000  0.380000    0.0000028300838740
-.420000  0.380000    0.0000031401340976
-.380000  0.380000    0.0000033575908801
-.340000  0.380000    0.0000034563528874
-.300000  0.380000    0.0000034113116333
-.260000  0.380000    0.0000038646558820
-.220000  0.380000    0.0000035562714487
-.180000  0.380000    0.0000038538352508
-.140000  0.380000    0.0000032049330903
-.100000  0.380000    0.0000032541009455
-.060000  0.380000    0.0000031659954436
-.020000  0.380000    0.0000029222782242
0.020000  0.380000    0.0000025188443697
0.060000  0.380000    0.0000019670252798
0.100000  0.380000    0.0000012924849230
0.140000  0.380000    0.0000005301621376
0.180000  0.380000    0.0000004060074048
0.220000  0.380000   -0.0000004938389095
0.260000  0.380000   -0.0000008388849891
0.300000  0.380000   -0.0000017647409718
0.340000  0.380000   -0.0000022248325562
0.380000  0.380000   -0.0000027377367526
0.420000  0.380000   -0.0000032796369907
0.460000  0.380000   -0.0000038296006882
0.500000  0.380000   -0.0000043683210566
0.540000  0.380000   -0.0000048814466307
0.580000  0.380000   -0.0000053557287135
0.620000  0.380000   -0.0000057776286627
0.660000  0.380000   -0.0000061340753293
0.700000  0.380000   -0.0000061505766585
0.740000  0.380000   -0.0000063301006829
0.780000  0.380000   -0.0000061055163073
0.820000  0.380000   -0.0000057370110218
0.860000  0.380000   -0.0000049175230277
0.900000  0.380000   -0.0000035029742418
-.740000  0.420000    0.0000000759703655
-.700000  0.420000    0.0000003664025471
-.660000  0.420000    0.0000007346894783
-.620000  0.420000    0.0000011510141615
-.580000  0.420000    0.0000014907845878
-.540000  0.420000    0.0000019120142952
-.500000  0.420000    0.0000023143981748
-.460000  0.420000    0.0000026709861325
-.420000  0.420000    0.0000029538176210
-.380000  0.420000    0.0000035307674530
-.340000  0.420000    0.0000036641103511
-.300000  0.420000    0.0000036477478998
-.260000  0.420000    0.0000040879001866
-.220000  0.420000    0.0000037927868260
-.180000  0.420000    0.0000040560293191
-.140000  0.420000    0.0000034134270552
-.100000  0.420000    0.0000034221528759
-.060000  0.420000    0.0000032954220060
-.020000  0.420000    0.0000030197524678
0.020000  0.420000    0.0000025933784473
0.060000  0.420000    0.0000020268805428
0.100000  0.420000    0.0000013424675191
0.140000  0.420000    0.0000005679828671
0.180000  0.420000    0.0000004084845191
0.220000  0.420000   -0.0000005111156979
0.260000  0.420000   -0.0000008903726882
0.300000  0.420000   -0.0000018519657982
0.340000  0.420000   -0.0000023500095870
0.380000  0.420000   -0.0000029003247494
0.420000  0.420000   -0.0000038141953834
0.460000  0.420000   -0.0000043669487077
0.500000  0.420000   -0.0000049124922953
0.540000  0.420000   -0.0000054340712024
0.580000  0.420000   -0.0000059158612128
0.620000  0.420000   -0.0000060811347215
0.660000  0.420000   -0.0000064342572738
0.700000  0.420000   -0.0000066977103025
0.740000  0.420000   -0.0000065511521062
0.780000  0.420000   -0.0000062523307239
0.820000  0.420000   -0.0000054653518401
0.860000  0.420000   -0.0000045790703093
0.900000  0.420000   -0.0000027553513329
-.700000  0.460000    0.0000002802774936
-.660000  0.460000    0.0000006302282640
-.620000  0.460000    0.0000010578894950
-.580000  0.460000    0.0000014236518532
-.540000  0.460000    0.0000018706379335
-.500000  0.460000    0.0000023042886301
-.460000  0.460000    0.0000026970501730
-.420000  0.460000    0.0000030184662773
-.380000  0.460000    0.0000036046203376
-.340000  0.460000    0.0000037719844921
-.300000  0.460000    0.0000037873698759
-.260000  0.460000    0.0000042125523841
-.220000  0.460000    0.0000039396745475
-.180000  0.460000    0.0000041738577828
-.140000  0.460000    0.0000035498253443
-.100000  0.460000    0.0000035256440242
-.060000  0.460000    0.0000033685905026
-.020000  0.460000    0.0000030679982971
0.020000  0.460000    0.0000026240077923
0.060000  0.460000    0.0000020468688014
0.100000  0.460000    0.0000013548391515
0.140000  0.460000    0.0000005725859316
0.180000  0.460000    0.0000003773148323
0.220000  0.460000   -0.0000005540031595
0.260000  0.460000   -0.0000009637680088
0.300000  0.460000   -0.0000019496284033
0.340000  0.460000   -0.0000024787427417
0.380000  0.460000   -0.0000030574512382
0.420000  0.460000   -0.0000040102445980
0.460000  0.460000   -0.0000045889675451
0.500000  0.460000   -0.0000051555497542
0.540000  0.460000   -0.0000056911242347
0.580000  0.460000   -0.0000061787419009
0.620000  0.460000   -0.0000063083072396
0.660000  0.460000   -0.0000066449976005
0.700000  0.460000   -0.0000065500887020
0.740000  0.460000   -0.0000066613943312
0.780000  0.460000   -0.0000062847983156
0.820000  0.460000   -0.0000054043847063
0.860000  0.460000   -0.0000038653727097
-.700000  0.500000    0.0000001379531095
-.660000  0.500000    0.0000004873396848
-.620000  0.500000    0.0000009160405159
-.580000  0.500000    0.0000012989290183
-.540000  0.500000    0.0000017605711656
-.500000  0.500000    0.0000022161256139
-.460000  0.500000    0.0000026368716077
-.420000  0.500000    0.0000029916115201
-.380000  0.500000    0.0000035782662755
-.340000  0.500000    0.0000037796839586
-.300000  0.500000    0.0000038295524114
-.260000  0.500000    0.0000042393280341
-.220000  0.500000    0.0000039972743645
-.180000  0.500000    0.0000042067073144
-.140000  0.500000    0.0000036139733648
-.100000  0.500000    0.0000035641980375
-.060000  0.500000    0.0000033838064387
-.020000  0.500000    0.0000030652341238
0.020000  0.500000    0.0000026095156304
0.060000  0.500000    0.0000020261547545
0.100000  0.500000    0.0000013308547015
0.140000  0.500000    0.0000005455665222
0.180000  0.500000    0.0000003156802510
0.220000  0.500000   -0.0000006196845363
0.260000  0.500000   -0.0000010560805742
0.300000  0.500000   -0.0000020556026371
0.340000  0.500000   -0.0000026077528840
0.380000  0.500000   -0.0000032065362359
0.420000  0.500000   -0.0000041840711045
0.460000  0.500000   -0.0000047775444001
0.500000  0.500000   -0.0000053527399992
0.540000  0.500000   -0.0000058896929357
0.580000  0.500000   -0.0000063698638817
0.620000  0.500000   -0.0000064536521254
0.660000  0.500000   -0.0000067602492983
0.700000  0.500000   -0.0000065977806873
0.740000  0.500000   -0.0000062840607692
0.780000  0.500000   -0.0000058256075981
0.820000  0.500000   -0.0000048913732000
0.860000  0.500000   -0.0000027583723309
-.660000  0.540000    0.0000003125157934
-.620000  0.540000    0.0000007302574164
-.580000  0.540000    0.0000011210196200
-.540000  0.540000    0.0000015870480200
-.500000  0.540000    0.0000020539282260
-.460000  0.540000    0.0000024936427714
-.420000  0.540000    0.0000028748229806
-.380000  0.540000    0.0000034557343133
-.340000  0.540000    0.0000036888261062
-.300000  0.540000    0.0000037749378761
-.260000  0.540000    0.0000041701073888
-.220000  0.540000    0.0000039660104885
-.180000  0.540000    0.0000041559902194
-.140000  0.540000    0.0000036048006141
-.100000  0.540000    0.0000035360505916
-.060000  0.540000    0.0000033397935480
-.020000  0.540000    0.0000030106001450
0.020000  0.540000    0.0000025496058135
0.060000  0.540000    0.0000019650141061
0.100000  0.540000    0.0000012720129831
0.140000  0.540000    0.0000004890311382
0.180000  0.540000    0.0000002272263473
0.220000  0.540000   -0.0000007056386632
0.260000  0.540000   -0.0000011633906533
0.300000  0.540000   -0.0000021660280490
0.340000  0.540000   -0.0000027335919427
0.380000  0.540000   -0.0000033421512229
0.420000  0.540000   -0.0000043303082934
0.460000  0.540000   -0.0000049274871466
0.500000  0.540000   -0.0000054987824681
0.540000  0.540000   -0.0000060238910744
0.580000  0.540000   -0.0000064827170746
0.620000  0.540000   -0.0000065111429006
0.660000  0.540000   -0.0000067744890946
0.700000  0.540000   -0.0000065384477097
0.740000  0.540000   -0.0000061494840383
0.780000  0.540000   -0.0000052522028654
0.820000  0.540000   -0.0000037340091384
-.660000  0.580000    0.0000001305169118
-.620000  0.580000    0.0000005081261232
-.580000  0.580000    0.0000009609143405
-.540000  0.580000    0.0000013568363781
-.500000  0.580000    0.0000018247266432
-.460000  0.580000    0.0000022739865933
-.420000  0.580000    0.0000026736425019
-.380000  0.580000    0.0000032432927931
-.340000  0.580000    0.0000035048447505
-.300000  0.580000    0.0000036272623072
-.260000  0.580000    0.0000040092375460
-.220000  0.580000    0.0000038483138144
-.180000  0.580000    0.0000040233649146
-.140000  0.580000    0.0000040909077334
-.100000  0.580000    0.0000034424878566
-.060000  0.580000    0.0000032377661106
-.020000  0.580000    0.0000029043370444
0.020000  0.580000    0.0000024439229559
0.060000  0.580000    0.0000018644190200
0.100000  0.580000    0.0000011790582160
0.140000  0.580000    0.0000009836259207
0.180000  0.580000    0.0000001142958372
0.220000  0.580000   -0.0000008077195310
0.260000  0.580000   -0.0000012810943255
0.300000  0.580000   -0.0000022761701212
0.340000  0.580000   -0.0000028507173251
0.380000  0.580000   -0.0000034594604258
0.420000  0.580000   -0.0000044438726046
0.460000  0.580000   -0.0000050321505628
0.500000  0.580000   -0.0000055869803027
0.540000  0.580000   -0.0000060867583756
0.580000  0.580000   -0.0000061529832792
0.620000  0.580000   -0.0000064752492787
0.660000  0.580000   -0.0000062979954494
0.700000  0.580000   -0.0000059774681992
0.740000  0.580000   -0.0000055231461347
0.780000  0.580000   -0.0000042912550691
-.620000  0.620000    0.0000002870465484
-.580000  0.620000    0.0000006866486660
-.540000  0.620000    0.0000011540452432
-.500000  0.620000    0.0000016390665657
-.460000  0.620000    0.0000021184893027
-.420000  0.620000    0.0000025653688538
-.380000  0.620000    0.0000029485562482
-.340000  0.620000    0.0000032348577104
-.300000  0.620000    0.0000033922268857
-.260000  0.620000    0.0000037616980721
-.220000  0.620000    0.0000036479549066
-.180000  0.620000    0.0000038131467760
-.140000  0.620000    0.0000038717124296
-.100000  0.620000    0.0000038109043186
-.060000  0.620000    0.0000030779705675
-.020000  0.620000    0.0000027472466106
0.020000  0.620000    0.0000022943440211
0.060000  0.620000    0.0000017263807275
0.100000  0.620000    0.0000016035654955
0.140000  0.620000    0.0000008301494075
0.180000  0.620000   -0.0000000179337045
0.220000  0.620000   -0.0000009206728108
0.260000  0.620000   -0.0000014032077899
0.300000  0.620000   -0.0000023800103420
0.340000  0.620000   -0.0000029526131582
0.380000  0.620000   -0.0000035510510698
0.420000  0.620000   -0.0000041497746513
0.460000  0.620000   -0.0000047234788764
0.500000  0.620000   -0.0000052496389861
0.540000  0.620000   -0.0000057070921245
0.580000  0.620000   -0.0000060770044822
0.620000  0.620000   -0.0000059540998667
0.660000  0.620000   -0.0000060905795318
0.700000  0.620000   -0.0000053183231622
0.740000  0.620000   -0.0000044907267735
0.780000  0.620000   -0.0000025909717684
-.620000  0.660000    0.0000000229219782
-.580000  0.660000    0.0000004232422761
-.540000  0.660000    0.0000008248379456
-.500000  0.660000    0.0000012876806310
-.460000  0.660000    0.0000017521950836
-.420000  0.660000    0.0000021934066956
-.380000  0.660000    0.0000025824850649
-.340000  0.660000    0.0000028875425262
-.300000  0.660000    0.0000033358931989
-.260000  0.660000    0.0000034344834944
-.220000  0.660000    0.0000037179445547
-.180000  0.660000    0.0000035284809678
-.140000  0.660000    0.0000035839213148
-.100000  0.660000    0.0000035240772594
-.060000  0.660000    0.0000033416185249
-.020000  0.660000    0.0000030333927024
0.020000  0.660000    0.0000026018768399
0.060000  0.660000    0.0000020536798983
0.100000  0.660000    0.0000013996932091
0.140000  0.660000    0.0000006548086541
0.180000  0.660000   -0.0000001646735409
0.220000  0.660000   -0.0000005958025247
0.260000  0.660000   -0.0000015235230341
0.300000  0.660000   -0.0000020669961343
0.340000  0.660000   -0.0000030320823896
0.380000  0.660000   -0.0000036096578246
0.420000  0.660000   -0.0000041791310483
0.460000  0.660000   -0.0000047155205103
0.500000  0.660000   -0.0000051964925256
0.540000  0.660000   -0.0000056008182717
0.580000  0.660000   -0.0000055266687362
0.620000  0.660000   -0.0000057173310839
0.660000  0.660000   -0.0000050210181922
0.700000  0.660000   -0.0000042783510663
0.740000  0.660000   -0.0000030852540314
-.580000  0.700000    0.0000001154832501
-.540000  0.700000    0.0000005167232974
-.500000  0.700000    0.0000009710976281
-.460000  0.700000    0.0000014340147088
-.420000  0.700000    0.0000017708546382
-.380000  0.700000    0.0000022978541663
-.340000  0.700000    0.0000026477031371
-.300000  0.700000    0.0000029035255371
-.260000  0.700000    0.0000032801426980
-.220000  0.700000    0.0000033106487326
-.180000  0.700000    0.0000034970274475
-.140000  0.700000    0.0000032333999604
-.100000  0.700000    0.0000031802505982
-.060000  0.700000    0.0000030097059424
-.020000  0.700000    0.0000027196413930
0.020000  0.700000    0.0000023117600168
0.060000  0.700000    0.0000017922352654
0.100000  0.700000    0.0000011713325941
0.140000  0.700000    0.0000004618399501
0.180000  0.700000    0.0000000959490075
0.220000  0.700000   -0.0000007492311145
0.260000  0.700000   -0.0000012459987594
0.300000  0.700000   -0.0000021610173698
0.340000  0.700000   -0.0000027125407505
0.380000  0.700000   -0.0000032660959348
0.420000  0.700000   -0.0000041564725893
0.460000  0.700000   -0.0000042830368798
0.500000  0.700000   -0.0000047026685956
0.540000  0.700000   -0.0000050372227968
0.580000  0.700000   -0.0000048970582216
0.620000  0.700000   -0.0000046524649724
0.660000  0.700000   -0.0000039968928971
0.700000  0.700000   -0.0000029152385867
-.540000  0.740000    0.0000001666285063
-.500000  0.740000    0.0000006007364359
-.460000  0.740000    0.0000009793805327
-.420000  0.740000    0.0000014030932304
-.380000  0.740000    0.0000018003913885
-.340000  0.740000    0.0000021467500505
-.300000  0.740000    0.0000025793599697
-.260000  0.740000    0.0000027747828937
-.220000  0.740000    0.0000030674454623
-.180000  0.740000    0.0000030275153154
-.140000  0.740000    0.0000031147593149
-.100000  0.740000    0.0000030941591241
-.060000  0.740000    0.0000026313376806
-.020000  0.740000    0.0000023654477283
0.020000  0.740000    0.0000019876821486
0.060000  0.740000    0.0000015038729786
0.100000  0.740000    0.0000012941464760
0.140000  0.740000    0.0000006317048939
0.180000  0.740000   -0.0000001044387646
0.220000  0.740000   -0.0000005393304253
0.260000  0.740000   -0.0000013733089026
0.300000  0.740000   -0.0000018811632719
0.340000  0.740000   -0.0000027452732120
0.380000  0.740000   -0.0000032527671680
0.420000  0.740000   -0.0000037299890426
0.460000  0.740000   -0.0000041544974835
0.500000  0.740000   -0.0000041548461315
0.540000  0.740000   -0.0000044173368156
0.580000  0.740000   -0.0000042341013285
0.620000  0.740000   -0.0000036698123480
0.660000  0.740000   -0.0000027266320955
-.500000  0.780000    0.0000001849928443
-.460000  0.780000    0.0000005660824310
-.420000  0.780000    0.0000009753867409
-.380000  0.780000    0.0000013664716543
-.340000  0.780000    0.0000017198475556
-.300000  0.780000    0.0000020137193798
-.260000  0.780000    0.0000023760306836
-.220000  0.780000    0.0000025053550806
-.180000  0.780000    0.0000027099520872
-.140000  0.780000    0.0000026029200111
-.100000  0.780000    0.0000025973235610
-.060000  0.780000    0.0000024856299676
-.020000  0.780000    0.0000022649802311
0.020000  0.780000    0.0000019370073999
0.060000  0.780000    0.0000015064667260
0.100000  0.780000    0.0000009816620108
0.140000  0.780000    0.0000003736525476
0.180000  0.780000    0.0000000144958402
0.220000  0.780000   -0.0000007132320012
0.260000  0.780000   -0.0000011635949446
0.300000  0.780000   -0.0000019482414708
0.340000  0.780000   -0.0000024178300945
0.380000  0.780000   -0.0000028690755307
0.420000  0.780000   -0.0000032811295968
0.460000  0.780000   -0.0000036350954086
0.500000  0.780000   -0.0000035918634039
0.540000  0.780000   -0.0000034812363581
0.580000  0.780000   -0.0000030549185273
0.620000  0.780000   -0.0000020547534431
-.460000  0.820000    0.0000001401659647
-.420000  0.820000    0.0000005560207847
-.380000  0.820000    0.0000008805587572
-.340000  0.820000    0.0000012267201827
-.300000  0.820000    0.0000015260659495
-.260000  0.820000    0.0000018797282180
-.220000  0.820000    0.0000020460799631
-.180000  0.820000    0.0000022635544331
-.140000  0.820000    0.0000022301243485
-.100000  0.820000    0.0000022584540102
-.060000  0.820000    0.0000021881347530
-.020000  0.820000    0.0000020165196217
0.020000  0.820000    0.0000017444071869
0.060000  0.820000    0.0000013760860433
0.100000  0.820000    0.0000009187845613
0.140000  0.820000    0.0000003825481302
0.180000  0.820000    0.0000000461475682
0.220000  0.820000   -0.0000005996428714
0.260000  0.820000   -0.0000010055863339
0.300000  0.820000   -0.0000016998454257
0.340000  0.820000   -0.0000021113042482
0.380000  0.820000   -0.0000024967742320
0.420000  0.820000   -0.0000025543773285
0.460000  0.820000   -0.0000028437261239
0.500000  0.820000   -0.0000028052115575
0.540000  0.820000   -0.0000023153960777
-.420000  0.860000    0.0000000302147203
-.380000  0.860000    0.0000004019708083
-.340000  0.860000    0.0000007580288562
-.300000  0.860000    0.0000010672891576
-.260000  0.860000    0.0000013196464735
-.220000  0.860000    0.0000015041520493
-.180000  0.860000    0.0000017268573952
-.140000  0.860000    0.0000017455041465
-.100000  0.860000    0.0000018033365494
-.060000  0.860000    0.0000017726554577
-.020000  0.860000    0.0000016502893881
0.020000  0.860000    0.0000014363298830
0.060000  0.860000    0.0000011344892390
0.100000  0.860000    0.0000007511120500
0.140000  0.860000    0.0000002951357680
0.180000  0.860000   -0.0000000013441418
0.220000  0.860000   -0.0000005556451738
0.260000  0.860000   -0.0000009071274866
0.300000  0.860000   -0.0000012637978215
0.340000  0.860000   -0.0000016095403207
0.380000  0.860000   -0.0000019323935458
0.420000  0.860000   -0.0000019939862395
0.460000  0.860000   -0.0000018549768450
0.500000  0.860000   -0.0000015898548528
-.340000  0.900000    0.0000002168008950
-.300000  0.900000    0.0000005210357575
-.260000  0.900000    0.0000007922127665
-.220000  0.900000    0.0000009960043356
-.180000  0.900000    0.0000011284203444
-.140000  0.900000    0.0000012885675324
-.100000  0.900000    0.0000012626018357
-.060000  0.900000    0.0000012666791854
-.020000  0.900000    0.0000011901494477
0.020000  0.900000    0.0000010326674464
0.060000  0.900000    0.0000007969327680
0.100000  0.900000    0.0000004882643996
0.140000  0.900000    0.0000002848082314
0.180000  0.900000   -0.0000001343139155
0.220000  0.900000   -0.0000004118940447
0.260000  0.900000   -0.0000007065309930
0.300000  0.900000   -0.0000010088043256
0.340000  0.900000   -0.0000011320891084
0.380000  0.900000   -0.0000012820554177
0.420000  0.900000   -0.0000012685270908
-.260000  0.940000    0.0000002169557819
-.220000  0.940000    0.0000004513161551
-.180000  0.940000    0.0000006301103987
-.140000  0.940000    0.0000007271929643
-.100000  0.940000    0.0000008397695641
-.060000  0.940000    0.0000007831592509
-.020000  0.940000    0.0000007514850941
0.020000  0.940000    0.0000006499201016
0.060000  0.940000    0.0000004799883728
0.100000  0.940000    0.0000003715316871
0.140000  0.940000    0.0000000848061040
0.180000  0.940000   -0.0000001181915774
0.220000  0.940000   -0.0000003575282977
0.260000  0.940000   -0.0000005044597223
0.300000  0.940000   -0.0000007222261425
0.340000  0.940000   -0.0000007887341901
-.140000  0.980000    0.0000001708326011
-.100000  0.980000    0.0000003191703976
-.060000  0.980000    0.0000003535190338
-.020000  0.980000    0.0000002982108639
0.020000  0.980000    0.0000002412226566
0.060000  0.980000    0.0000001982914917
0.100000  0.980000    0.0000000897930672
0.140000  0.980000   -0.0000000921675753
0.180000  0.980000   -0.0000002629983950
