-.140000  -.980000    0.0000011177702718
-.100000  -.980000    0.0000015729549762
-.060000  -.980000    0.0000017704137575
-.020000  -.980000    0.0000018359400105
0.020000  -.980000    0.0000019394668330
0.060000  -.980000    0.0000021049592954
0.100000  -.980000    0.0000022143850477
0.140000  -.980000    0.0000022621556670
0.180000  -.980000    0.0000023614398245
-.300000  -.940000    0.0000001427240218
-.260000  -.940000    0.0000009950735326
-.220000  -.940000    0.0000013162365567
-.180000  -.940000    0.0000015111478950
-.140000  -.940000    0.0000015742246095
-.100000  -.940000    0.0000016700803743
-.060000  -.940000    0.0000015739630439
-.020000  -.940000    0.0000015727067177
0.020000  -.940000    0.0000015488953138
0.060000  -.940000    0.0000015130614672
0.100000  -.940000    0.0000016388447361
0.140000  -.940000    0.0000016094927152
0.180000  -.940000    0.0000017432383756
0.220000  -.940000    0.0000018721740879
0.260000  -.940000    0.0000021003255363
0.300000  -.940000    0.0000022545374554
0.340000  -.940000    0.0000024379851846
-.380000  -.900000    0.0000002240540359
-.340000  -.900000    0.0000008945093304
-.300000  -.900000    0.0000011798894516
-.260000  -.900000    0.0000013531452573
-.220000  -.900000    0.0000013953390810
-.180000  -.900000    0.0000013314722004
-.140000  -.900000    0.0000013226977274
-.100000  -.900000    0.0000011139467831
-.060000  -.900000    0.0000010201998544
-.020000  -.900000    0.0000009081683585
0.020000  -.900000    0.0000007921198035
0.060000  -.900000    0.0000006836371920
0.100000  -.900000    0.0000005902682387
0.140000  -.900000    0.0000007264683467
0.180000  -.900000    0.0000006885941933
0.220000  -.900000    0.0000008819813763
0.260000  -.900000    0.0000010917943272
0.300000  -.900000    0.0000013084713574
0.340000  -.900000    0.0000016643724548
0.380000  -.900000    0.0000019458445800
0.420000  -.900000    0.0000022518100131
-.420000  -.860000    0.0000006103871484
-.380000  -.860000    0.0000009699311159
-.340000  -.860000    0.0000011913068737
-.300000  -.860000    0.0000012728853147
-.260000  -.860000    0.0000012382395936
-.220000  -.860000    0.0000011014565900
-.180000  -.860000    0.0000010160889511
-.140000  -.860000    0.0000007351048823
-.100000  -.860000    0.0000005627792238
-.060000  -.860000    0.0000003737185512
-.020000  -.860000    0.0000001792456231
0.020000  -.860000   -0.0000000051568963
0.060000  -.860000   -0.0000001678086629
0.100000  -.860000   -0.0000003010418424
0.140000  -.860000   -0.0000003992305568
0.180000  -.860000   -0.0000002403233544
0.220000  -.860000   -0.0000002510866315
0.260000  -.860000   -0.0000000027235842
0.300000  -.860000    0.0000002811780907
0.340000  -.860000    0.0000005866379604
0.380000  -.860000    0.0000008955138325
0.420000  -.860000    0.0000013475620317
0.460000  -.860000    0.0000018131794795
0.500000  -.860000    0.0000021776411612
-.500000  -.820000    0.0000001817157898
-.460000  -.820000    0.0000006952043567
-.420000  -.820000    0.0000010176189467
-.380000  -.820000    0.0000011105131914
-.340000  -.820000    0.0000011435444624
-.300000  -.820000    0.0000010633643050
-.260000  -.820000    0.0000009971039364
-.220000  -.820000    0.0000007408231416
-.180000  -.820000    0.0000005463491744
-.140000  -.820000    0.0000001724666372
-.100000  -.820000   -0.0000000863034998
-.060000  -.820000   -0.0000003505365213
-.020000  -.820000   -0.0000006091722445
0.020000  -.820000   -0.0000008480423541
0.060000  -.820000   -0.0000010541977364
0.100000  -.820000   -0.0000012194135036
0.140000  -.820000   -0.0000013379247231
0.180000  -.820000   -0.0000012110745103
0.220000  -.820000   -0.0000012202908240
0.260000  -.820000   -0.0000009711357375
0.300000  -.820000   -0.0000008773086115
0.340000  -.820000   -0.0000005261623746
0.380000  -.820000   -0.0000001420279133
0.420000  -.820000    0.0000004520379105
0.460000  -.820000    0.0000008218388370
0.500000  -.820000    0.0000012993830889
0.540000  -.820000    0.0000018393023936
-.540000  -.780000    0.0000002801583451
-.500000  -.780000    0.0000007133375434
-.460000  -.780000    0.0000009407150620
-.420000  -.780000    0.0000010828843628
-.380000  -.780000    0.0000011071424654
-.340000  -.780000    0.0000010202897471
-.300000  -.780000    0.0000008300024570
-.260000  -.780000    0.0000006607924691
-.220000  -.780000    0.0000003150110760
-.180000  -.780000    0.0000000360271332
-.140000  -.780000   -0.0000004005623040
-.100000  -.780000   -0.0000007243816571
-.060000  -.780000   -0.0000010467231679
-.020000  -.780000   -0.0000013530807918
0.020000  -.780000   -0.0000016295610942
0.060000  -.780000   -0.0000018661474353
0.100000  -.780000   -0.0000020536441669
0.140000  -.780000   -0.0000021843122660
0.180000  -.780000   -0.0000021049493579
0.220000  -.780000   -0.0000021091684928
0.260000  -.780000   -0.0000018855251380
0.300000  -.780000   -0.0000017672294098
0.340000  -.780000   -0.0000014118952459
0.380000  -.780000   -0.0000010009229281
0.420000  -.780000   -0.0000005536395259
0.460000  -.780000   -0.0000000936174669
0.500000  -.780000    0.0000005352816102
0.540000  -.780000    0.0000010752133457
0.580000  -.780000    0.0000015883409151
0.620000  -.780000    0.0000020231044556
-.580000  -.740000    0.0000002745436150
-.540000  -.740000    0.0000006736858505
-.500000  -.740000    0.0000009492647952
-.460000  -.740000    0.0000010475337621
-.420000  -.740000    0.0000010830424464
-.380000  -.740000    0.0000010090487236
-.340000  -.740000    0.0000008300904835
-.300000  -.740000    0.0000006523459130
-.260000  -.740000    0.0000003081703963
-.220000  -.740000    0.0000000042528805
-.180000  -.740000   -0.0000004416384198
-.140000  -.740000   -0.0000008071510817
-.100000  -.740000   -0.0000011810615319
-.060000  -.740000   -0.0000016396539137
-.020000  -.740000   -0.0000019771894476
0.020000  -.740000   -0.0000022786129335
0.060000  -.740000   -0.0000025315969990
0.100000  -.740000   -0.0000026464390689
0.140000  -.740000   -0.0000027788408445
0.180000  -.740000   -0.0000028420930557
0.220000  -.740000   -0.0000027353306460
0.260000  -.740000   -0.0000026571433442
0.300000  -.740000   -0.0000023869988021
0.340000  -.740000   -0.0000021805964320
0.380000  -.740000   -0.0000017732636663
0.420000  -.740000   -0.0000013082278125
0.460000  -.740000   -0.0000008071554118
0.500000  -.740000   -0.0000001136494693
0.540000  -.740000    0.0000003691090332
0.580000  -.740000    0.0000009457294387
0.620000  -.740000    0.0000014875929522
0.660000  -.740000    0.0000018811799321
-.620000  -.700000    0.0000002262109849
-.580000  -.700000    0.0000006327663153
-.540000  -.700000    0.0000008827600804
-.500000  -.700000    0.0000010579393821
-.460000  -.700000    0.0000011281937546
-.420000  -.700000    0.0000010285744313
-.380000  -.700000    0.0000009514644911
-.340000  -.700000    0.0000007119218131
-.300000  -.700000    0.0000003852213700
-.260000  -.700000    0.0000000766773901
-.220000  -.700000   -0.0000003664314424
-.180000  -.700000   -0.0000007573216002
-.140000  -.700000   -0.0000012409899402
-.100000  -.700000   -0.0000016455999297
-.060000  -.700000   -0.0000020370343449
-.020000  -.700000   -0.0000024002466607
0.020000  -.700000   -0.0000027204494458
0.060000  -.700000   -0.0000029854192936
0.100000  -.700000   -0.0000031868222249
0.140000  -.700000   -0.0000033165032311
0.180000  -.700000   -0.0000033445529584
0.220000  -.700000   -0.0000033217650902
0.260000  -.700000   -0.0000031748106562
0.300000  -.700000   -0.0000030016909085
0.340000  -.700000   -0.0000026830726944
0.380000  -.700000   -0.0000022763107317
0.420000  -.700000   -0.0000019286526452
0.460000  -.700000   -0.0000012711029761
0.500000  -.700000   -0.0000007191577760
0.540000  -.700000   -0.0000001703634162
0.580000  -.700000    0.0000004985781652
0.620000  -.700000    0.0000010613646806
0.660000  -.700000    0.0000015584493498
0.700000  -.700000    0.0000018776135651
-.660000  -.660000    0.0000001273970389
-.620000  -.660000    0.0000005265413407
-.580000  -.660000    0.0000008337298861
-.540000  -.660000    0.0000010067892893
-.500000  -.660000    0.0000011153815984
-.460000  -.660000    0.0000011218393580
-.420000  -.660000    0.0000010230649363
-.380000  -.660000    0.0000008223465982
-.340000  -.660000    0.0000005285298591
-.300000  -.660000    0.0000002371138728
-.260000  -.660000   -0.0000001906385160
-.220000  -.660000   -0.0000005864639457
-.180000  -.660000   -0.0000010735979220
-.140000  -.660000   -0.0000015069071434
-.100000  -.660000   -0.0000019406390711
-.060000  -.660000   -0.0000023574221857
-.020000  -.660000   -0.0000027413426143
0.020000  -.660000   -0.0000030764835977
0.060000  -.660000   -0.0000033503782076
0.100000  -.660000   -0.0000035541035751
0.140000  -.660000   -0.0000036787862926
0.180000  -.660000   -0.0000037191378308
0.220000  -.660000   -0.0000037120675200
0.260000  -.660000   -0.0000035884894810
0.300000  -.660000   -0.0000033944960849
0.340000  -.660000   -0.0000031183412927
0.380000  -.660000   -0.0000027524258629
0.420000  -.660000   -0.0000022996803366
0.460000  -.660000   -0.0000017791090055
0.500000  -.660000   -0.0000012136159774
0.540000  -.660000   -0.0000006298437748
0.580000  -.660000    0.0000000807385891
0.620000  -.660000    0.0000005982706279
0.660000  -.660000    0.0000012579505897
0.700000  -.660000    0.0000016782647852
0.740000  -.660000    0.0000018780923224
-.660000  -.620000    0.0000004177402240
-.620000  -.620000    0.0000007529309157
-.580000  -.620000    0.0000009725422584
-.540000  -.620000    0.0000011323611194
-.500000  -.620000    0.0000011981542825
-.460000  -.620000    0.0000011621232001
-.420000  -.620000    0.0000010224856645
-.380000  -.620000    0.0000007835510337
-.340000  -.620000    0.0000004567343295
-.300000  -.620000    0.0000000588355690
-.260000  -.620000   -0.0000003201987032
-.220000  -.620000   -0.0000008004285759
-.180000  -.620000   -0.0000012424762868
-.140000  -.620000   -0.0000017006751645
-.100000  -.620000   -0.0000021572839340
-.060000  -.620000   -0.0000025703280415
-.020000  -.620000   -0.0000029505818200
0.020000  -.620000   -0.0000032798391807
0.060000  -.620000   -0.0000035443204050
0.100000  -.620000   -0.0000038281791403
0.140000  -.620000   -0.0000039463151477
0.180000  -.620000   -0.0000039732731485
0.220000  -.620000   -0.0000039088874585
0.260000  -.620000   -0.0000038555986687
0.300000  -.620000   -0.0000036223435613
0.340000  -.620000   -0.0000033779229059
0.380000  -.620000   -0.0000030253613170
0.420000  -.620000   -0.0000025777303827
0.460000  -.620000   -0.0000020528979224
0.500000  -.620000   -0.0000014728798277
0.540000  -.620000   -0.0000008637759209
0.580000  -.620000   -0.0000002542102445
0.620000  -.620000    0.0000004423092275
0.660000  -.620000    0.0000009414896512
0.700000  -.620000    0.0000015127491656
0.740000  -.620000    0.0000018202171802
0.780000  -.620000    0.0000019213658746
-.700000  -.580000    0.0000002899807632
-.660000  -.580000    0.0000006390958664
-.620000  -.580000    0.0000009040824326
-.580000  -.580000    0.0000011160807737
-.540000  -.580000    0.0000012129512643
-.500000  -.580000    0.0000012376763892
-.460000  -.580000    0.0000011596785805
-.420000  -.580000    0.0000009789908482
-.380000  -.580000    0.0000007748623464
-.340000  -.580000    0.0000004232453137
-.300000  -.580000    0.0000000055805592
-.260000  -.580000   -0.0000003935863659
-.220000  -.580000   -0.0000008841050903
-.180000  -.580000   -0.0000013439403877
-.140000  -.580000   -0.0000018202286181
-.100000  -.580000   -0.0000022669785907
-.060000  -.580000   -0.0000026943201592
-.020000  -.580000   -0.0000030841565913
0.020000  -.580000   -0.0000034192358717
0.060000  -.580000   -0.0000036844159169
0.100000  -.580000   -0.0000038678410210
0.140000  -.580000   -0.0000041222894468
0.180000  -.580000   -0.0000041351649877
0.220000  -.580000   -0.0000040506960940
0.260000  -.580000   -0.0000040266024631
0.300000  -.580000   -0.0000037645053163
0.340000  -.580000   -0.0000035401961556
0.380000  -.580000   -0.0000032021422322
0.420000  -.580000   -0.0000027244691055
0.460000  -.580000   -0.0000022378240599
0.500000  -.580000   -0.0000016817634484
0.540000  -.580000   -0.0000010781884332
0.580000  -.580000   -0.0000003856260291
0.620000  -.580000    0.0000002322507386
0.660000  -.580000    0.0000008909393096
0.700000  -.580000    0.0000014369435374
0.740000  -.580000    0.0000017971710008
0.780000  -.580000    0.0000019986652703
-.740000  -.540000    0.0000001105890275
-.700000  -.540000    0.0000004923631031
-.660000  -.540000    0.0000007986587288
-.620000  -.540000    0.0000010590174977
-.580000  -.540000    0.0000012280437910
-.540000  -.540000    0.0000013262499857
-.500000  -.540000    0.0000013271734240
-.460000  -.540000    0.0000012243678064
-.420000  -.540000    0.0000010202527118
-.380000  -.540000    0.0000008012864899
-.340000  -.540000    0.0000004314182787
-.300000  -.540000   -0.0000000015077275
-.260000  -.540000   -0.0000004105952844
-.220000  -.540000   -0.0000009094342918
-.180000  -.540000   -0.0000013793306844
-.140000  -.540000   -0.0000018541649354
-.100000  -.540000   -0.0000023102857664
-.060000  -.540000   -0.0000027463075928
-.020000  -.540000   -0.0000031434645295
0.020000  -.540000   -0.0000034829468327
0.060000  -.540000   -0.0000037481043975
0.100000  -.540000   -0.0000039259683783
0.140000  -.540000   -0.0000040091017812
0.180000  -.540000   -0.0000042124096047
0.220000  -.540000   -0.0000041072555533
0.260000  -.540000   -0.0000041077779342
0.300000  -.540000   -0.0000038173802827
0.340000  -.540000   -0.0000036114522293
0.380000  -.540000   -0.0000032876199371
0.420000  -.540000   -0.0000027733576542
0.460000  -.540000   -0.0000022936873911
0.500000  -.540000   -0.0000017385197868
0.540000  -.540000   -0.0000011289325818
0.580000  -.540000   -0.0000004907573414
0.620000  -.540000    0.0000001976938393
0.660000  -.540000    0.0000008044134400
0.700000  -.540000    0.0000013988309163
0.740000  -.540000    0.0000018480346057
0.780000  -.540000    0.0000021220517318
0.820000  -.540000    0.0000021113976637
-.740000  -.500000    0.0000003267833293
-.700000  -.500000    0.0000006674316545
-.660000  -.500000    0.0000009578173788
-.620000  -.500000    0.0000012075615772
-.580000  -.500000    0.0000013636917514
-.540000  -.500000    0.0000014457061186
-.500000  -.500000    0.0000014280985012
-.460000  -.500000    0.0000013066589282
-.420000  -.500000    0.0000010847891683
-.380000  -.500000    0.0000008621896867
-.340000  -.500000    0.0000004783018144
-.300000  -.500000    0.0000000339832771
-.260000  -.500000   -0.0000003755931419
-.220000  -.500000   -0.0000008823052717
-.180000  -.500000   -0.0000013552088720
-.140000  -.500000   -0.0000018323163434
-.100000  -.500000   -0.0000022923951660
-.060000  -.500000   -0.0000027343935553
-.020000  -.500000   -0.0000031371332731
0.020000  -.500000   -0.0000034799414248
0.060000  -.500000   -0.0000037441891606
0.100000  -.500000   -0.0000039157628379
0.140000  -.500000   -0.0000039860463139
0.180000  -.500000   -0.0000042147634531
0.220000  -.500000   -0.0000040886614910
0.260000  -.500000   -0.0000041089523624
0.300000  -.500000   -0.0000037900833380
0.340000  -.500000   -0.0000035997458186
0.380000  -.500000   -0.0000032891178634
0.420000  -.500000   -0.0000027404622526
0.460000  -.500000   -0.0000022691087890
0.500000  -.500000   -0.0000017178777160
0.540000  -.500000   -0.0000011060548766
0.580000  -.500000   -0.0000004590920846
0.620000  -.500000    0.0000002200954938
0.660000  -.500000    0.0000008587604952
0.700000  -.500000    0.0000014839778798
0.740000  -.500000    0.0000019876516690
0.780000  -.500000    0.0000022908215182
0.820000  -.500000    0.0000023462060750
0.860000  -.500000    0.0000020437506699
-.780000  -.460000    0.0000001148746809
-.740000  -.460000    0.0000004854654283
-.700000  -.460000    0.0000008227334926
-.660000  -.460000    0.0000011102934840
-.620000  -.460000    0.0000013562190762
-.580000  -.460000    0.0000015021893153
-.540000  -.460000    0.0000015714791811
-.500000  -.460000    0.0000015395898480
-.460000  -.460000    0.0000014036330393
-.420000  -.460000    0.0000011680267656
-.380000  -.460000    0.0000009512441865
-.340000  -.460000    0.0000005568710097
-.300000  -.460000    0.0000001036069079
-.260000  -.460000   -0.0000002970583350
-.220000  -.460000   -0.0000008116972508
-.180000  -.460000   -0.0000012806873064
-.140000  -.460000   -0.0000017622004389
-.100000  -.460000   -0.0000022228281853
-.060000  -.460000   -0.0000026682919078
-.020000  -.460000   -0.0000030752785240
0.020000  -.460000   -0.0000034207081220
0.060000  -.460000   -0.0000036833972095
0.100000  -.460000   -0.0000038479444476
0.140000  -.460000   -0.0000039049396920
0.180000  -.460000   -0.0000041525034105
0.220000  -.460000   -0.0000040038110991
0.260000  -.460000   -0.0000040400490193
0.300000  -.460000   -0.0000036926028646
0.340000  -.460000   -0.0000035144686292
0.380000  -.460000   -0.0000032155543613
0.420000  -.460000   -0.0000026347248996
0.460000  -.460000   -0.0000021723356773
0.500000  -.460000   -0.0000016270041991
0.540000  -.460000   -0.0000010174024762
0.580000  -.460000   -0.0000003656484719
0.620000  -.460000    0.0000002964458360
0.660000  -.460000    0.0000009592719193
0.700000  -.460000    0.0000016039290677
0.740000  -.460000    0.0000021056369223
0.780000  -.460000    0.0000024821730366
0.820000  -.460000    0.0000026267844563
0.860000  -.460000    0.0000024334871487
-.780000  -.420000    0.0000002800194055
-.740000  -.420000    0.0000006335105259
-.700000  -.420000    0.0000009642964955
-.660000  -.420000    0.0000012606064938
-.620000  -.420000    0.0000015059474353
-.580000  -.420000    0.0000016422648860
-.540000  -.420000    0.0000017006782082
-.500000  -.420000    0.0000016565902938
-.460000  -.420000    0.0000015086639592
-.420000  -.420000    0.0000012615948727
-.380000  -.420000    0.0000010586120487
-.340000  -.420000    0.0000006562924946
-.300000  -.420000    0.0000001957485773
-.260000  -.420000   -0.0000001863820314
-.220000  -.420000   -0.0000007090873070
-.180000  -.420000   -0.0000011656574535
-.140000  -.420000   -0.0000016555381563
-.100000  -.420000   -0.0000021121080255
-.060000  -.420000   -0.0000025586324250
-.020000  -.420000   -0.0000029688338079
0.020000  -.420000   -0.0000033162764350
0.060000  -.420000   -0.0000035775713005
0.100000  -.420000   -0.0000037344001161
0.140000  -.420000   -0.0000037755475253
0.180000  -.420000   -0.0000040369194406
0.220000  -.420000   -0.0000038649902695
0.260000  -.420000   -0.0000039097233169
0.300000  -.420000   -0.0000035337365146
0.340000  -.420000   -0.0000033655864695
0.380000  -.420000   -0.0000030765291409
0.420000  -.420000   -0.0000024657811267
0.460000  -.420000   -0.0000020126128967
0.500000  -.420000   -0.0000014746949852
0.540000  -.420000   -0.0000008694261142
0.580000  -.420000   -0.0000002177014912
0.620000  -.420000    0.0000004203112762
0.660000  -.420000    0.0000011020925096
0.700000  -.420000    0.0000017401235269
0.740000  -.420000    0.0000022986588423
0.780000  -.420000    0.0000027187900108
0.820000  -.420000    0.0000029254735359
0.860000  -.420000    0.0000027953799185
0.900000  -.420000    0.0000022033373431
-.820000  -.380000    0.0000000420592219
-.780000  -.380000    0.0000004177560714
-.740000  -.380000    0.0000007705188227
-.700000  -.380000    0.0000011104363148
-.660000  -.380000    0.0000014094409570
-.620000  -.380000    0.0000016543111065
-.580000  -.380000    0.0000018228458682
-.540000  -.380000    0.0000018981922432
-.500000  -.380000    0.0000018704378689
-.460000  -.380000    0.0000017366105265
-.420000  -.380000    0.0000015004672578
-.380000  -.380000    0.0000011707461200
-.340000  -.380000    0.0000007626901059
-.300000  -.380000    0.0000002962851118
-.260000  -.380000   -0.0000000575311452
-.220000  -.380000   -0.0000005877991693
-.180000  -.380000   -0.0000010235092962
-.140000  -.380000   -0.0000015242177567
-.100000  -.380000   -0.0000019714848595
-.060000  -.380000   -0.0000024163265782
-.020000  -.380000   -0.0000028289375963
0.020000  -.380000   -0.0000031782390206
0.060000  -.380000   -0.0000034371207067
0.100000  -.380000   -0.0000035848834202
0.140000  -.380000   -0.0000036097359488
0.180000  -.380000   -0.0000038769508562
0.220000  -.380000   -0.0000036803509330
0.260000  -.380000   -0.0000037306667131
0.300000  -.380000   -0.0000033249580880
0.340000  -.380000   -0.0000031629616291
0.380000  -.380000   -0.0000028822343502
0.420000  -.380000   -0.0000024911602650
0.460000  -.380000   -0.0000020023906893
0.500000  -.380000   -0.0000014301253825
0.540000  -.380000   -0.0000007936885056
0.580000  -.380000   -0.0000001140956696
0.620000  -.380000    0.0000005858041911
0.660000  -.380000    0.0000012801467230
0.700000  -.380000    0.0000019313720287
0.740000  -.380000    0.0000025121367213
0.780000  -.380000    0.0000029655211563
0.820000  -.380000    0.0000032183349362
0.860000  -.380000    0.0000031648585614
0.900000  -.380000    0.0000026830486036
-.820000  -.340000    0.0000001734719003
-.780000  -.340000    0.0000005395098048
-.740000  -.340000    0.0000009016541027
-.700000  -.340000    0.0000012483641567
-.660000  -.340000    0.0000015546895379
-.620000  -.340000    0.0000017971352545
-.580000  -.340000    0.0000019597724907
-.540000  -.340000    0.0000020273785197
-.500000  -.340000    0.0000019912651938
-.460000  -.340000    0.0000018498663839
-.420000  -.340000    0.0000016069522122
-.380000  -.340000    0.0000012719751499
-.340000  -.340000    0.0000008595884922
-.300000  -.340000    0.0000005926337414
-.260000  -.340000    0.0000000728420897
-.220000  -.340000   -0.0000004634977336
-.180000  -.340000   -0.0000008678684451
-.140000  -.340000   -0.0000013814640803
-.100000  -.340000   -0.0000018123812538
-.060000  -.340000   -0.0000022522991421
-.020000  -.340000   -0.0000026664838189
0.020000  -.340000   -0.0000030178352956
0.060000  -.340000   -0.0000032739885883
0.100000  -.340000   -0.0000034109948391
0.140000  -.340000   -0.0000034173902651
0.180000  -.340000   -0.0000036846387722
0.220000  -.340000   -0.0000034593520030
0.260000  -.340000   -0.0000035105916916
0.300000  -.340000   -0.0000034350662723
0.340000  -.340000   -0.0000029150309866
0.380000  -.340000   -0.0000026410281865
0.420000  -.340000   -0.0000022587598481
0.460000  -.340000   -0.0000017796165604
0.500000  -.340000   -0.0000012172127450
0.540000  -.340000   -0.0000005893336622
0.580000  -.340000    0.0000000851780031
0.620000  -.340000    0.0000007855106565
0.660000  -.340000    0.0000014878475632
0.700000  -.340000    0.0000021302110693
0.740000  -.340000    0.0000027412400813
0.780000  -.340000    0.0000032191171745
0.820000  -.340000    0.0000035149312493
0.860000  -.340000    0.0000035134608165
0.900000  -.340000    0.0000031133322019
0.940000  -.340000    0.0000020485146402
-.820000  -.300000    0.0000002826677458
-.780000  -.300000    0.0000006522067041
-.740000  -.300000    0.0000010226223013
-.700000  -.300000    0.0000013818987291
-.660000  -.300000    0.0000017040096833
-.620000  -.300000    0.0000019288814420
-.580000  -.300000    0.0000020814497031
-.540000  -.300000    0.0000021368175334
-.500000  -.300000    0.0000020892132455
-.460000  -.300000    0.0000019375438989
-.420000  -.300000    0.0000016866022588
-.380000  -.300000    0.0000013460653353
-.340000  -.300000    0.0000011806089446
-.300000  -.300000    0.0000007067095442
-.260000  -.300000    0.0000001862024296
-.220000  -.300000   -0.0000003525888326
-.180000  -.300000   -0.0000007145857658
-.140000  -.300000   -0.0000012408592954
-.100000  -.300000   -0.0000016472114182
-.060000  -.300000   -0.0000020770042274
-.020000  -.300000   -0.0000024916936734
0.020000  -.300000   -0.0000028457438552
0.060000  -.300000   -0.0000030984582642
0.100000  -.300000   -0.0000032224410211
0.140000  -.300000   -0.0000032049162456
0.180000  -.300000   -0.0000034672672960
0.220000  -.300000   -0.0000032093095739
0.260000  -.300000   -0.0000032554212166
0.300000  -.300000   -0.0000031784708470
0.340000  -.300000   -0.0000029819899954
0.380000  -.300000   -0.0000023621622760
0.420000  -.300000   -0.0000019879612299
0.460000  -.300000   -0.0000015193302523
0.500000  -.300000   -0.0000009692695268
0.540000  -.300000   -0.0000003519465910
0.580000  -.300000    0.0000003148775019
0.620000  -.300000    0.0000010125585325
0.660000  -.300000    0.0000016527134270
0.700000  -.300000    0.0000023455975525
0.740000  -.300000    0.0000029537409072
0.780000  -.300000    0.0000034756611926
0.820000  -.300000    0.0000038056830229
0.860000  -.300000    0.0000038446836202
0.900000  -.300000    0.0000035225120135
0.940000  -.300000    0.0000026482454663
-.860000  -.260000    0.0000000036122154
-.820000  -.260000    0.0000003800328268
-.780000  -.260000    0.0000007524475370
-.740000  -.260000    0.0000011370257588
-.700000  -.260000    0.0000015116806589
-.660000  -.260000    0.0000018285731914
-.620000  -.260000    0.0000020872077149
-.580000  -.260000    0.0000022650503782
-.540000  -.260000    0.0000023474438444
-.500000  -.260000    0.0000023275683848
-.460000  -.260000    0.0000022026591659
-.420000  -.260000    0.0000019758204092
-.380000  -.260000    0.0000016545924434
-.340000  -.260000    0.0000012505744990
-.300000  -.260000    0.0000007798482848
-.260000  -.260000    0.0000002626063605
-.220000  -.260000   -0.0000000093172397
-.180000  -.260000   -0.0000005814495238
-.140000  -.260000   -0.0000009618395206
-.100000  -.260000   -0.0000014885765186
-.060000  -.260000   -0.0000019003698703
-.020000  -.260000   -0.0000023139282765
0.020000  -.260000   -0.0000026716782331
0.060000  -.260000   -0.0000029206580549
0.100000  -.260000   -0.0000030267636680
0.140000  -.260000   -0.0000033864771245
0.180000  -.260000   -0.0000032296418681
0.220000  -.260000   -0.0000033673402865
0.260000  -.260000   -0.0000029717100318
0.300000  -.260000   -0.0000028914127858
0.340000  -.260000   -0.0000026936480756
0.380000  -.260000   -0.0000023864907017
0.420000  -.260000   -0.0000019774427445
0.460000  -.260000   -0.0000014768249107
0.500000  -.260000   -0.0000008985802846
0.540000  -.260000   -0.0000002575654860
0.580000  -.260000    0.0000004311583516
0.620000  -.260000    0.0000011476584272
0.660000  -.260000    0.0000018699372414
0.700000  -.260000    0.0000025285430841
0.740000  -.260000    0.0000031754737674
0.780000  -.260000    0.0000036953247792
0.820000  -.260000    0.0000040501718973
0.860000  -.260000    0.0000041564467250
0.900000  -.260000    0.0000038821780228
0.940000  -.260000    0.0000030939352281
-.860000  -.220000    0.0000000874131436
-.820000  -.220000    0.0000004587723238
-.780000  -.220000    0.0000008451111408
-.740000  -.220000    0.0000012413966769
-.700000  -.220000    0.0000016212755459
-.660000  -.220000    0.0000019632918100
-.620000  -.220000    0.0000021824022296
-.580000  -.220000    0.0000023414250985
-.540000  -.220000    0.0000024041623087
-.500000  -.220000    0.0000023656727169
-.460000  -.220000    0.0000022254957755
-.420000  -.220000    0.0000019880104560
-.380000  -.220000    0.0000016606848551
-.340000  -.220000    0.0000012565844530
-.300000  -.220000    0.0000007897470477
-.260000  -.220000    0.0000006344277440
-.220000  -.220000    0.0000000771636900
-.180000  -.220000   -0.0000004905155261
-.140000  -.220000   -0.0000008048150172
-.100000  -.220000   -0.0000013496405778
-.060000  -.220000   -0.0000017336173555
-.020000  -.220000   -0.0000021424365275
0.020000  -.220000   -0.0000025049988614
0.060000  -.220000   -0.0000027481405190
0.100000  -.220000   -0.0000028293400520
0.140000  -.220000   -0.0000031745580235
0.180000  -.220000   -0.0000029741867799
0.220000  -.220000   -0.0000030954173848
0.260000  -.220000   -0.0000030962360217
0.300000  -.220000   -0.0000025730390219
0.340000  -.220000   -0.0000023793919573
0.380000  -.220000   -0.0000020821857364
0.420000  -.220000   -0.0000016841618599
0.460000  -.220000   -0.0000011969896502
0.500000  -.220000   -0.0000006332780207
0.540000  -.220000   -0.0000000062235459
0.580000  -.220000    0.0000006691300222
0.620000  -.220000    0.0000013787069580
0.660000  -.220000    0.0000020197341485
0.700000  -.220000    0.0000027337122718
0.740000  -.220000    0.0000033597927500
0.780000  -.220000    0.0000039233940043
0.820000  -.220000    0.0000043008596404
0.860000  -.220000    0.0000044483411930
0.900000  -.220000    0.0000042109976178
0.940000  -.220000    0.0000034912740505
-.860000  -.180000    0.0000001570031803
-.820000  -.180000    0.0000005297699968
-.780000  -.180000    0.0000009226079542
-.740000  -.180000    0.0000013324760721
-.700000  -.180000    0.0000017268217281
-.660000  -.180000    0.0000020496467878
-.620000  -.180000    0.0000023144766310
-.580000  -.180000    0.0000024975657198
-.540000  -.180000    0.0000025871795665
-.500000  -.180000    0.0000025772437369
-.460000  -.180000    0.0000024665394149
-.420000  -.180000    0.0000022583133942
-.380000  -.180000    0.0000019586461449
-.340000  -.180000    0.0000015784696632
-.300000  -.180000    0.0000011292338652
-.260000  -.180000    0.0000006255702816
-.220000  -.180000    0.0000000852824837
-.180000  -.180000   -0.0000000956581305
-.140000  -.180000   -0.0000006944596563
-.100000  -.180000   -0.0000012474899251
-.060000  -.180000   -0.0000015859514022
-.020000  -.180000   -0.0000019846769957
0.020000  -.180000   -0.0000023528574181
0.060000  -.180000   -0.0000025861693327
0.100000  -.180000   -0.0000026301858452
0.140000  -.180000   -0.0000029511637520
0.180000  -.180000   -0.0000031631967419
0.220000  -.180000   -0.0000027947717488
0.260000  -.180000   -0.0000027831294655
0.300000  -.180000   -0.0000026611168717
0.340000  -.180000   -0.0000024289930637
0.380000  -.180000   -0.0000020856329119
0.420000  -.180000   -0.0000016566347870
0.460000  -.180000   -0.0000011483078816
0.500000  -.180000   -0.0000005691354160
0.540000  -.180000    0.0000000769512959
0.580000  -.180000    0.0000007712643422
0.620000  -.180000    0.0000014900506797
0.660000  -.180000    0.0000022232456550
0.700000  -.180000    0.0000028805785198
0.740000  -.180000    0.0000035527615349
0.780000  -.180000    0.0000040966417980
0.820000  -.180000    0.0000044915679219
0.860000  -.180000    0.0000046551905325
0.900000  -.180000    0.0000045108333430
0.940000  -.180000    0.0000038173621244
0.980000  -.180000    0.0000024097374815
-.860000  -.140000    0.0000002070077143
-.820000  -.140000    0.0000005857834570
-.780000  -.140000    0.0000009949709801
-.740000  -.140000    0.0000014074385040
-.700000  -.140000    0.0000018023966668
-.660000  -.140000    0.0000021483383295
-.620000  -.140000    0.0000024337757800
-.580000  -.140000    0.0000026407157894
-.540000  -.140000    0.0000025597379305
-.500000  -.140000    0.0000025161832408
-.460000  -.140000    0.0000023758668158
-.420000  -.140000    0.0000021441113738
-.380000  -.140000    0.0000018296898998
-.340000  -.140000    0.0000014432829671
-.300000  -.140000    0.0000009973402960
-.260000  -.140000    0.0000009977985108
-.220000  -.140000    0.0000004684415987
-.180000  -.140000   -0.0000000930724640
-.140000  -.140000   -0.0000006647435599
-.100000  -.140000   -0.0000008954434600
-.060000  -.140000   -0.0000014697147589
-.020000  -.140000   -0.0000018468289575
0.020000  -.140000   -0.0000022229203375
0.060000  -.140000   -0.0000024369121117
0.100000  -.140000   -0.0000028607866797
0.140000  -.140000   -0.0000027057182297
0.180000  -.140000   -0.0000028846676412
0.220000  -.140000   -0.0000029466383174
0.260000  -.140000   -0.0000028923683701
0.300000  -.140000   -0.0000023105341396
0.340000  -.140000   -0.0000020713693980
0.380000  -.140000   -0.0000017698459930
0.420000  -.140000   -0.0000013727683836
0.460000  -.140000   -0.0000008712195382
0.500000  -.140000   -0.0000002966921470
0.540000  -.140000    0.0000003168121635
0.580000  -.140000    0.0000008586110977
0.620000  -.140000    0.0000015923522907
0.660000  -.140000    0.0000023306008460
0.700000  -.140000    0.0000030563178343
0.740000  -.140000    0.0000036850575093
0.780000  -.140000    0.0000042809821608
0.820000  -.140000    0.0000046895038894
0.860000  -.140000    0.0000048836670495
0.900000  -.140000    0.0000046986052821
0.940000  -.140000    0.0000041007877384
0.980000  -.140000    0.0000027796439626
-.860000  -.100000    0.0000002470620545
-.820000  -.100000    0.0000006283883713
-.780000  -.100000    0.0000010426449393
-.740000  -.100000    0.0000014686604187
-.700000  -.100000    0.0000018682284890
-.660000  -.100000    0.0000022293945712
-.620000  -.100000    0.0000025330466415
-.580000  -.100000    0.0000026046460792
-.540000  -.100000    0.0000026777200885
-.500000  -.100000    0.0000026544500380
-.460000  -.100000    0.0000025362426548
-.420000  -.100000    0.0000023284355899
-.380000  -.100000    0.0000020388745854
-.340000  -.100000    0.0000016780268553
-.300000  -.100000    0.0000012575866025
-.260000  -.100000    0.0000007899441492
-.220000  -.100000    0.0000002878249039
-.180000  -.100000   -0.0000002358411508
-.140000  -.100000   -0.0000002492713436
-.100000  -.100000   -0.0000008416005108
-.060000  -.100000   -0.0000014072810317
-.020000  -.100000   -0.0000017331398393
0.020000  -.100000   -0.0000021219432502
0.060000  -.100000   -0.0000022914787703
0.100000  -.100000   -0.0000026713438812
0.140000  -.100000   -0.0000029343264520
0.180000  -.100000   -0.0000025531697678
0.220000  -.100000   -0.0000025937053652
0.260000  -.100000   -0.0000025361637255
0.300000  -.100000   -0.0000023602409068
0.340000  -.100000   -0.0000021323090056
0.380000  -.100000   -0.0000017940035638
0.420000  -.100000   -0.0000013054835666
0.460000  -.100000   -0.0000008298017456
0.500000  -.100000   -0.0000002741350016
0.540000  -.100000    0.0000004073573790
0.580000  -.100000    0.0000010451441402
0.620000  -.100000    0.0000016781813390
0.660000  -.100000    0.0000024149969725
0.700000  -.100000    0.0000031481705636
0.740000  -.100000    0.0000037887174134
0.780000  -.100000    0.0000043879967615
0.820000  -.100000    0.0000048075671274
0.860000  -.100000    0.0000050115573545
0.900000  -.100000    0.0000049213807183
0.940000  -.100000    0.0000042666126131
0.980000  -.100000    0.0000030312309092
-.860000  -.060000    0.0000002742380988
-.820000  -.060000    0.0000006580079427
-.780000  -.060000    0.0000010759485549
-.740000  -.060000    0.0000015094869401
-.700000  -.060000    0.0000019147807347
-.660000  -.060000    0.0000022873790836
-.620000  -.060000    0.0000024976703984
-.580000  -.060000    0.0000026760956158
-.540000  -.060000    0.0000027628541240
-.500000  -.060000    0.0000027550104510
-.460000  -.060000    0.0000026539202052
-.420000  -.060000    0.0000024652713854
-.380000  -.060000    0.0000021962967920
-.340000  -.060000    0.0000018578801171
-.300000  -.060000    0.0000014619875049
-.260000  -.060000    0.0000010210746290
-.220000  -.060000    0.0000005476577505
-.180000  -.060000    0.0000000534854926
-.140000  -.060000   -0.0000004518991980
-.100000  -.060000   -0.0000009608690205
-.060000  -.060000   -0.0000009967570408
-.020000  -.060000   -0.0000016460499101
0.020000  -.060000   -0.0000020552734750
0.060000  -.060000   -0.0000025934509764
0.100000  -.060000   -0.0000024066219366
0.140000  -.060000   -0.0000026035384239
0.180000  -.060000   -0.0000026994961298
0.220000  -.060000   -0.0000026958437729
0.260000  -.060000   -0.0000026074354143
0.300000  -.060000   -0.0000023967604327
0.340000  -.060000   -0.0000021907696370
0.380000  -.060000   -0.0000016867062695
0.420000  -.060000   -0.0000013847294450
0.460000  -.060000   -0.0000008118409993
0.500000  -.060000   -0.0000002493318252
0.540000  -.060000    0.0000003932229062
0.580000  -.060000    0.0000011165148163
0.620000  -.060000    0.0000018249045971
0.660000  -.060000    0.0000024759387408
0.700000  -.060000    0.0000032120099864
0.740000  -.060000    0.0000039024362032
0.780000  -.060000    0.0000044620791974
0.820000  -.060000    0.0000048887111771
0.860000  -.060000    0.0000050996411386
0.900000  -.060000    0.0000050152807268
0.940000  -.060000    0.0000044550028105
0.980000  -.060000    0.0000032004506730
-.860000  -.020000    0.0000002880446951
-.820000  -.020000    0.0000006732634934
-.780000  -.020000    0.0000010931410838
-.740000  -.020000    0.0000015287322950
-.700000  -.020000    0.0000019389527283
-.660000  -.020000    0.0000023176916118
-.620000  -.020000    0.0000025285451257
-.580000  -.020000    0.0000027134544269
-.540000  -.020000    0.0000028075809152
-.500000  -.020000    0.0000028081044988
-.460000  -.020000    0.0000027164072420
-.420000  -.020000    0.0000025384941674
-.380000  -.020000    0.0000022813110208
-.340000  -.020000    0.0000019561978151
-.300000  -.020000    0.0000015756639267
-.260000  -.020000    0.0000011528527727
-.220000  -.020000    0.0000007015350703
-.180000  -.020000    0.0000002355579656
-.140000  -.020000   -0.0000002327339118
-.100000  -.020000   -0.0000006923937017
-.060000  -.020000   -0.0000011400033206
-.020000  -.020000   -0.0000016124817115
0.020000  -.020000   -0.0000020035796490
0.060000  -.020000   -0.0000023607070541
0.100000  -.020000   -0.0000025871947320
0.140000  -.020000   -0.0000027263029633
0.180000  -.020000   -0.0000027817956747
0.220000  -.020000   -0.0000027551077760
0.260000  -.020000   -0.0000026397721323
0.300000  -.020000   -0.0000024306874904
0.340000  -.020000   -0.0000021780956655
0.380000  -.020000   -0.0000017142248537
0.420000  -.020000   -0.0000014290052339
0.460000  -.020000   -0.0000008423927838
0.500000  -.020000   -0.0000000379212173
0.540000  -.020000    0.0000003236981840
0.580000  -.020000    0.0000011726337177
0.620000  -.020000    0.0000018397401395
0.660000  -.020000    0.0000025089459853
0.700000  -.020000    0.0000032445242307
0.740000  -.020000    0.0000039359003670
0.780000  -.020000    0.0000044999229813
0.820000  -.020000    0.0000049299596522
0.860000  -.020000    0.0000051444121866
0.900000  -.020000    0.0000050632508583
0.940000  -.020000    0.0000045088388542
0.980000  -.020000    0.0000033068054109
-.860000  0.020000    0.0000002880446951
-.820000  0.020000    0.0000006732634934
-.780000  0.020000    0.0000010931410838
-.740000  0.020000    0.0000015287322950
-.700000  0.020000    0.0000019389527283
-.660000  0.020000    0.0000023176916118
-.620000  0.020000    0.0000025285451257
-.580000  0.020000    0.0000027134544269
-.540000  0.020000    0.0000028075809152
-.500000  0.020000    0.0000028081044988
-.460000  0.020000    0.0000027164072420
-.420000  0.020000    0.0000025384941674
-.380000  0.020000    0.0000022813110208
-.340000  0.020000    0.0000019561978151
-.300000  0.020000    0.0000015756639267
-.260000  0.020000    0.0000011528527727
-.220000  0.020000    0.0000007015350703
-.180000  0.020000    0.0000002355579656
-.140000  0.020000   -0.0000002327339118
-.100000  0.020000   -0.0000006923937017
-.060000  0.020000   -0.0000011400033206
-.020000  0.020000   -0.0000016124817115
0.020000  0.020000   -0.0000020035796490
0.060000  0.020000   -0.0000023607070541
0.100000  0.020000   -0.0000025871947320
0.140000  0.020000   -0.0000027263029633
0.180000  0.020000   -0.0000027817956747
0.220000  0.020000   -0.0000027551077760
0.260000  0.020000   -0.0000026397721323
0.300000  0.020000   -0.0000024306874904
0.340000  0.020000   -0.0000021780956655
0.380000  0.020000   -0.0000017142248537
0.420000  0.020000   -0.0000014290052339
0.460000  0.020000   -0.0000008423927838
0.500000  0.020000   -0.0000000379212173
0.540000  0.020000    0.0000003236981840
0.580000  0.020000    0.0000011726337177
0.620000  0.020000    0.0000018397401395
0.660000  0.020000    0.0000025089459853
0.700000  0.020000    0.0000032445242307
0.740000  0.020000    0.0000039359003670
0.780000  0.020000    0.0000044999229813
0.820000  0.020000    0.0000049299596522
0.860000  0.020000    0.0000051444121866
0.900000  0.020000    0.0000050632508583
0.940000  0.020000    0.0000045088388542
0.980000  0.020000    0.0000033068054109
-.860000  0.060000    0.0000002742380988
-.820000  0.060000    0.0000006580079427
-.780000  0.060000    0.0000010759485549
-.740000  0.060000    0.0000015094869401
-.700000  0.060000    0.0000019147807347
-.660000  0.060000    0.0000022873790836
-.620000  0.060000    0.0000024976703984
-.580000  0.060000    0.0000026760956158
-.540000  0.060000    0.0000027628541240
-.500000  0.060000    0.0000027550104510
-.460000  0.060000    0.0000026539202052
-.420000  0.060000    0.0000024652713854
-.380000  0.060000    0.0000021962967920
-.340000  0.060000    0.0000018578801171
-.300000  0.060000    0.0000014619875049
-.260000  0.060000    0.0000010210746290
-.220000  0.060000    0.0000005476577505
-.180000  0.060000    0.0000000534854926
-.140000  0.060000   -0.0000004518991980
-.100000  0.060000   -0.0000009608690205
-.060000  0.060000   -0.0000009967570408
-.020000  0.060000   -0.0000016460499101
0.020000  0.060000   -0.0000020552734750
0.060000  0.060000   -0.0000025934509764
0.100000  0.060000   -0.0000024066219366
0.140000  0.060000   -0.0000026035384239
0.180000  0.060000   -0.0000026994961298
0.220000  0.060000   -0.0000026958437729
0.260000  0.060000   -0.0000026074354143
0.300000  0.060000   -0.0000023967604327
0.340000  0.060000   -0.0000021907696370
0.380000  0.060000   -0.0000016867062695
0.420000  0.060000   -0.0000013847294450
0.460000  0.060000   -0.0000008118409993
0.500000  0.060000   -0.0000002493318252
0.540000  0.060000    0.0000003932229062
0.580000  0.060000    0.0000011165148163
0.620000  0.060000    0.0000018249045971
0.660000  0.060000    0.0000024759387408
0.700000  0.060000    0.0000032120099864
0.740000  0.060000    0.0000039024362032
0.780000  0.060000    0.0000044620791974
0.820000  0.060000    0.0000048887111771
0.860000  0.060000    0.0000050996411386
0.900000  0.060000    0.0000050152807268
0.940000  0.060000    0.0000044550028105
0.980000  0.060000    0.0000032004506730
-.860000  0.100000    0.0000002470620545
-.820000  0.100000    0.0000006283883713
-.780000  0.100000    0.0000010426449393
-.740000  0.100000    0.0000014686604187
-.700000  0.100000    0.0000018682284890
-.660000  0.100000    0.0000022293945712
-.620000  0.100000    0.0000025330466415
-.580000  0.100000    0.0000026046460792
-.540000  0.100000    0.0000026777200885
-.500000  0.100000    0.0000026544500380
-.460000  0.100000    0.0000025362426548
-.420000  0.100000    0.0000023284355899
-.380000  0.100000    0.0000020388745854
-.340000  0.100000    0.0000016780268553
-.300000  0.100000    0.0000012575866025
-.260000  0.100000    0.0000007899441492
-.220000  0.100000    0.0000002878249039
-.180000  0.100000   -0.0000002358411508
-.140000  0.100000   -0.0000002492713436
-.100000  0.100000   -0.0000008416005108
-.060000  0.100000   -0.0000014072810317
-.020000  0.100000   -0.0000017331398393
0.020000  0.100000   -0.0000021219432502
0.060000  0.100000   -0.0000022914787703
0.100000  0.100000   -0.0000026713438812
0.140000  0.100000   -0.0000029343264520
0.180000  0.100000   -0.0000025531697678
0.220000  0.100000   -0.0000025937053652
0.260000  0.100000   -0.0000025361637255
0.300000  0.100000   -0.0000023602409068
0.340000  0.100000   -0.0000021323090056
0.380000  0.100000   -0.0000017940035638
0.420000  0.100000   -0.0000013054835666
0.460000  0.100000   -0.0000008298017456
0.500000  0.100000   -0.0000002741350016
0.540000  0.100000    0.0000004073573790
0.580000  0.100000    0.0000010451441402
0.620000  0.100000    0.0000016781813390
0.660000  0.100000    0.0000024149969725
0.700000  0.100000    0.0000031481705636
0.740000  0.100000    0.0000037887174134
0.780000  0.100000    0.0000043879967615
0.820000  0.100000    0.0000048075671274
0.860000  0.100000    0.0000050115573545
0.900000  0.100000    0.0000049213807183
0.940000  0.100000    0.0000042666126131
0.980000  0.100000    0.0000030312309092
-.860000  0.140000    0.0000002070077143
-.820000  0.140000    0.0000005857834570
-.780000  0.140000    0.0000009949709801
-.740000  0.140000    0.0000014074385040
-.700000  0.140000    0.0000018023966668
-.660000  0.140000    0.0000021483383295
-.620000  0.140000    0.0000024337757800
-.580000  0.140000    0.0000026407157894
-.540000  0.140000    0.0000025597379305
-.500000  0.140000    0.0000025161832408
-.460000  0.140000    0.0000023758668158
-.420000  0.140000    0.0000021441113738
-.380000  0.140000    0.0000018296898998
-.340000  0.140000    0.0000014432829671
-.300000  0.140000    0.0000009973402960
-.260000  0.140000    0.0000009977985108
-.220000  0.140000    0.0000004684415987
-.180000  0.140000   -0.0000000930724640
-.140000  0.140000   -0.0000006647435599
-.100000  0.140000   -0.0000008954434600
-.060000  0.140000   -0.0000014697147589
-.020000  0.140000   -0.0000018468289575
0.020000  0.140000   -0.0000022229203375
0.060000  0.140000   -0.0000024369121117
0.100000  0.140000   -0.0000028607866797
0.140000  0.140000   -0.0000027057182297
0.180000  0.140000   -0.0000028846676412
0.220000  0.140000   -0.0000029466383174
0.260000  0.140000   -0.0000028923683701
0.300000  0.140000   -0.0000023105341396
0.340000  0.140000   -0.0000020713693980
0.380000  0.140000   -0.0000017698459930
0.420000  0.140000   -0.0000013727683836
0.460000  0.140000   -0.0000008712195382
0.500000  0.140000   -0.0000002966921470
0.540000  0.140000    0.0000003168121635
0.580000  0.140000    0.0000008586110977
0.620000  0.140000    0.0000015923522907
0.660000  0.140000    0.0000023306008460
0.700000  0.140000    0.0000030563178343
0.740000  0.140000    0.0000036850575093
0.780000  0.140000    0.0000042809821608
0.820000  0.140000    0.0000046895038894
0.860000  0.140000    0.0000048836670495
0.900000  0.140000    0.0000046986052821
0.940000  0.140000    0.0000041007877384
0.980000  0.140000    0.0000027796439626
-.860000  0.180000    0.0000001570031803
-.820000  0.180000    0.0000005297699968
-.780000  0.180000    0.0000009226079542
-.740000  0.180000    0.0000013324760721
-.700000  0.180000    0.0000017268217281
-.660000  0.180000    0.0000020496467878
-.620000  0.180000    0.0000023144766310
-.580000  0.180000    0.0000024975657198
-.540000  0.180000    0.0000025871795665
-.500000  0.180000    0.0000025772437369
-.460000  0.180000    0.0000024665394149
-.420000  0.180000    0.0000022583133942
-.380000  0.180000    0.0000019586461449
-.340000  0.180000    0.0000015784696632
-.300000  0.180000    0.0000011292338652
-.260000  0.180000    0.0000006255702816
-.220000  0.180000    0.0000000852824837
-.180000  0.180000   -0.0000000956581305
-.140000  0.180000   -0.0000006944596563
-.100000  0.180000   -0.0000012474899251
-.060000  0.180000   -0.0000015859514022
-.020000  0.180000   -0.0000019846769957
0.020000  0.180000   -0.0000023528574181
0.060000  0.180000   -0.0000025861693327
0.100000  0.180000   -0.0000026301858452
0.140000  0.180000   -0.0000029511637520
0.180000  0.180000   -0.0000031631967419
0.220000  0.180000   -0.0000027947717488
0.260000  0.180000   -0.0000027831294655
0.300000  0.180000   -0.0000026611168717
0.340000  0.180000   -0.0000024289930637
0.380000  0.180000   -0.0000020856329119
0.420000  0.180000   -0.0000016566347870
0.460000  0.180000   -0.0000011483078816
0.500000  0.180000   -0.0000005691354160
0.540000  0.180000    0.0000000769512959
0.580000  0.180000    0.0000007712643422
0.620000  0.180000    0.0000014900506797
0.660000  0.180000    0.0000022232456550
0.700000  0.180000    0.0000028805785198
0.740000  0.180000    0.0000035527615349
0.780000  0.180000    0.0000040966417980
0.820000  0.180000    0.0000044915679219
0.860000  0.180000    0.0000046551905325
0.900000  0.180000    0.0000045108333430
0.940000  0.180000    0.0000038173621244
0.980000  0.180000    0.0000024097374815
-.860000  0.220000    0.0000000874131436
-.820000  0.220000    0.0000004587723238
-.780000  0.220000    0.0000008451111408
-.740000  0.220000    0.0000012413966769
-.700000  0.220000    0.0000016212755459
-.660000  0.220000    0.0000019632918100
-.620000  0.220000    0.0000021824022296
-.580000  0.220000    0.0000023414250985
-.540000  0.220000    0.0000024041623087
-.500000  0.220000    0.0000023656727169
-.460000  0.220000    0.0000022254957755
-.420000  0.220000    0.0000019880104560
-.380000  0.220000    0.0000016606848551
-.340000  0.220000    0.0000012565844530
-.300000  0.220000    0.0000007897470477
-.260000  0.220000    0.0000006344277440
-.220000  0.220000    0.0000000771636900
-.180000  0.220000   -0.0000004905155261
-.140000  0.220000   -0.0000008048150172
-.100000  0.220000   -0.0000013496405778
-.060000  0.220000   -0.0000017336173555
-.020000  0.220000   -0.0000021424365275
0.020000  0.220000   -0.0000025049988614
0.060000  0.220000   -0.0000027481405190
0.100000  0.220000   -0.0000028293400520
0.140000  0.220000   -0.0000031745580235
0.180000  0.220000   -0.0000029741867799
0.220000  0.220000   -0.0000030954173848
0.260000  0.220000   -0.0000030962360217
0.300000  0.220000   -0.0000025730390219
0.340000  0.220000   -0.0000023793919573
0.380000  0.220000   -0.0000020821857364
0.420000  0.220000   -0.0000016841618599
0.460000  0.220000   -0.0000011969896502
0.500000  0.220000   -0.0000006332780207
0.540000  0.220000   -0.0000000062235459
0.580000  0.220000    0.0000006691300222
0.620000  0.220000    0.0000013787069580
0.660000  0.220000    0.0000020197341485
0.700000  0.220000    0.0000027337122718
0.740000  0.220000    0.0000033597927500
0.780000  0.220000    0.0000039233940043
0.820000  0.220000    0.0000043008596404
0.860000  0.220000    0.0000044483411930
0.900000  0.220000    0.0000042109976178
0.940000  0.220000    0.0000034912740505
-.860000  0.260000    0.0000000036122154
-.820000  0.260000    0.0000003800328268
-.780000  0.260000    0.0000007524475370
-.740000  0.260000    0.0000011370257588
-.700000  0.260000    0.0000015116806589
-.660000  0.260000    0.0000018285731914
-.620000  0.260000    0.0000020872077149
-.580000  0.260000    0.0000022650503782
-.540000  0.260000    0.0000023474438444
-.500000  0.260000    0.0000023275683848
-.460000  0.260000    0.0000022026591659
-.420000  0.260000    0.0000019758204092
-.380000  0.260000    0.0000016545924434
-.340000  0.260000    0.0000012505744990
-.300000  0.260000    0.0000007798482848
-.260000  0.260000    0.0000002626063605
-.220000  0.260000   -0.0000000093172397
-.180000  0.260000   -0.0000005814495238
-.140000  0.260000   -0.0000009618395206
-.100000  0.260000   -0.0000014885765186
-.060000  0.260000   -0.0000019003698703
-.020000  0.260000   -0.0000023139282765
0.020000  0.260000   -0.0000026716782331
0.060000  0.260000   -0.0000029206580549
0.100000  0.260000   -0.0000030267636680
0.140000  0.260000   -0.0000033864771245
0.180000  0.260000   -0.0000032296418681
0.220000  0.260000   -0.0000033673402865
0.260000  0.260000   -0.0000029717100318
0.300000  0.260000   -0.0000028914127858
0.340000  0.260000   -0.0000026936480756
0.380000  0.260000   -0.0000023864907017
0.420000  0.260000   -0.0000019774427445
0.460000  0.260000   -0.0000014768249107
0.500000  0.260000   -0.0000008985802846
0.540000  0.260000   -0.0000002575654860
0.580000  0.260000    0.0000004311583516
0.620000  0.260000    0.0000011476584272
0.660000  0.260000    0.0000018699372414
0.700000  0.260000    0.0000025285430841
0.740000  0.260000    0.0000031754737674
0.780000  0.260000    0.0000036953247792
0.820000  0.260000    0.0000040501718973
0.860000  0.260000    0.0000041564467250
0.900000  0.260000    0.0000038821780228
0.940000  0.260000    0.0000030939352281
-.820000  0.300000    0.0000002826677458
-.780000  0.300000    0.0000006522067041
-.740000  0.300000    0.0000010226223013
-.700000  0.300000    0.0000013818987291
-.660000  0.300000    0.0000017040096833
-.620000  0.300000    0.0000019288814420
-.580000  0.300000    0.0000020814497031
-.540000  0.300000    0.0000021368175334
-.500000  0.300000    0.0000020892132455
-.460000  0.300000    0.0000019375438989
-.420000  0.300000    0.0000016866022588
-.380000  0.300000    0.0000013460653353
-.340000  0.300000    0.0000011806089446
-.300000  0.300000    0.0000007067095442
-.260000  0.300000    0.0000001862024296
-.220000  0.300000   -0.0000003525888326
-.180000  0.300000   -0.0000007145857658
-.140000  0.300000   -0.0000012408592954
-.100000  0.300000   -0.0000016472114182
-.060000  0.300000   -0.0000020770042274
-.020000  0.300000   -0.0000024916936734
0.020000  0.300000   -0.0000028457438552
0.060000  0.300000   -0.0000030984582642
0.100000  0.300000   -0.0000032224410211
0.140000  0.300000   -0.0000032049162456
0.180000  0.300000   -0.0000034672672960
0.220000  0.300000   -0.0000032093095739
0.260000  0.300000   -0.0000032554212166
0.300000  0.300000   -0.0000031784708470
0.340000  0.300000   -0.0000029819899954
0.380000  0.300000   -0.0000023621622760
0.420000  0.300000   -0.0000019879612299
0.460000  0.300000   -0.0000015193302523
0.500000  0.300000   -0.0000009692695268
0.540000  0.300000   -0.0000003519465910
0.580000  0.300000    0.0000003148775019
0.620000  0.300000    0.0000010125585325
0.660000  0.300000    0.0000016527134270
0.700000  0.300000    0.0000023455975525
0.740000  0.300000    0.0000029537409072
0.780000  0.300000    0.0000034756611926
0.820000  0.300000    0.0000038056830229
0.860000  0.300000    0.0000038446836202
0.900000  0.300000    0.0000035225120135
0.940000  0.300000    0.0000026482454663
-.820000  0.340000    0.0000001734719003
-.780000  0.340000    0.0000005395098048
-.740000  0.340000    0.0000009016541027
-.700000  0.340000    0.0000012483641567
-.660000  0.340000    0.0000015546895379
-.620000  0.340000    0.0000017971352545
-.580000  0.340000    0.0000019597724907
-.540000  0.340000    0.0000020273785197
-.500000  0.340000    0.0000019912651938
-.460000  0.340000    0.0000018498663839
-.420000  0.340000    0.0000016069522122
-.380000  0.340000    0.0000012719751499
-.340000  0.340000    0.0000008595884922
-.300000  0.340000    0.0000005926337414
-.260000  0.340000    0.0000000728420897
-.220000  0.340000   -0.0000004634977336
-.180000  0.340000   -0.0000008678684451
-.140000  0.340000   -0.0000013814640803
-.100000  0.340000   -0.0000018123812538
-.060000  0.340000   -0.0000022522991421
-.020000  0.340000   -0.0000026664838189
0.020000  0.340000   -0.0000030178352956
0.060000  0.340000   -0.0000032739885883
0.100000  0.340000   -0.0000034109948391
0.140000  0.340000   -0.0000034173902651
0.180000  0.340000   -0.0000036846387722
0.220000  0.340000   -0.0000034593520030
0.260000  0.340000   -0.0000035105916916
0.300000  0.340000   -0.0000034350662723
0.340000  0.340000   -0.0000029150309866
0.380000  0.340000   -0.0000026410281865
0.420000  0.340000   -0.0000022587598481
0.460000  0.340000   -0.0000017796165604
0.500000  0.340000   -0.0000012172127450
0.540000  0.340000   -0.0000005893336622
0.580000  0.340000    0.0000000851780031
0.620000  0.340000    0.0000007855106565
0.660000  0.340000    0.0000014878475632
0.700000  0.340000    0.0000021302110693
0.740000  0.340000    0.0000027412400813
0.780000  0.340000    0.0000032191171745
0.820000  0.340000    0.0000035149312493
0.860000  0.340000    0.0000035134608165
0.900000  0.340000    0.0000031133322019
0.940000  0.340000    0.0000020485146402
-.820000  0.380000    0.0000000420592219
-.780000  0.380000    0.0000004177560714
-.740000  0.380000    0.0000007705188227
-.700000  0.380000    0.0000011104363148
-.660000  0.380000    0.0000014094409570
-.620000  0.380000    0.0000016543111065
-.580000  0.380000    0.0000018228458682
-.540000  0.380000    0.0000018981922432
-.500000  0.380000    0.0000018704378689
-.460000  0.380000    0.0000017366105265
-.420000  0.380000    0.0000015004672578
-.380000  0.380000    0.0000011707461200
-.340000  0.380000    0.0000007626901059
-.300000  0.380000    0.0000002962851118
-.260000  0.380000   -0.0000000575311452
-.220000  0.380000   -0.0000005877991693
-.180000  0.380000   -0.0000010235092962
-.140000  0.380000   -0.0000015242177567
-.100000  0.380000   -0.0000019714848595
-.060000  0.380000   -0.0000024163265782
-.020000  0.380000   -0.0000028289375963
0.020000  0.380000   -0.0000031782390206
0.060000  0.380000   -0.0000034371207067
0.100000  0.380000   -0.0000035848834202
0.140000  0.380000   -0.0000036097359488
0.180000  0.380000   -0.0000038769508562
0.220000  0.380000   -0.0000036803509330
0.260000  0.380000   -0.0000037306667131
0.300000  0.380000   -0.0000033249580880
0.340000  0.380000   -0.0000031629616291
0.380000  0.380000   -0.0000028822343502
0.420000  0.380000   -0.0000024911602650
0.460000  0.380000   -0.0000020023906893
0.500000  0.380000   -0.0000014301253825
0.540000  0.380000   -0.0000007936885056
0.580000  0.380000   -0.0000001140956696
0.620000  0.380000    0.0000005858041911
0.660000  0.380000    0.0000012801467230
0.700000  0.380000    0.0000019313720287
0.740000  0.380000    0.0000025121367213
0.780000  0.380000    0.0000029655211563
0.820000  0.380000    0.0000032183349362
0.860000  0.380000    0.0000031648585614
0.900000  0.380000    0.0000026830486036
-.780000  0.420000    0.0000002800194055
-.740000  0.420000    0.0000006335105259
-.700000  0.420000    0.0000009642964955
-.660000  0.420000    0.0000012606064938
-.620000  0.420000    0.0000015059474353
-.580000  0.420000    0.0000016422648860
-.540000  0.420000    0.0000017006782082
-.500000  0.420000    0.0000016565902938
-.460000  0.420000    0.0000015086639592
-.420000  0.420000    0.0000012615948727
-.380000  0.420000    0.0000010586120487
-.340000  0.420000    0.0000006562924946
-.300000  0.420000    0.0000001957485773
-.260000  0.420000   -0.0000001863820314
-.220000  0.420000   -0.0000007090873070
-.180000  0.420000   -0.0000011656574535
-.140000  0.420000   -0.0000016555381563
-.100000  0.420000   -0.0000021121080255
-.060000  0.420000   -0.0000025586324250
-.020000  0.420000   -0.0000029688338079
0.020000  0.420000   -0.0000033162764350
0.060000  0.420000   -0.0000035775713005
0.100000  0.420000   -0.0000037344001161
0.140000  0.420000   -0.0000037755475253
0.180000  0.420000   -0.0000040369194406
0.220000  0.420000   -0.0000038649902695
0.260000  0.420000   -0.0000039097233169
0.300000  0.420000   -0.0000035337365146
0.340000  0.420000   -0.0000033655864695
0.380000  0.420000   -0.0000030765291409
0.420000  0.420000   -0.0000024657811267
0.460000  0.420000   -0.0000020126128967
0.500000  0.420000   -0.0000014746949852
0.540000  0.420000   -0.0000008694261142
0.580000  0.420000   -0.0000002177014912
0.620000  0.420000    0.0000004203112762
0.660000  0.420000    0.0000011020925096
0.700000  0.420000    0.0000017401235269
0.740000  0.420000    0.0000022986588423
0.780000  0.420000    0.0000027187900108
0.820000  0.420000    0.0000029254735359
0.860000  0.420000    0.0000027953799185
0.900000  0.420000    0.0000022033373431
-.780000  0.460000    0.0000001148746809
-.740000  0.460000    0.0000004854654283
-.700000  0.460000    0.0000008227334926
-.660000  0.460000    0.0000011102934840
-.620000  0.460000    0.0000013562190762
-.580000  0.460000    0.0000015021893153
-.540000  0.460000    0.0000015714791811
-.500000  0.460000    0.0000015395898480
-.460000  0.460000    0.0000014036330393
-.420000  0.460000    0.0000011680267656
-.380000  0.460000    0.0000009512441865
-.340000  0.460000    0.0000005568710097
-.300000  0.460000    0.0000001036069079
-.260000  0.460000   -0.0000002970583350
-.220000  0.460000   -0.0000008116972508
-.180000  0.460000   -0.0000012806873064
-.140000  0.460000   -0.0000017622004389
-.100000  0.460000   -0.0000022228281853
-.060000  0.460000   -0.0000026682919078
-.020000  0.460000   -0.0000030752785240
0.020000  0.460000   -0.0000034207081220
0.060000  0.460000   -0.0000036833972095
0.100000  0.460000   -0.0000038479444476
0.140000  0.460000   -0.0000039049396920
0.180000  0.460000   -0.0000041525034105
0.220000  0.460000   -0.0000040038110991
0.260000  0.460000   -0.0000040400490193
0.300000  0.460000   -0.0000036926028646
0.340000  0.460000   -0.0000035144686292
0.380000  0.460000   -0.0000032155543613
0.420000  0.460000   -0.0000026347248996
0.460000  0.460000   -0.0000021723356773
0.500000  0.460000   -0.0000016270041991
0.540000  0.460000   -0.0000010174024762
0.580000  0.460000   -0.0000003656484719
0.620000  0.460000    0.0000002964458360
0.660000  0.460000    0.0000009592719193
0.700000  0.460000    0.0000016039290677
0.740000  0.460000    0.0000021056369223
0.780000  0.460000    0.0000024821730366
0.820000  0.460000    0.0000026267844563
0.860000  0.460000    0.0000024334871487
-.740000  0.500000    0.0000003267833293
-.700000  0.500000    0.0000006674316545
-.660000  0.500000    0.0000009578173788
-.620000  0.500000    0.0000012075615772
-.580000  0.500000    0.0000013636917514
-.540000  0.500000    0.0000014457061186
-.500000  0.500000    0.0000014280985012
-.460000  0.500000    0.0000013066589282
-.420000  0.500000    0.0000010847891683
-.380000  0.500000    0.0000008621896867
-.340000  0.500000    0.0000004783018144
-.300000  0.500000    0.0000000339832771
-.260000  0.500000   -0.0000003755931419
-.220000  0.500000   -0.0000008823052717
-.180000  0.500000   -0.0000013552088720
-.140000  0.500000   -0.0000018323163434
-.100000  0.500000   -0.0000022923951660
-.060000  0.500000   -0.0000027343935553
-.020000  0.500000   -0.0000031371332731
0.020000  0.500000   -0.0000034799414248
0.060000  0.500000   -0.0000037441891606
0.100000  0.500000   -0.0000039157628379
0.140000  0.500000   -0.0000039860463139
0.180000  0.500000   -0.0000042147634531
0.220000  0.500000   -0.0000040886614910
0.260000  0.500000   -0.0000041089523624
0.300000  0.500000   -0.0000037900833380
0.340000  0.500000   -0.0000035997458186
0.380000  0.500000   -0.0000032891178634
0.420000  0.500000   -0.0000027404622526
0.460000  0.500000   -0.0000022691087890
0.500000  0.500000   -0.0000017178777160
0.540000  0.500000   -0.0000011060548766
0.580000  0.500000   -0.0000004590920846
0.620000  0.500000    0.0000002200954938
0.660000  0.500000    0.0000008587604952
0.700000  0.500000    0.0000014839778798
0.740000  0.500000    0.0000019876516690
0.780000  0.500000    0.0000022908215182
0.820000  0.500000    0.0000023462060750
0.860000  0.500000    0.0000020437506699
-.740000  0.540000    0.0000001105890275
-.700000  0.540000    0.0000004923631031
-.660000  0.540000    0.0000007986587288
-.620000  0.540000    0.0000010590174977
-.580000  0.540000    0.0000012280437910
-.540000  0.540000    0.0000013262499857
-.500000  0.540000    0.0000013271734240
-.460000  0.540000    0.0000012243678064
-.420000  0.540000    0.0000010202527118
-.380000  0.540000    0.0000008012864899
-.340000  0.540000    0.0000004314182787
-.300000  0.540000   -0.0000000015077275
-.260000  0.540000   -0.0000004105952844
-.220000  0.540000   -0.0000009094342918
-.180000  0.540000   -0.0000013793306844
-.140000  0.540000   -0.0000018541649354
-.100000  0.540000   -0.0000023102857664
-.060000  0.540000   -0.0000027463075928
-.020000  0.540000   -0.0000031434645295
0.020000  0.540000   -0.0000034829468327
0.060000  0.540000   -0.0000037481043975
0.100000  0.540000   -0.0000039259683783
0.140000  0.540000   -0.0000040091017812
0.180000  0.540000   -0.0000042124096047
0.220000  0.540000   -0.0000041072555533
0.260000  0.540000   -0.0000041077779342
0.300000  0.540000   -0.0000038173802827
0.340000  0.540000   -0.0000036114522293
0.380000  0.540000   -0.0000032876199371
0.420000  0.540000   -0.0000027733576542
0.460000  0.540000   -0.0000022936873911
0.500000  0.540000   -0.0000017385197868
0.540000  0.540000   -0.0000011289325818
0.580000  0.540000   -0.0000004907573414
0.620000  0.540000    0.0000001976938393
0.660000  0.540000    0.0000008044134400
0.700000  0.540000    0.0000013988309163
0.740000  0.540000    0.0000018480346057
0.780000  0.540000    0.0000021220517318
0.820000  0.540000    0.0000021113976637
-.700000  0.580000    0.0000002899807632
-.660000  0.580000    0.0000006390958664
-.620000  0.580000    0.0000009040824326
-.580000  0.580000    0.0000011160807737
-.540000  0.580000    0.0000012129512643
-.500000  0.580000    0.0000012376763892
-.460000  0.580000    0.0000011596785805
-.420000  0.580000    0.0000009789908482
-.380000  0.580000    0.0000007748623464
-.340000  0.580000    0.0000004232453137
-.300000  0.580000    0.0000000055805592
-.260000  0.580000   -0.0000003935863659
-.220000  0.580000   -0.0000008841050903
-.180000  0.580000   -0.0000013439403877
-.140000  0.580000   -0.0000018202286181
-.100000  0.580000   -0.0000022669785907
-.060000  0.580000   -0.0000026943201592
-.020000  0.580000   -0.0000030841565913
0.020000  0.580000   -0.0000034192358717
0.060000  0.580000   -0.0000036844159169
0.100000  0.580000   -0.0000038678410210
0.140000  0.580000   -0.0000041222894468
0.180000  0.580000   -0.0000041351649877
0.220000  0.580000   -0.0000040506960940
0.260000  0.580000   -0.0000040266024631
0.300000  0.580000   -0.0000037645053163
0.340000  0.580000   -0.0000035401961556
0.380000  0.580000   -0.0000032021422322
0.420000  0.580000   -0.0000027244691055
0.460000  0.580000   -0.0000022378240599
0.500000  0.580000   -0.0000016817634484
0.540000  0.580000   -0.0000010781884332
0.580000  0.580000   -0.0000003856260291
0.620000  0.580000    0.0000002322507386
0.660000  0.580000    0.0000008909393096
0.700000  0.580000    0.0000014369435374
0.740000  0.580000    0.0000017971710008
0.780000  0.580000    0.0000019986652703
-.660000  0.620000    0.0000004177402240
-.620000  0.620000    0.0000007529309157
-.580000  0.620000    0.0000009725422584
-.540000  0.620000    0.0000011323611194
-.500000  0.620000    0.0000011981542825
-.460000  0.620000    0.0000011621232001
-.420000  0.620000    0.0000010224856645
-.380000  0.620000    0.0000007835510337
-.340000  0.620000    0.0000004567343295
-.300000  0.620000    0.0000000588355690
-.260000  0.620000   -0.0000003201987032
-.220000  0.620000   -0.0000008004285759
-.180000  0.620000   -0.0000012424762868
-.140000  0.620000   -0.0000017006751645
-.100000  0.620000   -0.0000021572839340
-.060000  0.620000   -0.0000025703280415
-.020000  0.620000   -0.0000029505818200
0.020000  0.620000   -0.0000032798391807
0.060000  0.620000   -0.0000035443204050
0.100000  0.620000   -0.0000038281791403
0.140000  0.620000   -0.0000039463151477
0.180000  0.620000   -0.0000039732731485
0.220000  0.620000   -0.0000039088874585
0.260000  0.620000   -0.0000038555986687
0.300000  0.620000   -0.0000036223435613
0.340000  0.620000   -0.0000033779229059
0.380000  0.620000   -0.0000030253613170
0.420000  0.620000   -0.0000025777303827
0.460000  0.620000   -0.0000020528979224
0.500000  0.620000   -0.0000014728798277
0.540000  0.620000   -0.0000008637759209
0.580000  0.620000   -0.0000002542102445
0.620000  0.620000    0.0000004423092275
0.660000  0.620000    0.0000009414896512
0.700000  0.620000    0.0000015127491656
0.740000  0.620000    0.0000018202171802
0.780000  0.620000    0.0000019213658746
-.660000  0.660000    0.0000001273970389
-.620000  0.660000    0.0000005265413407
-.580000  0.660000    0.0000008337298861
-.540000  0.660000    0.0000010067892893
-.500000  0.660000    0.0000011153815984
-.460000  0.660000    0.0000011218393580
-.420000  0.660000    0.0000010230649363
-.380000  0.660000    0.0000008223465982
-.340000  0.660000    0.0000005285298591
-.300000  0.660000    0.0000002371138728
-.260000  0.660000   -0.0000001906385160
-.220000  0.660000   -0.0000005864639457
-.180000  0.660000   -0.0000010735979220
-.140000  0.660000   -0.0000015069071434
-.100000  0.660000   -0.0000019406390711
-.060000  0.660000   -0.0000023574221857
-.020000  0.660000   -0.0000027413426143
0.020000  0.660000   -0.0000030764835977
0.060000  0.660000   -0.0000033503782076
0.100000  0.660000   -0.0000035541035751
0.140000  0.660000   -0.0000036787862926
0.180000  0.660000   -0.0000037191378308
0.220000  0.660000   -0.0000037120675200
0.260000  0.660000   -0.0000035884894810
0.300000  0.660000   -0.0000033944960849
0.340000  0.660000   -0.0000031183412927
0.380000  0.660000   -0.0000027524258629
0.420000  0.660000   -0.0000022996803366
0.460000  0.660000   -0.0000017791090055
0.500000  0.660000   -0.0000012136159774
0.540000  0.660000   -0.0000006298437748
0.580000  0.660000    0.0000000807385891
0.620000  0.660000    0.0000005982706279
0.660000  0.660000    0.0000012579505897
0.700000  0.660000    0.0000016782647852
0.740000  0.660000    0.0000018780923224
-.620000  0.700000    0.0000002262109849
-.580000  0.700000    0.0000006327663153
-.540000  0.700000    0.0000008827600804
-.500000  0.700000    0.0000010579393821
-.460000  0.700000    0.0000011281937546
-.420000  0.700000    0.0000010285744313
-.380000  0.700000    0.0000009514644911
-.340000  0.700000    0.0000007119218131
-.300000  0.700000    0.0000003852213700
-.260000  0.700000    0.0000000766773901
-.220000  0.700000   -0.0000003664314424
-.180000  0.700000   -0.0000007573216002
-.140000  0.700000   -0.0000012409899402
-.100000  0.700000   -0.0000016455999297
-.060000  0.700000   -0.0000020370343449
-.020000  0.700000   -0.0000024002466607
0.020000  0.700000   -0.0000027204494458
0.060000  0.700000   -0.0000029854192936
0.100000  0.700000   -0.0000031868222249
0.140000  0.700000   -0.0000033165032311
0.180000  0.700000   -0.0000033445529584
0.220000  0.700000   -0.0000033217650902
0.260000  0.700000   -0.0000031748106562
0.300000  0.700000   -0.0000030016909085
0.340000  0.700000   -0.0000026830726944
0.380000  0.700000   -0.0000022763107317
0.420000  0.700000   -0.0000019286526452
0.460000  0.700000   -0.0000012711029761
0.500000  0.700000   -0.0000007191577760
0.540000  0.700000   -0.0000001703634162
0.580000  0.700000    0.0000004985781652
0.620000  0.700000    0.0000010613646806
0.660000  0.700000    0.0000015584493498
0.700000  0.700000    0.0000018776135651
-.580000  0.740000    0.0000002745436150
-.540000  0.740000    0.0000006736858505
-.500000  0.740000    0.0000009492647952
-.460000  0.740000    0.0000010475337621
-.420000  0.740000    0.0000010830424464
-.380000  0.740000    0.0000010090487236
-.340000  0.740000    0.0000008300904835
-.300000  0.740000    0.0000006523459130
-.260000  0.740000    0.0000003081703963
-.220000  0.740000    0.0000000042528805
-.180000  0.740000   -0.0000004416384198
-.140000  0.740000   -0.0000008071510817
-.100000  0.740000   -0.0000011810615319
-.060000  0.740000   -0.0000016396539137
-.020000  0.740000   -0.0000019771894476
0.020000  0.740000   -0.0000022786129335
0.060000  0.740000   -0.0000025315969990
0.100000  0.740000   -0.0000026464390689
0.140000  0.740000   -0.0000027788408445
0.180000  0.740000   -0.0000028420930557
0.220000  0.740000   -0.0000027353306460
0.260000  0.740000   -0.0000026571433442
0.300000  0.740000   -0.0000023869988021
0.340000  0.740000   -0.0000021805964320
0.380000  0.740000   -0.0000017732636663
0.420000  0.740000   -0.0000013082278125
0.460000  0.740000   -0.0000008071554118
0.500000  0.740000   -0.0000001136494693
0.540000  0.740000    0.0000003691090332
0.580000  0.740000    0.0000009457294387
0.620000  0.740000    0.0000014875929522
0.660000  0.740000    0.0000018811799321
-.540000  0.780000    0.0000002801583451
-.500000  0.780000    0.0000007133375434
-.460000  0.780000    0.0000009407150620
-.420000  0.780000    0.0000010828843628
-.380000  0.780000    0.0000011071424654
-.340000  0.780000    0.0000010202897471
-.300000  0.780000    0.0000008300024570
-.260000  0.780000    0.0000006607924691
-.220000  0.780000    0.0000003150110760
-.180000  0.780000    0.0000000360271332
-.140000  0.780000   -0.0000004005623040
-.100000  0.780000   -0.0000007243816571
-.060000  0.780000   -0.0000010467231679
-.020000  0.780000   -0.0000013530807918
0.020000  0.780000   -0.0000016295610942
0.060000  0.780000   -0.0000018661474353
0.100000  0.780000   -0.0000020536441669
0.140000  0.780000   -0.0000021843122660
0.180000  0.780000   -0.0000021049493579
0.220000  0.780000   -0.0000021091684928
0.260000  0.780000   -0.0000018855251380
0.300000  0.780000   -0.0000017672294098
0.340000  0.780000   -0.0000014118952459
0.380000  0.780000   -0.0000010009229281
0.420000  0.780000   -0.0000005536395259
0.460000  0.780000   -0.0000000936174669
0.500000  0.780000    0.0000005352816102
0.540000  0.780000    0.0000010752133457
0.580000  0.780000    0.0000015883409151
0.620000  0.780000    0.0000020231044556
-.500000  0.820000    0.0000001817157898
-.460000  0.820000    0.0000006952043567
-.420000  0.820000    0.0000010176189467
-.380000  0.820000    0.0000011105131914
-.340000  0.820000    0.0000011435444624
-.300000  0.820000    0.0000010633643050
-.260000  0.820000    0.0000009971039364
-.220000  0.820000    0.0000007408231416
-.180000  0.820000    0.0000005463491744
-.140000  0.820000    0.0000001724666372
-.100000  0.820000   -0.0000000863034998
-.060000  0.820000   -0.0000003505365213
-.020000  0.820000   -0.0000006091722445
0.020000  0.820000   -0.0000008480423541
0.060000  0.820000   -0.0000010541977364
0.100000  0.820000   -0.0000012194135036
0.140000  0.820000   -0.0000013379247231
0.180000  0.820000   -0.0000012110745103
0.220000  0.820000   -0.0000012202908240
0.260000  0.820000   -0.0000009711357375
0.300000  0.820000   -0.0000008773086115
0.340000  0.820000   -0.0000005261623746
0.380000  0.820000   -0.0000001420279133
0.420000  0.820000    0.0000004520379105
0.460000  0.820000    0.0000008218388370
0.500000  0.820000    0.0000012993830889
0.540000  0.820000    0.0000018393023936
-.420000  0.860000    0.0000006103871484
-.380000  0.860000    0.0000009699311159
-.340000  0.860000    0.0000011913068737
-.300000  0.860000    0.0000012728853147
-.260000  0.860000    0.0000012382395936
-.220000  0.860000    0.0000011014565900
-.180000  0.860000    0.0000010160889511
-.140000  0.860000    0.0000007351048823
-.100000  0.860000    0.0000005627792238
-.060000  0.860000    0.0000003737185512
-.020000  0.860000    0.0000001792456231
0.020000  0.860000   -0.0000000051568963
0.060000  0.860000   -0.0000001678086629
0.100000  0.860000   -0.0000003010418424
0.140000  0.860000   -0.0000003992305568
0.180000  0.860000   -0.0000002403233544
0.220000  0.860000   -0.0000002510866315
0.260000  0.860000   -0.0000000027235842
0.300000  0.860000    0.0000002811780907
0.340000  0.860000    0.0000005866379604
0.380000  0.860000    0.0000008955138325
0.420000  0.860000    0.0000013475620317
0.460000  0.860000    0.0000018131794795
0.500000  0.860000    0.0000021776411612
-.380000  0.900000    0.0000002240540359
-.340000  0.900000    0.0000008945093304
-.300000  0.900000    0.0000011798894516
-.260000  0.900000    0.0000013531452573
-.220000  0.900000    0.0000013953390810
-.180000  0.900000    0.0000013314722004
-.140000  0.900000    0.0000013226977274
-.100000  0.900000    0.0000011139467831
-.060000  0.900000    0.0000010201998544
-.020000  0.900000    0.0000009081683585
0.020000  0.900000    0.0000007921198035
0.060000  0.900000    0.0000006836371920
0.100000  0.900000    0.0000005902682387
0.140000  0.900000    0.0000007264683467
0.180000  0.900000    0.0000006885941933
0.220000  0.900000    0.0000008819813763
0.260000  0.900000    0.0000010917943272
0.300000  0.900000    0.0000013084713574
0.340000  0.900000    0.0000016643724548
0.380000  0.900000    0.0000019458445800
0.420000  0.900000    0.0000022518100131
-.300000  0.940000    0.0000001427240218
-.260000  0.940000    0.0000009950735326
-.220000  0.940000    0.0000013162365567
-.180000  0.940000    0.0000015111478950
-.140000  0.940000    0.0000015742246095
-.100000  0.940000    0.0000016700803743
-.060000  0.940000    0.0000015739630439
-.020000  0.940000    0.0000015727067177
0.020000  0.940000    0.0000015488953138
0.060000  0.940000    0.0000015130614672
0.100000  0.940000    0.0000016388447361
0.140000  0.940000    0.0000016094927152
0.180000  0.940000    0.0000017432383756
0.220000  0.940000    0.0000018721740879
0.260000  0.940000    0.0000021003255363
0.300000  0.940000    0.0000022545374554
0.340000  0.940000    0.0000024379851846
-.140000  0.980000    0.0000011177702718
-.100000  0.980000    0.0000015729549762
-.060000  0.980000    0.0000017704137575
-.020000  0.980000    0.0000018359400105
0.020000  0.980000    0.0000019394668330
0.060000  0.980000    0.0000021049592954
0.100000  0.980000    0.0000022143850477
0.140000  0.980000    0.0000022621556670
0.180000  0.980000    0.0000023614398245
