-.140000  -.980000   0.06361977439877149
-.100000  -.980000   0.05548425709457671
-.060000  -.980000   0.04978553725107675
-.020000  -.980000   0.04528202589185105
0.020000  -.980000   0.04345240999679017
0.060000  -.980000   0.04395551904015832
0.100000  -.980000   0.04488281795590231
0.140000  -.980000   0.04651844433154281
0.180000  -.980000   0.05330940129997435
-.260000  -.940000   0.05368248630464489
-.220000  -.940000   0.04470355037565024
-.180000  -.940000   0.03963723388053163
-.140000  -.940000   0.03533561805910354
-.100000  -.940000   0.03322975071776770
-.060000  -.940000   0.02965405585108973
-.020000  -.940000   0.02801678273095742
0.020000  -.940000   0.02655851631419768
0.060000  -.940000   0.02528582873994529
0.100000  -.940000   0.02586313259818933
0.140000  -.940000   0.02502688330421831
0.180000  -.940000   0.02608209164562168
0.220000  -.940000   0.02743201215961019
0.260000  -.940000   0.03074185649804601
0.300000  -.940000   0.03479437913221534
0.340000  -.940000   0.05055676452231467
-.340000  -.900000   0.04727938496118964
-.300000  -.900000   0.03938252739227269
-.260000  -.900000   0.03472369128504346
-.220000  -.900000   0.03067616737588665
-.180000  -.900000   0.02700287465530173
-.140000  -.900000   0.02504675872601731
-.100000  -.900000   0.02179794711708205
-.060000  -.900000   0.02009144921949612
-.020000  -.900000   0.01850927380881549
0.020000  -.900000   0.01707859223690949
0.060000  -.900000   0.01579679432726192
0.100000  -.900000   0.01468004806720826
0.140000  -.900000   0.01521805124677972
0.180000  -.900000   0.01447871513713977
0.220000  -.900000   0.01550791091136795
0.260000  -.900000   0.01679258720895746
0.300000  -.900000   0.01833483009926490
0.340000  -.900000   0.02170508191778622
0.380000  -.900000   0.02549013881924025
0.420000  -.900000   0.03331249909030777
-.380000  -.860000   0.03776184940169144
-.340000  -.860000   0.03306960671610494
-.300000  -.860000   0.02909086323441288
-.260000  -.860000   0.02552086716705817
-.220000  -.860000   0.02224621589923073
-.180000  -.860000   0.02028174429946153
-.140000  -.860000   0.01734818138938476
-.100000  -.860000   0.01554623127915048
-.060000  -.860000   0.01384977860713824
-.020000  -.860000   0.01227092349509053
0.020000  -.860000   0.01083186389175362
0.060000  -.860000   0.00954243843683235
0.100000  -.860000   0.00840883960314110
0.140000  -.860000   0.00743986257855474
0.180000  -.860000   0.00793801443496474
0.220000  -.860000   0.00734543257058787
0.260000  -.860000   0.00844575598701061
0.300000  -.860000   0.00980637131694972
0.340000  -.860000   0.01134952660404875
0.380000  -.860000   0.01306207062759911
0.420000  -.860000   0.01656650291885734
0.460000  -.860000   0.02179344881026184
0.500000  -.860000   0.03078360513045875
-.460000  -.820000   0.03918185577690938
-.420000  -.820000   0.03382015671643175
-.380000  -.820000   0.02847097540762837
-.340000  -.820000   0.02498702912985363
-.300000  -.820000   0.02187003415177163
-.260000  -.820000   0.01979105438601454
-.220000  -.820000   0.01702049076620455
-.180000  -.820000   0.01506984576128662
-.140000  -.820000   0.01265242781388116
-.100000  -.820000   0.01086643060065333
-.060000  -.820000   0.00918096544864525
-.020000  -.820000   0.00761348773928646
0.020000  -.820000   0.00617533376098358
0.060000  -.820000   0.00488043468998122
0.100000  -.820000   0.00372976850285758
0.140000  -.820000   0.00272383301359714
0.180000  -.820000   0.00270779026634959
0.220000  -.820000   0.00216078632315069
0.260000  -.820000   0.00332903226432397
0.300000  -.820000   0.00316360598730853
0.340000  -.820000   0.00465419102618806
0.380000  -.820000   0.00620101238038392
0.420000  -.820000   0.00943231048658354
0.460000  -.820000   0.01111066287280723
0.500000  -.820000   0.01451993680352616
0.540000  -.820000   0.02107623691696730
-.500000  -.780000   0.03570254854819824
-.460000  -.780000   0.02984118878279233
-.420000  -.780000   0.02613469856623728
-.380000  -.780000   0.02297049635024513
-.340000  -.780000   0.02015375372381192
-.300000  -.780000   0.01761602244975027
-.260000  -.780000   0.01556784930239715
-.220000  -.780000   0.01335632710023434
-.180000  -.780000   0.01143009333124970
-.140000  -.780000   0.00968284304491804
-.100000  -.780000   0.00801386727161693
-.060000  -.780000   0.00648385542755541
-.020000  -.780000   0.00511861011151835
0.020000  -.780000   0.00395971378068362
0.060000  -.780000   0.00306089812269451
0.100000  -.780000   0.00251795039569738
0.140000  -.780000   0.00236797470485523
0.180000  -.780000   0.00140131040241795
0.220000  -.780000   0.00190256099567641
0.260000  -.780000   0.00202273156937473
0.300000  -.780000   0.00244223848759011
0.340000  -.780000   0.00302515197312644
0.380000  -.780000   0.00393302953420290
0.420000  -.780000   0.00500044651055145
0.460000  -.780000   0.00614906404513297
0.500000  -.780000   0.00888914489347936
0.540000  -.780000   0.01177185309578934
0.580000  -.780000   0.01625695834335677
0.620000  -.780000   0.02653983765398111
-.540000  -.740000   0.03334005797421634
-.500000  -.740000   0.02864589985518363
-.460000  -.740000   0.02450236186924737
-.420000  -.740000   0.02162032838367496
-.380000  -.740000   0.01910314742140887
-.340000  -.740000   0.01685670252206728
-.300000  -.740000   0.01479810888785558
-.260000  -.740000   0.01287438167629803
-.220000  -.740000   0.01094370923880859
-.180000  -.740000   0.00947739811095196
-.140000  -.740000   0.00783546479322844
-.100000  -.740000   0.00637875318107041
-.060000  -.740000   0.00595971665077092
-.020000  -.740000   0.00513782246517425
0.020000  -.740000   0.00465318245291365
0.060000  -.740000   0.00448948327280956
0.100000  -.740000   0.00365346316335317
0.140000  -.740000   0.00401020519793159
0.180000  -.740000   0.00442712590317178
0.220000  -.740000   0.00423419812196791
0.260000  -.740000   0.00466669647099390
0.300000  -.740000   0.00466532468259920
0.340000  -.740000   0.00494979154922516
0.380000  -.740000   0.00503591811840809
0.420000  -.740000   0.00529270527552487
0.460000  -.740000   0.00569947009549379
0.500000  -.740000   0.00723884251645731
0.540000  -.740000   0.00804423633350626
0.580000  -.740000   0.01023720441483027
0.620000  -.740000   0.01402484951985134
0.660000  -.740000   0.02076173307028602
-.580000  -.700000   0.03243279895863928
-.540000  -.700000   0.02723523878949303
-.500000  -.700000   0.02384315062223110
-.460000  -.700000   0.02107275812320752
-.420000  -.700000   0.01867350167599051
-.380000  -.700000   0.01654241132690340
-.340000  -.700000   0.01463864396103250
-.300000  -.700000   0.01297119625101172
-.260000  -.700000   0.01106166710645400
-.220000  -.700000   0.00980825051998861
-.180000  -.700000   0.00821002253283401
-.140000  -.700000   0.00757067464419869
-.100000  -.700000   0.00653003046033485
-.060000  -.700000   0.00581047588532672
-.020000  -.700000   0.00542130916236041
0.020000  -.700000   0.00534947904901727
0.060000  -.700000   0.00550727195006256
0.100000  -.700000   0.00580279976859414
0.140000  -.700000   0.00614829051869764
0.180000  -.700000   0.00605716130070545
0.220000  -.700000   0.00643219197420246
0.260000  -.700000   0.00641585353301247
0.300000  -.700000   0.00670082349689582
0.340000  -.700000   0.00667857781786796
0.380000  -.700000   0.00671503224774400
0.420000  -.700000   0.00681072511330591
0.460000  -.700000   0.00704015630314759
0.500000  -.700000   0.00735351718303352
0.540000  -.700000   0.00772870770448685
0.580000  -.700000   0.00909692098352340
0.620000  -.700000   0.01078331880821550
0.660000  -.700000   0.01387825515351018
0.700000  -.700000   0.01963499152349693
-.580000  -.660000   0.02676423133866806
-.540000  -.660000   0.02328195440689298
-.500000  -.660000   0.02069357357564603
-.460000  -.660000   0.01854076590839030
-.420000  -.660000   0.01667098626590557
-.380000  -.660000   0.01501103505050942
-.340000  -.660000   0.01352989400679766
-.300000  -.660000   0.01163923168244237
-.260000  -.660000   0.01049803189332404
-.220000  -.660000   0.00892870934715636
-.180000  -.660000   0.00828170160819610
-.140000  -.660000   0.00724249250838944
-.100000  -.660000   0.00651986362985586
-.060000  -.660000   0.00613735454010115
-.020000  -.660000   0.00605296187395094
0.020000  -.660000   0.00620895541661875
0.060000  -.660000   0.00650532243995301
0.100000  -.660000   0.00686382812881813
0.140000  -.660000   0.00722029719264624
0.180000  -.660000   0.00754124359478439
0.220000  -.660000   0.00763698313006349
0.260000  -.660000   0.00788466436837477
0.300000  -.660000   0.00793164419884025
0.340000  -.660000   0.00807610370169813
0.380000  -.660000   0.00805905529007613
0.420000  -.660000   0.00805678688284466
0.460000  -.660000   0.00807926404675523
0.500000  -.660000   0.00815890182135366
0.540000  -.660000   0.00829419641171720
0.580000  -.660000   0.00900843051510357
0.620000  -.660000   0.00926737188208663
0.660000  -.660000   0.01148926163069298
0.700000  -.660000   0.01401823522656057
0.740000  -.660000   0.01885161514730921
-.620000  -.620000   0.02666393290651346
-.580000  -.620000   0.02321756882266257
-.540000  -.620000   0.02061642855841051
-.500000  -.620000   0.01853583153573782
-.460000  -.620000   0.01676900175295018
-.420000  -.620000   0.01521134404868297
-.380000  -.620000   0.01381037407322114
-.340000  -.620000   0.01254824627884646
-.300000  -.620000   0.01142312881714828
-.260000  -.620000   0.00984540847978476
-.220000  -.620000   0.00909075111520312
-.180000  -.620000   0.00800302423363997
-.140000  -.620000   0.00721225574539375
-.100000  -.620000   0.00674799260098236
-.060000  -.620000   0.00698792072424942
-.020000  -.620000   0.00701577514329173
0.020000  -.620000   0.00719807881953771
0.060000  -.620000   0.00746864640347740
0.100000  -.620000   0.00768059300027758
0.140000  -.620000   0.00801618260693959
0.180000  -.620000   0.00829680762019037
0.220000  -.620000   0.00851317847738824
0.260000  -.620000   0.00867928060808472
0.300000  -.620000   0.00878998245882712
0.340000  -.620000   0.00885735277923025
0.380000  -.620000   0.00888193068358514
0.420000  -.620000   0.00889387684585882
0.460000  -.620000   0.00891650980184280
0.500000  -.620000   0.00899034345018469
0.540000  -.620000   0.00913324912095391
0.580000  -.620000   0.00932448901869909
0.620000  -.620000   0.01004398098362647
0.660000  -.620000   0.01025934383992831
0.700000  -.620000   0.01216445919116013
0.740000  -.620000   0.01415822497117263
0.780000  -.620000   0.02154569812173956
-.660000  -.580000   0.02723354901285474
-.620000  -.580000   0.02346778861796544
-.580000  -.580000   0.02073079218424540
-.540000  -.580000   0.01925313904059064
-.500000  -.580000   0.01764070744456232
-.460000  -.580000   0.01623021532232863
-.420000  -.580000   0.01492555315107912
-.380000  -.580000   0.01301441406359275
-.340000  -.580000   0.01190455537507738
-.300000  -.580000   0.01088423183909309
-.260000  -.580000   0.00945753887694676
-.220000  -.580000   0.00877887339549595
-.180000  -.580000   0.00787976768683208
-.140000  -.580000   0.00728880772969056
-.100000  -.580000   0.00727201457813807
-.060000  -.580000   0.00720204640622309
-.020000  -.580000   0.00733356076202621
0.020000  -.580000   0.00758238517168679
0.060000  -.580000   0.00788035222535609
0.100000  -.580000   0.00818132947816307
0.140000  -.580000   0.00856316289014016
0.180000  -.580000   0.00879571397765221
0.220000  -.580000   0.00895288294692247
0.260000  -.580000   0.00918766626655269
0.300000  -.580000   0.00922218536119802
0.340000  -.580000   0.00932577412929715
0.380000  -.580000   0.00937613768896586
0.420000  -.580000   0.00931472232626715
0.460000  -.580000   0.00933658310221911
0.500000  -.580000   0.00937446536939920
0.540000  -.580000   0.00946300323861465
0.580000  -.580000   0.00983180438468074
0.620000  -.580000   0.01010160496899082
0.660000  -.580000   0.01087838156348476
0.700000  -.580000   0.01183894744559316
0.740000  -.580000   0.01268420003935191
0.780000  -.580000   0.01527769406576832
-.660000  -.540000   0.02421735325002878
-.620000  -.540000   0.02111694354312917
-.580000  -.540000   0.01972818666421575
-.540000  -.540000   0.01812774168489702
-.500000  -.540000   0.01677423603816267
-.460000  -.540000   0.01553762631765478
-.420000  -.540000   0.01434055533052479
-.380000  -.540000   0.01252168816898407
-.340000  -.540000   0.01148723187839917
-.300000  -.540000   0.01050229394859587
-.260000  -.540000   0.00921185081602936
-.220000  -.540000   0.00853988235348394
-.180000  -.540000   0.00779072426688161
-.140000  -.540000   0.00748099108923940
-.100000  -.540000   0.00728281691052023
-.060000  -.540000   0.00731496671425996
-.020000  -.540000   0.00751552042142420
0.020000  -.540000   0.00780684014071870
0.060000  -.540000   0.00811590161131730
0.100000  -.540000   0.00840669384191191
0.140000  -.540000   0.00863855933970604
0.180000  -.540000   0.00907943740718878
0.220000  -.540000   0.00917543027696062
0.260000  -.540000   0.00945928559648557
0.300000  -.540000   0.00941553488380253
0.340000  -.540000   0.00954160181482999
0.380000  -.540000   0.00960247459341407
0.420000  -.540000   0.00946254349102599
0.460000  -.540000   0.00948951188698023
0.500000  -.540000   0.00953448428854534
0.540000  -.540000   0.00963781504263058
0.580000  -.540000   0.00981541331675126
0.620000  -.540000   0.01033735026577789
0.660000  -.540000   0.01070237142024750
0.700000  -.540000   0.01155345771125688
0.740000  -.540000   0.01243421936826403
0.780000  -.540000   0.01396737760563787
0.820000  -.540000   0.01709619763822591
-.700000  -.500000   0.02483751785109536
-.660000  -.500000   0.02192147096350847
-.620000  -.500000   0.01951952870409062
-.580000  -.500000   0.01877172095758601
-.540000  -.500000   0.01744149564678895
-.500000  -.500000   0.01625463243560319
-.460000  -.500000   0.01510839392490830
-.420000  -.500000   0.01395230269657853
-.380000  -.500000   0.01222118294112320
-.340000  -.500000   0.01119425062763946
-.300000  -.500000   0.01018980582924199
-.260000  -.500000   0.00900782021713188
-.220000  -.500000   0.00829172133194642
-.180000  -.500000   0.00766089334846380
-.140000  -.500000   0.00729242559082762
-.100000  -.500000   0.00719415623014397
-.060000  -.500000   0.00730592663784871
-.020000  -.500000   0.00755969908480785
0.020000  -.500000   0.00788134928758947
0.060000  -.500000   0.00819910975072705
0.100000  -.500000   0.00847579067743354
0.140000  -.500000   0.00867873116244155
0.180000  -.500000   0.00918675769282626
0.220000  -.500000   0.00922215893856980
0.260000  -.500000   0.00953941678117494
0.300000  -.500000   0.00941564054699826
0.340000  -.500000   0.00954962042541248
0.380000  -.500000   0.00960939629102851
0.420000  -.500000   0.00938393402557202
0.460000  -.500000   0.00940316100465075
0.500000  -.500000   0.00943898985598845
0.540000  -.500000   0.00954080812354783
0.580000  -.500000   0.00973318262087428
0.620000  -.500000   0.01027687033299259
0.660000  -.500000   0.01073162650129595
0.700000  -.500000   0.01166327931704358
0.740000  -.500000   0.01272452318461423
0.780000  -.500000   0.01364596423062483
0.820000  -.500000   0.01486824175288327
0.860000  -.500000   0.02013630100889561
-.700000  -.460000   0.02218569361573611
-.660000  -.460000   0.02045035862361607
-.620000  -.460000   0.01854620913818704
-.580000  -.460000   0.01824296484952418
-.540000  -.460000   0.01708182007709037
-.500000  -.460000   0.01597735030362574
-.460000  -.460000   0.01485189008162762
-.420000  -.460000   0.01367182560959799
-.380000  -.460000   0.01201762718436326
-.340000  -.460000   0.01094832318581986
-.300000  -.460000   0.00987065347001533
-.260000  -.460000   0.00878389370427231
-.220000  -.460000   0.00799009901828238
-.180000  -.460000   0.00745015972228627
-.140000  -.460000   0.00701433604797084
-.100000  -.460000   0.00699882175490211
-.060000  -.460000   0.00717858821518567
-.020000  -.460000   0.00747778542558814
0.020000  -.460000   0.00782777992265209
0.060000  -.460000   0.00815570861807331
0.100000  -.460000   0.00841949171957697
0.140000  -.460000   0.00859466794378493
0.180000  -.460000   0.00915338214044195
0.220000  -.460000   0.00913041926231374
0.260000  -.460000   0.00946473641965713
0.300000  -.460000   0.00926017976149409
0.340000  -.460000   0.00939238511492052
0.380000  -.460000   0.00943755682539190
0.420000  -.460000   0.00912457819312789
0.460000  -.460000   0.00912171893844205
0.500000  -.460000   0.00913695814797064
0.540000  -.460000   0.00922272410811603
0.580000  -.460000   0.00941320182168244
0.620000  -.460000   0.00997264090477541
0.660000  -.460000   0.01048263627235082
0.700000  -.460000   0.01147237320200930
0.740000  -.460000   0.01211471009023592
0.780000  -.460000   0.01313819579733898
0.820000  -.460000   0.01462945494026957
0.860000  -.460000   0.01737832704707605
-.740000  -.420000   0.02489681683705517
-.700000  -.420000   0.02193908430572888
-.660000  -.420000   0.01961809120853825
-.620000  -.420000   0.01807596699144931
-.580000  -.420000   0.01802705063169581
-.540000  -.420000   0.01694360757857089
-.500000  -.420000   0.01584490365974001
-.460000  -.420000   0.01467695858161439
-.420000  -.420000   0.01342406645933013
-.380000  -.420000   0.01183977387993083
-.340000  -.420000   0.01067922201891735
-.300000  -.420000   0.00950901617067991
-.260000  -.420000   0.00849679298118200
-.220000  -.420000   0.00761330611348291
-.180000  -.420000   0.00713988919227347
-.140000  -.420000   0.00663909381034563
-.100000  -.420000   0.00669816153451770
-.060000  -.420000   0.00694245159709554
-.020000  -.420000   0.00728785257625049
0.020000  -.420000   0.00766589571518224
0.060000  -.420000   0.00800824071358603
0.100000  -.420000   0.00826338898729399
0.140000  -.420000   0.00841381743461663
0.180000  -.420000   0.00900870980501011
0.220000  -.420000   0.00892601938327631
0.260000  -.420000   0.00926760556113235
0.300000  -.420000   0.00898191871333439
0.340000  -.420000   0.00910099934704494
0.380000  -.420000   0.00912125282761476
0.420000  -.420000   0.00871829418195928
0.460000  -.420000   0.00868491089084641
0.500000  -.420000   0.00866796264280300
0.540000  -.420000   0.00872634385670667
0.580000  -.420000   0.00890253730577907
0.620000  -.420000   0.00946817512181077
0.660000  -.420000   0.01001468666821125
0.700000  -.420000   0.01068504459670996
0.740000  -.420000   0.01185083339579328
0.780000  -.420000   0.01309252628308061
0.820000  -.420000   0.01488485278471648
0.860000  -.420000   0.01616566183317597
0.900000  -.420000   0.01962071066548011
-.740000  -.380000   0.02297125058869943
-.700000  -.380000   0.01971781979245366
-.660000  -.380000   0.01927868253835115
-.620000  -.380000   0.01798966984695276
-.580000  -.380000   0.01697092012549664
-.540000  -.380000   0.01602932258376263
-.500000  -.380000   0.01505627153791169
-.460000  -.380000   0.01400352401836488
-.420000  -.380000   0.01285890257143264
-.380000  -.380000   0.01163583683219719
-.340000  -.380000   0.01036215492966350
-.300000  -.380000   0.00907515193533508
-.260000  -.380000   0.00812561261901252
-.220000  -.380000   0.00714120754750291
-.180000  -.380000   0.00672764829761500
-.140000  -.380000   0.00617223739487890
-.100000  -.380000   0.00630226945637369
-.060000  -.380000   0.00661005902400616
-.020000  -.380000   0.00701006513106824
0.020000  -.380000   0.00742129740130686
0.060000  -.380000   0.00778124638848050
0.100000  -.380000   0.00803285875306264
0.140000  -.380000   0.00815816197151157
0.180000  -.380000   0.00877544554327481
0.220000  -.380000   0.00863494062755744
0.260000  -.380000   0.00897396807183605
0.300000  -.380000   0.00860814257137772
0.340000  -.380000   0.00870386426999153
0.380000  -.380000   0.00869115958731621
0.420000  -.380000   0.00859654167276835
0.460000  -.380000   0.00846196272128508
0.500000  -.380000   0.00835090257532616
0.540000  -.380000   0.00832968384812656
0.580000  -.380000   0.00846321293648796
0.620000  -.380000   0.00880812600143100
0.660000  -.380000   0.00937206373937732
0.700000  -.380000   0.01044937122393965
0.740000  -.380000   0.01136748650107016
0.780000  -.380000   0.01276506560051739
0.820000  -.380000   0.01406423949017627
0.860000  -.380000   0.01564805147030233
0.900000  -.380000   0.01800516036322802
-.740000  -.340000   0.02204469920674974
-.700000  -.340000   0.01943199820475017
-.660000  -.340000   0.01929498810877095
-.620000  -.340000   0.01815880114217175
-.580000  -.340000   0.01718686078668786
-.540000  -.340000   0.01621403383616105
-.500000  -.340000   0.01516001463766830
-.460000  -.340000   0.01399518154630151
-.420000  -.340000   0.01272385017762674
-.380000  -.340000   0.01136757965441316
-.340000  -.340000   0.00996121410695838
-.300000  -.340000   0.00883404809043255
-.260000  -.340000   0.00765310810472342
-.220000  -.340000   0.00657119187882756
-.180000  -.340000   0.00621615770984553
-.140000  -.340000   0.00562203432256884
-.100000  -.340000   0.00582301806034334
-.060000  -.340000   0.00620231485428562
-.020000  -.340000   0.00666263112278704
0.020000  -.340000   0.00711648341140298
0.060000  -.340000   0.00749758334432913
0.100000  -.340000   0.00774975424884771
0.140000  -.340000   0.00784817734271092
0.180000  -.340000   0.00847623294194784
0.220000  -.340000   0.00827528311684102
0.260000  -.340000   0.00859862077841100
0.300000  -.340000   0.00876451592467993
0.340000  -.340000   0.00822188539638348
0.380000  -.340000   0.00816782441846857
0.420000  -.340000   0.00802669168876634
0.460000  -.340000   0.00784122580336711
0.500000  -.340000   0.00767394496219171
0.540000  -.340000   0.00760028610099812
0.580000  -.340000   0.00769396862180506
0.620000  -.340000   0.00801984712711647
0.660000  -.340000   0.00859679205254712
0.700000  -.340000   0.00971253507869224
0.740000  -.340000   0.01071818322931287
0.780000  -.340000   0.01224021244264599
0.820000  -.340000   0.01375265842170628
0.860000  -.340000   0.01567133979246456
0.900000  -.340000   0.01768969069809651
0.940000  -.340000   0.02411648739024875
-.780000  -.300000   0.02447507049101448
-.740000  -.300000   0.01998859029336848
-.700000  -.300000   0.01956457354879671
-.660000  -.300000   0.01820800642626752
-.620000  -.300000   0.01846437138261312
-.580000  -.300000   0.01746837368301241
-.540000  -.300000   0.01641070341828112
-.500000  -.300000   0.01523246541909463
-.460000  -.300000   0.01392550702323935
-.420000  -.300000   0.01250473568224343
-.380000  -.300000   0.01100333383203343
-.340000  -.300000   0.00973415723311129
-.300000  -.300000   0.00838668801067284
-.260000  -.300000   0.00708123602504021
-.220000  -.300000   0.00590505061978702
-.180000  -.300000   0.00560135603921182
-.140000  -.300000   0.00499479458780731
-.100000  -.300000   0.00527573999699136
-.060000  -.300000   0.00573398916540963
-.020000  -.300000   0.00626506573302901
0.020000  -.300000   0.00677231612063999
0.060000  -.300000   0.00717854086984444
0.100000  -.300000   0.00743023773094567
0.140000  -.300000   0.00750053648160163
0.180000  -.300000   0.00812771453525460
0.220000  -.300000   0.00786377120481140
0.260000  -.300000   0.00816347463429129
0.300000  -.300000   0.00829600992719205
0.340000  -.300000   0.00827527385340308
0.380000  -.300000   0.00757624191602829
0.420000  -.300000   0.00738461694328144
0.460000  -.300000   0.00714367563436419
0.500000  -.300000   0.00691581383079752
0.540000  -.300000   0.00678373993505698
0.580000  -.300000   0.00683076218926122
0.620000  -.300000   0.00713802546175682
0.660000  -.300000   0.00796952271483333
0.700000  -.300000   0.00887262475882668
0.740000  -.300000   0.01034473792993143
0.780000  -.300000   0.01157302329993397
0.820000  -.300000   0.01324786771426663
0.860000  -.300000   0.01540580642356318
0.900000  -.300000   0.01696654364754315
0.940000  -.300000   0.01950179159583779
-.780000  -.260000   0.02169813690747830
-.740000  -.260000   0.02022124648802941
-.700000  -.260000   0.01834051618244464
-.660000  -.260000   0.01873705729280571
-.620000  -.260000   0.01778670041729174
-.580000  -.260000   0.01688050189687047
-.540000  -.260000   0.01590395377988688
-.500000  -.260000   0.01480413599044064
-.460000  -.260000   0.01357468370297254
-.420000  -.260000   0.01222842638839999
-.380000  -.260000   0.01079656268138659
-.340000  -.260000   0.00931300393565817
-.300000  -.260000   0.00782753312195485
-.260000  -.260000   0.00640493737215327
-.220000  -.260000   0.00583028144168841
-.180000  -.260000   0.00489126947794078
-.140000  -.260000   0.00494544259608394
-.100000  -.260000   0.00467777653533442
-.060000  -.260000   0.00522315415458991
-.020000  -.260000   0.00583698844103321
0.020000  -.260000   0.00640826604894518
0.060000  -.260000   0.00684341468424262
0.100000  -.260000   0.00708951869936659
0.140000  -.260000   0.00789924570313312
0.180000  -.260000   0.00773899354382115
0.220000  -.260000   0.00817658945093355
0.260000  -.260000   0.00767542911985180
0.300000  -.260000   0.00776865686465494
0.340000  -.260000   0.00770400694551510
0.380000  -.260000   0.00749670420580954
0.420000  -.260000   0.00718233228684265
0.460000  -.260000   0.00680031369486792
0.500000  -.260000   0.00642641638644864
0.540000  -.260000   0.00615779521718804
0.580000  -.260000   0.00611211769286244
0.620000  -.260000   0.00638946973831023
0.660000  -.260000   0.00702683477916488
0.700000  -.260000   0.00824902778907830
0.740000  -.260000   0.00949713964919111
0.780000  -.260000   0.01129087436168648
0.820000  -.260000   0.01319809660941078
0.860000  -.260000   0.01495179344311901
0.900000  -.260000   0.01686226633493338
0.940000  -.260000   0.01923187230378856
-.780000  -.220000   0.02189362507075842
-.740000  -.220000   0.01886654081724638
-.700000  -.220000   0.01908527643795853
-.660000  -.220000   0.01800318864344927
-.620000  -.220000   0.01832638432663565
-.580000  -.220000   0.01731617444133197
-.540000  -.220000   0.01619138448165828
-.500000  -.220000   0.01492153809310261
-.460000  -.220000   0.01351192609185694
-.420000  -.220000   0.01199371435412601
-.380000  -.220000   0.01039633162131295
-.340000  -.220000   0.00876554986949342
-.300000  -.220000   0.00714736499030860
-.260000  -.220000   0.00635075065690410
-.220000  -.220000   0.00508285092174894
-.180000  -.220000   0.00409135757190343
-.140000  -.220000   0.00420958508407816
-.100000  -.220000   0.00404302254030542
-.060000  -.220000   0.00468846528062499
-.020000  -.220000   0.00539259481932031
0.020000  -.220000   0.00604029610030584
0.060000  -.220000   0.00650924560596200
0.100000  -.220000   0.00674138986137177
0.140000  -.220000   0.00754132009758558
0.180000  -.220000   0.00731389857161548
0.220000  -.220000   0.00771443644355182
0.260000  -.220000   0.00792238953926756
0.300000  -.220000   0.00719830192835294
0.340000  -.220000   0.00708914906109880
0.380000  -.220000   0.00683802263254794
0.420000  -.220000   0.00646667602123380
0.460000  -.220000   0.00602987505892177
0.500000  -.220000   0.00559561730637199
0.540000  -.220000   0.00525322449874725
0.580000  -.220000   0.00515116426581862
0.620000  -.220000   0.00540451803287450
0.660000  -.220000   0.00624371958823161
0.700000  -.220000   0.00730896115863135
0.740000  -.220000   0.00896095535501437
0.780000  -.220000   0.01047824074459836
0.820000  -.220000   0.01247724507441426
0.860000  -.220000   0.01437192486996916
0.900000  -.220000   0.01652599966312131
0.940000  -.220000   0.01840445636181117
-.780000  -.180000   0.02036687918035617
-.740000  -.180000   0.01981098041291545
-.700000  -.180000   0.01831449115844435
-.660000  -.180000   0.01882027480208318
-.620000  -.180000   0.01790410600479240
-.580000  -.180000   0.01694949325119982
-.540000  -.180000   0.01587665084675980
-.500000  -.180000   0.01466009420844186
-.460000  -.180000   0.01330517608603586
-.420000  -.180000   0.01184077803425815
-.380000  -.180000   0.01029468725546397
-.340000  -.180000   0.00870843130738825
-.300000  -.180000   0.00712110540358765
-.260000  -.180000   0.00559489871125551
-.220000  -.180000   0.00422394540516995
-.180000  -.180000   0.00398987030342529
-.140000  -.180000   0.00340038810720717
-.100000  -.180000   0.00340852884136218
-.060000  -.180000   0.00415345180216088
-.020000  -.180000   0.00496059405107364
0.020000  -.180000   0.00568762236297722
0.060000  -.180000   0.00618729232636809
0.100000  -.180000   0.00638456141365909
0.140000  -.180000   0.00715636165038959
0.180000  -.180000   0.00773074227158852
0.220000  -.180000   0.00720117808263237
0.260000  -.180000   0.00736076084572960
0.300000  -.180000   0.00733446238949405
0.340000  -.180000   0.00713392448634080
0.380000  -.180000   0.00676728575610307
0.420000  -.180000   0.00627676566772767
0.460000  -.180000   0.00569512546031337
0.500000  -.180000   0.00505981280969705
0.540000  -.180000   0.00452999911678646
0.580000  -.180000   0.00428443496922764
0.620000  -.180000   0.00450582457469658
0.660000  -.180000   0.00526636107379265
0.700000  -.180000   0.00661260572798340
0.740000  -.180000   0.00808667472931717
0.780000  -.180000   0.01009361317476456
0.820000  -.180000   0.01225861044353544
0.860000  -.180000   0.01436937608655838
0.900000  -.180000   0.01604032826461036
0.940000  -.180000   0.01826608508502386
0.980000  -.180000   0.02235705844180034
-.780000  -.140000   0.02145124691530575
-.740000  -.140000   0.01903350699479945
-.700000  -.140000   0.01939026130169172
-.660000  -.140000   0.01840444525452619
-.620000  -.140000   0.01754168591619295
-.580000  -.140000   0.01663428800610291
-.540000  -.140000   0.01613643263454510
-.500000  -.140000   0.01472164876235800
-.460000  -.140000   0.01317175298619975
-.420000  -.140000   0.01151919312507840
-.380000  -.140000   0.00980435031163262
-.340000  -.140000   0.00806381934967217
-.300000  -.140000   0.00634338338196530
-.260000  -.140000   0.00558217717114066
-.220000  -.140000   0.00417783968519795
-.180000  -.140000   0.00305137619688086
-.140000  -.140000   0.00253765992627758
-.100000  -.140000   0.00313022626917144
-.060000  -.140000   0.00365106054832142
-.020000  -.140000   0.00455240130556641
0.020000  -.140000   0.00537056140485736
0.060000  -.140000   0.00588419089529920
0.100000  -.140000   0.00689552242991560
0.140000  -.140000   0.00672321139336159
0.180000  -.140000   0.00723259078876738
0.220000  -.140000   0.00752733737834296
0.260000  -.140000   0.00761134936914585
0.300000  -.140000   0.00668754350067812
0.340000  -.140000   0.00645760806465836
0.380000  -.140000   0.00607017052925086
0.420000  -.140000   0.00555396323511268
0.460000  -.140000   0.00489190006294277
0.500000  -.140000   0.00424468477188199
0.540000  -.140000   0.00369141210191143
0.580000  -.140000   0.00352981639209775
0.620000  -.140000   0.00366769979648497
0.660000  -.140000   0.00440480255100375
0.700000  -.140000   0.00574088939923660
0.740000  -.140000   0.00756462966439753
0.780000  -.140000   0.00929937165485135
0.820000  -.140000   0.01150735011560390
0.860000  -.140000   0.01367452815892975
0.900000  -.140000   0.01620630026254127
0.940000  -.140000   0.01789487441264861
0.980000  -.140000   0.02089180909224470
-.780000  -.100000   0.02069714723624192
-.740000  -.100000   0.01842820982851365
-.700000  -.100000   0.01900813339685403
-.660000  -.100000   0.01807532205436418
-.620000  -.100000   0.01725379156493996
-.580000  -.100000   0.01721829140746897
-.540000  -.100000   0.01598846207393359
-.500000  -.100000   0.01460301432884071
-.460000  -.100000   0.01308384916806135
-.420000  -.100000   0.01146404106629083
-.380000  -.100000   0.00977946284751779
-.340000  -.100000   0.00806655612544521
-.300000  -.100000   0.00636336266154974
-.260000  -.100000   0.00471191501439341
-.220000  -.100000   0.00318508199495040
-.180000  -.100000   0.00199373926351399
-.140000  -.100000   0.00215686335949671
-.100000  -.100000   0.00237803496891062
-.060000  -.100000   0.00325535511011522
-.020000  -.100000   0.00419161294376275
0.020000  -.100000   0.00511045539505332
0.060000  -.100000   0.00558768663047715
0.100000  -.100000   0.00652385056177112
0.140000  -.100000   0.00721828580082139
0.180000  -.100000   0.00664030805576998
0.220000  -.100000   0.00687770451012351
0.260000  -.100000   0.00692928346738639
0.300000  -.100000   0.00679845972416043
0.340000  -.100000   0.00648832614426058
0.380000  -.100000   0.00602230472937117
0.420000  -.100000   0.00538537196613682
0.460000  -.100000   0.00463960585174822
0.500000  -.100000   0.00384828621669915
0.540000  -.100000   0.00284752927570585
0.580000  -.100000   0.00227101195072625
0.620000  -.100000   0.00263479213067949
0.660000  -.100000   0.00373986891640829
0.700000  -.100000   0.00511568696342222
0.740000  -.100000   0.00711993042226099
0.780000  -.100000   0.00899232654967719
0.820000  -.100000   0.01131070793568584
0.860000  -.100000   0.01360436884331847
0.900000  -.100000   0.01555134465957995
0.940000  -.100000   0.01823186904825429
0.980000  -.100000   0.02087186666400092
-.780000  -.060000   0.02018685096200665
-.740000  -.060000   0.02001313861891696
-.700000  -.060000   0.01874417734446856
-.660000  -.060000   0.01784678349173980
-.620000  -.060000   0.01815689077672259
-.580000  -.060000   0.01709594406788656
-.540000  -.060000   0.01588516552817670
-.500000  -.060000   0.01452022513953383
-.460000  -.060000   0.01302188287574113
-.420000  -.060000   0.01142500778168075
-.380000  -.060000   0.00976117559747764
-.340000  -.060000   0.00806824941788295
-.300000  -.060000   0.00637719750279786
-.260000  -.060000   0.00472327058987897
-.220000  -.060000   0.00314901292094774
-.180000  -.060000   0.00176487048606110
-.140000  -.060000   0.00114571986121913
-.100000  -.060000   0.00196017249700637
-.060000  -.060000   0.00262950897588209
-.020000  -.060000   0.00390101979533251
0.020000  -.060000   0.00492318110434150
0.060000  -.060000   0.00622611894198900
0.100000  -.060000   0.00601134739522126
0.140000  -.060000   0.00657722500873432
0.180000  -.060000   0.00693626500780971
0.220000  -.060000   0.00710592183494233
0.260000  -.060000   0.00708769017360115
0.300000  -.060000   0.00689458509339248
0.340000  -.060000   0.00652244898845609
0.380000  -.060000   0.00599668234308965
0.420000  -.060000   0.00527248460590981
0.460000  -.060000   0.00449237745207629
0.500000  -.060000   0.00333138848006381
0.540000  -.060000   0.00250904534712939
0.580000  -.060000   0.00178463619243779
0.620000  -.060000   0.00160028188572833
0.660000  -.060000   0.00306193188681700
0.700000  -.060000   0.00464791916800436
0.740000  -.060000   0.00651704714598536
0.780000  -.060000   0.00875983349319839
0.820000  -.060000   0.01115866967208534
0.860000  -.060000   0.01353626344553988
0.900000  -.060000   0.01560039803737357
0.940000  -.060000   0.01757495144371499
0.980000  -.060000   0.02035781544211544
-.780000  -.020000   0.01992897129429123
-.740000  -.020000   0.01985288807991214
-.700000  -.020000   0.01860923181216255
-.660000  -.020000   0.01772958429164738
-.620000  -.020000   0.01808476039130727
-.580000  -.020000   0.01703296085359558
-.540000  -.020000   0.01583188319881326
-.500000  -.020000   0.01447745656379695
-.460000  -.020000   0.01298953695552873
-.420000  -.020000   0.01140437397412635
-.380000  -.020000   0.00975090524798721
-.340000  -.020000   0.00806832899144561
-.300000  -.020000   0.00638309096623849
-.260000  -.020000   0.00472815184636702
-.220000  -.020000   0.00312847604463351
-.180000  -.020000   0.00161543574182988
-.140000  -.020000   0.00042638560262810
-.100000  -.020000   0.00130435597761852
-.060000  -.020000   0.00252680699705963
-.020000  -.020000   0.00375046839681870
0.020000  -.020000   0.00478181231279927
0.060000  -.020000   0.00571758941938771
0.100000  -.020000   0.00637134945473149
0.140000  -.020000   0.00683530923658233
0.180000  -.020000   0.00712324897151703
0.220000  -.020000   0.00723721410939577
0.260000  -.020000   0.00718058238307831
0.300000  -.020000   0.00695106526459324
0.340000  -.020000   0.00654687094958748
0.380000  -.020000   0.00598351601517626
0.420000  -.020000   0.00522248872577197
0.460000  -.020000   0.00438529690419193
0.500000  -.020000   0.00313908078303854
0.540000  -.020000   0.00227641395751786
0.580000  -.020000   0.00078377733777353
0.620000  -.020000   0.00134443573654910
0.660000  -.020000   0.00247063592803143
0.700000  -.020000   0.00443125316279756
0.740000  -.020000   0.00634728401903388
0.780000  -.020000   0.00863477832974781
0.820000  -.020000   0.01107637882159843
0.860000  -.020000   0.01349606507555598
0.900000  -.020000   0.01561684185843763
0.940000  -.020000   0.01767322800457152
0.980000  -.020000   0.01951687105742495
-.780000  0.020000   0.01992897129429123
-.740000  0.020000   0.01985288807991214
-.700000  0.020000   0.01860923181216255
-.660000  0.020000   0.01772958429164738
-.620000  0.020000   0.01808476039130727
-.580000  0.020000   0.01703296085359558
-.540000  0.020000   0.01583188319881326
-.500000  0.020000   0.01447745656379695
-.460000  0.020000   0.01298953695552873
-.420000  0.020000   0.01140437397412635
-.380000  0.020000   0.00975090524798721
-.340000  0.020000   0.00806832899144561
-.300000  0.020000   0.00638309096623849
-.260000  0.020000   0.00472815184636702
-.220000  0.020000   0.00312847604463351
-.180000  0.020000   0.00161543574182988
-.140000  0.020000   0.00042638560262810
-.100000  0.020000   0.00130435597761852
-.060000  0.020000   0.00252680699705963
-.020000  0.020000   0.00375046839681870
0.020000  0.020000   0.00478181231279927
0.060000  0.020000   0.00571758941938771
0.100000  0.020000   0.00637134945473149
0.140000  0.020000   0.00683530923658233
0.180000  0.020000   0.00712324897151703
0.220000  0.020000   0.00723721410939577
0.260000  0.020000   0.00718058238307831
0.300000  0.020000   0.00695106526459324
0.340000  0.020000   0.00654687094958748
0.380000  0.020000   0.00598351601517626
0.420000  0.020000   0.00522248872577197
0.460000  0.020000   0.00438529690419193
0.500000  0.020000   0.00313908078303854
0.540000  0.020000   0.00227641395751786
0.580000  0.020000   0.00078377733777353
0.620000  0.020000   0.00134443573654910
0.660000  0.020000   0.00247063592803143
0.700000  0.020000   0.00443125316279756
0.740000  0.020000   0.00634728401903387
0.780000  0.020000   0.00863477832974781
0.820000  0.020000   0.01107637882159843
0.860000  0.020000   0.01349606507555598
0.900000  0.020000   0.01561684185843763
0.940000  0.020000   0.01767322800457152
0.980000  0.020000   0.01951687105742495
-.780000  0.060000   0.02018685096200664
-.740000  0.060000   0.02001313861891696
-.700000  0.060000   0.01874417734446856
-.660000  0.060000   0.01784678349173980
-.620000  0.060000   0.01815689077672260
-.580000  0.060000   0.01709594406788657
-.540000  0.060000   0.01588516552817669
-.500000  0.060000   0.01452022513953383
-.460000  0.060000   0.01302188287574113
-.420000  0.060000   0.01142500778168075
-.380000  0.060000   0.00976117559747764
-.340000  0.060000   0.00806824941788294
-.300000  0.060000   0.00637719750279786
-.260000  0.060000   0.00472327058987897
-.220000  0.060000   0.00314901292094774
-.180000  0.060000   0.00176487048606110
-.140000  0.060000   0.00114571986121913
-.100000  0.060000   0.00196017249700637
-.060000  0.060000   0.00262950897588209
-.020000  0.060000   0.00390101979533251
0.020000  0.060000   0.00492318110434150
0.060000  0.060000   0.00622611894198900
0.100000  0.060000   0.00601134739522126
0.140000  0.060000   0.00657722500873432
0.180000  0.060000   0.00693626500780971
0.220000  0.060000   0.00710592183494233
0.260000  0.060000   0.00708769017360115
0.300000  0.060000   0.00689458509339248
0.340000  0.060000   0.00652244898845609
0.380000  0.060000   0.00599668234308965
0.420000  0.060000   0.00527248460590981
0.460000  0.060000   0.00449237745207629
0.500000  0.060000   0.00333138848006381
0.540000  0.060000   0.00250904534712939
0.580000  0.060000   0.00178463619243779
0.620000  0.060000   0.00160028188572833
0.660000  0.060000   0.00306193188681700
0.700000  0.060000   0.00464791916800436
0.740000  0.060000   0.00651704714598536
0.780000  0.060000   0.00875983349319839
0.820000  0.060000   0.01115866967208534
0.860000  0.060000   0.01353626344553988
0.900000  0.060000   0.01560039803737357
0.940000  0.060000   0.01757495144371499
0.980000  0.060000   0.02035781544211544
-.780000  0.100000   0.02069714723624192
-.740000  0.100000   0.01842820982851365
-.700000  0.100000   0.01900813339685403
-.660000  0.100000   0.01807532205436418
-.620000  0.100000   0.01725379156493996
-.580000  0.100000   0.01721829140746897
-.540000  0.100000   0.01598846207393358
-.500000  0.100000   0.01460301432884071
-.460000  0.100000   0.01308384916806135
-.420000  0.100000   0.01146404106629083
-.380000  0.100000   0.00977946284751779
-.340000  0.100000   0.00806655612544521
-.300000  0.100000   0.00636336266154974
-.260000  0.100000   0.00471191501439341
-.220000  0.100000   0.00318508199495040
-.180000  0.100000   0.00199373926351399
-.140000  0.100000   0.00215686335949671
-.100000  0.100000   0.00237803496891062
-.060000  0.100000   0.00325535511011522
-.020000  0.100000   0.00419161294376275
0.020000  0.100000   0.00511045539505332
0.060000  0.100000   0.00558768663047715
0.100000  0.100000   0.00652385056177112
0.140000  0.100000   0.00721828580082139
0.180000  0.100000   0.00664030805576998
0.220000  0.100000   0.00687770451012351
0.260000  0.100000   0.00692928346738639
0.300000  0.100000   0.00679845972416043
0.340000  0.100000   0.00648832614426058
0.380000  0.100000   0.00602230472937117
0.420000  0.100000   0.00538537196613682
0.460000  0.100000   0.00463960585174822
0.500000  0.100000   0.00384828621669915
0.540000  0.100000   0.00284752927570585
0.580000  0.100000   0.00227101195072625
0.620000  0.100000   0.00263479213067949
0.660000  0.100000   0.00373986891640829
0.700000  0.100000   0.00511568696342222
0.740000  0.100000   0.00711993042226099
0.780000  0.100000   0.00899232654967719
0.820000  0.100000   0.01131070793568584
0.860000  0.100000   0.01360436884331847
0.900000  0.100000   0.01555134465957995
0.940000  0.100000   0.01823186904825428
0.980000  0.100000   0.02087186666400093
-.780000  0.140000   0.02145124691530575
-.740000  0.140000   0.01903350699479945
-.700000  0.140000   0.01939026130169172
-.660000  0.140000   0.01840444525452619
-.620000  0.140000   0.01754168591619296
-.580000  0.140000   0.01663428800610291
-.540000  0.140000   0.01613643263454510
-.500000  0.140000   0.01472164876235800
-.460000  0.140000   0.01317175298619975
-.420000  0.140000   0.01151919312507840
-.380000  0.140000   0.00980435031163262
-.340000  0.140000   0.00806381934967217
-.300000  0.140000   0.00634338338196530
-.260000  0.140000   0.00558217717114066
-.220000  0.140000   0.00417783968519795
-.180000  0.140000   0.00305137619688086
-.140000  0.140000   0.00253765992627758
-.100000  0.140000   0.00313022626917144
-.060000  0.140000   0.00365106054832142
-.020000  0.140000   0.00455240130556641
0.020000  0.140000   0.00537056140485736
0.060000  0.140000   0.00588419089529920
0.100000  0.140000   0.00689552242991560
0.140000  0.140000   0.00672321139336158
0.180000  0.140000   0.00723259078876738
0.220000  0.140000   0.00752733737834296
0.260000  0.140000   0.00761134936914585
0.300000  0.140000   0.00668754350067812
0.340000  0.140000   0.00645760806465836
0.380000  0.140000   0.00607017052925087
0.420000  0.140000   0.00555396323511268
0.460000  0.140000   0.00489190006294277
0.500000  0.140000   0.00424468477188199
0.540000  0.140000   0.00369141210191143
0.580000  0.140000   0.00352981639209775
0.620000  0.140000   0.00366769979648498
0.660000  0.140000   0.00440480255100375
0.700000  0.140000   0.00574088939923661
0.740000  0.140000   0.00756462966439754
0.780000  0.140000   0.00929937165485135
0.820000  0.140000   0.01150735011560390
0.860000  0.140000   0.01367452815892975
0.900000  0.140000   0.01620630026254126
0.940000  0.140000   0.01789487441264861
0.980000  0.140000   0.02089180909224469
-.780000  0.180000   0.02036687918035617
-.740000  0.180000   0.01981098041291545
-.700000  0.180000   0.01831449115844435
-.660000  0.180000   0.01882027480208318
-.620000  0.180000   0.01790410600479240
-.580000  0.180000   0.01694949325119982
-.540000  0.180000   0.01587665084675980
-.500000  0.180000   0.01466009420844186
-.460000  0.180000   0.01330517608603586
-.420000  0.180000   0.01184077803425815
-.380000  0.180000   0.01029468725546397
-.340000  0.180000   0.00870843130738825
-.300000  0.180000   0.00712110540358765
-.260000  0.180000   0.00559489871125551
-.220000  0.180000   0.00422394540516995
-.180000  0.180000   0.00398987030342529
-.140000  0.180000   0.00340038810720717
-.100000  0.180000   0.00340852884136218
-.060000  0.180000   0.00415345180216088
-.020000  0.180000   0.00496059405107364
0.020000  0.180000   0.00568762236297722
0.060000  0.180000   0.00618729232636810
0.100000  0.180000   0.00638456141365909
0.140000  0.180000   0.00715636165038959
0.180000  0.180000   0.00773074227158852
0.220000  0.180000   0.00720117808263237
0.260000  0.180000   0.00736076084572960
0.300000  0.180000   0.00733446238949405
0.340000  0.180000   0.00713392448634080
0.380000  0.180000   0.00676728575610307
0.420000  0.180000   0.00627676566772767
0.460000  0.180000   0.00569512546031337
0.500000  0.180000   0.00505981280969706
0.540000  0.180000   0.00452999911678646
0.580000  0.180000   0.00428443496922764
0.620000  0.180000   0.00450582457469658
0.660000  0.180000   0.00526636107379265
0.700000  0.180000   0.00661260572798339
0.740000  0.180000   0.00808667472931717
0.780000  0.180000   0.01009361317476456
0.820000  0.180000   0.01225861044353544
0.860000  0.180000   0.01436937608655838
0.900000  0.180000   0.01604032826461036
0.940000  0.180000   0.01826608508502386
0.980000  0.180000   0.02235705844180034
-.780000  0.220000   0.02189362507075842
-.740000  0.220000   0.01886654081724638
-.700000  0.220000   0.01908527643795853
-.660000  0.220000   0.01800318864344927
-.620000  0.220000   0.01832638432663565
-.580000  0.220000   0.01731617444133197
-.540000  0.220000   0.01619138448165829
-.500000  0.220000   0.01492153809310261
-.460000  0.220000   0.01351192609185694
-.420000  0.220000   0.01199371435412601
-.380000  0.220000   0.01039633162131295
-.340000  0.220000   0.00876554986949342
-.300000  0.220000   0.00714736499030860
-.260000  0.220000   0.00635075065690410
-.220000  0.220000   0.00508285092174894
-.180000  0.220000   0.00409135757190343
-.140000  0.220000   0.00420958508407816
-.100000  0.220000   0.00404302254030542
-.060000  0.220000   0.00468846528062499
-.020000  0.220000   0.00539259481932031
0.020000  0.220000   0.00604029610030584
0.060000  0.220000   0.00650924560596200
0.100000  0.220000   0.00674138986137178
0.140000  0.220000   0.00754132009758558
0.180000  0.220000   0.00731389857161548
0.220000  0.220000   0.00771443644355182
0.260000  0.220000   0.00792238953926756
0.300000  0.220000   0.00719830192835294
0.340000  0.220000   0.00708914906109880
0.380000  0.220000   0.00683802263254794
0.420000  0.220000   0.00646667602123380
0.460000  0.220000   0.00602987505892177
0.500000  0.220000   0.00559561730637199
0.540000  0.220000   0.00525322449874725
0.580000  0.220000   0.00515116426581862
0.620000  0.220000   0.00540451803287450
0.660000  0.220000   0.00624371958823161
0.700000  0.220000   0.00730896115863135
0.740000  0.220000   0.00896095535501437
0.780000  0.220000   0.01047824074459836
0.820000  0.220000   0.01247724507441426
0.860000  0.220000   0.01437192486996916
0.900000  0.220000   0.01652599966312131
0.940000  0.220000   0.01840445636181117
-.780000  0.260000   0.02169813690747830
-.740000  0.260000   0.02022124648802941
-.700000  0.260000   0.01834051618244464
-.660000  0.260000   0.01873705729280571
-.620000  0.260000   0.01778670041729174
-.580000  0.260000   0.01688050189687047
-.540000  0.260000   0.01590395377988688
-.500000  0.260000   0.01480413599044064
-.460000  0.260000   0.01357468370297254
-.420000  0.260000   0.01222842638839999
-.380000  0.260000   0.01079656268138659
-.340000  0.260000   0.00931300393565817
-.300000  0.260000   0.00782753312195485
-.260000  0.260000   0.00640493737215327
-.220000  0.260000   0.00583028144168842
-.180000  0.260000   0.00489126947794078
-.140000  0.260000   0.00494544259608394
-.100000  0.260000   0.00467777653533442
-.060000  0.260000   0.00522315415458991
-.020000  0.260000   0.00583698844103321
0.020000  0.260000   0.00640826604894518
0.060000  0.260000   0.00684341468424262
0.100000  0.260000   0.00708951869936659
0.140000  0.260000   0.00789924570313312
0.180000  0.260000   0.00773899354382115
0.220000  0.260000   0.00817658945093355
0.260000  0.260000   0.00767542911985180
0.300000  0.260000   0.00776865686465494
0.340000  0.260000   0.00770400694551510
0.380000  0.260000   0.00749670420580954
0.420000  0.260000   0.00718233228684265
0.460000  0.260000   0.00680031369486792
0.500000  0.260000   0.00642641638644864
0.540000  0.260000   0.00615779521718804
0.580000  0.260000   0.00611211769286244
0.620000  0.260000   0.00638946973831023
0.660000  0.260000   0.00702683477916488
0.700000  0.260000   0.00824902778907830
0.740000  0.260000   0.00949713964919111
0.780000  0.260000   0.01129087436168648
0.820000  0.260000   0.01319809660941078
0.860000  0.260000   0.01495179344311901
0.900000  0.260000   0.01686226633493338
0.940000  0.260000   0.01923187230378856
-.780000  0.300000   0.02447507049101448
-.740000  0.300000   0.01998859029336853
-.700000  0.300000   0.01956457354879673
-.660000  0.300000   0.01820800642626753
-.620000  0.300000   0.01846437138261312
-.580000  0.300000   0.01746837368301241
-.540000  0.300000   0.01641070341828112
-.500000  0.300000   0.01523246541909463
-.460000  0.300000   0.01392550702323935
-.420000  0.300000   0.01250473568224343
-.380000  0.300000   0.01100333383203343
-.340000  0.300000   0.00973415723311129
-.300000  0.300000   0.00838668801067284
-.260000  0.300000   0.00708123602504021
-.220000  0.300000   0.00590505061978702
-.180000  0.300000   0.00560135603921182
-.140000  0.300000   0.00499479458780731
-.100000  0.300000   0.00527573999699136
-.060000  0.300000   0.00573398916540962
-.020000  0.300000   0.00626506573302902
0.020000  0.300000   0.00677231612063999
0.060000  0.300000   0.00717854086984443
0.100000  0.300000   0.00743023773094567
0.140000  0.300000   0.00750053648160163
0.180000  0.300000   0.00812771453525460
0.220000  0.300000   0.00786377120481140
0.260000  0.300000   0.00816347463429129
0.300000  0.300000   0.00829600992719205
0.340000  0.300000   0.00827527385340308
0.380000  0.300000   0.00757624191602830
0.420000  0.300000   0.00738461694328144
0.460000  0.300000   0.00714367563436419
0.500000  0.300000   0.00691581383079752
0.540000  0.300000   0.00678373993505698
0.580000  0.300000   0.00683076218926122
0.620000  0.300000   0.00713802546175683
0.660000  0.300000   0.00796952271483333
0.700000  0.300000   0.00887262475882668
0.740000  0.300000   0.01034473792993142
0.780000  0.300000   0.01157302329993397
0.820000  0.300000   0.01324786771426663
0.860000  0.300000   0.01540580642356317
0.900000  0.300000   0.01696654364754315
0.940000  0.300000   0.01950179159583777
-.740000  0.340000   0.02204469920674977
-.700000  0.340000   0.01943199820475017
-.660000  0.340000   0.01929498810877095
-.620000  0.340000   0.01815880114217175
-.580000  0.340000   0.01718686078668786
-.540000  0.340000   0.01621403383616106
-.500000  0.340000   0.01516001463766830
-.460000  0.340000   0.01399518154630150
-.420000  0.340000   0.01272385017762674
-.380000  0.340000   0.01136757965441316
-.340000  0.340000   0.00996121410695839
-.300000  0.340000   0.00883404809043254
-.260000  0.340000   0.00765310810472342
-.220000  0.340000   0.00657119187882756
-.180000  0.340000   0.00621615770984553
-.140000  0.340000   0.00562203432256884
-.100000  0.340000   0.00582301806034335
-.060000  0.340000   0.00620231485428563
-.020000  0.340000   0.00666263112278704
0.020000  0.340000   0.00711648341140298
0.060000  0.340000   0.00749758334432912
0.100000  0.340000   0.00774975424884771
0.140000  0.340000   0.00784817734271092
0.180000  0.340000   0.00847623294194784
0.220000  0.340000   0.00827528311684102
0.260000  0.340000   0.00859862077841100
0.300000  0.340000   0.00876451592467993
0.340000  0.340000   0.00822188539638348
0.380000  0.340000   0.00816782441846857
0.420000  0.340000   0.00802669168876633
0.460000  0.340000   0.00784122580336712
0.500000  0.340000   0.00767394496219171
0.540000  0.340000   0.00760028610099813
0.580000  0.340000   0.00769396862180506
0.620000  0.340000   0.00801984712711647
0.660000  0.340000   0.00859679205254712
0.700000  0.340000   0.00971253507869224
0.740000  0.340000   0.01071818322931288
0.780000  0.340000   0.01224021244264599
0.820000  0.340000   0.01375265842170628
0.860000  0.340000   0.01567133979246457
0.900000  0.340000   0.01768969069809649
0.940000  0.340000   0.02411648739024870
-.740000  0.380000   0.02297125058869943
-.700000  0.380000   0.01971781979245364
-.660000  0.380000   0.01927868253835116
-.620000  0.380000   0.01798966984695276
-.580000  0.380000   0.01697092012549664
-.540000  0.380000   0.01602932258376263
-.500000  0.380000   0.01505627153791169
-.460000  0.380000   0.01400352401836488
-.420000  0.380000   0.01285890257143265
-.380000  0.380000   0.01163583683219719
-.340000  0.380000   0.01036215492966351
-.300000  0.380000   0.00907515193533508
-.260000  0.380000   0.00812561261901252
-.220000  0.380000   0.00714120754750291
-.180000  0.380000   0.00672764829761500
-.140000  0.380000   0.00617223739487890
-.100000  0.380000   0.00630226945637369
-.060000  0.380000   0.00661005902400616
-.020000  0.380000   0.00701006513106824
0.020000  0.380000   0.00742129740130686
0.060000  0.380000   0.00778124638848049
0.100000  0.380000   0.00803285875306264
0.140000  0.380000   0.00815816197151157
0.180000  0.380000   0.00877544554327481
0.220000  0.380000   0.00863494062755744
0.260000  0.380000   0.00897396807183605
0.300000  0.380000   0.00860814257137771
0.340000  0.380000   0.00870386426999153
0.380000  0.380000   0.00869115958731622
0.420000  0.380000   0.00859654167276836
0.460000  0.380000   0.00846196272128508
0.500000  0.380000   0.00835090257532617
0.540000  0.380000   0.00832968384812657
0.580000  0.380000   0.00846321293648796
0.620000  0.380000   0.00880812600143100
0.660000  0.380000   0.00937206373937732
0.700000  0.380000   0.01044937122393965
0.740000  0.380000   0.01136748650107016
0.780000  0.380000   0.01276506560051738
0.820000  0.380000   0.01406423949017628
0.860000  0.380000   0.01564805147030232
0.900000  0.380000   0.01800516036322801
-.740000  0.420000   0.02489681683705521
-.700000  0.420000   0.02193908430572888
-.660000  0.420000   0.01961809120853825
-.620000  0.420000   0.01807596699144933
-.580000  0.420000   0.01802705063169581
-.540000  0.420000   0.01694360757857089
-.500000  0.420000   0.01584490365974001
-.460000  0.420000   0.01467695858161438
-.420000  0.420000   0.01342406645933015
-.380000  0.420000   0.01183977387993083
-.340000  0.420000   0.01067922201891735
-.300000  0.420000   0.00950901617067991
-.260000  0.420000   0.00849679298118200
-.220000  0.420000   0.00761330611348292
-.180000  0.420000   0.00713988919227347
-.140000  0.420000   0.00663909381034563
-.100000  0.420000   0.00669816153451771
-.060000  0.420000   0.00694245159709554
-.020000  0.420000   0.00728785257625049
0.020000  0.420000   0.00766589571518224
0.060000  0.420000   0.00800824071358602
0.100000  0.420000   0.00826338898729398
0.140000  0.420000   0.00841381743461663
0.180000  0.420000   0.00900870980501010
0.220000  0.420000   0.00892601938327630
0.260000  0.420000   0.00926760556113235
0.300000  0.420000   0.00898191871333438
0.340000  0.420000   0.00910099934704494
0.380000  0.420000   0.00912125282761475
0.420000  0.420000   0.00871829418195928
0.460000  0.420000   0.00868491089084641
0.500000  0.420000   0.00866796264280300
0.540000  0.420000   0.00872634385670667
0.580000  0.420000   0.00890253730577907
0.620000  0.420000   0.00946817512181077
0.660000  0.420000   0.01001468666821125
0.700000  0.420000   0.01068504459670997
0.740000  0.420000   0.01185083339579330
0.780000  0.420000   0.01309252628308060
0.820000  0.420000   0.01488485278471648
0.860000  0.420000   0.01616566183317595
0.900000  0.420000   0.01962071066548007
-.700000  0.460000   0.02218569361573610
-.660000  0.460000   0.02045035862361607
-.620000  0.460000   0.01854620913818705
-.580000  0.460000   0.01824296484952418
-.540000  0.460000   0.01708182007709037
-.500000  0.460000   0.01597735030362574
-.460000  0.460000   0.01485189008162762
-.420000  0.460000   0.01367182560959799
-.380000  0.460000   0.01201762718436326
-.340000  0.460000   0.01094832318581986
-.300000  0.460000   0.00987065347001533
-.260000  0.460000   0.00878389370427231
-.220000  0.460000   0.00799009901828238
-.180000  0.460000   0.00745015972228627
-.140000  0.460000   0.00701433604797084
-.100000  0.460000   0.00699882175490212
-.060000  0.460000   0.00717858821518567
-.020000  0.460000   0.00747778542558814
0.020000  0.460000   0.00782777992265209
0.060000  0.460000   0.00815570861807331
0.100000  0.460000   0.00841949171957696
0.140000  0.460000   0.00859466794378493
0.180000  0.460000   0.00915338214044195
0.220000  0.460000   0.00913041926231374
0.260000  0.460000   0.00946473641965713
0.300000  0.460000   0.00926017976149409
0.340000  0.460000   0.00939238511492052
0.380000  0.460000   0.00943755682539189
0.420000  0.460000   0.00912457819312789
0.460000  0.460000   0.00912171893844205
0.500000  0.460000   0.00913695814797064
0.540000  0.460000   0.00922272410811603
0.580000  0.460000   0.00941320182168243
0.620000  0.460000   0.00997264090477541
0.660000  0.460000   0.01048263627235082
0.700000  0.460000   0.01147237320200930
0.740000  0.460000   0.01211471009023592
0.780000  0.460000   0.01313819579733898
0.820000  0.460000   0.01462945494026957
0.860000  0.460000   0.01737832704707605
-.700000  0.500000   0.02483751785109536
-.660000  0.500000   0.02192147096350847
-.620000  0.500000   0.01951952870409062
-.580000  0.500000   0.01877172095758601
-.540000  0.500000   0.01744149564678895
-.500000  0.500000   0.01625463243560319
-.460000  0.500000   0.01510839392490830
-.420000  0.500000   0.01395230269657853
-.380000  0.500000   0.01222118294112320
-.340000  0.500000   0.01119425062763945
-.300000  0.500000   0.01018980582924199
-.260000  0.500000   0.00900782021713188
-.220000  0.500000   0.00829172133194642
-.180000  0.500000   0.00766089334846380
-.140000  0.500000   0.00729242559082762
-.100000  0.500000   0.00719415623014397
-.060000  0.500000   0.00730592663784871
-.020000  0.500000   0.00755969908480785
0.020000  0.500000   0.00788134928758947
0.060000  0.500000   0.00819910975072705
0.100000  0.500000   0.00847579067743354
0.140000  0.500000   0.00867873116244155
0.180000  0.500000   0.00918675769282626
0.220000  0.500000   0.00922215893856980
0.260000  0.500000   0.00953941678117494
0.300000  0.500000   0.00941564054699826
0.340000  0.500000   0.00954962042541248
0.380000  0.500000   0.00960939629102851
0.420000  0.500000   0.00938393402557202
0.460000  0.500000   0.00940316100465075
0.500000  0.500000   0.00943898985598846
0.540000  0.500000   0.00954080812354783
0.580000  0.500000   0.00973318262087428
0.620000  0.500000   0.01027687033299259
0.660000  0.500000   0.01073162650129595
0.700000  0.500000   0.01166327931704358
0.740000  0.500000   0.01272452318461424
0.780000  0.500000   0.01364596423062483
0.820000  0.500000   0.01486824175288327
0.860000  0.500000   0.02013630100889561
-.660000  0.540000   0.02421735325002878
-.620000  0.540000   0.02111694354312917
-.580000  0.540000   0.01972818666421575
-.540000  0.540000   0.01812774168489702
-.500000  0.540000   0.01677423603816267
-.460000  0.540000   0.01553762631765478
-.420000  0.540000   0.01434055533052479
-.380000  0.540000   0.01252168816898407
-.340000  0.540000   0.01148723187839917
-.300000  0.540000   0.01050229394859587
-.260000  0.540000   0.00921185081602936
-.220000  0.540000   0.00853988235348394
-.180000  0.540000   0.00779072426688161
-.140000  0.540000   0.00748099108923940
-.100000  0.540000   0.00728281691052023
-.060000  0.540000   0.00731496671425996
-.020000  0.540000   0.00751552042142420
0.020000  0.540000   0.00780684014071870
0.060000  0.540000   0.00811590161131730
0.100000  0.540000   0.00840669384191191
0.140000  0.540000   0.00863855933970604
0.180000  0.540000   0.00907943740718878
0.220000  0.540000   0.00917543027696062
0.260000  0.540000   0.00945928559648557
0.300000  0.540000   0.00941553488380253
0.340000  0.540000   0.00954160181482999
0.380000  0.540000   0.00960247459341407
0.420000  0.540000   0.00946254349102599
0.460000  0.540000   0.00948951188698023
0.500000  0.540000   0.00953448428854534
0.540000  0.540000   0.00963781504263058
0.580000  0.540000   0.00981541331675126
0.620000  0.540000   0.01033735026577789
0.660000  0.540000   0.01070237142024750
0.700000  0.540000   0.01155345771125688
0.740000  0.540000   0.01243421936826403
0.780000  0.540000   0.01396737760563787
0.820000  0.540000   0.01709619763822591
-.660000  0.580000   0.02723354901285474
-.620000  0.580000   0.02346778861796544
-.580000  0.580000   0.02073079218424542
-.540000  0.580000   0.01925313904059064
-.500000  0.580000   0.01764070744456232
-.460000  0.580000   0.01623021532232864
-.420000  0.580000   0.01492555315107913
-.380000  0.580000   0.01301441406359274
-.340000  0.580000   0.01190455537507738
-.300000  0.580000   0.01088423183909309
-.260000  0.580000   0.00945753887694678
-.220000  0.580000   0.00877887339549595
-.180000  0.580000   0.00787976768683208
-.140000  0.580000   0.00728880772969056
-.100000  0.580000   0.00727201457813807
-.060000  0.580000   0.00720204640622309
-.020000  0.580000   0.00733356076202621
0.020000  0.580000   0.00758238517168679
0.060000  0.580000   0.00788035222535609
0.100000  0.580000   0.00818132947816307
0.140000  0.580000   0.00856316289014016
0.180000  0.580000   0.00879571397765221
0.220000  0.580000   0.00895288294692248
0.260000  0.580000   0.00918766626655269
0.300000  0.580000   0.00922218536119802
0.340000  0.580000   0.00932577412929714
0.380000  0.580000   0.00937613768896586
0.420000  0.580000   0.00931472232626715
0.460000  0.580000   0.00933658310221911
0.500000  0.580000   0.00937446536939920
0.540000  0.580000   0.00946300323861464
0.580000  0.580000   0.00983180438468074
0.620000  0.580000   0.01010160496899082
0.660000  0.580000   0.01087838156348476
0.700000  0.580000   0.01183894744559316
0.740000  0.580000   0.01268420003935190
0.780000  0.580000   0.01527769406576831
-.620000  0.620000   0.02666393290651347
-.580000  0.620000   0.02321756882266258
-.540000  0.620000   0.02061642855841051
-.500000  0.620000   0.01853583153573784
-.460000  0.620000   0.01676900175295018
-.420000  0.620000   0.01521134404868297
-.380000  0.620000   0.01381037407322114
-.340000  0.620000   0.01254824627884648
-.300000  0.620000   0.01142312881714830
-.260000  0.620000   0.00984540847978476
-.220000  0.620000   0.00909075111520312
-.180000  0.620000   0.00800302423363998
-.140000  0.620000   0.00721225574539375
-.100000  0.620000   0.00674799260098236
-.060000  0.620000   0.00698792072424942
-.020000  0.620000   0.00701577514329173
0.020000  0.620000   0.00719807881953771
0.060000  0.620000   0.00746864640347740
0.100000  0.620000   0.00768059300027758
0.140000  0.620000   0.00801618260693959
0.180000  0.620000   0.00829680762019038
0.220000  0.620000   0.00851317847738824
0.260000  0.620000   0.00867928060808471
0.300000  0.620000   0.00878998245882712
0.340000  0.620000   0.00885735277923025
0.380000  0.620000   0.00888193068358513
0.420000  0.620000   0.00889387684585882
0.460000  0.620000   0.00891650980184280
0.500000  0.620000   0.00899034345018468
0.540000  0.620000   0.00913324912095391
0.580000  0.620000   0.00932448901869909
0.620000  0.620000   0.01004398098362647
0.660000  0.620000   0.01025934383992830
0.700000  0.620000   0.01216445919116012
0.740000  0.620000   0.01415822497117262
0.780000  0.620000   0.02154569812173951
-.580000  0.660000   0.02676423133866805
-.540000  0.660000   0.02328195440689301
-.500000  0.660000   0.02069357357564603
-.460000  0.660000   0.01854076590839033
-.420000  0.660000   0.01667098626590558
-.380000  0.660000   0.01501103505050943
-.340000  0.660000   0.01352989400679766
-.300000  0.660000   0.01163923168244240
-.260000  0.660000   0.01049803189332405
-.220000  0.660000   0.00892870934715637
-.180000  0.660000   0.00828170160819611
-.140000  0.660000   0.00724249250838944
-.100000  0.660000   0.00651986362985586
-.060000  0.660000   0.00613735454010115
-.020000  0.660000   0.00605296187395093
0.020000  0.660000   0.00620895541661875
0.060000  0.660000   0.00650532243995301
0.100000  0.660000   0.00686382812881812
0.140000  0.660000   0.00722029719264624
0.180000  0.660000   0.00754124359478438
0.220000  0.660000   0.00763698313006349
0.260000  0.660000   0.00788466436837476
0.300000  0.660000   0.00793164419884025
0.340000  0.660000   0.00807610370169812
0.380000  0.660000   0.00805905529007612
0.420000  0.660000   0.00805678688284465
0.460000  0.660000   0.00807926404675523
0.500000  0.660000   0.00815890182135365
0.540000  0.660000   0.00829419641171719
0.580000  0.660000   0.00900843051510355
0.620000  0.660000   0.00926737188208662
0.660000  0.660000   0.01148926163069298
0.700000  0.660000   0.01401823522656056
0.740000  0.660000   0.01885161514730919
-.580000  0.700000   0.03243279895863929
-.540000  0.700000   0.02723523878949303
-.500000  0.700000   0.02384315062223110
-.460000  0.700000   0.02107275812320752
-.420000  0.700000   0.01867350167599050
-.380000  0.700000   0.01654241132690340
-.340000  0.700000   0.01463864396103250
-.300000  0.700000   0.01297119625101172
-.260000  0.700000   0.01106166710645400
-.220000  0.700000   0.00980825051998861
-.180000  0.700000   0.00821002253283401
-.140000  0.700000   0.00757067464419869
-.100000  0.700000   0.00653003046033485
-.060000  0.700000   0.00581047588532672
-.020000  0.700000   0.00542130916236041
0.020000  0.700000   0.00534947904901727
0.060000  0.700000   0.00550727195006256
0.100000  0.700000   0.00580279976859414
0.140000  0.700000   0.00614829051869764
0.180000  0.700000   0.00605716130070545
0.220000  0.700000   0.00643219197420246
0.260000  0.700000   0.00641585353301247
0.300000  0.700000   0.00670082349689582
0.340000  0.700000   0.00667857781786796
0.380000  0.700000   0.00671503224774400
0.420000  0.700000   0.00681072511330591
0.460000  0.700000   0.00704015630314759
0.500000  0.700000   0.00735351718303352
0.540000  0.700000   0.00772870770448685
0.580000  0.700000   0.00909692098352340
0.620000  0.700000   0.01078331880821550
0.660000  0.700000   0.01387825515351018
0.700000  0.700000   0.01963499152349693
-.540000  0.740000   0.03334005797421633
-.500000  0.740000   0.02864589985518362
-.460000  0.740000   0.02450236186924737
-.420000  0.740000   0.02162032838367496
-.380000  0.740000   0.01910314742140887
-.340000  0.740000   0.01685670252206728
-.300000  0.740000   0.01479810888785558
-.260000  0.740000   0.01287438167629803
-.220000  0.740000   0.01094370923880859
-.180000  0.740000   0.00947739811095196
-.140000  0.740000   0.00783546479322844
-.100000  0.740000   0.00637875318107041
-.060000  0.740000   0.00595971665077092
-.020000  0.740000   0.00513782246517425
0.020000  0.740000   0.00465318245291365
0.060000  0.740000   0.00448948327280956
0.100000  0.740000   0.00365346316335317
0.140000  0.740000   0.00401020519793159
0.180000  0.740000   0.00442712590317178
0.220000  0.740000   0.00423419812196791
0.260000  0.740000   0.00466669647099390
0.300000  0.740000   0.00466532468259920
0.340000  0.740000   0.00494979154922516
0.380000  0.740000   0.00503591811840809
0.420000  0.740000   0.00529270527552487
0.460000  0.740000   0.00569947009549379
0.500000  0.740000   0.00723884251645731
0.540000  0.740000   0.00804423633350626
0.580000  0.740000   0.01023720441483027
0.620000  0.740000   0.01402484951985134
0.660000  0.740000   0.02076173307028603
-.500000  0.780000   0.03570254854819824
-.460000  0.780000   0.02984118878279233
-.420000  0.780000   0.02613469856623729
-.380000  0.780000   0.02297049635024513
-.340000  0.780000   0.02015375372381192
-.300000  0.780000   0.01761602244975027
-.260000  0.780000   0.01556784930239715
-.220000  0.780000   0.01335632710023434
-.180000  0.780000   0.01143009333124970
-.140000  0.780000   0.00968284304491805
-.100000  0.780000   0.00801386727161693
-.060000  0.780000   0.00648385542755541
-.020000  0.780000   0.00511861011151835
0.020000  0.780000   0.00395971378068362
0.060000  0.780000   0.00306089812269451
0.100000  0.780000   0.00251795039569738
0.140000  0.780000   0.00236797470485523
0.180000  0.780000   0.00140131040241795
0.220000  0.780000   0.00190256099567641
0.260000  0.780000   0.00202273156937473
0.300000  0.780000   0.00244223848759011
0.340000  0.780000   0.00302515197312644
0.380000  0.780000   0.00393302953420290
0.420000  0.780000   0.00500044651055145
0.460000  0.780000   0.00614906404513297
0.500000  0.780000   0.00888914489347936
0.540000  0.780000   0.01177185309578934
0.580000  0.780000   0.01625695834335677
0.620000  0.780000   0.02653983765398110
-.460000  0.820000   0.03918185577690941
-.420000  0.820000   0.03382015671643177
-.380000  0.820000   0.02847097540762835
-.340000  0.820000   0.02498702912985364
-.300000  0.820000   0.02187003415177160
-.260000  0.820000   0.01979105438601456
-.220000  0.820000   0.01702049076620455
-.180000  0.820000   0.01506984576128663
-.140000  0.820000   0.01265242781388117
-.100000  0.820000   0.01086643060065333
-.060000  0.820000   0.00918096544864527
-.020000  0.820000   0.00761348773928648
0.020000  0.820000   0.00617533376098359
0.060000  0.820000   0.00488043468998124
0.100000  0.820000   0.00372976850285760
0.140000  0.820000   0.00272383301359715
0.180000  0.820000   0.00270779026634960
0.220000  0.820000   0.00216078632315069
0.260000  0.820000   0.00332903226432397
0.300000  0.820000   0.00316360598730852
0.340000  0.820000   0.00465419102618806
0.380000  0.820000   0.00620101238038393
0.420000  0.820000   0.00943231048658355
0.460000  0.820000   0.01111066287280724
0.500000  0.820000   0.01451993680352619
0.540000  0.820000   0.02107623691696733
-.380000  0.860000   0.03776184940169149
-.340000  0.860000   0.03306960671610495
-.300000  0.860000   0.02909086323441289
-.260000  0.860000   0.02552086716705817
-.220000  0.860000   0.02224621589923075
-.180000  0.860000   0.02028174429946155
-.140000  0.860000   0.01734818138938477
-.100000  0.860000   0.01554623127915048
-.060000  0.860000   0.01384977860713824
-.020000  0.860000   0.01227092349509054
0.020000  0.860000   0.01083186389175362
0.060000  0.860000   0.00954243843683237
0.100000  0.860000   0.00840883960314111
0.140000  0.860000   0.00743986257855475
0.180000  0.860000   0.00793801443496473
0.220000  0.860000   0.00734543257058786
0.260000  0.860000   0.00844575598701061
0.300000  0.860000   0.00980637131694972
0.340000  0.860000   0.01134952660404877
0.380000  0.860000   0.01306207062759913
0.420000  0.860000   0.01656650291885734
0.460000  0.860000   0.02179344881026186
0.500000  0.860000   0.03078360513045884
-.340000  0.900000   0.04727938496118994
-.300000  0.900000   0.03938252739227274
-.260000  0.900000   0.03472369128504348
-.220000  0.900000   0.03067616737588667
-.180000  0.900000   0.02700287465530174
-.140000  0.900000   0.02504675872601731
-.100000  0.900000   0.02179794711708204
-.060000  0.900000   0.02009144921949612
-.020000  0.900000   0.01850927380881553
0.020000  0.900000   0.01707859223690953
0.060000  0.900000   0.01579679432726192
0.100000  0.900000   0.01468004806720828
0.140000  0.900000   0.01521805124677974
0.180000  0.900000   0.01447871513713978
0.220000  0.900000   0.01550791091136797
0.260000  0.900000   0.01679258720895747
0.300000  0.900000   0.01833483009926492
0.340000  0.900000   0.02170508191778625
0.380000  0.900000   0.02549013881924027
0.420000  0.900000   0.03331249909030784
-.260000  0.940000   0.05368248630464489
-.220000  0.940000   0.04470355037565025
-.180000  0.940000   0.03963723388053164
-.140000  0.940000   0.03533561805910354
-.100000  0.940000   0.03322975071776771
-.060000  0.940000   0.02965405585108973
-.020000  0.940000   0.02801678273095742
0.020000  0.940000   0.02655851631419768
0.060000  0.940000   0.02528582873994529
0.100000  0.940000   0.02586313259818932
0.140000  0.940000   0.02502688330421831
0.180000  0.940000   0.02608209164562168
0.220000  0.940000   0.02743201215961019
0.260000  0.940000   0.03074185649804601
0.300000  0.940000   0.03479437913221534
0.340000  0.940000   0.05055676452231467
-.140000  0.980000   0.06361977439877149
-.100000  0.980000   0.05548425709457671
-.060000  0.980000   0.04978553725107675
-.020000  0.980000   0.04528202589185105
0.020000  0.980000   0.04345240999679017
0.060000  0.980000   0.04395551904015832
0.100000  0.980000   0.04488281795590232
0.140000  0.980000   0.04651844433154283
0.180000  0.980000   0.05330940129997436
