-.140000  -.980000    0.0000001677820148
-.100000  -.980000    0.0000002656347905
-.060000  -.980000    0.0000002017154363
-.020000  -.980000    0.0000000233977071
0.020000  -.980000   -0.0000000884326058
0.060000  -.980000   -0.0000001067116381
0.100000  -.980000   -0.0000001969918889
0.140000  -.980000   -0.0000003864587039
0.180000  -.980000   -0.0000005202507748
-.260000  -.940000    0.0000002080105048
-.220000  -.940000    0.0000003161027465
-.180000  -.940000    0.0000003297408652
-.140000  -.940000    0.0000002183114564
-.100000  -.940000    0.0000002265753614
-.060000  -.940000   -0.0000000345154825
-.020000  -.940000   -0.0000001105286465
0.020000  -.940000   -0.0000002124616040
0.060000  -.940000   -0.0000003393966233
0.100000  -.940000   -0.0000002622028244
0.140000  -.940000   -0.0000004581607607
0.180000  -.940000   -0.0000004857329667
0.220000  -.940000   -0.0000005981894282
0.260000  -.940000   -0.0000006384182396
0.300000  -.940000   -0.0000008865192990
0.340000  -.940000   -0.0000009990379215
-.340000  -.900000    0.0000001915646981
-.300000  -.900000    0.0000003296380590
-.260000  -.900000    0.0000003744145498
-.220000  -.900000    0.0000002874265510
-.180000  -.900000    0.0000000962199195
-.140000  -.900000    0.0000000920370645
-.100000  -.900000   -0.0000002085921477
-.060000  -.900000   -0.0000002572708482
-.020000  -.900000   -0.0000003104141042
0.020000  -.900000   -0.0000003686884836
0.060000  -.900000   -0.0000004312279264
0.100000  -.900000   -0.0000005007671683
0.140000  -.900000   -0.0000003301745736
0.180000  -.900000   -0.0000004480884527
0.220000  -.900000   -0.0000003744156817
0.260000  -.900000   -0.0000003822322850
0.300000  -.900000   -0.0000004926948530
0.340000  -.900000   -0.0000005532009374
0.380000  -.900000   -0.0000008268148463
0.420000  -.900000   -0.0000011738347786
-.420000  -.860000    0.0000000246942785
-.380000  -.860000    0.0000002525656484
-.340000  -.860000    0.0000003716902943
-.300000  -.860000    0.0000003496487680
-.260000  -.860000    0.0000002060661521
-.220000  -.860000   -0.0000000303332775
-.180000  -.860000   -0.0000000413665396
-.140000  -.860000   -0.0000003636649620
-.100000  -.860000   -0.0000003968937072
-.060000  -.860000   -0.0000004224224021
-.020000  -.860000   -0.0000004377499468
0.020000  -.860000   -0.0000004431565394
0.060000  -.860000   -0.0000004398842914
0.100000  -.860000   -0.0000004304107556
0.140000  -.860000   -0.0000004189947158
0.180000  -.860000   -0.0000001709775496
0.220000  -.860000   -0.0000002025815589
0.260000  -.860000   -0.0000000543710947
0.300000  -.860000    0.0000000098649684
0.340000  -.860000   -0.0000000317135742
0.380000  -.860000   -0.0000002038022776
0.420000  -.860000   -0.0000003863256151
0.460000  -.860000   -0.0000006626506052
0.500000  -.860000   -0.0000011746469218
-.460000  -.820000    0.0000000977444557
-.420000  -.820000    0.0000003374755600
-.380000  -.820000    0.0000002673993119
-.340000  -.820000    0.0000001827160708
-.300000  -.820000   -0.0000000110483786
-.260000  -.820000   -0.0000000063015108
-.220000  -.820000   -0.0000003178285838
-.180000  -.820000   -0.0000003499193658
-.140000  -.820000   -0.0000006901689493
-.100000  -.820000   -0.0000007079373279
-.060000  -.820000   -0.0000007044068678
-.020000  -.820000   -0.0000006772607952
0.020000  -.820000   -0.0000006267059711
0.060000  -.820000   -0.0000005557558451
0.100000  -.820000   -0.0000004679641848
0.140000  -.820000   -0.0000003681383656
0.180000  -.820000   -0.0000000317298208
0.220000  -.820000    0.0000000463184151
0.260000  -.820000    0.0000003090208056
0.300000  -.820000    0.0000003148618235
0.340000  -.820000    0.0000004331341480
0.380000  -.820000    0.0000004448971523
0.420000  -.820000    0.0000004597978124
0.460000  -.820000    0.0000001538864686
0.500000  -.820000   -0.0000002445240316
0.540000  -.820000   -0.0000007074449582
-.500000  -.780000    0.0000001215293705
-.460000  -.780000    0.0000002251497937
-.420000  -.780000    0.0000002536655323
-.380000  -.780000    0.0000001570353972
-.340000  -.780000   -0.0000000479659307
-.300000  -.780000   -0.0000003325701658
-.260000  -.780000   -0.0000003723822040
-.220000  -.780000   -0.0000007188807604
-.180000  -.780000   -0.0000007606609330
-.140000  -.780000   -0.0000010808987029
-.100000  -.780000   -0.0000010771333779
-.060000  -.780000   -0.0000010394536150
-.020000  -.780000   -0.0000009679469781
0.020000  -.780000   -0.0000008627628154
0.060000  -.780000   -0.0000007261662071
0.100000  -.780000   -0.0000005644956501
0.140000  -.780000   -0.0000003833101294
0.180000  -.780000    0.0000000143502434
0.220000  -.780000    0.0000001917523358
0.260000  -.780000    0.0000005414145290
0.300000  -.780000    0.0000006657370544
0.340000  -.780000    0.0000009023877194
0.380000  -.780000    0.0000010477677779
0.420000  -.780000    0.0000010790863650
0.460000  -.780000    0.0000009701505263
0.500000  -.780000    0.0000007861491954
0.540000  -.780000    0.0000003734179444
0.580000  -.780000   -0.0000002353259382
0.620000  -.780000   -0.0000010168035516
-.540000  -.740000    0.0000000975800923
-.500000  -.740000    0.0000002922035509
-.460000  -.740000    0.0000001946636519
-.420000  -.740000    0.0000000895967117
-.380000  -.740000   -0.0000001213808619
-.340000  -.740000   -0.0000004112439741
-.300000  -.740000   -0.0000004661448183
-.260000  -.740000   -0.0000008192641397
-.220000  -.740000   -0.0000008754828403
-.180000  -.740000   -0.0000012020879256
-.140000  -.740000   -0.0000012117109882
-.100000  -.740000   -0.0000011858368912
-.060000  -.740000   -0.0000013660071003
-.020000  -.740000   -0.0000012497582514
0.020000  -.740000   -0.0000010937258389
0.060000  -.740000   -0.0000009002773679
0.100000  -.740000   -0.0000004784753940
0.140000  -.740000   -0.0000002425608904
0.180000  -.740000    0.0000000112194513
0.220000  -.740000    0.0000004454995172
0.260000  -.740000    0.0000006855798115
0.300000  -.740000    0.0000010616522316
0.340000  -.740000    0.0000012371723660
0.380000  -.740000    0.0000014903467901
0.420000  -.740000    0.0000016477929893
0.460000  -.740000    0.0000016844660086
0.500000  -.740000    0.0000016559774477
0.540000  -.740000    0.0000013555597386
0.580000  -.740000    0.0000008975763682
0.620000  -.740000    0.0000002217996232
0.660000  -.740000   -0.0000007841028893
-.580000  -.700000    0.0000000737623837
-.540000  -.700000    0.0000002081338194
-.500000  -.700000    0.0000002678341007
-.460000  -.700000    0.0000002044767418
-.420000  -.700000   -0.0000002111687158
-.380000  -.700000   -0.0000002428282064
-.340000  -.700000   -0.0000005725868599
-.300000  -.700000   -0.0000009279978658
-.260000  -.700000   -0.0000010063310573
-.220000  -.700000   -0.0000013375214981
-.180000  -.700000   -0.0000013696038128
-.140000  -.700000   -0.0000016000719648
-.100000  -.700000   -0.0000015484710060
-.060000  -.700000   -0.0000014515632888
-.020000  -.700000   -0.0000013061389418
0.020000  -.700000   -0.0000011164827835
0.060000  -.700000   -0.0000008854346707
0.100000  -.700000   -0.0000006161411398
0.140000  -.700000   -0.0000003187683257
0.180000  -.700000    0.0000001414235121
0.220000  -.700000    0.0000004577264322
0.260000  -.700000    0.0000009132586587
0.300000  -.700000    0.0000012023690670
0.340000  -.700000    0.0000015921864148
0.380000  -.700000    0.0000019198802172
0.420000  -.700000    0.0000020613019154
0.460000  -.700000    0.0000023031765319
0.500000  -.700000    0.0000023174268649
0.540000  -.700000    0.0000021790298699
0.580000  -.700000    0.0000018986434741
0.620000  -.700000    0.0000013780463563
0.660000  -.700000    0.0000006245576375
0.700000  -.700000   -0.0000004572944812
-.620000  -.660000    0.0000000117136098
-.580000  -.660000    0.0000001937465065
-.540000  -.660000    0.0000001563589741
-.500000  -.660000    0.0000000886414095
-.460000  -.660000   -0.0000000859721068
-.420000  -.660000   -0.0000003494569465
-.380000  -.660000   -0.0000006736132346
-.340000  -.660000   -0.0000010249276595
-.300000  -.660000   -0.0000011261751871
-.260000  -.660000   -0.0000014588426873
-.220000  -.660000   -0.0000015207992036
-.180000  -.660000   -0.0000017558902271
-.140000  -.660000   -0.0000017347614032
-.100000  -.660000   -0.0000016664652151
-.060000  -.660000   -0.0000015497625737
-.020000  -.660000   -0.0000013805304366
0.020000  -.660000   -0.0000011632176316
0.060000  -.660000   -0.0000009003032004
0.100000  -.660000   -0.0000005958555034
0.140000  -.660000   -0.0000002619460909
0.180000  -.660000    0.0000000941235943
0.220000  -.660000    0.0000005748967595
0.260000  -.660000    0.0000009373922553
0.300000  -.660000    0.0000014039190179
0.340000  -.660000    0.0000017241918722
0.380000  -.660000    0.0000021139839915
0.420000  -.660000    0.0000024376643862
0.460000  -.660000    0.0000026729006201
0.500000  -.660000    0.0000028006808478
0.540000  -.660000    0.0000027970799116
0.580000  -.660000    0.0000026626899817
0.620000  -.660000    0.0000022914818631
0.660000  -.660000    0.0000017141957514
0.700000  -.660000    0.0000008555442092
0.740000  -.660000   -0.0000004268467016
-.620000  -.620000    0.0000001424060581
-.580000  -.620000    0.0000001649325142
-.540000  -.620000    0.0000001417041122
-.500000  -.620000    0.0000000103144359
-.460000  -.620000   -0.0000002179323502
-.420000  -.620000   -0.0000005194834057
-.380000  -.620000   -0.0000008636677258
-.340000  -.620000   -0.0000012169725182
-.300000  -.620000   -0.0000015461126368
-.260000  -.620000   -0.0000016378338077
-.220000  -.620000   -0.0000018766785598
-.180000  -.620000   -0.0000018933910222
-.140000  -.620000   -0.0000018637402075
-.100000  -.620000   -0.0000017834875894
-.060000  -.620000   -0.0000017502865509
-.020000  -.620000   -0.0000015547660524
0.020000  -.620000   -0.0000013069243473
0.060000  -.620000   -0.0000010111897735
0.100000  -.620000   -0.0000006027771878
0.140000  -.620000   -0.0000002392204905
0.180000  -.620000    0.0000001481636011
0.220000  -.620000    0.0000005496584193
0.260000  -.620000    0.0000010374745014
0.300000  -.620000    0.0000014277014672
0.340000  -.620000    0.0000018913916538
0.380000  -.620000    0.0000023194817394
0.420000  -.620000    0.0000026926011996
0.460000  -.620000    0.0000029894108412
0.500000  -.620000    0.0000031929658397
0.540000  -.620000    0.0000032808563194
0.580000  -.620000    0.0000032291599182
0.620000  -.620000    0.0000030204662785
0.660000  -.620000    0.0000025882923915
0.700000  -.620000    0.0000019014767285
0.740000  -.620000    0.0000009083668739
0.780000  -.620000   -0.0000004224164892
-.660000  -.580000    0.0000000671272988
-.620000  -.580000    0.0000001412407314
-.580000  -.580000    0.0000001595772574
-.540000  -.580000   -0.0000001035497335
-.500000  -.580000   -0.0000003178068306
-.460000  -.580000   -0.0000006019861178
-.420000  -.580000   -0.0000009292254143
-.380000  -.580000   -0.0000010559179161
-.340000  -.580000   -0.0000013996749527
-.300000  -.580000   -0.0000017054668222
-.260000  -.580000   -0.0000017994815041
-.220000  -.580000   -0.0000019982163563
-.180000  -.580000   -0.0000020120082492
-.140000  -.580000   -0.0000019778731328
-.100000  -.580000   -0.0000019545900878
-.060000  -.580000   -0.0000018011380938
-.020000  -.580000   -0.0000015922366472
0.020000  -.580000   -0.0000013302597318
0.060000  -.580000   -0.0000010180080688
0.100000  -.580000   -0.0000006657615921
0.140000  -.580000   -0.0000002406771982
0.180000  -.580000    0.0000001702599844
0.220000  -.580000    0.0000005956461531
0.260000  -.580000    0.0000010866719844
0.300000  -.580000    0.0000015040104172
0.340000  -.580000    0.0000019840344638
0.380000  -.580000    0.0000024357355849
0.420000  -.580000    0.0000027559536637
0.460000  -.580000    0.0000031058513294
0.500000  -.580000    0.0000033781626699
0.540000  -.580000    0.0000035537674680
0.580000  -.580000    0.0000036425857359
0.620000  -.580000    0.0000035349383593
0.660000  -.580000    0.0000032470996844
0.700000  -.580000    0.0000027269869909
0.740000  -.580000    0.0000019344198380
0.780000  -.580000    0.0000008136953475
-.660000  -.540000    0.0000000940520504
-.620000  -.540000    0.0000001460616698
-.580000  -.540000   -0.0000000452130263
-.540000  -.540000   -0.0000002158421859
-.500000  -.540000   -0.0000004631245817
-.460000  -.540000   -0.0000007656702089
-.420000  -.540000   -0.0000010956462418
-.380000  -.540000   -0.0000012359897550
-.340000  -.540000   -0.0000015609914835
-.300000  -.540000   -0.0000018365256205
-.260000  -.540000   -0.0000019334565090
-.220000  -.540000   -0.0000020904660855
-.180000  -.540000   -0.0000021040055195
-.140000  -.540000   -0.0000020948170279
-.100000  -.540000   -0.0000019951556531
-.060000  -.540000   -0.0000018369787691
-.020000  -.540000   -0.0000016206543790
0.020000  -.540000   -0.0000013500111530
0.060000  -.540000   -0.0000010262031130
0.100000  -.540000   -0.0000006612160711
0.140000  -.540000   -0.0000002603085609
0.180000  -.540000    0.0000001706321242
0.220000  -.540000    0.0000006112610279
0.260000  -.540000    0.0000010952705202
0.300000  -.540000    0.0000015299980334
0.340000  -.540000    0.0000020140479822
0.380000  -.540000    0.0000024780476733
0.420000  -.540000    0.0000028235653186
0.460000  -.540000    0.0000032014504077
0.500000  -.540000    0.0000035128666857
0.540000  -.540000    0.0000037402981236
0.580000  -.540000    0.0000038627074963
0.620000  -.540000    0.0000038794234949
0.660000  -.540000    0.0000037094628797
0.700000  -.540000    0.0000033385087023
0.740000  -.540000    0.0000027216420170
0.780000  -.540000    0.0000017944463248
0.820000  -.540000    0.0000005393483805
-.700000  -.500000    0.0000000627396383
-.660000  -.500000    0.0000001082961442
-.620000  -.500000    0.0000001086067439
-.580000  -.500000   -0.0000001387818510
-.540000  -.500000   -0.0000003428277395
-.500000  -.500000   -0.0000006103111079
-.460000  -.500000   -0.0000009185523717
-.420000  -.500000   -0.0000012395228955
-.380000  -.500000   -0.0000013910098556
-.340000  -.500000   -0.0000016898418605
-.300000  -.500000   -0.0000019299876604
-.260000  -.500000   -0.0000020311592564
-.220000  -.500000   -0.0000021456945263
-.180000  -.500000   -0.0000021625766035
-.140000  -.500000   -0.0000021071844916
-.100000  -.500000   -0.0000020097179042
-.060000  -.500000   -0.0000018525619729
-.020000  -.500000   -0.0000016344401651
0.020000  -.500000   -0.0000013594339039
0.060000  -.500000   -0.0000010303978666
0.100000  -.500000   -0.0000006580448409
0.140000  -.500000   -0.0000002522027339
0.180000  -.500000    0.0000001561145076
0.220000  -.500000    0.0000006044791059
0.260000  -.500000    0.0000010744602458
0.300000  -.500000    0.0000015167474624
0.340000  -.500000    0.0000019943838663
0.380000  -.500000    0.0000024591951271
0.420000  -.500000    0.0000028178332506
0.460000  -.500000    0.0000032096273251
0.500000  -.500000    0.0000035455876360
0.540000  -.500000    0.0000038090632911
0.580000  -.500000    0.0000039808834862
0.620000  -.500000    0.0000040723691901
0.660000  -.500000    0.0000039888467627
0.700000  -.500000    0.0000037312741262
0.740000  -.500000    0.0000032534280535
0.780000  -.500000    0.0000025286410782
0.820000  -.500000    0.0000014690600914
0.860000  -.500000    0.0000000190448807
-.700000  -.460000    0.0000001050530720
-.660000  -.460000    0.0000000869064428
-.620000  -.460000    0.0000000403555446
-.580000  -.460000   -0.0000002454648016
-.540000  -.460000   -0.0000004707887836
-.500000  -.460000   -0.0000007460291637
-.460000  -.460000   -0.0000010481149763
-.420000  -.460000   -0.0000013509536653
-.380000  -.460000   -0.0000015098167788
-.340000  -.460000   -0.0000017772388954
-.300000  -.460000   -0.0000019800116324
-.260000  -.460000   -0.0000020854173373
-.220000  -.460000   -0.0000021589683787
-.180000  -.460000   -0.0000021826237824
-.140000  -.460000   -0.0000020860464945
-.100000  -.460000   -0.0000019949695778
-.060000  -.460000   -0.0000018441504816
-.020000  -.460000   -0.0000016295068274
0.020000  -.460000   -0.0000013550719539
0.060000  -.460000   -0.0000010260407587
0.100000  -.460000   -0.0000006515985886
0.140000  -.460000   -0.0000002455960519
0.180000  -.460000    0.0000001332471281
0.220000  -.460000    0.0000005831022112
0.260000  -.460000    0.0000010304780028
0.300000  -.460000    0.0000014712943760
0.340000  -.460000    0.0000019343595752
0.380000  -.460000    0.0000023895116136
0.420000  -.460000    0.0000027499662390
0.460000  -.460000    0.0000031434016851
0.500000  -.460000    0.0000034905487636
0.540000  -.460000    0.0000037757588913
0.580000  -.460000    0.0000039817292483
0.620000  -.460000    0.0000041328415820
0.660000  -.460000    0.0000041165267867
0.700000  -.460000    0.0000039533840047
0.740000  -.460000    0.0000036261235223
0.780000  -.460000    0.0000030543362653
0.820000  -.460000    0.0000021733552837
0.860000  -.460000    0.0000009825912190
-.740000  -.420000    0.0000000271480878
-.700000  -.420000    0.0000000512930846
-.660000  -.420000    0.0000000386169058
-.620000  -.420000   -0.0000000461181038
-.580000  -.420000   -0.0000003523099159
-.540000  -.420000   -0.0000005871596173
-.500000  -.420000   -0.0000008588686271
-.460000  -.420000   -0.0000011447730742
-.420000  -.420000   -0.0000014210219138
-.380000  -.420000   -0.0000015836095072
-.340000  -.420000   -0.0000018153343198
-.300000  -.420000   -0.0000019806444141
-.260000  -.420000   -0.0000020911117027
-.220000  -.420000   -0.0000021275957530
-.180000  -.420000   -0.0000021603873790
-.140000  -.420000   -0.0000020281445665
-.100000  -.420000   -0.0000019483092385
-.060000  -.420000   -0.0000018086754568
-.020000  -.420000   -0.0000016030006643
0.020000  -.420000   -0.0000013339986566
0.060000  -.420000   -0.0000010097639341
0.100000  -.420000   -0.0000006382136399
0.140000  -.420000   -0.0000002376433699
0.180000  -.420000    0.0000001090343798
0.220000  -.420000    0.0000005521781463
0.260000  -.420000    0.0000009715910852
0.300000  -.420000    0.0000014017146236
0.340000  -.420000    0.0000018416571490
0.380000  -.420000    0.0000022781934897
0.420000  -.420000    0.0000026286778643
0.460000  -.420000    0.0000030135801619
0.500000  -.420000    0.0000033600920353
0.540000  -.420000    0.0000036543708373
0.580000  -.420000    0.0000038809227779
0.620000  -.420000    0.0000040752583402
0.660000  -.420000    0.0000041123461856
0.700000  -.420000    0.0000040304649022
0.740000  -.420000    0.0000037910591139
0.780000  -.420000    0.0000033449162906
0.820000  -.420000    0.0000026201929072
0.860000  -.420000    0.0000016353291522
0.900000  -.420000    0.0000002332164058
-.740000  -.380000    0.0000000439060840
-.700000  -.380000    0.0000000902369787
-.660000  -.380000   -0.0000000252809255
-.620000  -.380000   -0.0000001380438218
-.580000  -.380000   -0.0000003146618811
-.540000  -.380000   -0.0000005440439014
-.500000  -.380000   -0.0000008091198018
-.460000  -.380000   -0.0000010888618138
-.420000  -.380000   -0.0000013615479011
-.380000  -.380000   -0.0000016055755723
-.340000  -.380000   -0.0000018008077066
-.300000  -.380000   -0.0000019281140788
-.260000  -.380000   -0.0000020455184198
-.220000  -.380000   -0.0000020483383514
-.180000  -.380000   -0.0000020929792965
-.140000  -.380000   -0.0000019323563915
-.100000  -.380000   -0.0000018686613042
-.060000  -.380000   -0.0000017442516951
-.020000  -.380000   -0.0000015532533402
0.020000  -.380000   -0.0000012945252839
0.060000  -.380000   -0.0000009783582217
0.100000  -.380000   -0.0000006150457253
0.140000  -.380000   -0.0000002229689933
0.180000  -.380000    0.0000000867554968
0.220000  -.380000    0.0000005167834568
0.260000  -.380000    0.0000009033118261
0.300000  -.380000    0.0000013149662746
0.340000  -.380000    0.0000017231786491
0.380000  -.380000    0.0000021328799974
0.420000  -.380000    0.0000025327791831
0.460000  -.380000    0.0000029062558699
0.500000  -.380000    0.0000032450896178
0.540000  -.380000    0.0000035335839654
0.580000  -.380000    0.0000037610662336
0.620000  -.380000    0.0000039184828950
0.660000  -.380000    0.0000039908517153
0.700000  -.380000    0.0000039722060889
0.740000  -.380000    0.0000038096610843
0.780000  -.380000    0.0000034692014349
0.820000  -.380000    0.0000029232294469
0.860000  -.380000    0.0000020899114949
0.900000  -.380000    0.0000009438191014
-.740000  -.340000    0.0000000391628993
-.700000  -.340000    0.0000000495995693
-.660000  -.340000   -0.0000000935946401
-.620000  -.340000   -0.0000002239665642
-.580000  -.340000   -0.0000004064227446
-.540000  -.340000   -0.0000006295043243
-.500000  -.340000   -0.0000008765725665
-.460000  -.340000   -0.0000011290647081
-.420000  -.340000   -0.0000013678669839
-.380000  -.340000   -0.0000015748448746
-.340000  -.340000   -0.0000017314103872
-.300000  -.340000   -0.0000018790057413
-.260000  -.340000   -0.0000019437931401
-.220000  -.340000   -0.0000019195484282
-.180000  -.340000   -0.0000019799105264
-.140000  -.340000   -0.0000017983695400
-.100000  -.340000   -0.0000017548913993
-.060000  -.340000   -0.0000016511332645
-.020000  -.340000   -0.0000014791687777
0.020000  -.340000   -0.0000012354271653
0.060000  -.340000   -0.0000009306017326
0.100000  -.340000   -0.0000005793936974
0.140000  -.340000   -0.0000002009721519
0.180000  -.340000    0.0000000712979430
0.220000  -.340000    0.0000004804849972
0.260000  -.340000    0.0000008305697548
0.300000  -.340000    0.0000012105365952
0.340000  -.340000    0.0000015847521067
0.380000  -.340000    0.0000019594753015
0.420000  -.340000    0.0000023292699079
0.460000  -.340000    0.0000026781071613
0.500000  -.340000    0.0000029981637836
0.540000  -.340000    0.0000032769656146
0.580000  -.340000    0.0000035053171208
0.620000  -.340000    0.0000036729271269
0.660000  -.340000    0.0000037701389408
0.700000  -.340000    0.0000038042573446
0.740000  -.340000    0.0000036991144040
0.780000  -.340000    0.0000034498277327
0.820000  -.340000    0.0000030172942666
0.860000  -.340000    0.0000023282106668
0.900000  -.340000    0.0000013838993048
0.940000  -.340000    0.0000000051601299
-.780000  -.300000    0.0000000131448948
-.740000  -.300000    0.0000000608870767
-.700000  -.300000    0.0000000002498349
-.660000  -.300000   -0.0000000687739606
-.620000  -.300000   -0.0000002947142006
-.580000  -.300000   -0.0000004727329148
-.540000  -.300000   -0.0000006801368479
-.500000  -.300000   -0.0000009013986955
-.460000  -.300000   -0.0000011208328644
-.420000  -.300000   -0.0000013220158558
-.380000  -.300000   -0.0000014891910929
-.340000  -.300000   -0.0000016464746338
-.300000  -.300000   -0.0000017529817284
-.260000  -.300000   -0.0000017887520391
-.220000  -.300000   -0.0000017418734481
-.180000  -.300000   -0.0000018188941794
-.140000  -.300000   -0.0000016270631231
-.100000  -.300000   -0.0000016077061450
-.060000  -.300000   -0.0000015299289964
-.020000  -.300000   -0.0000013807735251
0.020000  -.300000   -0.0000011567226946
0.060000  -.300000   -0.0000008662170520
0.100000  -.300000   -0.0000005299965668
0.140000  -.300000   -0.0000001697266420
0.180000  -.300000    0.0000000645275746
0.220000  -.300000    0.0000004468188434
0.260000  -.300000    0.0000007535728473
0.300000  -.300000    0.0000010920755060
0.340000  -.300000    0.0000014440983440
0.380000  -.300000    0.0000017629665862
0.420000  -.300000    0.0000020954975730
0.460000  -.300000    0.0000024114335205
0.500000  -.300000    0.0000027054424384
0.540000  -.300000    0.0000029658285825
0.580000  -.300000    0.0000031843096285
0.620000  -.300000    0.0000033543591666
0.660000  -.300000    0.0000035112486489
0.700000  -.300000    0.0000035372407083
0.740000  -.300000    0.0000034815522547
0.780000  -.300000    0.0000033058029306
0.820000  -.300000    0.0000029712068040
0.860000  -.300000    0.0000024075600893
0.900000  -.300000    0.0000016380004545
0.940000  -.300000    0.0000005576283934
-.780000  -.260000    0.0000000284975665
-.740000  -.260000    0.0000000328517047
-.700000  -.260000    0.0000000162600953
-.660000  -.260000   -0.0000001307870627
-.620000  -.260000   -0.0000002562936666
-.580000  -.260000   -0.0000004191006702
-.540000  -.260000   -0.0000006091407814
-.500000  -.260000   -0.0000008132724356
-.460000  -.260000   -0.0000010178344647
-.420000  -.260000   -0.0000012089783959
-.380000  -.260000   -0.0000013733245143
-.340000  -.260000   -0.0000014986786429
-.300000  -.260000   -0.0000015722776624
-.260000  -.260000   -0.0000015833113759
-.220000  -.260000   -0.0000017088947873
-.180000  -.260000   -0.0000016115956752
-.140000  -.260000   -0.0000016832436223
-.100000  -.260000   -0.0000014279657131
-.060000  -.260000   -0.0000013809531413
-.020000  -.260000   -0.0000012597795885
0.020000  -.260000   -0.0000010585706655
0.060000  -.260000   -0.0000007846652839
0.100000  -.260000   -0.0000004647877302
0.140000  -.260000   -0.0000003074979139
0.180000  -.260000    0.0000000674038235
0.220000  -.260000    0.0000003241701390
0.260000  -.260000    0.0000006758620891
0.300000  -.260000    0.0000009679325191
0.340000  -.260000    0.0000012731585372
0.380000  -.260000    0.0000015841727536
0.420000  -.260000    0.0000018876916880
0.460000  -.260000    0.0000021753198437
0.500000  -.260000    0.0000024416714064
0.540000  -.260000    0.0000026774779225
0.580000  -.260000    0.0000028783704998
0.620000  -.260000    0.0000030360727780
0.660000  -.260000    0.0000031434173193
0.700000  -.260000    0.0000032159145458
0.740000  -.260000    0.0000031773372041
0.780000  -.260000    0.0000030433708248
0.820000  -.260000    0.0000027727173195
0.860000  -.260000    0.0000023544048884
0.900000  -.260000    0.0000017214477285
0.940000  -.260000    0.0000008526270229
-.780000  -.220000    0.0000000223580472
-.740000  -.220000    0.0000000417478642
-.700000  -.220000   -0.0000000330017440
-.660000  -.220000   -0.0000001059908262
-.620000  -.220000   -0.0000002944198856
-.580000  -.220000   -0.0000004403138890
-.540000  -.220000   -0.0000006034109936
-.500000  -.220000   -0.0000007732961057
-.460000  -.220000   -0.0000009382371410
-.420000  -.220000   -0.0000010878935459
-.380000  -.220000   -0.0000012115986853
-.340000  -.220000   -0.0000012999892975
-.300000  -.220000   -0.0000013434456116
-.260000  -.220000   -0.0000014860347567
-.220000  -.220000   -0.0000014603427853
-.180000  -.220000   -0.0000013608122375
-.140000  -.220000   -0.0000014568666823
-.100000  -.220000   -0.0000012159991969
-.060000  -.220000   -0.0000012062229092
-.020000  -.220000   -0.0000011180425264
0.020000  -.220000   -0.0000009418056125
0.060000  -.220000   -0.0000006866400718
0.100000  -.220000   -0.0000003845629320
0.140000  -.220000   -0.0000002623436495
0.180000  -.220000    0.0000000795197229
0.220000  -.220000    0.0000002935937111
0.260000  -.220000    0.0000005441040113
0.300000  -.220000    0.0000008383124202
0.340000  -.220000    0.0000010916478501
0.380000  -.220000    0.0000013523654785
0.420000  -.220000    0.0000016071513250
0.460000  -.220000    0.0000018544243256
0.500000  -.220000    0.0000020865768725
0.540000  -.220000    0.0000022927915319
0.580000  -.220000    0.0000024732034458
0.620000  -.220000    0.0000026144428833
0.660000  -.220000    0.0000027580693326
0.700000  -.220000    0.0000028061003234
0.740000  -.220000    0.0000028052052256
0.780000  -.220000    0.0000027115885811
0.820000  -.220000    0.0000025139655502
0.860000  -.220000    0.0000021880335684
0.900000  -.220000    0.0000016764246369
0.940000  -.220000    0.0000009700760210
-.780000  -.180000    0.0000000274062554
-.740000  -.180000    0.0000000083248676
-.700000  -.180000   -0.0000000209288649
-.660000  -.180000   -0.0000001429184192
-.620000  -.180000   -0.0000002438894277
-.580000  -.180000   -0.0000003680041747
-.540000  -.180000   -0.0000005073080020
-.500000  -.180000   -0.0000006536031381
-.460000  -.180000   -0.0000007974563397
-.420000  -.180000   -0.0000009310755285
-.380000  -.180000   -0.0000010457683618
-.340000  -.180000   -0.0000011348022691
-.300000  -.180000   -0.0000011902971704
-.260000  -.180000   -0.0000012049198430
-.220000  -.180000   -0.0000011694139672
-.180000  -.180000   -0.0000013102279269
-.140000  -.180000   -0.0000011886505541
-.100000  -.180000   -0.0000009723533460
-.060000  -.180000   -0.0000010047872029
-.020000  -.180000   -0.0000009578216990
0.020000  -.180000   -0.0000008083476191
0.060000  -.180000   -0.0000005711505017
0.100000  -.180000   -0.0000002890411211
0.140000  -.180000   -0.0000001995801733
0.180000  -.180000   -0.0000000343654499
0.220000  -.180000    0.0000002683911521
0.260000  -.180000    0.0000004668476040
0.300000  -.180000    0.0000006829285258
0.340000  -.180000    0.0000009080055233
0.380000  -.180000    0.0000011306609437
0.420000  -.180000    0.0000013528450154
0.460000  -.180000    0.0000015602684463
0.500000  -.180000    0.0000017447418576
0.540000  -.180000    0.0000019142977887
0.580000  -.180000    0.0000020631796419
0.620000  -.180000    0.0000021948470778
0.660000  -.180000    0.0000022962595630
0.700000  -.180000    0.0000023672922253
0.740000  -.180000    0.0000023651767988
0.780000  -.180000    0.0000023041767589
0.820000  -.180000    0.0000021502974190
0.860000  -.180000    0.0000018952071902
0.900000  -.180000    0.0000015264824616
0.940000  -.180000    0.0000009617871728
0.980000  -.180000    0.0000001732072464
-.820000  -.140000    0.0000000004999998
-.780000  -.140000    0.0000000118359086
-.740000  -.140000    0.0000000113855634
-.700000  -.140000   -0.0000000521995189
-.660000  -.140000   -0.0000001106880776
-.620000  -.140000   -0.0000001917883270
-.580000  -.140000   -0.0000002915735068
-.540000  -.140000   -0.0000004435314951
-.500000  -.140000   -0.0000005510340174
-.460000  -.140000   -0.0000006538710662
-.420000  -.140000   -0.0000007449413127
-.380000  -.140000   -0.0000008199690556
-.340000  -.140000   -0.0000008727549486
-.300000  -.140000   -0.0000008995981453
-.260000  -.140000   -0.0000010285059901
-.220000  -.140000   -0.0000010271597972
-.180000  -.140000   -0.0000009831257071
-.140000  -.140000   -0.0000008818019299
-.100000  -.140000   -0.0000010171589653
-.060000  -.140000   -0.0000007775860276
-.020000  -.140000   -0.0000007800109908
0.020000  -.140000   -0.0000006599571262
0.060000  -.140000   -0.0000004368831589
0.100000  -.140000   -0.0000004168692284
0.140000  -.140000   -0.0000001192519395
0.180000  -.140000    0.0000000041985508
0.220000  -.140000    0.0000001615172451
0.260000  -.140000    0.0000003382463650
0.300000  -.140000    0.0000005454996003
0.340000  -.140000    0.0000007117812873
0.380000  -.140000    0.0000008808204876
0.420000  -.140000    0.0000010461054952
0.460000  -.140000    0.0000011977512208
0.500000  -.140000    0.0000013691445957
0.540000  -.140000    0.0000015228287419
0.580000  -.140000    0.0000016936837840
0.620000  -.140000    0.0000017568476346
0.660000  -.140000    0.0000018140139683
0.700000  -.140000    0.0000018694663166
0.740000  -.140000    0.0000018868482594
0.780000  -.140000    0.0000018446597106
0.820000  -.140000    0.0000017435289076
0.860000  -.140000    0.0000015620965787
0.900000  -.140000    0.0000012611348454
0.940000  -.140000    0.0000008551721492
0.980000  -.140000    0.0000002713545597
-.820000  -.100000    0.0000000023527538
-.780000  -.100000    0.0000000109910722
-.740000  -.100000    0.0000000109376670
-.700000  -.100000   -0.0000000360135291
-.660000  -.100000   -0.0000000787781749
-.620000  -.100000   -0.0000001383220731
-.580000  -.100000   -0.0000002442078967
-.540000  -.100000   -0.0000003223665883
-.500000  -.100000   -0.0000004017353491
-.460000  -.100000   -0.0000004786661210
-.420000  -.100000   -0.0000005480940773
-.380000  -.100000   -0.0000006074686294
-.340000  -.100000   -0.0000006526366813
-.300000  -.100000   -0.0000006818140538
-.260000  -.100000   -0.0000006908479129
-.220000  -.100000   -0.0000006768166035
-.180000  -.100000   -0.0000006343639661
-.140000  -.100000   -0.0000007818414425
-.100000  -.100000   -0.0000006985296690
-.060000  -.100000   -0.0000005237419910
-.020000  -.100000   -0.0000005864131081
0.020000  -.100000   -0.0000004983528669
0.060000  -.100000   -0.0000002827011216
0.100000  -.100000   -0.0000002722463636
0.140000  -.100000   -0.0000001820654742
0.180000  -.100000    0.0000000462833671
0.220000  -.100000    0.0000001481551366
0.260000  -.100000    0.0000002646486961
0.300000  -.100000    0.0000003863367502
0.340000  -.100000    0.0000005121698951
0.380000  -.100000    0.0000006388031306
0.420000  -.100000    0.0000007540145219
0.460000  -.100000    0.0000008884908645
0.500000  -.100000    0.0000009825808916
0.540000  -.100000    0.0000010164087425
0.580000  -.100000    0.0000010976023259
0.620000  -.100000    0.0000012971857450
0.660000  -.100000    0.0000013252982494
0.700000  -.100000    0.0000013584911256
0.740000  -.100000    0.0000013723789357
0.780000  -.100000    0.0000013457591094
0.820000  -.100000    0.0000012755647844
0.860000  -.100000    0.0000011497233667
0.900000  -.100000    0.0000009594572662
0.940000  -.100000    0.0000006586961920
0.980000  -.100000    0.0000002652807532
-.820000  -.060000    0.0000000023885652
-.780000  -.060000    0.0000000076918908
-.740000  -.060000   -0.0000000056687575
-.700000  -.060000   -0.0000000210649303
-.660000  -.060000   -0.0000000471622140
-.620000  -.060000   -0.0000001043520073
-.580000  -.060000   -0.0000001479343825
-.540000  -.060000   -0.0000001957641599
-.500000  -.060000   -0.0000002445110731
-.460000  -.060000   -0.0000002922044266
-.420000  -.060000   -0.0000003358255421
-.380000  -.060000   -0.0000003740856925
-.340000  -.060000   -0.0000004046996742
-.300000  -.060000   -0.0000004270546313
-.260000  -.060000   -0.0000004392060066
-.220000  -.060000   -0.0000004408181571
-.180000  -.060000   -0.0000004301392846
-.140000  -.060000   -0.0000004032573039
-.100000  -.060000   -0.0000003515024001
-.060000  -.060000   -0.0000005347784691
-.020000  -.060000   -0.0000003754964259
0.020000  -.060000   -0.0000003202948299
0.060000  -.060000   -0.0000003576499102
0.100000  -.060000   -0.0000001115679948
0.140000  -.060000   -0.0000000635230922
0.180000  -.060000    0.0000000012661548
0.220000  -.060000    0.0000000744552200
0.260000  -.060000    0.0000001519395043
0.300000  -.060000    0.0000002302868029
0.340000  -.060000    0.0000003084529621
0.380000  -.060000    0.0000003862953841
0.420000  -.060000    0.0000004582883956
0.460000  -.060000    0.0000005402317805
0.500000  -.060000    0.0000005591118151
0.540000  -.060000    0.0000007540744234
0.580000  -.060000    0.0000008115322551
0.620000  -.060000    0.0000006889336369
0.660000  -.060000    0.0000008283972175
0.700000  -.060000    0.0000008179319596
0.740000  -.060000    0.0000008286114705
0.780000  -.060000    0.0000008184459471
0.820000  -.060000    0.0000007772927857
0.860000  -.060000    0.0000007032437634
0.900000  -.060000    0.0000005910129856
0.940000  -.060000    0.0000004225144209
0.980000  -.060000    0.0000001836349481
-.820000  -.020000    0.0000000009762472
-.780000  -.020000    0.0000000027549181
-.740000  -.020000   -0.0000000017605958
-.700000  -.020000   -0.0000000069287693
-.660000  -.020000   -0.0000000157057848
-.620000  -.020000   -0.0000000349195068
-.580000  -.020000   -0.0000000495531377
-.540000  -.020000   -0.0000000656600559
-.500000  -.020000   -0.0000000821073611
-.460000  -.020000   -0.0000000982779351
-.420000  -.020000   -0.0000001131707590
-.380000  -.020000   -0.0000001264020428
-.340000  -.020000   -0.0000001372579431
-.300000  -.020000   -0.0000001456245201
-.260000  -.020000   -0.0000001510041517
-.220000  -.020000   -0.0000001536682559
-.180000  -.020000   -0.0000001535136088
-.140000  -.020000   -0.0000001506175250
-.100000  -.020000   -0.0000001459475706
-.060000  -.020000   -0.0000001405063805
-.020000  -.020000   -0.0000001196990797
0.020000  -.020000   -0.0000001019112555
0.060000  -.020000   -0.0000000868376655
0.100000  -.020000   -0.0000000591201551
0.140000  -.020000   -0.0000000320584846
0.180000  -.020000   -0.0000000046489793
0.220000  -.020000    0.0000000231848410
0.260000  -.020000    0.0000000493419504
0.300000  -.020000    0.0000000764468172
0.340000  -.020000    0.0000001033691259
0.380000  -.020000    0.0000001285749409
0.420000  -.020000    0.0000001553244140
0.460000  -.020000    0.0000001766358642
0.500000  -.020000    0.0000002097856196
0.540000  -.020000    0.0000002019730098
0.580000  -.020000    0.0000002297566169
0.620000  -.020000    0.0000002500873117
0.660000  -.020000    0.0000002755748566
0.700000  -.020000    0.0000002734328869
0.740000  -.020000    0.0000002782594854
0.780000  -.020000    0.0000002746025824
0.820000  -.020000    0.0000002610791757
0.860000  -.020000    0.0000002366288903
0.900000  -.020000    0.0000001995428860
0.940000  -.020000    0.0000001439330427
0.980000  -.020000    0.0000000647342141
-.820000  0.020000   -0.0000000009762472
-.780000  0.020000   -0.0000000027549181
-.740000  0.020000    0.0000000017605958
-.700000  0.020000    0.0000000069287693
-.660000  0.020000    0.0000000157057848
-.620000  0.020000    0.0000000349195068
-.580000  0.020000    0.0000000495531377
-.540000  0.020000    0.0000000656600559
-.500000  0.020000    0.0000000821073611
-.460000  0.020000    0.0000000982779351
-.420000  0.020000    0.0000001131707590
-.380000  0.020000    0.0000001264020428
-.340000  0.020000    0.0000001372579431
-.300000  0.020000    0.0000001456245201
-.260000  0.020000    0.0000001510041517
-.220000  0.020000    0.0000001536682559
-.180000  0.020000    0.0000001535136088
-.140000  0.020000    0.0000001506175250
-.100000  0.020000    0.0000001459475706
-.060000  0.020000    0.0000001405063805
-.020000  0.020000    0.0000001196990797
0.020000  0.020000    0.0000001019112555
0.060000  0.020000    0.0000000868376655
0.100000  0.020000    0.0000000591201551
0.140000  0.020000    0.0000000320584846
0.180000  0.020000    0.0000000046489793
0.220000  0.020000   -0.0000000231848410
0.260000  0.020000   -0.0000000493419504
0.300000  0.020000   -0.0000000764468172
0.340000  0.020000   -0.0000001033691259
0.380000  0.020000   -0.0000001285749409
0.420000  0.020000   -0.0000001553244140
0.460000  0.020000   -0.0000001766358642
0.500000  0.020000   -0.0000002097856196
0.540000  0.020000   -0.0000002019730098
0.580000  0.020000   -0.0000002297566169
0.620000  0.020000   -0.0000002500873117
0.660000  0.020000   -0.0000002755748566
0.700000  0.020000   -0.0000002734328869
0.740000  0.020000   -0.0000002782594854
0.780000  0.020000   -0.0000002746025824
0.820000  0.020000   -0.0000002610791757
0.860000  0.020000   -0.0000002366288903
0.900000  0.020000   -0.0000001995428860
0.940000  0.020000   -0.0000001439330427
0.980000  0.020000   -0.0000000647342141
-.820000  0.060000   -0.0000000023885652
-.780000  0.060000   -0.0000000076918908
-.740000  0.060000    0.0000000056687575
-.700000  0.060000    0.0000000210649303
-.660000  0.060000    0.0000000471622140
-.620000  0.060000    0.0000001043520073
-.580000  0.060000    0.0000001479343825
-.540000  0.060000    0.0000001957641599
-.500000  0.060000    0.0000002445110731
-.460000  0.060000    0.0000002922044266
-.420000  0.060000    0.0000003358255421
-.380000  0.060000    0.0000003740856925
-.340000  0.060000    0.0000004046996742
-.300000  0.060000    0.0000004270546313
-.260000  0.060000    0.0000004392060066
-.220000  0.060000    0.0000004408181571
-.180000  0.060000    0.0000004301392846
-.140000  0.060000    0.0000004032573039
-.100000  0.060000    0.0000003515024001
-.060000  0.060000    0.0000005347784691
-.020000  0.060000    0.0000003754964259
0.020000  0.060000    0.0000003202948299
0.060000  0.060000    0.0000003576499102
0.100000  0.060000    0.0000001115679948
0.140000  0.060000    0.0000000635230922
0.180000  0.060000   -0.0000000012661548
0.220000  0.060000   -0.0000000744552200
0.260000  0.060000   -0.0000001519395043
0.300000  0.060000   -0.0000002302868029
0.340000  0.060000   -0.0000003084529621
0.380000  0.060000   -0.0000003862953841
0.420000  0.060000   -0.0000004582883956
0.460000  0.060000   -0.0000005402317805
0.500000  0.060000   -0.0000005591118151
0.540000  0.060000   -0.0000007540744234
0.580000  0.060000   -0.0000008115322551
0.620000  0.060000   -0.0000006889336369
0.660000  0.060000   -0.0000008283972175
0.700000  0.060000   -0.0000008179319596
0.740000  0.060000   -0.0000008286114705
0.780000  0.060000   -0.0000008184459471
0.820000  0.060000   -0.0000007772927857
0.860000  0.060000   -0.0000007032437634
0.900000  0.060000   -0.0000005910129856
0.940000  0.060000   -0.0000004225144209
0.980000  0.060000   -0.0000001836349481
-.820000  0.100000   -0.0000000023527538
-.780000  0.100000   -0.0000000109910722
-.740000  0.100000   -0.0000000109376670
-.700000  0.100000    0.0000000360135291
-.660000  0.100000    0.0000000787781749
-.620000  0.100000    0.0000001383220731
-.580000  0.100000    0.0000002442078967
-.540000  0.100000    0.0000003223665883
-.500000  0.100000    0.0000004017353491
-.460000  0.100000    0.0000004786661210
-.420000  0.100000    0.0000005480940773
-.380000  0.100000    0.0000006074686294
-.340000  0.100000    0.0000006526366813
-.300000  0.100000    0.0000006818140538
-.260000  0.100000    0.0000006908479129
-.220000  0.100000    0.0000006768166035
-.180000  0.100000    0.0000006343639661
-.140000  0.100000    0.0000007818414425
-.100000  0.100000    0.0000006985296690
-.060000  0.100000    0.0000005237419910
-.020000  0.100000    0.0000005864131081
0.020000  0.100000    0.0000004983528669
0.060000  0.100000    0.0000002827011216
0.100000  0.100000    0.0000002722463636
0.140000  0.100000    0.0000001820654742
0.180000  0.100000   -0.0000000462833671
0.220000  0.100000   -0.0000001481551366
0.260000  0.100000   -0.0000002646486961
0.300000  0.100000   -0.0000003863367502
0.340000  0.100000   -0.0000005121698951
0.380000  0.100000   -0.0000006388031306
0.420000  0.100000   -0.0000007540145219
0.460000  0.100000   -0.0000008884908645
0.500000  0.100000   -0.0000009825808916
0.540000  0.100000   -0.0000010164087425
0.580000  0.100000   -0.0000010976023259
0.620000  0.100000   -0.0000012971857450
0.660000  0.100000   -0.0000013252982494
0.700000  0.100000   -0.0000013584911256
0.740000  0.100000   -0.0000013723789357
0.780000  0.100000   -0.0000013457591094
0.820000  0.100000   -0.0000012755647844
0.860000  0.100000   -0.0000011497233667
0.900000  0.100000   -0.0000009594572662
0.940000  0.100000   -0.0000006586961920
0.980000  0.100000   -0.0000002652807532
-.820000  0.140000   -0.0000000004999998
-.780000  0.140000   -0.0000000118359086
-.740000  0.140000   -0.0000000113855634
-.700000  0.140000    0.0000000521995189
-.660000  0.140000    0.0000001106880776
-.620000  0.140000    0.0000001917883270
-.580000  0.140000    0.0000002915735068
-.540000  0.140000    0.0000004435314951
-.500000  0.140000    0.0000005510340174
-.460000  0.140000    0.0000006538710662
-.420000  0.140000    0.0000007449413127
-.380000  0.140000    0.0000008199690556
-.340000  0.140000    0.0000008727549486
-.300000  0.140000    0.0000008995981453
-.260000  0.140000    0.0000010285059901
-.220000  0.140000    0.0000010271597972
-.180000  0.140000    0.0000009831257071
-.140000  0.140000    0.0000008818019299
-.100000  0.140000    0.0000010171589653
-.060000  0.140000    0.0000007775860276
-.020000  0.140000    0.0000007800109908
0.020000  0.140000    0.0000006599571262
0.060000  0.140000    0.0000004368831589
0.100000  0.140000    0.0000004168692284
0.140000  0.140000    0.0000001192519395
0.180000  0.140000   -0.0000000041985508
0.220000  0.140000   -0.0000001615172451
0.260000  0.140000   -0.0000003382463650
0.300000  0.140000   -0.0000005454996003
0.340000  0.140000   -0.0000007117812873
0.380000  0.140000   -0.0000008808204876
0.420000  0.140000   -0.0000010461054952
0.460000  0.140000   -0.0000011977512208
0.500000  0.140000   -0.0000013691445957
0.540000  0.140000   -0.0000015228287419
0.580000  0.140000   -0.0000016936837840
0.620000  0.140000   -0.0000017568476346
0.660000  0.140000   -0.0000018140139683
0.700000  0.140000   -0.0000018694663166
0.740000  0.140000   -0.0000018868482594
0.780000  0.140000   -0.0000018446597106
0.820000  0.140000   -0.0000017435289076
0.860000  0.140000   -0.0000015620965787
0.900000  0.140000   -0.0000012611348454
0.940000  0.140000   -0.0000008551721492
0.980000  0.140000   -0.0000002713545597
-.780000  0.180000   -0.0000000274062554
-.740000  0.180000   -0.0000000083248676
-.700000  0.180000    0.0000000209288649
-.660000  0.180000    0.0000001429184192
-.620000  0.180000    0.0000002438894277
-.580000  0.180000    0.0000003680041747
-.540000  0.180000    0.0000005073080020
-.500000  0.180000    0.0000006536031381
-.460000  0.180000    0.0000007974563397
-.420000  0.180000    0.0000009310755285
-.380000  0.180000    0.0000010457683618
-.340000  0.180000    0.0000011348022691
-.300000  0.180000    0.0000011902971704
-.260000  0.180000    0.0000012049198430
-.220000  0.180000    0.0000011694139672
-.180000  0.180000    0.0000013102279269
-.140000  0.180000    0.0000011886505541
-.100000  0.180000    0.0000009723533460
-.060000  0.180000    0.0000010047872029
-.020000  0.180000    0.0000009578216990
0.020000  0.180000    0.0000008083476191
0.060000  0.180000    0.0000005711505017
0.100000  0.180000    0.0000002890411211
0.140000  0.180000    0.0000001995801733
0.180000  0.180000    0.0000000343654499
0.220000  0.180000   -0.0000002683911521
0.260000  0.180000   -0.0000004668476040
0.300000  0.180000   -0.0000006829285258
0.340000  0.180000   -0.0000009080055233
0.380000  0.180000   -0.0000011306609437
0.420000  0.180000   -0.0000013528450154
0.460000  0.180000   -0.0000015602684463
0.500000  0.180000   -0.0000017447418576
0.540000  0.180000   -0.0000019142977887
0.580000  0.180000   -0.0000020631796419
0.620000  0.180000   -0.0000021948470778
0.660000  0.180000   -0.0000022962595630
0.700000  0.180000   -0.0000023672922253
0.740000  0.180000   -0.0000023651767988
0.780000  0.180000   -0.0000023041767589
0.820000  0.180000   -0.0000021502974190
0.860000  0.180000   -0.0000018952071902
0.900000  0.180000   -0.0000015264824616
0.940000  0.180000   -0.0000009617871728
0.980000  0.180000   -0.0000001732072464
-.780000  0.220000   -0.0000000223580472
-.740000  0.220000   -0.0000000417478642
-.700000  0.220000    0.0000000330017440
-.660000  0.220000    0.0000001059908262
-.620000  0.220000    0.0000002944198856
-.580000  0.220000    0.0000004403138890
-.540000  0.220000    0.0000006034109936
-.500000  0.220000    0.0000007732961057
-.460000  0.220000    0.0000009382371410
-.420000  0.220000    0.0000010878935459
-.380000  0.220000    0.0000012115986853
-.340000  0.220000    0.0000012999892975
-.300000  0.220000    0.0000013434456116
-.260000  0.220000    0.0000014860347567
-.220000  0.220000    0.0000014603427853
-.180000  0.220000    0.0000013608122375
-.140000  0.220000    0.0000014568666823
-.100000  0.220000    0.0000012159991969
-.060000  0.220000    0.0000012062229092
-.020000  0.220000    0.0000011180425264
0.020000  0.220000    0.0000009418056125
0.060000  0.220000    0.0000006866400718
0.100000  0.220000    0.0000003845629320
0.140000  0.220000    0.0000002623436495
0.180000  0.220000   -0.0000000795197229
0.220000  0.220000   -0.0000002935937111
0.260000  0.220000   -0.0000005441040113
0.300000  0.220000   -0.0000008383124202
0.340000  0.220000   -0.0000010916478501
0.380000  0.220000   -0.0000013523654785
0.420000  0.220000   -0.0000016071513250
0.460000  0.220000   -0.0000018544243256
0.500000  0.220000   -0.0000020865768725
0.540000  0.220000   -0.0000022927915319
0.580000  0.220000   -0.0000024732034458
0.620000  0.220000   -0.0000026144428833
0.660000  0.220000   -0.0000027580693326
0.700000  0.220000   -0.0000028061003234
0.740000  0.220000   -0.0000028052052256
0.780000  0.220000   -0.0000027115885811
0.820000  0.220000   -0.0000025139655502
0.860000  0.220000   -0.0000021880335684
0.900000  0.220000   -0.0000016764246369
0.940000  0.220000   -0.0000009700760210
-.780000  0.260000   -0.0000000284975665
-.740000  0.260000   -0.0000000328517047
-.700000  0.260000   -0.0000000162600953
-.660000  0.260000    0.0000001307870627
-.620000  0.260000    0.0000002562936666
-.580000  0.260000    0.0000004191006702
-.540000  0.260000    0.0000006091407814
-.500000  0.260000    0.0000008132724356
-.460000  0.260000    0.0000010178344647
-.420000  0.260000    0.0000012089783959
-.380000  0.260000    0.0000013733245143
-.340000  0.260000    0.0000014986786429
-.300000  0.260000    0.0000015722776624
-.260000  0.260000    0.0000015833113759
-.220000  0.260000    0.0000017088947873
-.180000  0.260000    0.0000016115956752
-.140000  0.260000    0.0000016832436223
-.100000  0.260000    0.0000014279657131
-.060000  0.260000    0.0000013809531413
-.020000  0.260000    0.0000012597795885
0.020000  0.260000    0.0000010585706655
0.060000  0.260000    0.0000007846652839
0.100000  0.260000    0.0000004647877302
0.140000  0.260000    0.0000003074979139
0.180000  0.260000   -0.0000000674038235
0.220000  0.260000   -0.0000003241701390
0.260000  0.260000   -0.0000006758620891
0.300000  0.260000   -0.0000009679325191
0.340000  0.260000   -0.0000012731585372
0.380000  0.260000   -0.0000015841727536
0.420000  0.260000   -0.0000018876916880
0.460000  0.260000   -0.0000021753198437
0.500000  0.260000   -0.0000024416714064
0.540000  0.260000   -0.0000026774779225
0.580000  0.260000   -0.0000028783704998
0.620000  0.260000   -0.0000030360727780
0.660000  0.260000   -0.0000031434173193
0.700000  0.260000   -0.0000032159145458
0.740000  0.260000   -0.0000031773372041
0.780000  0.260000   -0.0000030433708248
0.820000  0.260000   -0.0000027727173195
0.860000  0.260000   -0.0000023544048884
0.900000  0.260000   -0.0000017214477285
0.940000  0.260000   -0.0000008526270229
-.780000  0.300000   -0.0000000131448948
-.740000  0.300000   -0.0000000608870767
-.700000  0.300000   -0.0000000002498349
-.660000  0.300000    0.0000000687739606
-.620000  0.300000    0.0000002947142006
-.580000  0.300000    0.0000004727329148
-.540000  0.300000    0.0000006801368479
-.500000  0.300000    0.0000009013986955
-.460000  0.300000    0.0000011208328644
-.420000  0.300000    0.0000013220158558
-.380000  0.300000    0.0000014891910929
-.340000  0.300000    0.0000016464746338
-.300000  0.300000    0.0000017529817284
-.260000  0.300000    0.0000017887520391
-.220000  0.300000    0.0000017418734481
-.180000  0.300000    0.0000018188941794
-.140000  0.300000    0.0000016270631231
-.100000  0.300000    0.0000016077061450
-.060000  0.300000    0.0000015299289964
-.020000  0.300000    0.0000013807735251
0.020000  0.300000    0.0000011567226946
0.060000  0.300000    0.0000008662170520
0.100000  0.300000    0.0000005299965668
0.140000  0.300000    0.0000001697266420
0.180000  0.300000   -0.0000000645275746
0.220000  0.300000   -0.0000004468188434
0.260000  0.300000   -0.0000007535728473
0.300000  0.300000   -0.0000010920755060
0.340000  0.300000   -0.0000014440983440
0.380000  0.300000   -0.0000017629665862
0.420000  0.300000   -0.0000020954975730
0.460000  0.300000   -0.0000024114335205
0.500000  0.300000   -0.0000027054424384
0.540000  0.300000   -0.0000029658285825
0.580000  0.300000   -0.0000031843096285
0.620000  0.300000   -0.0000033543591666
0.660000  0.300000   -0.0000035112486489
0.700000  0.300000   -0.0000035372407083
0.740000  0.300000   -0.0000034815522547
0.780000  0.300000   -0.0000033058029306
0.820000  0.300000   -0.0000029712068040
0.860000  0.300000   -0.0000024075600893
0.900000  0.300000   -0.0000016380004545
0.940000  0.300000   -0.0000005576283934
-.740000  0.340000   -0.0000000391628993
-.700000  0.340000   -0.0000000495995693
-.660000  0.340000    0.0000000935946401
-.620000  0.340000    0.0000002239665642
-.580000  0.340000    0.0000004064227446
-.540000  0.340000    0.0000006295043243
-.500000  0.340000    0.0000008765725665
-.460000  0.340000    0.0000011290647081
-.420000  0.340000    0.0000013678669839
-.380000  0.340000    0.0000015748448746
-.340000  0.340000    0.0000017314103872
-.300000  0.340000    0.0000018790057413
-.260000  0.340000    0.0000019437931401
-.220000  0.340000    0.0000019195484282
-.180000  0.340000    0.0000019799105264
-.140000  0.340000    0.0000017983695400
-.100000  0.340000    0.0000017548913993
-.060000  0.340000    0.0000016511332645
-.020000  0.340000    0.0000014791687777
0.020000  0.340000    0.0000012354271653
0.060000  0.340000    0.0000009306017326
0.100000  0.340000    0.0000005793936974
0.140000  0.340000    0.0000002009721519
0.180000  0.340000   -0.0000000712979430
0.220000  0.340000   -0.0000004804849972
0.260000  0.340000   -0.0000008305697548
0.300000  0.340000   -0.0000012105365952
0.340000  0.340000   -0.0000015847521067
0.380000  0.340000   -0.0000019594753015
0.420000  0.340000   -0.0000023292699079
0.460000  0.340000   -0.0000026781071613
0.500000  0.340000   -0.0000029981637836
0.540000  0.340000   -0.0000032769656146
0.580000  0.340000   -0.0000035053171208
0.620000  0.340000   -0.0000036729271269
0.660000  0.340000   -0.0000037701389408
0.700000  0.340000   -0.0000038042573446
0.740000  0.340000   -0.0000036991144040
0.780000  0.340000   -0.0000034498277327
0.820000  0.340000   -0.0000030172942666
0.860000  0.340000   -0.0000023282106668
0.900000  0.340000   -0.0000013838993048
0.940000  0.340000   -0.0000000051601299
-.740000  0.380000   -0.0000000439060840
-.700000  0.380000   -0.0000000902369787
-.660000  0.380000    0.0000000252809255
-.620000  0.380000    0.0000001380438218
-.580000  0.380000    0.0000003146618811
-.540000  0.380000    0.0000005440439014
-.500000  0.380000    0.0000008091198018
-.460000  0.380000    0.0000010888618138
-.420000  0.380000    0.0000013615479011
-.380000  0.380000    0.0000016055755723
-.340000  0.380000    0.0000018008077066
-.300000  0.380000    0.0000019281140788
-.260000  0.380000    0.0000020455184198
-.220000  0.380000    0.0000020483383514
-.180000  0.380000    0.0000020929792965
-.140000  0.380000    0.0000019323563915
-.100000  0.380000    0.0000018686613042
-.060000  0.380000    0.0000017442516951
-.020000  0.380000    0.0000015532533402
0.020000  0.380000    0.0000012945252839
0.060000  0.380000    0.0000009783582217
0.100000  0.380000    0.0000006150457253
0.140000  0.380000    0.0000002229689933
0.180000  0.380000   -0.0000000867554968
0.220000  0.380000   -0.0000005167834568
0.260000  0.380000   -0.0000009033118261
0.300000  0.380000   -0.0000013149662746
0.340000  0.380000   -0.0000017231786491
0.380000  0.380000   -0.0000021328799974
0.420000  0.380000   -0.0000025327791831
0.460000  0.380000   -0.0000029062558699
0.500000  0.380000   -0.0000032450896178
0.540000  0.380000   -0.0000035335839654
0.580000  0.380000   -0.0000037610662336
0.620000  0.380000   -0.0000039184828950
0.660000  0.380000   -0.0000039908517153
0.700000  0.380000   -0.0000039722060889
0.740000  0.380000   -0.0000038096610843
0.780000  0.380000   -0.0000034692014349
0.820000  0.380000   -0.0000029232294469
0.860000  0.380000   -0.0000020899114949
0.900000  0.380000   -0.0000009438191014
-.740000  0.420000   -0.0000000271480878
-.700000  0.420000   -0.0000000512930846
-.660000  0.420000   -0.0000000386169058
-.620000  0.420000    0.0000000461181038
-.580000  0.420000    0.0000003523099159
-.540000  0.420000    0.0000005871596173
-.500000  0.420000    0.0000008588686271
-.460000  0.420000    0.0000011447730742
-.420000  0.420000    0.0000014210219138
-.380000  0.420000    0.0000015836095072
-.340000  0.420000    0.0000018153343198
-.300000  0.420000    0.0000019806444141
-.260000  0.420000    0.0000020911117027
-.220000  0.420000    0.0000021275957530
-.180000  0.420000    0.0000021603873790
-.140000  0.420000    0.0000020281445665
-.100000  0.420000    0.0000019483092385
-.060000  0.420000    0.0000018086754568
-.020000  0.420000    0.0000016030006643
0.020000  0.420000    0.0000013339986566
0.060000  0.420000    0.0000010097639341
0.100000  0.420000    0.0000006382136399
0.140000  0.420000    0.0000002376433699
0.180000  0.420000   -0.0000001090343798
0.220000  0.420000   -0.0000005521781463
0.260000  0.420000   -0.0000009715910852
0.300000  0.420000   -0.0000014017146236
0.340000  0.420000   -0.0000018416571490
0.380000  0.420000   -0.0000022781934897
0.420000  0.420000   -0.0000026286778643
0.460000  0.420000   -0.0000030135801619
0.500000  0.420000   -0.0000033600920353
0.540000  0.420000   -0.0000036543708373
0.580000  0.420000   -0.0000038809227779
0.620000  0.420000   -0.0000040752583402
0.660000  0.420000   -0.0000041123461856
0.700000  0.420000   -0.0000040304649022
0.740000  0.420000   -0.0000037910591139
0.780000  0.420000   -0.0000033449162906
0.820000  0.420000   -0.0000026201929072
0.860000  0.420000   -0.0000016353291522
0.900000  0.420000   -0.0000002332164058
-.700000  0.460000   -0.0000001050530720
-.660000  0.460000   -0.0000000869064428
-.620000  0.460000   -0.0000000403555446
-.580000  0.460000    0.0000002454648016
-.540000  0.460000    0.0000004707887836
-.500000  0.460000    0.0000007460291637
-.460000  0.460000    0.0000010481149763
-.420000  0.460000    0.0000013509536653
-.380000  0.460000    0.0000015098167788
-.340000  0.460000    0.0000017772388954
-.300000  0.460000    0.0000019800116324
-.260000  0.460000    0.0000020854173373
-.220000  0.460000    0.0000021589683787
-.180000  0.460000    0.0000021826237824
-.140000  0.460000    0.0000020860464945
-.100000  0.460000    0.0000019949695778
-.060000  0.460000    0.0000018441504816
-.020000  0.460000    0.0000016295068274
0.020000  0.460000    0.0000013550719539
0.060000  0.460000    0.0000010260407587
0.100000  0.460000    0.0000006515985886
0.140000  0.460000    0.0000002455960519
0.180000  0.460000   -0.0000001332471281
0.220000  0.460000   -0.0000005831022112
0.260000  0.460000   -0.0000010304780028
0.300000  0.460000   -0.0000014712943760
0.340000  0.460000   -0.0000019343595752
0.380000  0.460000   -0.0000023895116136
0.420000  0.460000   -0.0000027499662390
0.460000  0.460000   -0.0000031434016851
0.500000  0.460000   -0.0000034905487636
0.540000  0.460000   -0.0000037757588913
0.580000  0.460000   -0.0000039817292483
0.620000  0.460000   -0.0000041328415820
0.660000  0.460000   -0.0000041165267867
0.700000  0.460000   -0.0000039533840047
0.740000  0.460000   -0.0000036261235223
0.780000  0.460000   -0.0000030543362653
0.820000  0.460000   -0.0000021733552837
0.860000  0.460000   -0.0000009825912190
-.700000  0.500000   -0.0000000627396383
-.660000  0.500000   -0.0000001082961442
-.620000  0.500000   -0.0000001086067439
-.580000  0.500000    0.0000001387818510
-.540000  0.500000    0.0000003428277395
-.500000  0.500000    0.0000006103111079
-.460000  0.500000    0.0000009185523717
-.420000  0.500000    0.0000012395228955
-.380000  0.500000    0.0000013910098556
-.340000  0.500000    0.0000016898418605
-.300000  0.500000    0.0000019299876604
-.260000  0.500000    0.0000020311592564
-.220000  0.500000    0.0000021456945263
-.180000  0.500000    0.0000021625766035
-.140000  0.500000    0.0000021071844916
-.100000  0.500000    0.0000020097179042
-.060000  0.500000    0.0000018525619729
-.020000  0.500000    0.0000016344401651
0.020000  0.500000    0.0000013594339039
0.060000  0.500000    0.0000010303978666
0.100000  0.500000    0.0000006580448409
0.140000  0.500000    0.0000002522027339
0.180000  0.500000   -0.0000001561145076
0.220000  0.500000   -0.0000006044791059
0.260000  0.500000   -0.0000010744602458
0.300000  0.500000   -0.0000015167474624
0.340000  0.500000   -0.0000019943838663
0.380000  0.500000   -0.0000024591951271
0.420000  0.500000   -0.0000028178332506
0.460000  0.500000   -0.0000032096273251
0.500000  0.500000   -0.0000035455876360
0.540000  0.500000   -0.0000038090632911
0.580000  0.500000   -0.0000039808834862
0.620000  0.500000   -0.0000040723691901
0.660000  0.500000   -0.0000039888467627
0.700000  0.500000   -0.0000037312741262
0.740000  0.500000   -0.0000032534280535
0.780000  0.500000   -0.0000025286410782
0.820000  0.500000   -0.0000014690600914
0.860000  0.500000   -0.0000000190448807
-.660000  0.540000   -0.0000000940520504
-.620000  0.540000   -0.0000001460616698
-.580000  0.540000    0.0000000452130263
-.540000  0.540000    0.0000002158421859
-.500000  0.540000    0.0000004631245817
-.460000  0.540000    0.0000007656702089
-.420000  0.540000    0.0000010956462418
-.380000  0.540000    0.0000012359897550
-.340000  0.540000    0.0000015609914835
-.300000  0.540000    0.0000018365256205
-.260000  0.540000    0.0000019334565090
-.220000  0.540000    0.0000020904660855
-.180000  0.540000    0.0000021040055195
-.140000  0.540000    0.0000020948170279
-.100000  0.540000    0.0000019951556531
-.060000  0.540000    0.0000018369787691
-.020000  0.540000    0.0000016206543790
0.020000  0.540000    0.0000013500111530
0.060000  0.540000    0.0000010262031130
0.100000  0.540000    0.0000006612160711
0.140000  0.540000    0.0000002603085609
0.180000  0.540000   -0.0000001706321242
0.220000  0.540000   -0.0000006112610279
0.260000  0.540000   -0.0000010952705202
0.300000  0.540000   -0.0000015299980334
0.340000  0.540000   -0.0000020140479822
0.380000  0.540000   -0.0000024780476733
0.420000  0.540000   -0.0000028235653186
0.460000  0.540000   -0.0000032014504077
0.500000  0.540000   -0.0000035128666857
0.540000  0.540000   -0.0000037402981236
0.580000  0.540000   -0.0000038627074963
0.620000  0.540000   -0.0000038794234949
0.660000  0.540000   -0.0000037094628797
0.700000  0.540000   -0.0000033385087023
0.740000  0.540000   -0.0000027216420170
0.780000  0.540000   -0.0000017944463248
0.820000  0.540000   -0.0000005393483805
-.660000  0.580000   -0.0000000671272988
-.620000  0.580000   -0.0000001412407314
-.580000  0.580000   -0.0000001595772574
-.540000  0.580000    0.0000001035497335
-.500000  0.580000    0.0000003178068306
-.460000  0.580000    0.0000006019861178
-.420000  0.580000    0.0000009292254143
-.380000  0.580000    0.0000010559179161
-.340000  0.580000    0.0000013996749527
-.300000  0.580000    0.0000017054668222
-.260000  0.580000    0.0000017994815041
-.220000  0.580000    0.0000019982163563
-.180000  0.580000    0.0000020120082492
-.140000  0.580000    0.0000019778731328
-.100000  0.580000    0.0000019545900878
-.060000  0.580000    0.0000018011380938
-.020000  0.580000    0.0000015922366472
0.020000  0.580000    0.0000013302597318
0.060000  0.580000    0.0000010180080688
0.100000  0.580000    0.0000006657615921
0.140000  0.580000    0.0000002406771982
0.180000  0.580000   -0.0000001702599844
0.220000  0.580000   -0.0000005956461531
0.260000  0.580000   -0.0000010866719844
0.300000  0.580000   -0.0000015040104172
0.340000  0.580000   -0.0000019840344638
0.380000  0.580000   -0.0000024357355849
0.420000  0.580000   -0.0000027559536637
0.460000  0.580000   -0.0000031058513294
0.500000  0.580000   -0.0000033781626699
0.540000  0.580000   -0.0000035537674680
0.580000  0.580000   -0.0000036425857359
0.620000  0.580000   -0.0000035349383593
0.660000  0.580000   -0.0000032470996844
0.700000  0.580000   -0.0000027269869909
0.740000  0.580000   -0.0000019344198380
0.780000  0.580000   -0.0000008136953475
-.620000  0.620000   -0.0000001424060581
-.580000  0.620000   -0.0000001649325142
-.540000  0.620000   -0.0000001417041122
-.500000  0.620000   -0.0000000103144359
-.460000  0.620000    0.0000002179323502
-.420000  0.620000    0.0000005194834057
-.380000  0.620000    0.0000008636677258
-.340000  0.620000    0.0000012169725182
-.300000  0.620000    0.0000015461126368
-.260000  0.620000    0.0000016378338077
-.220000  0.620000    0.0000018766785598
-.180000  0.620000    0.0000018933910222
-.140000  0.620000    0.0000018637402075
-.100000  0.620000    0.0000017834875894
-.060000  0.620000    0.0000017502865509
-.020000  0.620000    0.0000015547660524
0.020000  0.620000    0.0000013069243473
0.060000  0.620000    0.0000010111897735
0.100000  0.620000    0.0000006027771878
0.140000  0.620000    0.0000002392204905
0.180000  0.620000   -0.0000001481636011
0.220000  0.620000   -0.0000005496584193
0.260000  0.620000   -0.0000010374745014
0.300000  0.620000   -0.0000014277014672
0.340000  0.620000   -0.0000018913916538
0.380000  0.620000   -0.0000023194817394
0.420000  0.620000   -0.0000026926011996
0.460000  0.620000   -0.0000029894108412
0.500000  0.620000   -0.0000031929658397
0.540000  0.620000   -0.0000032808563194
0.580000  0.620000   -0.0000032291599182
0.620000  0.620000   -0.0000030204662785
0.660000  0.620000   -0.0000025882923915
0.700000  0.620000   -0.0000019014767285
0.740000  0.620000   -0.0000009083668739
0.780000  0.620000    0.0000004224164892
-.620000  0.660000   -0.0000000117136098
-.580000  0.660000   -0.0000001937465065
-.540000  0.660000   -0.0000001563589741
-.500000  0.660000   -0.0000000886414095
-.460000  0.660000    0.0000000859721068
-.420000  0.660000    0.0000003494569465
-.380000  0.660000    0.0000006736132346
-.340000  0.660000    0.0000010249276595
-.300000  0.660000    0.0000011261751871
-.260000  0.660000    0.0000014588426873
-.220000  0.660000    0.0000015207992036
-.180000  0.660000    0.0000017558902271
-.140000  0.660000    0.0000017347614032
-.100000  0.660000    0.0000016664652151
-.060000  0.660000    0.0000015497625737
-.020000  0.660000    0.0000013805304366
0.020000  0.660000    0.0000011632176316
0.060000  0.660000    0.0000009003032004
0.100000  0.660000    0.0000005958555034
0.140000  0.660000    0.0000002619460909
0.180000  0.660000   -0.0000000941235943
0.220000  0.660000   -0.0000005748967595
0.260000  0.660000   -0.0000009373922553
0.300000  0.660000   -0.0000014039190179
0.340000  0.660000   -0.0000017241918722
0.380000  0.660000   -0.0000021139839915
0.420000  0.660000   -0.0000024376643862
0.460000  0.660000   -0.0000026729006201
0.500000  0.660000   -0.0000028006808478
0.540000  0.660000   -0.0000027970799116
0.580000  0.660000   -0.0000026626899817
0.620000  0.660000   -0.0000022914818631
0.660000  0.660000   -0.0000017141957514
0.700000  0.660000   -0.0000008555442092
0.740000  0.660000    0.0000004268467016
-.580000  0.700000   -0.0000000737623837
-.540000  0.700000   -0.0000002081338194
-.500000  0.700000   -0.0000002678341007
-.460000  0.700000   -0.0000002044767418
-.420000  0.700000    0.0000002111687158
-.380000  0.700000    0.0000002428282064
-.340000  0.700000    0.0000005725868599
-.300000  0.700000    0.0000009279978658
-.260000  0.700000    0.0000010063310573
-.220000  0.700000    0.0000013375214981
-.180000  0.700000    0.0000013696038128
-.140000  0.700000    0.0000016000719648
-.100000  0.700000    0.0000015484710060
-.060000  0.700000    0.0000014515632888
-.020000  0.700000    0.0000013061389418
0.020000  0.700000    0.0000011164827835
0.060000  0.700000    0.0000008854346707
0.100000  0.700000    0.0000006161411398
0.140000  0.700000    0.0000003187683257
0.180000  0.700000   -0.0000001414235121
0.220000  0.700000   -0.0000004577264322
0.260000  0.700000   -0.0000009132586587
0.300000  0.700000   -0.0000012023690670
0.340000  0.700000   -0.0000015921864148
0.380000  0.700000   -0.0000019198802172
0.420000  0.700000   -0.0000020613019154
0.460000  0.700000   -0.0000023031765319
0.500000  0.700000   -0.0000023174268649
0.540000  0.700000   -0.0000021790298699
0.580000  0.700000   -0.0000018986434741
0.620000  0.700000   -0.0000013780463563
0.660000  0.700000   -0.0000006245576375
0.700000  0.700000    0.0000004572944812
-.540000  0.740000   -0.0000000975800923
-.500000  0.740000   -0.0000002922035509
-.460000  0.740000   -0.0000001946636519
-.420000  0.740000   -0.0000000895967117
-.380000  0.740000    0.0000001213808619
-.340000  0.740000    0.0000004112439741
-.300000  0.740000    0.0000004661448183
-.260000  0.740000    0.0000008192641397
-.220000  0.740000    0.0000008754828403
-.180000  0.740000    0.0000012020879256
-.140000  0.740000    0.0000012117109882
-.100000  0.740000    0.0000011858368912
-.060000  0.740000    0.0000013660071003
-.020000  0.740000    0.0000012497582514
0.020000  0.740000    0.0000010937258389
0.060000  0.740000    0.0000009002773679
0.100000  0.740000    0.0000004784753940
0.140000  0.740000    0.0000002425608904
0.180000  0.740000   -0.0000000112194513
0.220000  0.740000   -0.0000004454995172
0.260000  0.740000   -0.0000006855798115
0.300000  0.740000   -0.0000010616522316
0.340000  0.740000   -0.0000012371723660
0.380000  0.740000   -0.0000014903467901
0.420000  0.740000   -0.0000016477929893
0.460000  0.740000   -0.0000016844660086
0.500000  0.740000   -0.0000016559774477
0.540000  0.740000   -0.0000013555597386
0.580000  0.740000   -0.0000008975763682
0.620000  0.740000   -0.0000002217996232
0.660000  0.740000    0.0000007841028893
-.500000  0.780000   -0.0000001215293705
-.460000  0.780000   -0.0000002251497937
-.420000  0.780000   -0.0000002536655323
-.380000  0.780000   -0.0000001570353972
-.340000  0.780000    0.0000000479659307
-.300000  0.780000    0.0000003325701658
-.260000  0.780000    0.0000003723822040
-.220000  0.780000    0.0000007188807604
-.180000  0.780000    0.0000007606609330
-.140000  0.780000    0.0000010808987029
-.100000  0.780000    0.0000010771333779
-.060000  0.780000    0.0000010394536150
-.020000  0.780000    0.0000009679469781
0.020000  0.780000    0.0000008627628154
0.060000  0.780000    0.0000007261662071
0.100000  0.780000    0.0000005644956501
0.140000  0.780000    0.0000003833101294
0.180000  0.780000   -0.0000000143502434
0.220000  0.780000   -0.0000001917523358
0.260000  0.780000   -0.0000005414145290
0.300000  0.780000   -0.0000006657370544
0.340000  0.780000   -0.0000009023877194
0.380000  0.780000   -0.0000010477677779
0.420000  0.780000   -0.0000010790863650
0.460000  0.780000   -0.0000009701505263
0.500000  0.780000   -0.0000007861491954
0.540000  0.780000   -0.0000003734179444
0.580000  0.780000    0.0000002353259382
0.620000  0.780000    0.0000010168035516
-.460000  0.820000   -0.0000000977444557
-.420000  0.820000   -0.0000003374755600
-.380000  0.820000   -0.0000002673993119
-.340000  0.820000   -0.0000001827160708
-.300000  0.820000    0.0000000110483786
-.260000  0.820000    0.0000000063015108
-.220000  0.820000    0.0000003178285838
-.180000  0.820000    0.0000003499193658
-.140000  0.820000    0.0000006901689493
-.100000  0.820000    0.0000007079373279
-.060000  0.820000    0.0000007044068678
-.020000  0.820000    0.0000006772607952
0.020000  0.820000    0.0000006267059711
0.060000  0.820000    0.0000005557558451
0.100000  0.820000    0.0000004679641848
0.140000  0.820000    0.0000003681383656
0.180000  0.820000    0.0000000317298208
0.220000  0.820000   -0.0000000463184151
0.260000  0.820000   -0.0000003090208056
0.300000  0.820000   -0.0000003148618235
0.340000  0.820000   -0.0000004331341480
0.380000  0.820000   -0.0000004448971523
0.420000  0.820000   -0.0000004597978124
0.460000  0.820000   -0.0000001538864686
0.500000  0.820000    0.0000002445240316
0.540000  0.820000    0.0000007074449582
-.420000  0.860000   -0.0000000246942785
-.380000  0.860000   -0.0000002525656484
-.340000  0.860000   -0.0000003716902943
-.300000  0.860000   -0.0000003496487680
-.260000  0.860000   -0.0000002060661521
-.220000  0.860000    0.0000000303332775
-.180000  0.860000    0.0000000413665396
-.140000  0.860000    0.0000003636649620
-.100000  0.860000    0.0000003968937072
-.060000  0.860000    0.0000004224224021
-.020000  0.860000    0.0000004377499468
0.020000  0.860000    0.0000004431565394
0.060000  0.860000    0.0000004398842914
0.100000  0.860000    0.0000004304107556
0.140000  0.860000    0.0000004189947158
0.180000  0.860000    0.0000001709775496
0.220000  0.860000    0.0000002025815589
0.260000  0.860000    0.0000000543710947
0.300000  0.860000   -0.0000000098649684
0.340000  0.860000    0.0000000317135742
0.380000  0.860000    0.0000002038022776
0.420000  0.860000    0.0000003863256151
0.460000  0.860000    0.0000006626506052
0.500000  0.860000    0.0000011746469218
-.340000  0.900000   -0.0000001915646981
-.300000  0.900000   -0.0000003296380590
-.260000  0.900000   -0.0000003744145498
-.220000  0.900000   -0.0000002874265510
-.180000  0.900000   -0.0000000962199195
-.140000  0.900000   -0.0000000920370645
-.100000  0.900000    0.0000002085921477
-.060000  0.900000    0.0000002572708482
-.020000  0.900000    0.0000003104141042
0.020000  0.900000    0.0000003686884836
0.060000  0.900000    0.0000004312279264
0.100000  0.900000    0.0000005007671683
0.140000  0.900000    0.0000003301745736
0.180000  0.900000    0.0000004480884527
0.220000  0.900000    0.0000003744156817
0.260000  0.900000    0.0000003822322850
0.300000  0.900000    0.0000004926948530
0.340000  0.900000    0.0000005532009374
0.380000  0.900000    0.0000008268148463
0.420000  0.900000    0.0000011738347786
-.260000  0.940000   -0.0000002080105048
-.220000  0.940000   -0.0000003161027465
-.180000  0.940000   -0.0000003297408652
-.140000  0.940000   -0.0000002183114564
-.100000  0.940000   -0.0000002265753614
-.060000  0.940000    0.0000000345154825
-.020000  0.940000    0.0000001105286465
0.020000  0.940000    0.0000002124616040
0.060000  0.940000    0.0000003393966233
0.100000  0.940000    0.0000002622028244
0.140000  0.940000    0.0000004581607607
0.180000  0.940000    0.0000004857329667
0.220000  0.940000    0.0000005981894282
0.260000  0.940000    0.0000006384182396
0.300000  0.940000    0.0000008865192990
0.340000  0.940000    0.0000009990379215
-.140000  0.980000   -0.0000001677820148
-.100000  0.980000   -0.0000002656347905
-.060000  0.980000   -0.0000002017154363
-.020000  0.980000   -0.0000000233977071
0.020000  0.980000    0.0000000884326058
0.060000  0.980000    0.0000001067116381
0.100000  0.980000    0.0000001969918889
0.140000  0.980000    0.0000003864587039
0.180000  0.980000    0.0000005202507748
