-.140000  -.980000   -0.0000000302109082
-.100000  -.980000   -0.0000000685454732
-.060000  -.980000   -0.0000001122545945
-.020000  -.980000   -0.0000001536406508
0.020000  -.980000   -0.0000001355616578
0.060000  -.980000   -0.0000000617383285
0.100000  -.980000   -0.0000000030208519
0.140000  -.980000    0.0000000214570399
0.180000  -.980000    0.0000000309249330
-.300000  -.940000   -0.0000000011353885
-.260000  -.940000   -0.0000000906115796
-.220000  -.940000   -0.0000002409293714
-.180000  -.940000   -0.0000003468181621
-.140000  -.940000   -0.0000004422456946
-.100000  -.940000   -0.0000004457429190
-.060000  -.940000   -0.0000004965919139
-.020000  -.940000   -0.0000004456407844
0.020000  -.940000   -0.0000003691528864
0.060000  -.940000   -0.0000002727789001
0.100000  -.940000   -0.0000001043680861
0.140000  -.940000    0.0000000017039532
0.180000  -.940000    0.0000001464754538
0.220000  -.940000    0.0000002526649323
0.260000  -.940000    0.0000003372137513
0.300000  -.940000    0.0000003199308326
0.340000  -.940000    0.0000000710182377
-.380000  -.900000   -0.0000000140889916
-.340000  -.900000   -0.0000001575203889
-.300000  -.900000   -0.0000003637887438
-.260000  -.900000   -0.0000005282397803
-.220000  -.900000   -0.0000006853709773
-.180000  -.900000   -0.0000008223199601
-.140000  -.900000   -0.0000008439837550
-.100000  -.900000   -0.0000009083626957
-.060000  -.900000   -0.0000008462149909
-.020000  -.900000   -0.0000007416301172
0.020000  -.900000   -0.0000005989409296
0.060000  -.900000   -0.0000004238814501
0.100000  -.900000   -0.0000002244877551
0.140000  -.900000    0.0000000336343222
0.180000  -.900000    0.0000002408421120
0.220000  -.900000    0.0000004634142679
0.260000  -.900000    0.0000006418070809
0.300000  -.900000    0.0000007602686847
0.340000  -.900000    0.0000008074744671
0.380000  -.900000    0.0000007444532727
0.420000  -.900000    0.0000005008970513
-.420000  -.860000   -0.0000001394161806
-.380000  -.860000   -0.0000003748374750
-.340000  -.860000   -0.0000005887472982
-.300000  -.860000   -0.0000008054337457
-.260000  -.860000   -0.0000010121848141
-.220000  -.860000   -0.0000011915734068
-.180000  -.860000   -0.0000012424115885
-.140000  -.860000   -0.0000013281540506
-.100000  -.860000   -0.0000012750352645
-.060000  -.860000   -0.0000011669966432
-.020000  -.860000   -0.0000010067435552
0.020000  -.860000   -0.0000007985126647
0.060000  -.860000   -0.0000005481883838
0.100000  -.860000   -0.0000002640357139
0.140000  -.860000    0.0000000430555081
0.180000  -.860000    0.0000003749488994
0.220000  -.860000    0.0000006799733039
0.260000  -.860000    0.0000009624118077
0.300000  -.860000    0.0000011908089904
0.340000  -.860000    0.0000013501250538
0.380000  -.860000    0.0000014215343595
0.420000  -.860000    0.0000013594817347
0.460000  -.860000    0.0000011421765184
0.500000  -.860000    0.0000006687498160
-.500000  -.820000   -0.0000000382343129
-.460000  -.820000   -0.0000002605745921
-.420000  -.820000   -0.0000004934299750
-.380000  -.820000   -0.0000008208261478
-.340000  -.820000   -0.0000010916803293
-.300000  -.820000   -0.0000013469145789
-.260000  -.820000   -0.0000014856653130
-.220000  -.820000   -0.0000016624751197
-.180000  -.820000   -0.0000016985594223
-.140000  -.820000   -0.0000017425797027
-.100000  -.820000   -0.0000016516115696
-.060000  -.820000   -0.0000014964079645
-.020000  -.820000   -0.0000012798052808
0.020000  -.820000   -0.0000010062981132
0.060000  -.820000   -0.0000006825715111
0.100000  -.820000   -0.0000003176637051
0.140000  -.820000    0.0000000770258688
0.180000  -.820000    0.0000004757651432
0.220000  -.820000    0.0000008829946297
0.260000  -.820000    0.0000012486067143
0.300000  -.820000    0.0000016053820305
0.340000  -.820000    0.0000018729991086
0.380000  -.820000    0.0000020584563410
0.420000  -.820000    0.0000020856072980
0.460000  -.820000    0.0000020503246911
0.500000  -.820000    0.0000018127570030
0.540000  -.820000    0.0000013249577338
-.540000  -.780000   -0.0000000753692286
-.500000  -.780000   -0.0000003271257380
-.460000  -.780000   -0.0000006530553851
-.420000  -.780000   -0.0000009596908139
-.380000  -.780000   -0.0000012724610241
-.340000  -.780000   -0.0000015727774794
-.300000  -.780000   -0.0000018361896473
-.260000  -.780000   -0.0000019796879943
-.220000  -.780000   -0.0000021263681293
-.180000  -.780000   -0.0000021451600415
-.140000  -.780000   -0.0000021209329823
-.100000  -.780000   -0.0000019921639695
-.060000  -.780000   -0.0000017908811114
-.020000  -.780000   -0.0000015204745224
0.020000  -.780000   -0.0000011861002893
0.060000  -.780000   -0.0000007953708880
0.100000  -.780000   -0.0000003581444955
0.140000  -.780000    0.0000001133058090
0.180000  -.780000    0.0000005631743462
0.220000  -.780000    0.0000010585683243
0.260000  -.780000    0.0000014952173643
0.300000  -.780000    0.0000019524551201
0.340000  -.780000    0.0000023095218817
0.380000  -.780000    0.0000025931038478
0.420000  -.780000    0.0000027842729137
0.460000  -.780000    0.0000028625298548
0.500000  -.780000    0.0000027237597314
0.540000  -.780000    0.0000024323151852
0.580000  -.780000    0.0000019003622983
0.620000  -.780000    0.0000009280805058
-.580000  -.740000   -0.0000000925418548
-.540000  -.740000   -0.0000003661046587
-.500000  -.740000   -0.0000006582025287
-.460000  -.740000   -0.0000010563666317
-.420000  -.740000   -0.0000014067846661
-.380000  -.740000   -0.0000017471169830
-.340000  -.740000   -0.0000020524355817
-.300000  -.740000   -0.0000022505650065
-.260000  -.740000   -0.0000024395405225
-.220000  -.740000   -0.0000025142592758
-.180000  -.740000   -0.0000025261319594
-.140000  -.740000   -0.0000024476233282
-.100000  -.740000   -0.0000022910936521
-.060000  -.740000   -0.0000020045477407
-.020000  -.740000   -0.0000016874763212
0.020000  -.740000   -0.0000013014914693
0.060000  -.740000   -0.0000008551647072
0.100000  -.740000   -0.0000004374702638
0.140000  -.740000    0.0000000955381591
0.180000  -.740000    0.0000006531430936
0.220000  -.740000    0.0000011456325501
0.260000  -.740000    0.0000017090091519
0.300000  -.740000    0.0000021755062919
0.340000  -.740000    0.0000026769788154
0.380000  -.740000    0.0000030462320745
0.420000  -.740000    0.0000033323557048
0.460000  -.740000    0.0000035156777397
0.500000  -.740000    0.0000034642935959
0.540000  -.740000    0.0000033819580799
0.580000  -.740000    0.0000030200023284
0.620000  -.740000    0.0000023847482469
0.660000  -.740000    0.0000013863331029
-.620000  -.700000   -0.0000000707454612
-.580000  -.700000   -0.0000003327477432
-.540000  -.700000   -0.0000006873198235
-.500000  -.700000   -0.0000010365626040
-.460000  -.700000   -0.0000014087514684
-.420000  -.700000   -0.0000018527452973
-.380000  -.700000   -0.0000021423710408
-.340000  -.700000   -0.0000024497107814
-.300000  -.700000   -0.0000026790312712
-.260000  -.700000   -0.0000028171927641
-.220000  -.700000   -0.0000028685364493
-.180000  -.700000   -0.0000028543959818
-.140000  -.700000   -0.0000026829881940
-.100000  -.700000   -0.0000024964801378
-.060000  -.700000   -0.0000022270154184
-.020000  -.700000   -0.0000018781701646
0.020000  -.700000   -0.0000014559536548
0.060000  -.700000   -0.0000009685035770
0.100000  -.700000   -0.0000004271914183
0.140000  -.700000    0.0000001539061284
0.180000  -.700000    0.0000006528570271
0.220000  -.700000    0.0000012780433099
0.260000  -.700000    0.0000018024607043
0.300000  -.700000    0.0000024097484307
0.340000  -.700000    0.0000028933224850
0.380000  -.700000    0.0000033232404012
0.420000  -.700000    0.0000037789333356
0.460000  -.700000    0.0000039461610617
0.500000  -.700000    0.0000041023563592
0.540000  -.700000    0.0000041272754567
0.580000  -.700000    0.0000038603797146
0.620000  -.700000    0.0000034255399994
0.660000  -.700000    0.0000026953155281
0.700000  -.700000    0.0000015994246096
-.660000  -.660000   -0.0000000361656176
-.620000  -.660000   -0.0000003116409445
-.580000  -.660000   -0.0000006201398575
-.540000  -.660000   -0.0000010370123859
-.500000  -.660000   -0.0000014318443229
-.460000  -.660000   -0.0000018337789275
-.420000  -.660000   -0.0000022184310638
-.380000  -.660000   -0.0000025571273165
-.340000  -.660000   -0.0000028199487809
-.300000  -.660000   -0.0000030252610083
-.260000  -.660000   -0.0000031159586000
-.220000  -.660000   -0.0000031743547650
-.180000  -.660000   -0.0000030406892433
-.140000  -.660000   -0.0000029252770174
-.100000  -.660000   -0.0000027225986196
-.060000  -.660000   -0.0000024338252032
-.020000  -.660000   -0.0000020613530768
0.020000  -.660000   -0.0000016107598467
0.060000  -.660000   -0.0000010909099845
0.100000  -.660000   -0.0000005131829037
0.140000  -.660000    0.0000001079904098
0.180000  -.660000    0.0000007554725864
0.220000  -.660000    0.0000012878874044
0.260000  -.660000    0.0000019554298331
0.300000  -.660000    0.0000025003715123
0.340000  -.660000    0.0000031207348332
0.380000  -.660000    0.0000036079406880
0.420000  -.660000    0.0000040335344363
0.460000  -.660000    0.0000043779796756
0.500000  -.660000    0.0000046207382579
0.540000  -.660000    0.0000047414438856
0.580000  -.660000    0.0000045780636487
0.620000  -.660000    0.0000043900552424
0.660000  -.660000    0.0000037194250525
0.700000  -.660000    0.0000028891192400
0.740000  -.660000    0.0000016428712660
-.660000  -.620000   -0.0000002326026237
-.620000  -.620000   -0.0000005256537180
-.580000  -.620000   -0.0000009315057005
-.540000  -.620000   -0.0000013282956217
-.500000  -.620000   -0.0000017452142647
-.460000  -.620000   -0.0000021609237756
-.420000  -.620000   -0.0000025483030091
-.380000  -.620000   -0.0000028769452369
-.340000  -.620000   -0.0000031168851921
-.300000  -.620000   -0.0000032418761327
-.260000  -.620000   -0.0000033776478519
-.220000  -.620000   -0.0000032831844153
-.180000  -.620000   -0.0000032503707849
-.140000  -.620000   -0.0000031296023941
-.100000  -.620000   -0.0000029185680126
-.060000  -.620000   -0.0000023861563195
-.020000  -.620000   -0.0000019958003460
0.020000  -.620000   -0.0000015267402457
0.060000  -.620000   -0.0000009893486680
0.100000  -.620000   -0.0000006078440769
0.140000  -.620000    0.0000000442217916
0.180000  -.620000    0.0000007240702749
0.220000  -.620000    0.0000014112087903
0.260000  -.620000    0.0000019663212969
0.300000  -.620000    0.0000026434237025
0.340000  -.620000    0.0000031947891339
0.380000  -.620000    0.0000037153670569
0.420000  -.620000    0.0000041844269159
0.460000  -.620000    0.0000045826571326
0.500000  -.620000    0.0000048904388935
0.540000  -.620000    0.0000050893392188
0.580000  -.620000    0.0000051577158327
0.620000  -.620000    0.0000049188352385
0.660000  -.620000    0.0000046627226502
0.700000  -.620000    0.0000038945782357
0.740000  -.620000    0.0000029553740082
0.780000  -.620000    0.0000013301371114
-.700000  -.580000   -0.0000001244171574
-.660000  -.580000   -0.0000004136912442
-.620000  -.580000   -0.0000007940767773
-.580000  -.580000   -0.0000011811671385
-.540000  -.580000   -0.0000016519549999
-.500000  -.580000   -0.0000020749046340
-.460000  -.580000   -0.0000024724604119
-.420000  -.580000   -0.0000028160453397
-.380000  -.580000   -0.0000031411175293
-.340000  -.580000   -0.0000033531312015
-.300000  -.580000   -0.0000034404497842
-.260000  -.580000   -0.0000035794757594
-.220000  -.580000   -0.0000034393912799
-.180000  -.580000   -0.0000034090398007
-.140000  -.580000   -0.0000032890440250
-.100000  -.580000   -0.0000027955755790
-.060000  -.580000   -0.0000024867815349
-.020000  -.580000   -0.0000020894936749
0.020000  -.580000   -0.0000016100120340
0.060000  -.580000   -0.0000010585498970
0.100000  -.580000   -0.0000004494956405
0.140000  -.580000   -0.0000000296223822
0.180000  -.580000    0.0000006735472816
0.220000  -.580000    0.0000013834250048
0.260000  -.580000    0.0000019371692220
0.300000  -.580000    0.0000026405523251
0.340000  -.580000    0.0000032046120023
0.380000  -.580000    0.0000037468535139
0.420000  -.580000    0.0000043355128956
0.460000  -.580000    0.0000047807832222
0.500000  -.580000    0.0000051475011200
0.540000  -.580000    0.0000054150280888
0.580000  -.580000    0.0000054477814017
0.620000  -.580000    0.0000054528419255
0.660000  -.580000    0.0000051382631621
0.700000  -.580000    0.0000046325447686
0.740000  -.580000    0.0000039362540580
0.780000  -.580000    0.0000027561671034
-.740000  -.540000   -0.0000000430972469
-.700000  -.540000   -0.0000002919949146
-.660000  -.540000   -0.0000006358301408
-.620000  -.540000   -0.0000010035340123
-.580000  -.540000   -0.0000014588194980
-.540000  -.540000   -0.0000018868140234
-.500000  -.540000   -0.0000023058489452
-.460000  -.540000   -0.0000026892849998
-.420000  -.540000   -0.0000030089132356
-.380000  -.540000   -0.0000033394409931
-.340000  -.540000   -0.0000035187864251
-.300000  -.540000   -0.0000035674756216
-.260000  -.540000   -0.0000037145423366
-.220000  -.540000   -0.0000035319600039
-.180000  -.540000   -0.0000035103875842
-.140000  -.540000   -0.0000030675357734
-.100000  -.540000   -0.0000028571011711
-.060000  -.540000   -0.0000025520700981
-.020000  -.540000   -0.0000021554050065
0.020000  -.540000   -0.0000016730500689
0.060000  -.540000   -0.0000011153066198
0.100000  -.540000   -0.0000004979127049
0.140000  -.540000    0.0000001602485978
0.180000  -.540000    0.0000006117472031
0.220000  -.540000    0.0000013342897165
0.260000  -.540000    0.0000018784091855
0.300000  -.540000    0.0000025954094356
0.340000  -.540000    0.0000031612556364
0.380000  -.540000    0.0000037138976099
0.420000  -.540000    0.0000043217327132
0.460000  -.540000    0.0000047917238350
0.500000  -.540000    0.0000051932809124
0.540000  -.540000    0.0000055076404666
0.580000  -.540000    0.0000057149301546
0.620000  -.540000    0.0000056826566213
0.660000  -.540000    0.0000056140469621
0.700000  -.540000    0.0000052231804453
0.740000  -.540000    0.0000046312639161
0.780000  -.540000    0.0000036770811933
0.820000  -.540000    0.0000023014110829
-.740000  -.500000   -0.0000001492467117
-.700000  -.500000   -0.0000004354820984
-.660000  -.500000   -0.0000008075677460
-.620000  -.500000   -0.0000011902203009
-.580000  -.500000   -0.0000016487382288
-.540000  -.500000   -0.0000020720012066
-.500000  -.500000   -0.0000024768261084
-.460000  -.500000   -0.0000028371860841
-.420000  -.500000   -0.0000031260706916
-.380000  -.500000   -0.0000034621075904
-.340000  -.500000   -0.0000036062508984
-.300000  -.500000   -0.0000036171432135
-.260000  -.500000   -0.0000037765379266
-.220000  -.500000   -0.0000035560539619
-.180000  -.500000   -0.0000035501645285
-.140000  -.500000   -0.0000030675703487
-.100000  -.500000   -0.0000028718137003
-.060000  -.500000   -0.0000025791227336
-.020000  -.500000   -0.0000021904009904
0.020000  -.500000   -0.0000017124972260
0.060000  -.500000   -0.0000011561562714
0.100000  -.500000   -0.0000005375541136
0.140000  -.500000    0.0000001222853607
0.180000  -.500000    0.0000005449253621
0.220000  -.500000    0.0000012710613700
0.260000  -.500000    0.0000017980502131
0.300000  -.500000    0.0000025161623567
0.340000  -.500000    0.0000030744284826
0.380000  -.500000    0.0000036260966553
0.420000  -.500000    0.0000042364343367
0.460000  -.500000    0.0000047182152609
0.500000  -.500000    0.0000051415229527
0.540000  -.500000    0.0000054879396079
0.580000  -.500000    0.0000057392442489
0.620000  -.500000    0.0000057773532254
0.660000  -.500000    0.0000057805748252
0.700000  -.500000    0.0000054806324063
0.740000  -.500000    0.0000049896791479
0.780000  -.500000    0.0000043138423039
0.820000  -.500000    0.0000032778612419
0.860000  -.500000    0.0000015205368591
-.780000  -.460000   -0.0000000464389933
-.740000  -.460000   -0.0000002824105202
-.700000  -.460000   -0.0000005670634480
-.660000  -.460000   -0.0000009557705843
-.620000  -.460000   -0.0000013453037720
-.580000  -.460000   -0.0000017894135661
-.540000  -.460000   -0.0000021974790364
-.500000  -.460000   -0.0000025786510600
-.460000  -.460000   -0.0000029078563790
-.420000  -.460000   -0.0000031603314763
-.380000  -.460000   -0.0000035016143406
-.340000  -.460000   -0.0000036100118176
-.300000  -.460000   -0.0000035847255293
-.260000  -.460000   -0.0000037604764438
-.220000  -.460000   -0.0000035079921591
-.180000  -.460000   -0.0000035241332987
-.140000  -.460000   -0.0000030123244343
-.100000  -.460000   -0.0000028387889670
-.060000  -.460000   -0.0000025654749975
-.020000  -.460000   -0.0000021927675854
0.020000  -.460000   -0.0000017256468217
0.060000  -.460000   -0.0000011765850997
0.100000  -.460000   -0.0000005635571043
0.140000  -.460000    0.0000000905263945
0.180000  -.460000    0.0000004799895912
0.220000  -.460000    0.0000012002667498
0.260000  -.460000    0.0000017032952584
0.300000  -.460000    0.0000024103549765
0.340000  -.460000    0.0000029516747923
0.380000  -.460000    0.0000034925238418
0.420000  -.460000    0.0000040892241286
0.460000  -.460000    0.0000045705758856
0.500000  -.460000    0.0000050022923142
0.540000  -.460000    0.0000053670445139
0.580000  -.460000    0.0000056476542661
0.620000  -.460000    0.0000057486956276
0.660000  -.460000    0.0000058076886400
0.700000  -.460000    0.0000055921659300
0.740000  -.460000    0.0000053608092136
0.780000  -.460000    0.0000047918033533
0.820000  -.460000    0.0000038622933160
0.860000  -.460000    0.0000025054226267
-.780000  -.420000   -0.0000001270694519
-.740000  -.420000   -0.0000003855335365
-.700000  -.420000   -0.0000007172156004
-.660000  -.420000   -0.0000010724090720
-.620000  -.420000   -0.0000014592678429
-.580000  -.420000   -0.0000018724345880
-.540000  -.420000   -0.0000022549524643
-.500000  -.420000   -0.0000026032080596
-.460000  -.420000   -0.0000028946336566
-.420000  -.420000   -0.0000031073341216
-.380000  -.420000   -0.0000034530890751
-.340000  -.420000   -0.0000035255710184
-.300000  -.420000   -0.0000034674638495
-.260000  -.420000   -0.0000036628509293
-.220000  -.420000   -0.0000033871215725
-.180000  -.420000   -0.0000034314138382
-.140000  -.420000   -0.0000029004842818
-.100000  -.420000   -0.0000027567563367
-.060000  -.420000   -0.0000025105519070
-.020000  -.420000   -0.0000021606190689
0.020000  -.420000   -0.0000017111655573
0.060000  -.420000   -0.0000011750215946
0.100000  -.420000   -0.0000005732396959
0.140000  -.420000    0.0000000685303511
0.180000  -.420000    0.0000004212753219
0.220000  -.420000    0.0000011267408587
0.260000  -.420000    0.0000015993610049
0.300000  -.420000    0.0000022838215046
0.340000  -.420000    0.0000027995855070
0.380000  -.420000    0.0000033198348013
0.420000  -.420000    0.0000038872857230
0.460000  -.420000    0.0000043566774185
0.500000  -.420000    0.0000047843385450
0.540000  -.420000    0.0000051542168802
0.580000  -.420000    0.0000054502298784
0.620000  -.420000    0.0000056064365833
0.660000  -.420000    0.0000057067670594
0.700000  -.420000    0.0000056838931392
0.740000  -.420000    0.0000054099165553
0.780000  -.420000    0.0000049440445486
0.820000  -.420000    0.0000041248658175
0.860000  -.420000    0.0000031477116449
0.900000  -.420000    0.0000015641500809
-.820000  -.380000   -0.0000000137378732
-.780000  -.380000   -0.0000002014487092
-.740000  -.380000   -0.0000004708933490
-.700000  -.380000   -0.0000007708624043
-.660000  -.380000   -0.0000011495546866
-.620000  -.380000   -0.0000015233476223
-.580000  -.380000   -0.0000019072852102
-.540000  -.380000   -0.0000022837882001
-.500000  -.380000   -0.0000026330767649
-.460000  -.380000   -0.0000029346154777
-.420000  -.380000   -0.0000031681273040
-.380000  -.380000   -0.0000033136823553
-.340000  -.380000   -0.0000033514750383
-.300000  -.380000   -0.0000032646882876
-.260000  -.380000   -0.0000034828712103
-.220000  -.380000   -0.0000031914653027
-.180000  -.380000   -0.0000032705103940
-.140000  -.380000   -0.0000027317712543
-.100000  -.380000   -0.0000026258056345
-.060000  -.380000   -0.0000024144568773
-.020000  -.380000   -0.0000020941519325
0.020000  -.380000   -0.0000016684154476
0.060000  -.380000   -0.0000011502016226
0.100000  -.380000   -0.0000005643760805
0.140000  -.380000    0.0000000591025588
0.180000  -.380000    0.0000003729125231
0.220000  -.380000    0.0000010541961153
0.260000  -.380000    0.0000014919310303
0.300000  -.380000    0.0000021406978474
0.340000  -.380000    0.0000026230047233
0.380000  -.380000    0.0000031132070988
0.420000  -.380000    0.0000035948572071
0.460000  -.380000    0.0000040521739606
0.500000  -.380000    0.0000044717534900
0.540000  -.380000    0.0000048375077112
0.580000  -.380000    0.0000051375279795
0.620000  -.380000    0.0000053587369238
0.660000  -.380000    0.0000054869969466
0.700000  -.380000    0.0000054225160676
0.740000  -.380000    0.0000053190464650
0.780000  -.380000    0.0000049487324010
0.820000  -.380000    0.0000043990927515
0.860000  -.380000    0.0000035218888228
0.900000  -.380000    0.0000022498511931
-.820000  -.340000   -0.0000000625532489
-.780000  -.340000   -0.0000002634269736
-.740000  -.340000   -0.0000005324952074
-.700000  -.340000   -0.0000008283437072
-.660000  -.340000   -0.0000011803319281
-.620000  -.340000   -0.0000015307199994
-.580000  -.340000   -0.0000018835773029
-.540000  -.340000   -0.0000022222174853
-.500000  -.340000   -0.0000025291360155
-.460000  -.340000   -0.0000027868495102
-.420000  -.340000   -0.0000029772854394
-.380000  -.340000   -0.0000030833428646
-.340000  -.340000   -0.0000030887796273
-.300000  -.340000   -0.0000033744337936
-.260000  -.340000   -0.0000032200657662
-.220000  -.340000   -0.0000029222871064
-.180000  -.340000   -0.0000030408442748
-.140000  -.340000   -0.0000025069072448
-.100000  -.340000   -0.0000024465129058
-.060000  -.340000   -0.0000022779423212
-.020000  -.340000   -0.0000019942249045
0.020000  -.340000   -0.0000015975492534
0.060000  -.340000   -0.0000011017499405
0.100000  -.340000   -0.0000005357201254
0.140000  -.340000    0.0000000643221013
0.180000  -.340000    0.0000003380028503
0.220000  -.340000    0.0000009858308953
0.260000  -.340000    0.0000013836542119
0.300000  -.340000    0.0000018282585484
0.340000  -.340000    0.0000024241788019
0.380000  -.340000    0.0000028755260232
0.420000  -.340000    0.0000033218989304
0.460000  -.340000    0.0000037490084226
0.500000  -.340000    0.0000041446097315
0.540000  -.340000    0.0000044949851444
0.580000  -.340000    0.0000047884651657
0.620000  -.340000    0.0000050134374907
0.660000  -.340000    0.0000051575966077
0.700000  -.340000    0.0000051574157405
0.740000  -.340000    0.0000050981448842
0.780000  -.340000    0.0000048161934673
0.820000  -.340000    0.0000043653052787
0.860000  -.340000    0.0000036052173538
0.900000  -.340000    0.0000025751907452
0.940000  -.340000    0.0000008376188448
-.820000  -.300000   -0.0000001051439374
-.780000  -.300000   -0.0000003076918730
-.740000  -.300000   -0.0000005440656913
-.700000  -.300000   -0.0000008473471268
-.660000  -.300000   -0.0000011566326892
-.620000  -.300000   -0.0000014771575635
-.580000  -.300000   -0.0000017901125751
-.540000  -.300000   -0.0000020839270711
-.500000  -.300000   -0.0000023432890677
-.460000  -.300000   -0.0000025530829578
-.420000  -.300000   -0.0000026989630686
-.380000  -.300000   -0.0000027666719592
-.340000  -.300000   -0.0000030884059504
-.300000  -.300000   -0.0000030406405769
-.260000  -.300000   -0.0000028766388988
-.220000  -.300000   -0.0000025816661887
-.180000  -.300000   -0.0000027429293233
-.140000  -.300000   -0.0000022268047583
-.100000  -.300000   -0.0000022197528884
-.060000  -.300000   -0.0000021024086611
-.020000  -.300000   -0.0000018625422345
0.020000  -.300000   -0.0000014995068260
0.060000  -.300000   -0.0000010294122420
0.100000  -.300000   -0.0000004860048380
0.140000  -.300000    0.0000000853686540
0.180000  -.300000    0.0000003186358618
0.220000  -.300000    0.0000009222926564
0.260000  -.300000    0.0000012755329374
0.300000  -.300000    0.0000016744288342
0.340000  -.300000    0.0000020985279780
0.380000  -.300000    0.0000026094837452
0.420000  -.300000    0.0000030116303754
0.460000  -.300000    0.0000033994039386
0.500000  -.300000    0.0000037617000882
0.540000  -.300000    0.0000040849192521
0.580000  -.300000    0.0000043596599494
0.620000  -.300000    0.0000045778226312
0.660000  -.300000    0.0000047132837817
0.700000  -.300000    0.0000047823195532
0.740000  -.300000    0.0000046890996430
0.780000  -.300000    0.0000045560494721
0.820000  -.300000    0.0000041978882735
0.860000  -.300000    0.0000035541473949
0.900000  -.300000    0.0000027646021653
0.940000  -.300000    0.0000015589574242
-.860000  -.260000   -0.0000000007761064
-.820000  -.260000   -0.0000001251820689
-.780000  -.260000   -0.0000003142210762
-.740000  -.260000   -0.0000005543687245
-.700000  -.260000   -0.0000008089210721
-.660000  -.260000   -0.0000011036185697
-.620000  -.260000   -0.0000013935497439
-.580000  -.260000   -0.0000016819355490
-.540000  -.260000   -0.0000019563985476
-.500000  -.260000   -0.0000022046404015
-.460000  -.260000   -0.0000024142850098
-.420000  -.260000   -0.0000025734184169
-.380000  -.260000   -0.0000026701090009
-.340000  -.260000   -0.0000026923655034
-.300000  -.260000   -0.0000026265989203
-.260000  -.260000   -0.0000024591152709
-.220000  -.260000   -0.0000027113436304
-.180000  -.260000   -0.0000023783793288
-.140000  -.260000   -0.0000025219520842
-.100000  -.260000   -0.0000019464865337
-.060000  -.260000   -0.0000018894023657
-.020000  -.260000   -0.0000017010718506
0.020000  -.260000   -0.0000013759865860
0.060000  -.260000   -0.0000009329474650
0.100000  -.260000   -0.0000004150727226
0.140000  -.260000   -0.0000002949735942
0.180000  -.260000    0.0000003157771173
0.220000  -.260000    0.0000006015788270
0.260000  -.260000    0.0000011663928444
0.300000  -.260000    0.0000015131765904
0.340000  -.260000    0.0000018826591301
0.380000  -.260000    0.0000022589940472
0.420000  -.260000    0.0000026310458761
0.460000  -.260000    0.0000029891827787
0.500000  -.260000    0.0000033212008756
0.540000  -.260000    0.0000036210751137
0.580000  -.260000    0.0000038791358918
0.620000  -.260000    0.0000040831365073
0.660000  -.260000    0.0000042295023220
0.700000  -.260000    0.0000042751768694
0.740000  -.260000    0.0000042738792186
0.780000  -.260000    0.0000041057494155
0.820000  -.260000    0.0000038070649757
0.860000  -.260000    0.0000033802435998
0.900000  -.260000    0.0000027065055859
0.940000  -.260000    0.0000017351077516
-.860000  -.220000   -0.0000000199267198
-.820000  -.220000   -0.0000001442849710
-.780000  -.220000   -0.0000003189808170
-.740000  -.220000   -0.0000005148206500
-.700000  -.220000   -0.0000007590669021
-.660000  -.220000   -0.0000010052822991
-.620000  -.220000   -0.0000012442989732
-.580000  -.220000   -0.0000014833819260
-.540000  -.220000   -0.0000017057023037
-.500000  -.220000   -0.0000019010435628
-.460000  -.220000   -0.0000020595720402
-.420000  -.220000   -0.0000021725237795
-.380000  -.220000   -0.0000022306413842
-.340000  -.220000   -0.0000022247307741
-.300000  -.220000   -0.0000021443066540
-.260000  -.220000   -0.0000024368297877
-.220000  -.220000   -0.0000022523557655
-.180000  -.220000   -0.0000019506489509
-.140000  -.220000   -0.0000021497734143
-.100000  -.220000   -0.0000016274681644
-.060000  -.220000   -0.0000016401777514
-.020000  -.220000   -0.0000015126125301
0.020000  -.220000   -0.0000012292650403
0.060000  -.220000   -0.0000008125919018
0.100000  -.220000   -0.0000003209671674
0.140000  -.220000   -0.0000002334415194
0.180000  -.220000    0.0000003272229993
0.220000  -.220000    0.0000005676125467
0.260000  -.220000    0.0000008651689711
0.300000  -.220000    0.0000013388424189
0.340000  -.220000    0.0000016496958477
0.380000  -.220000    0.0000019714701014
0.420000  -.220000    0.0000022882092651
0.460000  -.220000    0.0000025943166329
0.500000  -.220000    0.0000028789168154
0.540000  -.220000    0.0000031263243820
0.580000  -.220000    0.0000033443753668
0.620000  -.220000    0.0000035308209414
0.660000  -.220000    0.0000036669224245
0.700000  -.220000    0.0000037463013564
0.740000  -.220000    0.0000037186154716
0.780000  -.220000    0.0000036545796846
0.820000  -.220000    0.0000034319857790
0.860000  -.220000    0.0000030912606905
0.900000  -.220000    0.0000025328937766
0.940000  -.220000    0.0000017802262238
-.860000  -.180000   -0.0000000296507588
-.820000  -.180000   -0.0000001371282584
-.780000  -.180000   -0.0000002876645726
-.740000  -.180000   -0.0000004705923232
-.700000  -.180000   -0.0000006628638926
-.660000  -.180000   -0.0000008721502682
-.620000  -.180000   -0.0000010813924148
-.580000  -.180000   -0.0000012869215231
-.540000  -.180000   -0.0000014807118101
-.500000  -.180000   -0.0000016549440271
-.460000  -.180000   -0.0000018021744380
-.420000  -.180000   -0.0000019162593589
-.380000  -.180000   -0.0000019901744341
-.340000  -.180000   -0.0000020179474519
-.300000  -.180000   -0.0000019915878465
-.260000  -.180000   -0.0000019012016217
-.220000  -.180000   -0.0000017334251185
-.180000  -.180000   -0.0000020120252310
-.140000  -.180000   -0.0000017161887709
-.100000  -.180000   -0.0000012635494033
-.060000  -.180000   -0.0000013549820681
-.020000  -.180000   -0.0000012995883917
0.020000  -.180000   -0.0000010615153780
0.060000  -.180000   -0.0000006680420334
0.100000  -.180000   -0.0000002044911223
0.140000  -.180000   -0.0000001438389748
0.180000  -.180000    0.0000000340135379
0.220000  -.180000    0.0000005377991067
0.260000  -.180000    0.0000007770309858
0.300000  -.180000    0.0000010427067212
0.340000  -.180000    0.0000013227120067
0.380000  -.180000    0.0000015906367032
0.420000  -.180000    0.0000018528124350
0.460000  -.180000    0.0000021100868894
0.500000  -.180000    0.0000023545607727
0.540000  -.180000    0.0000026014325300
0.580000  -.180000    0.0000027956930178
0.620000  -.180000    0.0000029446254717
0.660000  -.180000    0.0000030664146196
0.700000  -.180000    0.0000031303136976
0.740000  -.180000    0.0000031502913963
0.780000  -.180000    0.0000030671346885
0.820000  -.180000    0.0000028892426628
0.860000  -.180000    0.0000026186571157
0.900000  -.180000    0.0000022544880022
0.940000  -.180000    0.0000016360356908
0.980000  -.180000    0.0000006936000307
-.860000  -.140000   -0.0000000357189057
-.820000  -.140000   -0.0000001286866908
-.780000  -.140000   -0.0000002515682089
-.740000  -.140000   -0.0000003883698499
-.700000  -.140000   -0.0000005485858731
-.660000  -.140000   -0.0000007127684808
-.620000  -.140000   -0.0000008808789564
-.580000  -.140000   -0.0000010468953352
-.540000  -.140000   -0.0000011450009060
-.500000  -.140000   -0.0000012649656142
-.460000  -.140000   -0.0000013615298369
-.420000  -.140000   -0.0000014299824688
-.380000  -.140000   -0.0000014659665227
-.340000  -.140000   -0.0000014645625698
-.300000  -.140000   -0.0000014216869542
-.260000  -.140000   -0.0000016850994312
-.220000  -.140000   -0.0000016062120251
-.180000  -.140000   -0.0000014624924146
-.140000  -.140000   -0.0000012270869611
-.100000  -.140000   -0.0000014932888896
-.060000  -.140000   -0.0000010325434780
-.020000  -.140000   -0.0000010643208548
0.020000  -.140000   -0.0000008747682693
0.060000  -.140000   -0.0000004971057834
0.100000  -.140000   -0.0000005435311252
0.140000  -.140000   -0.0000000314583502
0.180000  -.140000    0.0000001056854628
0.220000  -.140000    0.0000003006638826
0.260000  -.140000    0.0000005219492189
0.300000  -.140000    0.0000008654539807
0.340000  -.140000    0.0000010697003949
0.380000  -.140000    0.0000012869551916
0.420000  -.140000    0.0000015328962978
0.460000  -.140000    0.0000017499350993
0.500000  -.140000    0.0000019180259116
0.540000  -.140000    0.0000020133753474
0.580000  -.140000    0.0000021980796646
0.620000  -.140000    0.0000023287482904
0.660000  -.140000    0.0000024242553881
0.700000  -.140000    0.0000024860119436
0.740000  -.140000    0.0000024955424626
0.780000  -.140000    0.0000024680934935
0.820000  -.140000    0.0000023506963575
0.860000  -.140000    0.0000021549642818
0.900000  -.140000    0.0000018139105761
0.940000  -.140000    0.0000013983830903
0.980000  -.140000    0.0000007254630556
-.860000  -.100000   -0.0000000308410883
-.820000  -.100000   -0.0000000993927568
-.780000  -.100000   -0.0000001899677701
-.740000  -.100000   -0.0000002891726606
-.700000  -.100000   -0.0000004077647832
-.660000  -.100000   -0.0000005275714397
-.620000  -.100000   -0.0000006504694199
-.580000  -.100000   -0.0000007463927589
-.540000  -.100000   -0.0000008499250525
-.500000  -.100000   -0.0000009412340463
-.460000  -.100000   -0.0000010173996697
-.420000  -.100000   -0.0000010752669448
-.380000  -.100000   -0.0000011125810705
-.340000  -.100000   -0.0000011265010891
-.300000  -.100000   -0.0000011155495575
-.260000  -.100000   -0.0000010758013632
-.220000  -.100000   -0.0000010025559404
-.180000  -.100000   -0.0000008856716704
-.140000  -.100000   -0.0000011732374731
-.100000  -.100000   -0.0000010016252955
-.060000  -.100000   -0.0000006687383208
-.020000  -.100000   -0.0000008076766426
0.020000  -.100000   -0.0000006696562462
0.060000  -.100000   -0.0000002959310720
0.100000  -.100000   -0.0000003300771567
0.140000  -.100000   -0.0000002248243071
0.180000  -.100000    0.0000001699432235
0.220000  -.100000    0.0000002974980802
0.260000  -.100000    0.0000004378711393
0.300000  -.100000    0.0000006010192358
0.340000  -.100000    0.0000007553678391
0.380000  -.100000    0.0000009252068878
0.420000  -.100000    0.0000009830362444
0.460000  -.100000    0.0000010707001991
0.500000  -.100000    0.0000012894332173
0.540000  -.100000    0.0000015333094279
0.580000  -.100000    0.0000015594733314
0.620000  -.100000    0.0000016869200705
0.660000  -.100000    0.0000017507655350
0.700000  -.100000    0.0000018000864695
0.740000  -.100000    0.0000018059204174
0.780000  -.100000    0.0000017899985634
0.820000  -.100000    0.0000017069376155
0.860000  -.100000    0.0000015693175408
0.900000  -.100000    0.0000013758680247
0.940000  -.100000    0.0000010341710692
0.980000  -.100000    0.0000005901442439
-.860000  -.060000   -0.0000000205949101
-.820000  -.060000   -0.0000000625765683
-.780000  -.060000   -0.0000001180498313
-.740000  -.060000   -0.0000001825998449
-.700000  -.060000   -0.0000002510225208
-.660000  -.060000   -0.0000003238795676
-.620000  -.060000   -0.0000003901341072
-.580000  -.060000   -0.0000004589447045
-.540000  -.060000   -0.0000005230239334
-.500000  -.060000   -0.0000005801460356
-.460000  -.060000   -0.0000006289025548
-.420000  -.060000   -0.0000006674546818
-.380000  -.060000   -0.0000006949499679
-.340000  -.060000   -0.0000007101079956
-.300000  -.060000   -0.0000007128729450
-.260000  -.060000   -0.0000007019213086
-.220000  -.060000   -0.0000006770074210
-.180000  -.060000   -0.0000006355461517
-.140000  -.060000   -0.0000005711540264
-.100000  -.060000   -0.0000004669979671
-.060000  -.060000   -0.0000008069035625
-.020000  -.060000   -0.0000005241793574
0.020000  -.060000   -0.0000004399518399
0.060000  -.060000   -0.0000005428802361
0.100000  -.060000   -0.0000000951246741
0.140000  -.060000   -0.0000000374384059
0.180000  -.060000    0.0000000477283696
0.220000  -.060000    0.0000001442504975
0.260000  -.060000    0.0000002419937839
0.300000  -.060000    0.0000003504829153
0.340000  -.060000    0.0000004456108340
0.380000  -.060000    0.0000005101340657
0.420000  -.060000    0.0000007112371111
0.460000  -.060000    0.0000009598520802
0.500000  -.060000    0.0000007732133753
0.540000  -.060000    0.0000008654440347
0.580000  -.060000    0.0000009649007157
0.620000  -.060000    0.0000010114384024
0.660000  -.060000    0.0000010589531104
0.700000  -.060000    0.0000010894191714
0.740000  -.060000    0.0000011004516712
0.780000  -.060000    0.0000010845736523
0.820000  -.060000    0.0000010350716288
0.860000  -.060000    0.0000009531800379
0.900000  -.060000    0.0000008388887230
0.940000  -.060000    0.0000006622521878
0.980000  -.060000    0.0000003885611283
-.860000  -.020000   -0.0000000072064570
-.820000  -.020000   -0.0000000213418790
-.780000  -.020000   -0.0000000400220553
-.740000  -.020000   -0.0000000617794323
-.700000  -.020000   -0.0000000847320572
-.660000  -.020000   -0.0000001091746334
-.620000  -.020000   -0.0000001316400990
-.580000  -.020000   -0.0000001548478354
-.540000  -.020000   -0.0000001765398956
-.500000  -.020000   -0.0000001959780182
-.460000  -.020000   -0.0000002127563924
-.420000  -.020000   -0.0000002262668866
-.380000  -.020000   -0.0000002363280313
-.340000  -.020000   -0.0000002426017936
-.300000  -.020000   -0.0000002452386903
-.260000  -.020000   -0.0000002440290560
-.220000  -.020000   -0.0000002395579641
-.180000  -.020000   -0.0000002320809442
-.140000  -.020000   -0.0000002220975945
-.100000  -.020000   -0.0000002112552574
-.060000  -.020000   -0.0000002012786307
-.020000  -.020000   -0.0000001649584824
0.020000  -.020000   -0.0000001370876172
0.060000  -.020000   -0.0000001168111109
0.100000  -.020000   -0.0000000729795940
0.140000  -.020000   -0.0000000340096228
0.180000  -.020000    0.0000000037942861
0.220000  -.020000    0.0000000403390373
0.260000  -.020000    0.0000000767281136
0.300000  -.020000    0.0000001127247641
0.340000  -.020000    0.0000001464964031
0.380000  -.020000    0.0000001736586250
0.420000  -.020000    0.0000002640404043
0.460000  -.020000    0.0000000834472538
0.500000  -.020000    0.0000003792654309
0.540000  -.020000    0.0000002593421477
0.580000  -.020000    0.0000003310030905
0.620000  -.020000    0.0000003367073077
0.660000  -.020000    0.0000003546669913
0.700000  -.020000    0.0000003646219429
0.740000  -.020000    0.0000003685284993
0.780000  -.020000    0.0000003632601242
0.820000  -.020000    0.0000003468180948
0.860000  -.020000    0.0000003196203800
0.900000  -.020000    0.0000002818049515
0.940000  -.020000    0.0000002231839020
0.980000  -.020000    0.0000001383531202
-.860000  0.020000    0.0000000072064570
-.820000  0.020000    0.0000000213418790
-.780000  0.020000    0.0000000400220553
-.740000  0.020000    0.0000000617794323
-.700000  0.020000    0.0000000847320572
-.660000  0.020000    0.0000001091746334
-.620000  0.020000    0.0000001316400990
-.580000  0.020000    0.0000001548478354
-.540000  0.020000    0.0000001765398956
-.500000  0.020000    0.0000001959780182
-.460000  0.020000    0.0000002127563924
-.420000  0.020000    0.0000002262668866
-.380000  0.020000    0.0000002363280313
-.340000  0.020000    0.0000002426017936
-.300000  0.020000    0.0000002452386903
-.260000  0.020000    0.0000002440290560
-.220000  0.020000    0.0000002395579641
-.180000  0.020000    0.0000002320809442
-.140000  0.020000    0.0000002220975945
-.100000  0.020000    0.0000002112552574
-.060000  0.020000    0.0000002012786307
-.020000  0.020000    0.0000001649584824
0.020000  0.020000    0.0000001370876172
0.060000  0.020000    0.0000001168111109
0.100000  0.020000    0.0000000729795940
0.140000  0.020000    0.0000000340096228
0.180000  0.020000   -0.0000000037942861
0.220000  0.020000   -0.0000000403390373
0.260000  0.020000   -0.0000000767281136
0.300000  0.020000   -0.0000001127247641
0.340000  0.020000   -0.0000001464964031
0.380000  0.020000   -0.0000001736586250
0.420000  0.020000   -0.0000002640404043
0.460000  0.020000   -0.0000000834472538
0.500000  0.020000   -0.0000003792654309
0.540000  0.020000   -0.0000002593421477
0.580000  0.020000   -0.0000003310030905
0.620000  0.020000   -0.0000003367073077
0.660000  0.020000   -0.0000003546669913
0.700000  0.020000   -0.0000003646219429
0.740000  0.020000   -0.0000003685284993
0.780000  0.020000   -0.0000003632601242
0.820000  0.020000   -0.0000003468180948
0.860000  0.020000   -0.0000003196203800
0.900000  0.020000   -0.0000002818049515
0.940000  0.020000   -0.0000002231839020
0.980000  0.020000   -0.0000001383531202
-.860000  0.060000    0.0000000205949101
-.820000  0.060000    0.0000000625765683
-.780000  0.060000    0.0000001180498313
-.740000  0.060000    0.0000001825998449
-.700000  0.060000    0.0000002510225208
-.660000  0.060000    0.0000003238795676
-.620000  0.060000    0.0000003901341072
-.580000  0.060000    0.0000004589447045
-.540000  0.060000    0.0000005230239334
-.500000  0.060000    0.0000005801460356
-.460000  0.060000    0.0000006289025548
-.420000  0.060000    0.0000006674546818
-.380000  0.060000    0.0000006949499679
-.340000  0.060000    0.0000007101079956
-.300000  0.060000    0.0000007128729450
-.260000  0.060000    0.0000007019213086
-.220000  0.060000    0.0000006770074210
-.180000  0.060000    0.0000006355461517
-.140000  0.060000    0.0000005711540264
-.100000  0.060000    0.0000004669979671
-.060000  0.060000    0.0000008069035625
-.020000  0.060000    0.0000005241793574
0.020000  0.060000    0.0000004399518399
0.060000  0.060000    0.0000005428802361
0.100000  0.060000    0.0000000951246741
0.140000  0.060000    0.0000000374384059
0.180000  0.060000   -0.0000000477283696
0.220000  0.060000   -0.0000001442504975
0.260000  0.060000   -0.0000002419937839
0.300000  0.060000   -0.0000003504829153
0.340000  0.060000   -0.0000004456108340
0.380000  0.060000   -0.0000005101340657
0.420000  0.060000   -0.0000007112371111
0.460000  0.060000   -0.0000009598520802
0.500000  0.060000   -0.0000007732133753
0.540000  0.060000   -0.0000008654440347
0.580000  0.060000   -0.0000009649007157
0.620000  0.060000   -0.0000010114384024
0.660000  0.060000   -0.0000010589531104
0.700000  0.060000   -0.0000010894191714
0.740000  0.060000   -0.0000011004516712
0.780000  0.060000   -0.0000010845736523
0.820000  0.060000   -0.0000010350716288
0.860000  0.060000   -0.0000009531800379
0.900000  0.060000   -0.0000008388887230
0.940000  0.060000   -0.0000006622521878
0.980000  0.060000   -0.0000003885611283
-.860000  0.100000    0.0000000308410883
-.820000  0.100000    0.0000000993927568
-.780000  0.100000    0.0000001899677701
-.740000  0.100000    0.0000002891726606
-.700000  0.100000    0.0000004077647832
-.660000  0.100000    0.0000005275714397
-.620000  0.100000    0.0000006504694199
-.580000  0.100000    0.0000007463927589
-.540000  0.100000    0.0000008499250525
-.500000  0.100000    0.0000009412340463
-.460000  0.100000    0.0000010173996697
-.420000  0.100000    0.0000010752669448
-.380000  0.100000    0.0000011125810705
-.340000  0.100000    0.0000011265010891
-.300000  0.100000    0.0000011155495575
-.260000  0.100000    0.0000010758013632
-.220000  0.100000    0.0000010025559404
-.180000  0.100000    0.0000008856716704
-.140000  0.100000    0.0000011732374731
-.100000  0.100000    0.0000010016252955
-.060000  0.100000    0.0000006687383208
-.020000  0.100000    0.0000008076766426
0.020000  0.100000    0.0000006696562462
0.060000  0.100000    0.0000002959310720
0.100000  0.100000    0.0000003300771567
0.140000  0.100000    0.0000002248243071
0.180000  0.100000   -0.0000001699432235
0.220000  0.100000   -0.0000002974980802
0.260000  0.100000   -0.0000004378711393
0.300000  0.100000   -0.0000006010192358
0.340000  0.100000   -0.0000007553678391
0.380000  0.100000   -0.0000009252068878
0.420000  0.100000   -0.0000009830362444
0.460000  0.100000   -0.0000010707001991
0.500000  0.100000   -0.0000012894332173
0.540000  0.100000   -0.0000015333094279
0.580000  0.100000   -0.0000015594733314
0.620000  0.100000   -0.0000016869200705
0.660000  0.100000   -0.0000017507655350
0.700000  0.100000   -0.0000018000864695
0.740000  0.100000   -0.0000018059204174
0.780000  0.100000   -0.0000017899985634
0.820000  0.100000   -0.0000017069376155
0.860000  0.100000   -0.0000015693175408
0.900000  0.100000   -0.0000013758680247
0.940000  0.100000   -0.0000010341710692
0.980000  0.100000   -0.0000005901442439
-.860000  0.140000    0.0000000357189057
-.820000  0.140000    0.0000001286866908
-.780000  0.140000    0.0000002515682089
-.740000  0.140000    0.0000003883698499
-.700000  0.140000    0.0000005485858731
-.660000  0.140000    0.0000007127684808
-.620000  0.140000    0.0000008808789564
-.580000  0.140000    0.0000010468953352
-.540000  0.140000    0.0000011450009060
-.500000  0.140000    0.0000012649656142
-.460000  0.140000    0.0000013615298369
-.420000  0.140000    0.0000014299824688
-.380000  0.140000    0.0000014659665227
-.340000  0.140000    0.0000014645625698
-.300000  0.140000    0.0000014216869542
-.260000  0.140000    0.0000016850994312
-.220000  0.140000    0.0000016062120251
-.180000  0.140000    0.0000014624924146
-.140000  0.140000    0.0000012270869611
-.100000  0.140000    0.0000014932888896
-.060000  0.140000    0.0000010325434780
-.020000  0.140000    0.0000010643208548
0.020000  0.140000    0.0000008747682693
0.060000  0.140000    0.0000004971057834
0.100000  0.140000    0.0000005435311252
0.140000  0.140000    0.0000000314583502
0.180000  0.140000   -0.0000001056854628
0.220000  0.140000   -0.0000003006638826
0.260000  0.140000   -0.0000005219492189
0.300000  0.140000   -0.0000008654539807
0.340000  0.140000   -0.0000010697003949
0.380000  0.140000   -0.0000012869551916
0.420000  0.140000   -0.0000015328962978
0.460000  0.140000   -0.0000017499350993
0.500000  0.140000   -0.0000019180259116
0.540000  0.140000   -0.0000020133753474
0.580000  0.140000   -0.0000021980796646
0.620000  0.140000   -0.0000023287482904
0.660000  0.140000   -0.0000024242553881
0.700000  0.140000   -0.0000024860119436
0.740000  0.140000   -0.0000024955424626
0.780000  0.140000   -0.0000024680934935
0.820000  0.140000   -0.0000023506963575
0.860000  0.140000   -0.0000021549642818
0.900000  0.140000   -0.0000018139105761
0.940000  0.140000   -0.0000013983830903
0.980000  0.140000   -0.0000007254630556
-.860000  0.180000    0.0000000296507588
-.820000  0.180000    0.0000001371282584
-.780000  0.180000    0.0000002876645726
-.740000  0.180000    0.0000004705923232
-.700000  0.180000    0.0000006628638926
-.660000  0.180000    0.0000008721502682
-.620000  0.180000    0.0000010813924148
-.580000  0.180000    0.0000012869215231
-.540000  0.180000    0.0000014807118101
-.500000  0.180000    0.0000016549440271
-.460000  0.180000    0.0000018021744380
-.420000  0.180000    0.0000019162593589
-.380000  0.180000    0.0000019901744341
-.340000  0.180000    0.0000020179474519
-.300000  0.180000    0.0000019915878465
-.260000  0.180000    0.0000019012016217
-.220000  0.180000    0.0000017334251185
-.180000  0.180000    0.0000020120252310
-.140000  0.180000    0.0000017161887709
-.100000  0.180000    0.0000012635494033
-.060000  0.180000    0.0000013549820681
-.020000  0.180000    0.0000012995883917
0.020000  0.180000    0.0000010615153780
0.060000  0.180000    0.0000006680420334
0.100000  0.180000    0.0000002044911223
0.140000  0.180000    0.0000001438389748
0.180000  0.180000   -0.0000000340135379
0.220000  0.180000   -0.0000005377991067
0.260000  0.180000   -0.0000007770309858
0.300000  0.180000   -0.0000010427067212
0.340000  0.180000   -0.0000013227120067
0.380000  0.180000   -0.0000015906367032
0.420000  0.180000   -0.0000018528124350
0.460000  0.180000   -0.0000021100868894
0.500000  0.180000   -0.0000023545607727
0.540000  0.180000   -0.0000026014325300
0.580000  0.180000   -0.0000027956930178
0.620000  0.180000   -0.0000029446254717
0.660000  0.180000   -0.0000030664146196
0.700000  0.180000   -0.0000031303136976
0.740000  0.180000   -0.0000031502913963
0.780000  0.180000   -0.0000030671346885
0.820000  0.180000   -0.0000028892426628
0.860000  0.180000   -0.0000026186571157
0.900000  0.180000   -0.0000022544880022
0.940000  0.180000   -0.0000016360356908
0.980000  0.180000   -0.0000006936000307
-.860000  0.220000    0.0000000199267198
-.820000  0.220000    0.0000001442849710
-.780000  0.220000    0.0000003189808170
-.740000  0.220000    0.0000005148206500
-.700000  0.220000    0.0000007590669021
-.660000  0.220000    0.0000010052822991
-.620000  0.220000    0.0000012442989732
-.580000  0.220000    0.0000014833819260
-.540000  0.220000    0.0000017057023037
-.500000  0.220000    0.0000019010435628
-.460000  0.220000    0.0000020595720402
-.420000  0.220000    0.0000021725237795
-.380000  0.220000    0.0000022306413842
-.340000  0.220000    0.0000022247307741
-.300000  0.220000    0.0000021443066540
-.260000  0.220000    0.0000024368297877
-.220000  0.220000    0.0000022523557655
-.180000  0.220000    0.0000019506489509
-.140000  0.220000    0.0000021497734143
-.100000  0.220000    0.0000016274681644
-.060000  0.220000    0.0000016401777514
-.020000  0.220000    0.0000015126125301
0.020000  0.220000    0.0000012292650403
0.060000  0.220000    0.0000008125919018
0.100000  0.220000    0.0000003209671674
0.140000  0.220000    0.0000002334415194
0.180000  0.220000   -0.0000003272229993
0.220000  0.220000   -0.0000005676125467
0.260000  0.220000   -0.0000008651689711
0.300000  0.220000   -0.0000013388424189
0.340000  0.220000   -0.0000016496958477
0.380000  0.220000   -0.0000019714701014
0.420000  0.220000   -0.0000022882092651
0.460000  0.220000   -0.0000025943166329
0.500000  0.220000   -0.0000028789168154
0.540000  0.220000   -0.0000031263243820
0.580000  0.220000   -0.0000033443753668
0.620000  0.220000   -0.0000035308209414
0.660000  0.220000   -0.0000036669224245
0.700000  0.220000   -0.0000037463013564
0.740000  0.220000   -0.0000037186154716
0.780000  0.220000   -0.0000036545796846
0.820000  0.220000   -0.0000034319857790
0.860000  0.220000   -0.0000030912606905
0.900000  0.220000   -0.0000025328937766
0.940000  0.220000   -0.0000017802262238
-.860000  0.260000    0.0000000007761064
-.820000  0.260000    0.0000001251820689
-.780000  0.260000    0.0000003142210762
-.740000  0.260000    0.0000005543687245
-.700000  0.260000    0.0000008089210721
-.660000  0.260000    0.0000011036185697
-.620000  0.260000    0.0000013935497439
-.580000  0.260000    0.0000016819355490
-.540000  0.260000    0.0000019563985476
-.500000  0.260000    0.0000022046404015
-.460000  0.260000    0.0000024142850098
-.420000  0.260000    0.0000025734184169
-.380000  0.260000    0.0000026701090009
-.340000  0.260000    0.0000026923655034
-.300000  0.260000    0.0000026265989203
-.260000  0.260000    0.0000024591152709
-.220000  0.260000    0.0000027113436304
-.180000  0.260000    0.0000023783793288
-.140000  0.260000    0.0000025219520842
-.100000  0.260000    0.0000019464865337
-.060000  0.260000    0.0000018894023657
-.020000  0.260000    0.0000017010718506
0.020000  0.260000    0.0000013759865860
0.060000  0.260000    0.0000009329474650
0.100000  0.260000    0.0000004150727226
0.140000  0.260000    0.0000002949735942
0.180000  0.260000   -0.0000003157771173
0.220000  0.260000   -0.0000006015788270
0.260000  0.260000   -0.0000011663928444
0.300000  0.260000   -0.0000015131765904
0.340000  0.260000   -0.0000018826591301
0.380000  0.260000   -0.0000022589940472
0.420000  0.260000   -0.0000026310458761
0.460000  0.260000   -0.0000029891827787
0.500000  0.260000   -0.0000033212008756
0.540000  0.260000   -0.0000036210751137
0.580000  0.260000   -0.0000038791358918
0.620000  0.260000   -0.0000040831365073
0.660000  0.260000   -0.0000042295023220
0.700000  0.260000   -0.0000042751768694
0.740000  0.260000   -0.0000042738792186
0.780000  0.260000   -0.0000041057494155
0.820000  0.260000   -0.0000038070649757
0.860000  0.260000   -0.0000033802435998
0.900000  0.260000   -0.0000027065055859
0.940000  0.260000   -0.0000017351077516
-.820000  0.300000    0.0000001051439374
-.780000  0.300000    0.0000003076918730
-.740000  0.300000    0.0000005440656913
-.700000  0.300000    0.0000008473471268
-.660000  0.300000    0.0000011566326892
-.620000  0.300000    0.0000014771575635
-.580000  0.300000    0.0000017901125751
-.540000  0.300000    0.0000020839270711
-.500000  0.300000    0.0000023432890677
-.460000  0.300000    0.0000025530829578
-.420000  0.300000    0.0000026989630686
-.380000  0.300000    0.0000027666719592
-.340000  0.300000    0.0000030884059504
-.300000  0.300000    0.0000030406405769
-.260000  0.300000    0.0000028766388988
-.220000  0.300000    0.0000025816661887
-.180000  0.300000    0.0000027429293233
-.140000  0.300000    0.0000022268047583
-.100000  0.300000    0.0000022197528884
-.060000  0.300000    0.0000021024086611
-.020000  0.300000    0.0000018625422345
0.020000  0.300000    0.0000014995068260
0.060000  0.300000    0.0000010294122420
0.100000  0.300000    0.0000004860048380
0.140000  0.300000   -0.0000000853686540
0.180000  0.300000   -0.0000003186358618
0.220000  0.300000   -0.0000009222926564
0.260000  0.300000   -0.0000012755329374
0.300000  0.300000   -0.0000016744288342
0.340000  0.300000   -0.0000020985279780
0.380000  0.300000   -0.0000026094837452
0.420000  0.300000   -0.0000030116303754
0.460000  0.300000   -0.0000033994039386
0.500000  0.300000   -0.0000037617000882
0.540000  0.300000   -0.0000040849192521
0.580000  0.300000   -0.0000043596599494
0.620000  0.300000   -0.0000045778226312
0.660000  0.300000   -0.0000047132837817
0.700000  0.300000   -0.0000047823195532
0.740000  0.300000   -0.0000046890996430
0.780000  0.300000   -0.0000045560494721
0.820000  0.300000   -0.0000041978882735
0.860000  0.300000   -0.0000035541473949
0.900000  0.300000   -0.0000027646021653
0.940000  0.300000   -0.0000015589574242
-.820000  0.340000    0.0000000625532489
-.780000  0.340000    0.0000002634269736
-.740000  0.340000    0.0000005324952074
-.700000  0.340000    0.0000008283437072
-.660000  0.340000    0.0000011803319281
-.620000  0.340000    0.0000015307199994
-.580000  0.340000    0.0000018835773029
-.540000  0.340000    0.0000022222174853
-.500000  0.340000    0.0000025291360155
-.460000  0.340000    0.0000027868495102
-.420000  0.340000    0.0000029772854394
-.380000  0.340000    0.0000030833428646
-.340000  0.340000    0.0000030887796273
-.300000  0.340000    0.0000033744337936
-.260000  0.340000    0.0000032200657662
-.220000  0.340000    0.0000029222871064
-.180000  0.340000    0.0000030408442748
-.140000  0.340000    0.0000025069072448
-.100000  0.340000    0.0000024465129058
-.060000  0.340000    0.0000022779423212
-.020000  0.340000    0.0000019942249045
0.020000  0.340000    0.0000015975492534
0.060000  0.340000    0.0000011017499405
0.100000  0.340000    0.0000005357201254
0.140000  0.340000   -0.0000000643221013
0.180000  0.340000   -0.0000003380028503
0.220000  0.340000   -0.0000009858308953
0.260000  0.340000   -0.0000013836542119
0.300000  0.340000   -0.0000018282585484
0.340000  0.340000   -0.0000024241788019
0.380000  0.340000   -0.0000028755260232
0.420000  0.340000   -0.0000033218989304
0.460000  0.340000   -0.0000037490084226
0.500000  0.340000   -0.0000041446097315
0.540000  0.340000   -0.0000044949851444
0.580000  0.340000   -0.0000047884651657
0.620000  0.340000   -0.0000050134374907
0.660000  0.340000   -0.0000051575966077
0.700000  0.340000   -0.0000051574157405
0.740000  0.340000   -0.0000050981448842
0.780000  0.340000   -0.0000048161934673
0.820000  0.340000   -0.0000043653052787
0.860000  0.340000   -0.0000036052173538
0.900000  0.340000   -0.0000025751907452
0.940000  0.340000   -0.0000008376188448
-.820000  0.380000    0.0000000137378732
-.780000  0.380000    0.0000002014487092
-.740000  0.380000    0.0000004708933490
-.700000  0.380000    0.0000007708624043
-.660000  0.380000    0.0000011495546866
-.620000  0.380000    0.0000015233476223
-.580000  0.380000    0.0000019072852102
-.540000  0.380000    0.0000022837882001
-.500000  0.380000    0.0000026330767649
-.460000  0.380000    0.0000029346154777
-.420000  0.380000    0.0000031681273040
-.380000  0.380000    0.0000033136823553
-.340000  0.380000    0.0000033514750383
-.300000  0.380000    0.0000032646882876
-.260000  0.380000    0.0000034828712103
-.220000  0.380000    0.0000031914653027
-.180000  0.380000    0.0000032705103940
-.140000  0.380000    0.0000027317712543
-.100000  0.380000    0.0000026258056345
-.060000  0.380000    0.0000024144568773
-.020000  0.380000    0.0000020941519325
0.020000  0.380000    0.0000016684154476
0.060000  0.380000    0.0000011502016226
0.100000  0.380000    0.0000005643760805
0.140000  0.380000   -0.0000000591025588
0.180000  0.380000   -0.0000003729125231
0.220000  0.380000   -0.0000010541961153
0.260000  0.380000   -0.0000014919310303
0.300000  0.380000   -0.0000021406978474
0.340000  0.380000   -0.0000026230047233
0.380000  0.380000   -0.0000031132070988
0.420000  0.380000   -0.0000035948572071
0.460000  0.380000   -0.0000040521739606
0.500000  0.380000   -0.0000044717534900
0.540000  0.380000   -0.0000048375077112
0.580000  0.380000   -0.0000051375279795
0.620000  0.380000   -0.0000053587369238
0.660000  0.380000   -0.0000054869969466
0.700000  0.380000   -0.0000054225160676
0.740000  0.380000   -0.0000053190464650
0.780000  0.380000   -0.0000049487324010
0.820000  0.380000   -0.0000043990927515
0.860000  0.380000   -0.0000035218888228
0.900000  0.380000   -0.0000022498511931
-.780000  0.420000    0.0000001270694519
-.740000  0.420000    0.0000003855335365
-.700000  0.420000    0.0000007172156004
-.660000  0.420000    0.0000010724090720
-.620000  0.420000    0.0000014592678429
-.580000  0.420000    0.0000018724345880
-.540000  0.420000    0.0000022549524643
-.500000  0.420000    0.0000026032080596
-.460000  0.420000    0.0000028946336566
-.420000  0.420000    0.0000031073341216
-.380000  0.420000    0.0000034530890751
-.340000  0.420000    0.0000035255710184
-.300000  0.420000    0.0000034674638495
-.260000  0.420000    0.0000036628509293
-.220000  0.420000    0.0000033871215725
-.180000  0.420000    0.0000034314138382
-.140000  0.420000    0.0000029004842818
-.100000  0.420000    0.0000027567563367
-.060000  0.420000    0.0000025105519070
-.020000  0.420000    0.0000021606190689
0.020000  0.420000    0.0000017111655573
0.060000  0.420000    0.0000011750215946
0.100000  0.420000    0.0000005732396959
0.140000  0.420000   -0.0000000685303511
0.180000  0.420000   -0.0000004212753219
0.220000  0.420000   -0.0000011267408587
0.260000  0.420000   -0.0000015993610049
0.300000  0.420000   -0.0000022838215046
0.340000  0.420000   -0.0000027995855070
0.380000  0.420000   -0.0000033198348013
0.420000  0.420000   -0.0000038872857230
0.460000  0.420000   -0.0000043566774185
0.500000  0.420000   -0.0000047843385450
0.540000  0.420000   -0.0000051542168802
0.580000  0.420000   -0.0000054502298784
0.620000  0.420000   -0.0000056064365833
0.660000  0.420000   -0.0000057067670594
0.700000  0.420000   -0.0000056838931392
0.740000  0.420000   -0.0000054099165553
0.780000  0.420000   -0.0000049440445486
0.820000  0.420000   -0.0000041248658175
0.860000  0.420000   -0.0000031477116449
0.900000  0.420000   -0.0000015641500809
-.780000  0.460000    0.0000000464389933
-.740000  0.460000    0.0000002824105202
-.700000  0.460000    0.0000005670634480
-.660000  0.460000    0.0000009557705843
-.620000  0.460000    0.0000013453037720
-.580000  0.460000    0.0000017894135661
-.540000  0.460000    0.0000021974790364
-.500000  0.460000    0.0000025786510600
-.460000  0.460000    0.0000029078563790
-.420000  0.460000    0.0000031603314763
-.380000  0.460000    0.0000035016143406
-.340000  0.460000    0.0000036100118176
-.300000  0.460000    0.0000035847255293
-.260000  0.460000    0.0000037604764438
-.220000  0.460000    0.0000035079921591
-.180000  0.460000    0.0000035241332987
-.140000  0.460000    0.0000030123244343
-.100000  0.460000    0.0000028387889670
-.060000  0.460000    0.0000025654749975
-.020000  0.460000    0.0000021927675854
0.020000  0.460000    0.0000017256468217
0.060000  0.460000    0.0000011765850997
0.100000  0.460000    0.0000005635571043
0.140000  0.460000   -0.0000000905263945
0.180000  0.460000   -0.0000004799895912
0.220000  0.460000   -0.0000012002667498
0.260000  0.460000   -0.0000017032952584
0.300000  0.460000   -0.0000024103549765
0.340000  0.460000   -0.0000029516747923
0.380000  0.460000   -0.0000034925238418
0.420000  0.460000   -0.0000040892241286
0.460000  0.460000   -0.0000045705758856
0.500000  0.460000   -0.0000050022923142
0.540000  0.460000   -0.0000053670445139
0.580000  0.460000   -0.0000056476542661
0.620000  0.460000   -0.0000057486956276
0.660000  0.460000   -0.0000058076886400
0.700000  0.460000   -0.0000055921659300
0.740000  0.460000   -0.0000053608092136
0.780000  0.460000   -0.0000047918033533
0.820000  0.460000   -0.0000038622933160
0.860000  0.460000   -0.0000025054226267
-.740000  0.500000    0.0000001492467117
-.700000  0.500000    0.0000004354820984
-.660000  0.500000    0.0000008075677460
-.620000  0.500000    0.0000011902203009
-.580000  0.500000    0.0000016487382288
-.540000  0.500000    0.0000020720012066
-.500000  0.500000    0.0000024768261084
-.460000  0.500000    0.0000028371860841
-.420000  0.500000    0.0000031260706916
-.380000  0.500000    0.0000034621075904
-.340000  0.500000    0.0000036062508984
-.300000  0.500000    0.0000036171432135
-.260000  0.500000    0.0000037765379266
-.220000  0.500000    0.0000035560539619
-.180000  0.500000    0.0000035501645285
-.140000  0.500000    0.0000030675703487
-.100000  0.500000    0.0000028718137003
-.060000  0.500000    0.0000025791227336
-.020000  0.500000    0.0000021904009904
0.020000  0.500000    0.0000017124972260
0.060000  0.500000    0.0000011561562714
0.100000  0.500000    0.0000005375541136
0.140000  0.500000   -0.0000001222853607
0.180000  0.500000   -0.0000005449253621
0.220000  0.500000   -0.0000012710613700
0.260000  0.500000   -0.0000017980502131
0.300000  0.500000   -0.0000025161623567
0.340000  0.500000   -0.0000030744284826
0.380000  0.500000   -0.0000036260966553
0.420000  0.500000   -0.0000042364343367
0.460000  0.500000   -0.0000047182152609
0.500000  0.500000   -0.0000051415229527
0.540000  0.500000   -0.0000054879396079
0.580000  0.500000   -0.0000057392442489
0.620000  0.500000   -0.0000057773532254
0.660000  0.500000   -0.0000057805748252
0.700000  0.500000   -0.0000054806324063
0.740000  0.500000   -0.0000049896791479
0.780000  0.500000   -0.0000043138423039
0.820000  0.500000   -0.0000032778612419
0.860000  0.500000   -0.0000015205368591
-.740000  0.540000    0.0000000430972469
-.700000  0.540000    0.0000002919949146
-.660000  0.540000    0.0000006358301408
-.620000  0.540000    0.0000010035340123
-.580000  0.540000    0.0000014588194980
-.540000  0.540000    0.0000018868140234
-.500000  0.540000    0.0000023058489452
-.460000  0.540000    0.0000026892849998
-.420000  0.540000    0.0000030089132356
-.380000  0.540000    0.0000033394409931
-.340000  0.540000    0.0000035187864251
-.300000  0.540000    0.0000035674756216
-.260000  0.540000    0.0000037145423366
-.220000  0.540000    0.0000035319600039
-.180000  0.540000    0.0000035103875842
-.140000  0.540000    0.0000030675357734
-.100000  0.540000    0.0000028571011711
-.060000  0.540000    0.0000025520700981
-.020000  0.540000    0.0000021554050065
0.020000  0.540000    0.0000016730500689
0.060000  0.540000    0.0000011153066198
0.100000  0.540000    0.0000004979127049
0.140000  0.540000   -0.0000001602485978
0.180000  0.540000   -0.0000006117472031
0.220000  0.540000   -0.0000013342897165
0.260000  0.540000   -0.0000018784091855
0.300000  0.540000   -0.0000025954094356
0.340000  0.540000   -0.0000031612556364
0.380000  0.540000   -0.0000037138976099
0.420000  0.540000   -0.0000043217327132
0.460000  0.540000   -0.0000047917238350
0.500000  0.540000   -0.0000051932809124
0.540000  0.540000   -0.0000055076404666
0.580000  0.540000   -0.0000057149301546
0.620000  0.540000   -0.0000056826566213
0.660000  0.540000   -0.0000056140469621
0.700000  0.540000   -0.0000052231804453
0.740000  0.540000   -0.0000046312639161
0.780000  0.540000   -0.0000036770811933
0.820000  0.540000   -0.0000023014110829
-.700000  0.580000    0.0000001244171574
-.660000  0.580000    0.0000004136912442
-.620000  0.580000    0.0000007940767773
-.580000  0.580000    0.0000011811671385
-.540000  0.580000    0.0000016519549999
-.500000  0.580000    0.0000020749046340
-.460000  0.580000    0.0000024724604119
-.420000  0.580000    0.0000028160453397
-.380000  0.580000    0.0000031411175293
-.340000  0.580000    0.0000033531312015
-.300000  0.580000    0.0000034404497842
-.260000  0.580000    0.0000035794757594
-.220000  0.580000    0.0000034393912799
-.180000  0.580000    0.0000034090398007
-.140000  0.580000    0.0000032890440250
-.100000  0.580000    0.0000027955755790
-.060000  0.580000    0.0000024867815349
-.020000  0.580000    0.0000020894936749
0.020000  0.580000    0.0000016100120340
0.060000  0.580000    0.0000010585498970
0.100000  0.580000    0.0000004494956405
0.140000  0.580000    0.0000000296223822
0.180000  0.580000   -0.0000006735472816
0.220000  0.580000   -0.0000013834250048
0.260000  0.580000   -0.0000019371692220
0.300000  0.580000   -0.0000026405523251
0.340000  0.580000   -0.0000032046120023
0.380000  0.580000   -0.0000037468535139
0.420000  0.580000   -0.0000043355128956
0.460000  0.580000   -0.0000047807832222
0.500000  0.580000   -0.0000051475011200
0.540000  0.580000   -0.0000054150280888
0.580000  0.580000   -0.0000054477814017
0.620000  0.580000   -0.0000054528419255
0.660000  0.580000   -0.0000051382631621
0.700000  0.580000   -0.0000046325447686
0.740000  0.580000   -0.0000039362540580
0.780000  0.580000   -0.0000027561671034
-.660000  0.620000    0.0000002326026237
-.620000  0.620000    0.0000005256537180
-.580000  0.620000    0.0000009315057005
-.540000  0.620000    0.0000013282956217
-.500000  0.620000    0.0000017452142647
-.460000  0.620000    0.0000021609237756
-.420000  0.620000    0.0000025483030091
-.380000  0.620000    0.0000028769452369
-.340000  0.620000    0.0000031168851921
-.300000  0.620000    0.0000032418761327
-.260000  0.620000    0.0000033776478519
-.220000  0.620000    0.0000032831844153
-.180000  0.620000    0.0000032503707849
-.140000  0.620000    0.0000031296023941
-.100000  0.620000    0.0000029185680126
-.060000  0.620000    0.0000023861563195
-.020000  0.620000    0.0000019958003460
0.020000  0.620000    0.0000015267402457
0.060000  0.620000    0.0000009893486680
0.100000  0.620000    0.0000006078440769
0.140000  0.620000   -0.0000000442217916
0.180000  0.620000   -0.0000007240702749
0.220000  0.620000   -0.0000014112087903
0.260000  0.620000   -0.0000019663212969
0.300000  0.620000   -0.0000026434237025
0.340000  0.620000   -0.0000031947891339
0.380000  0.620000   -0.0000037153670569
0.420000  0.620000   -0.0000041844269159
0.460000  0.620000   -0.0000045826571326
0.500000  0.620000   -0.0000048904388935
0.540000  0.620000   -0.0000050893392188
0.580000  0.620000   -0.0000051577158327
0.620000  0.620000   -0.0000049188352385
0.660000  0.620000   -0.0000046627226502
0.700000  0.620000   -0.0000038945782357
0.740000  0.620000   -0.0000029553740082
0.780000  0.620000   -0.0000013301371114
-.660000  0.660000    0.0000000361656176
-.620000  0.660000    0.0000003116409445
-.580000  0.660000    0.0000006201398575
-.540000  0.660000    0.0000010370123859
-.500000  0.660000    0.0000014318443229
-.460000  0.660000    0.0000018337789275
-.420000  0.660000    0.0000022184310638
-.380000  0.660000    0.0000025571273165
-.340000  0.660000    0.0000028199487809
-.300000  0.660000    0.0000030252610083
-.260000  0.660000    0.0000031159586000
-.220000  0.660000    0.0000031743547650
-.180000  0.660000    0.0000030406892433
-.140000  0.660000    0.0000029252770174
-.100000  0.660000    0.0000027225986196
-.060000  0.660000    0.0000024338252032
-.020000  0.660000    0.0000020613530768
0.020000  0.660000    0.0000016107598467
0.060000  0.660000    0.0000010909099845
0.100000  0.660000    0.0000005131829037
0.140000  0.660000   -0.0000001079904098
0.180000  0.660000   -0.0000007554725864
0.220000  0.660000   -0.0000012878874044
0.260000  0.660000   -0.0000019554298331
0.300000  0.660000   -0.0000025003715123
0.340000  0.660000   -0.0000031207348332
0.380000  0.660000   -0.0000036079406880
0.420000  0.660000   -0.0000040335344363
0.460000  0.660000   -0.0000043779796756
0.500000  0.660000   -0.0000046207382579
0.540000  0.660000   -0.0000047414438856
0.580000  0.660000   -0.0000045780636487
0.620000  0.660000   -0.0000043900552424
0.660000  0.660000   -0.0000037194250525
0.700000  0.660000   -0.0000028891192400
0.740000  0.660000   -0.0000016428712660
-.620000  0.700000    0.0000000707454612
-.580000  0.700000    0.0000003327477432
-.540000  0.700000    0.0000006873198235
-.500000  0.700000    0.0000010365626040
-.460000  0.700000    0.0000014087514684
-.420000  0.700000    0.0000018527452973
-.380000  0.700000    0.0000021423710408
-.340000  0.700000    0.0000024497107814
-.300000  0.700000    0.0000026790312712
-.260000  0.700000    0.0000028171927641
-.220000  0.700000    0.0000028685364493
-.180000  0.700000    0.0000028543959818
-.140000  0.700000    0.0000026829881940
-.100000  0.700000    0.0000024964801378
-.060000  0.700000    0.0000022270154184
-.020000  0.700000    0.0000018781701646
0.020000  0.700000    0.0000014559536548
0.060000  0.700000    0.0000009685035770
0.100000  0.700000    0.0000004271914183
0.140000  0.700000   -0.0000001539061284
0.180000  0.700000   -0.0000006528570271
0.220000  0.700000   -0.0000012780433099
0.260000  0.700000   -0.0000018024607043
0.300000  0.700000   -0.0000024097484307
0.340000  0.700000   -0.0000028933224850
0.380000  0.700000   -0.0000033232404012
0.420000  0.700000   -0.0000037789333356
0.460000  0.700000   -0.0000039461610617
0.500000  0.700000   -0.0000041023563592
0.540000  0.700000   -0.0000041272754567
0.580000  0.700000   -0.0000038603797146
0.620000  0.700000   -0.0000034255399994
0.660000  0.700000   -0.0000026953155281
0.700000  0.700000   -0.0000015994246096
-.580000  0.740000    0.0000000925418548
-.540000  0.740000    0.0000003661046587
-.500000  0.740000    0.0000006582025287
-.460000  0.740000    0.0000010563666317
-.420000  0.740000    0.0000014067846661
-.380000  0.740000    0.0000017471169830
-.340000  0.740000    0.0000020524355817
-.300000  0.740000    0.0000022505650065
-.260000  0.740000    0.0000024395405225
-.220000  0.740000    0.0000025142592758
-.180000  0.740000    0.0000025261319594
-.140000  0.740000    0.0000024476233282
-.100000  0.740000    0.0000022910936521
-.060000  0.740000    0.0000020045477407
-.020000  0.740000    0.0000016874763212
0.020000  0.740000    0.0000013014914693
0.060000  0.740000    0.0000008551647072
0.100000  0.740000    0.0000004374702638
0.140000  0.740000   -0.0000000955381591
0.180000  0.740000   -0.0000006531430936
0.220000  0.740000   -0.0000011456325501
0.260000  0.740000   -0.0000017090091519
0.300000  0.740000   -0.0000021755062919
0.340000  0.740000   -0.0000026769788154
0.380000  0.740000   -0.0000030462320745
0.420000  0.740000   -0.0000033323557048
0.460000  0.740000   -0.0000035156777397
0.500000  0.740000   -0.0000034642935959
0.540000  0.740000   -0.0000033819580799
0.580000  0.740000   -0.0000030200023284
0.620000  0.740000   -0.0000023847482469
0.660000  0.740000   -0.0000013863331029
-.540000  0.780000    0.0000000753692286
-.500000  0.780000    0.0000003271257380
-.460000  0.780000    0.0000006530553851
-.420000  0.780000    0.0000009596908139
-.380000  0.780000    0.0000012724610241
-.340000  0.780000    0.0000015727774794
-.300000  0.780000    0.0000018361896473
-.260000  0.780000    0.0000019796879943
-.220000  0.780000    0.0000021263681293
-.180000  0.780000    0.0000021451600415
-.140000  0.780000    0.0000021209329823
-.100000  0.780000    0.0000019921639695
-.060000  0.780000    0.0000017908811114
-.020000  0.780000    0.0000015204745224
0.020000  0.780000    0.0000011861002893
0.060000  0.780000    0.0000007953708880
0.100000  0.780000    0.0000003581444955
0.140000  0.780000   -0.0000001133058090
0.180000  0.780000   -0.0000005631743462
0.220000  0.780000   -0.0000010585683243
0.260000  0.780000   -0.0000014952173643
0.300000  0.780000   -0.0000019524551201
0.340000  0.780000   -0.0000023095218817
0.380000  0.780000   -0.0000025931038478
0.420000  0.780000   -0.0000027842729137
0.460000  0.780000   -0.0000028625298548
0.500000  0.780000   -0.0000027237597314
0.540000  0.780000   -0.0000024323151852
0.580000  0.780000   -0.0000019003622983
0.620000  0.780000   -0.0000009280805058
-.500000  0.820000    0.0000000382343129
-.460000  0.820000    0.0000002605745921
-.420000  0.820000    0.0000004934299750
-.380000  0.820000    0.0000008208261478
-.340000  0.820000    0.0000010916803293
-.300000  0.820000    0.0000013469145789
-.260000  0.820000    0.0000014856653130
-.220000  0.820000    0.0000016624751197
-.180000  0.820000    0.0000016985594223
-.140000  0.820000    0.0000017425797027
-.100000  0.820000    0.0000016516115696
-.060000  0.820000    0.0000014964079645
-.020000  0.820000    0.0000012798052808
0.020000  0.820000    0.0000010062981132
0.060000  0.820000    0.0000006825715111
0.100000  0.820000    0.0000003176637051
0.140000  0.820000   -0.0000000770258688
0.180000  0.820000   -0.0000004757651432
0.220000  0.820000   -0.0000008829946297
0.260000  0.820000   -0.0000012486067143
0.300000  0.820000   -0.0000016053820305
0.340000  0.820000   -0.0000018729991086
0.380000  0.820000   -0.0000020584563410
0.420000  0.820000   -0.0000020856072980
0.460000  0.820000   -0.0000020503246911
0.500000  0.820000   -0.0000018127570030
0.540000  0.820000   -0.0000013249577338
-.420000  0.860000    0.0000001394161806
-.380000  0.860000    0.0000003748374750
-.340000  0.860000    0.0000005887472982
-.300000  0.860000    0.0000008054337457
-.260000  0.860000    0.0000010121848141
-.220000  0.860000    0.0000011915734068
-.180000  0.860000    0.0000012424115885
-.140000  0.860000    0.0000013281540506
-.100000  0.860000    0.0000012750352645
-.060000  0.860000    0.0000011669966432
-.020000  0.860000    0.0000010067435552
0.020000  0.860000    0.0000007985126647
0.060000  0.860000    0.0000005481883838
0.100000  0.860000    0.0000002640357139
0.140000  0.860000   -0.0000000430555081
0.180000  0.860000   -0.0000003749488994
0.220000  0.860000   -0.0000006799733039
0.260000  0.860000   -0.0000009624118077
0.300000  0.860000   -0.0000011908089904
0.340000  0.860000   -0.0000013501250538
0.380000  0.860000   -0.0000014215343595
0.420000  0.860000   -0.0000013594817347
0.460000  0.860000   -0.0000011421765184
0.500000  0.860000   -0.0000006687498160
-.380000  0.900000    0.0000000140889916
-.340000  0.900000    0.0000001575203889
-.300000  0.900000    0.0000003637887438
-.260000  0.900000    0.0000005282397803
-.220000  0.900000    0.0000006853709773
-.180000  0.900000    0.0000008223199601
-.140000  0.900000    0.0000008439837550
-.100000  0.900000    0.0000009083626957
-.060000  0.900000    0.0000008462149909
-.020000  0.900000    0.0000007416301172
0.020000  0.900000    0.0000005989409296
0.060000  0.900000    0.0000004238814501
0.100000  0.900000    0.0000002244877551
0.140000  0.900000   -0.0000000336343222
0.180000  0.900000   -0.0000002408421120
0.220000  0.900000   -0.0000004634142679
0.260000  0.900000   -0.0000006418070809
0.300000  0.900000   -0.0000007602686847
0.340000  0.900000   -0.0000008074744671
0.380000  0.900000   -0.0000007444532727
0.420000  0.900000   -0.0000005008970513
-.300000  0.940000    0.0000000011353885
-.260000  0.940000    0.0000000906115796
-.220000  0.940000    0.0000002409293714
-.180000  0.940000    0.0000003468181621
-.140000  0.940000    0.0000004422456946
-.100000  0.940000    0.0000004457429190
-.060000  0.940000    0.0000004965919139
-.020000  0.940000    0.0000004456407844
0.020000  0.940000    0.0000003691528864
0.060000  0.940000    0.0000002727789001
0.100000  0.940000    0.0000001043680861
0.140000  0.940000   -0.0000000017039532
0.180000  0.940000   -0.0000001464754538
0.220000  0.940000   -0.0000002526649323
0.260000  0.940000   -0.0000003372137513
0.300000  0.940000   -0.0000003199308326
0.340000  0.940000   -0.0000000710182377
-.140000  0.980000    0.0000000302109082
-.100000  0.980000    0.0000000685454732
-.060000  0.980000    0.0000001122545945
-.020000  0.980000    0.0000001536406508
0.020000  0.980000    0.0000001355616578
0.060000  0.980000    0.0000000617383285
0.100000  0.980000    0.0000000030208519
0.140000  0.980000   -0.0000000214570399
0.180000  0.980000   -0.0000000309249330
