-.180000  -.980000    0.0000001005334787
-.140000  -.980000    0.0000002252891182
-.100000  -.980000    0.0000002731231681
-.060000  -.980000    0.0000001769326533
-.020000  -.980000   -0.0000000203206907
0.020000  -.980000   -0.0000000815692301
0.060000  -.980000    0.0000000014512183
0.100000  -.980000   -0.0000000090706319
0.140000  -.980000   -0.0000001525406543
0.180000  -.980000   -0.0000002334875900
-.300000  -.940000    0.0000002116797601
-.260000  -.940000    0.0000003823700022
-.220000  -.940000    0.0000002500173051
-.180000  -.940000    0.0000001859454884
-.140000  -.940000    0.0000000334695464
-.100000  -.940000    0.0000001077229637
-.060000  -.940000   -0.0000001466889966
-.020000  -.940000   -0.0000001375767983
0.020000  -.940000   -0.0000001576097788
0.060000  -.940000   -0.0000002103956072
0.100000  -.940000   -0.0000000253391561
0.140000  -.940000   -0.0000001745152364
0.180000  -.940000   -0.0000001322048122
0.220000  -.940000   -0.0000001943703811
0.260000  -.940000   -0.0000001723286902
0.300000  -.940000   -0.0000003825330877
0.340000  -.940000   -0.0000005960549540
-.380000  -.900000    0.0000002780401269
-.340000  -.900000    0.0000004001078080
-.300000  -.900000    0.0000002319311099
-.260000  -.900000    0.0000001572705403
-.220000  -.900000   -0.0000000041416747
-.180000  -.900000   -0.0000002243420439
-.140000  -.900000   -0.0000001408201685
-.100000  -.900000   -0.0000004085500422
-.060000  -.900000   -0.0000003440463433
-.020000  -.900000   -0.0000002860106499
0.020000  -.900000   -0.0000002391639041
0.060000  -.900000   -0.0000002084098494
0.100000  -.900000   -0.0000002011063662
0.140000  -.900000    0.0000000615378305
0.180000  -.900000   -0.0000000206284045
0.220000  -.900000    0.0000000983200487
0.260000  -.900000    0.0000001142477856
0.300000  -.900000    0.0000000113406868
0.340000  -.900000   -0.0000000254870325
0.380000  -.900000   -0.0000002769239378
0.420000  -.900000   -0.0000005906377985
-.460000  -.860000    0.0000002309289960
-.420000  -.860000    0.0000003181908307
-.380000  -.860000    0.0000001983636672
-.340000  -.860000    0.0000001445971912
-.300000  -.860000   -0.0000000071315839
-.260000  -.860000   -0.0000002289597697
-.220000  -.860000   -0.0000004898125125
-.180000  -.860000   -0.0000003973226156
-.140000  -.860000   -0.0000006716996664
-.100000  -.860000   -0.0000005676661174
-.060000  -.860000   -0.0000004554631200
-.020000  -.860000   -0.0000003392603504
0.020000  -.860000   -0.0000002226398796
0.060000  -.860000   -0.0000001107332914
0.100000  -.860000   -0.0000000113742535
0.140000  -.860000    0.0000000650202287
0.180000  -.860000    0.0000003814967019
0.220000  -.860000    0.0000003645160590
0.260000  -.860000    0.0000005288154790
0.300000  -.860000    0.0000005834931065
0.340000  -.860000    0.0000005151437871
0.380000  -.860000    0.0000003053705213
0.420000  -.860000    0.0000001110194309
0.460000  -.860000   -0.0000001469677325
0.500000  -.860000   -0.0000006144945639
-.500000  -.820000    0.0000002189677035
-.460000  -.820000    0.0000002356391299
-.420000  -.820000    0.0000002655106479
-.380000  -.820000   -0.0000001546560370
-.340000  -.820000   -0.0000003766144859
-.300000  -.820000   -0.0000006474629136
-.260000  -.820000   -0.0000005669842119
-.220000  -.820000   -0.0000008619152571
-.180000  -.820000   -0.0000007560797757
-.140000  -.820000   -0.0000010112069904
-.100000  -.820000   -0.0000008654102683
-.060000  -.820000   -0.0000007007483803
-.020000  -.820000   -0.0000005220397396
0.020000  -.820000   -0.0000003333696693
0.060000  -.820000   -0.0000001403304000
0.100000  -.820000    0.0000000484962210
0.140000  -.820000    0.0000002218677553
0.180000  -.820000    0.0000006325751234
0.220000  -.820000    0.0000007298250744
0.260000  -.820000    0.0000010053766859
0.300000  -.820000    0.0000009667726061
0.340000  -.820000    0.0000010493156771
0.380000  -.820000    0.0000009975601309
0.420000  -.820000    0.0000009610813423
0.460000  -.820000    0.0000005851170987
0.500000  -.820000    0.0000001524825791
0.540000  -.820000   -0.0000002634387120
-.580000  -.780000    0.0000000517494792
-.540000  -.780000    0.0000002700526495
-.500000  -.780000    0.0000002271283063
-.460000  -.780000   -0.0000000764669796
-.420000  -.780000   -0.0000002581032823
-.380000  -.780000   -0.0000005139314082
-.340000  -.780000   -0.0000008152754778
-.300000  -.780000   -0.0000011285498011
-.260000  -.780000   -0.0000010597091757
-.220000  -.780000   -0.0000013425472870
-.180000  -.780000   -0.0000012197235037
-.140000  -.780000   -0.0000014174415273
-.100000  -.780000   -0.0000012296701009
-.060000  -.780000   -0.0000010117477601
-.020000  -.780000   -0.0000007709651988
0.020000  -.780000   -0.0000005129606886
0.060000  -.780000   -0.0000002449254401
0.100000  -.780000    0.0000000241159472
0.140000  -.780000    0.0000002825006671
0.180000  -.780000    0.0000007766926039
0.220000  -.780000    0.0000009713965546
0.260000  -.780000    0.0000013470843794
0.300000  -.780000    0.0000014214263462
0.340000  -.780000    0.0000016231326297
0.380000  -.780000    0.0000016994190685
0.420000  -.780000    0.0000016359463060
0.460000  -.780000    0.0000014137092063
0.500000  -.780000    0.0000011515968271
0.540000  -.780000    0.0000006729386558
0.580000  -.780000    0.0000000670307725
0.620000  -.780000   -0.0000006174260997
-.620000  -.740000    0.0000000838066792
-.580000  -.740000    0.0000002286588390
-.540000  -.740000    0.0000001381478640
-.500000  -.740000    0.0000000884927656
-.460000  -.740000   -0.0000004191369560
-.420000  -.740000   -0.0000007060432352
-.380000  -.740000   -0.0000010328134563
-.340000  -.740000   -0.0000013664180195
-.300000  -.740000   -0.0000013195405950
-.260000  -.740000   -0.0000016151314131
-.220000  -.740000   -0.0000015040129113
-.180000  -.740000   -0.0000017038065707
-.140000  -.740000   -0.0000015171775949
-.100000  -.740000   -0.0000012915997990
-.060000  -.740000   -0.0000013262548642
-.020000  -.740000   -0.0000010314672304
0.020000  -.740000   -0.0000007140397828
0.060000  -.740000   -0.0000003824624631
0.100000  -.740000    0.0000002053123167
0.140000  -.740000    0.0000005311314680
0.180000  -.740000    0.0000008382999885
0.220000  -.740000    0.0000013415172760
0.260000  -.740000    0.0000015731008772
0.300000  -.740000    0.0000019513215280
0.340000  -.740000    0.0000020438839728
0.380000  -.740000    0.0000022364078450
0.420000  -.740000    0.0000022970747600
0.460000  -.740000    0.0000022100187108
0.500000  -.740000    0.0000020702723981
0.540000  -.740000    0.0000016320389585
0.580000  -.740000    0.0000010810338771
0.620000  -.740000    0.0000003889406427
0.660000  -.740000   -0.0000005148485345
-.660000  -.700000    0.0000000820341403
-.620000  -.700000    0.0000002841821568
-.580000  -.700000    0.0000002338776188
-.540000  -.700000   -0.0000000894704582
-.500000  -.700000   -0.0000002842773390
-.460000  -.700000   -0.0000005625332388
-.420000  -.700000   -0.0000012622904329
-.380000  -.700000   -0.0000012573917225
-.340000  -.700000   -0.0000016052212384
-.300000  -.700000   -0.0000019081774991
-.260000  -.700000   -0.0000018230510052
-.220000  -.700000   -0.0000020253808162
-.180000  -.700000   -0.0000018569700579
-.140000  -.700000   -0.0000019206403399
-.100000  -.700000   -0.0000016622583459
-.060000  -.700000   -0.0000013626357365
-.020000  -.700000   -0.0000010303935532
0.020000  -.700000   -0.0000006714848309
0.060000  -.700000   -0.0000002940657796
0.100000  -.700000    0.0000000912055358
0.140000  -.700000    0.0000004717860399
0.180000  -.700000    0.0000010600530201
0.220000  -.700000    0.0000014001853032
0.260000  -.700000    0.0000019065409515
0.300000  -.700000    0.0000021530818716
0.340000  -.700000    0.0000025247293757
0.380000  -.700000    0.0000027895569775
0.420000  -.700000    0.0000027831885793
0.460000  -.700000    0.0000029487467306
0.500000  -.700000    0.0000028151314133
0.540000  -.700000    0.0000025135321127
0.580000  -.700000    0.0000020938277698
0.620000  -.700000    0.0000014601939525
0.660000  -.700000    0.0000006693859855
0.700000  -.700000   -0.0000003078714521
-.700000  -.660000    0.0000000159323764
-.660000  -.660000    0.0000002789727970
-.620000  -.660000    0.0000000603010229
-.580000  -.660000   -0.0000000023275655
-.540000  -.660000   -0.0000004975201118
-.500000  -.660000   -0.0000008023807248
-.460000  -.660000   -0.0000011541808125
-.420000  -.660000   -0.0000015229912834
-.380000  -.660000   -0.0000018757202900
-.340000  -.660000   -0.0000021811099600
-.300000  -.660000   -0.0000021395198804
-.260000  -.660000   -0.0000023414418109
-.220000  -.660000   -0.0000022052910747
-.180000  -.660000   -0.0000022640598700
-.140000  -.660000   -0.0000020309382253
-.100000  -.660000   -0.0000017469339807
-.060000  -.660000   -0.0000014208211139
-.020000  -.660000   -0.0000010596133479
0.020000  -.660000   -0.0000006680860509
0.060000  -.660000   -0.0000002541199727
0.100000  -.660000    0.0000001719746580
0.140000  -.660000    0.0000005970432975
0.180000  -.660000    0.0000010051856599
0.220000  -.660000    0.0000015952903654
0.260000  -.660000    0.0000019453977303
0.300000  -.660000    0.0000024473194984
0.340000  -.660000    0.0000026797985506
0.380000  -.660000    0.0000030374033873
0.420000  -.660000    0.0000032835789418
0.460000  -.660000    0.0000034042541065
0.500000  -.660000    0.0000033833417126
0.540000  -.660000    0.0000032027345570
0.580000  -.660000    0.0000029176151284
0.620000  -.660000    0.0000023556995583
0.660000  -.660000    0.0000016826280261
0.700000  -.660000    0.0000007840263306
0.740000  -.660000   -0.0000003725703012
-.700000  -.620000    0.0000002153467856
-.660000  -.620000    0.0000000772753068
-.620000  -.620000    0.0000000493806578
-.580000  -.620000   -0.0000004060782970
-.540000  -.620000   -0.0000006903939610
-.500000  -.620000   -0.0000010334910513
-.460000  -.620000   -0.0000014089548725
-.420000  -.620000   -0.0000017850296753
-.380000  -.620000   -0.0000021296167289
-.340000  -.620000   -0.0000024125169389
-.300000  -.620000   -0.0000026090017797
-.260000  -.620000   -0.0000025233226227
-.220000  -.620000   -0.0000025767434386
-.180000  -.620000   -0.0000023842799015
-.140000  -.620000   -0.0000021342714925
-.100000  -.620000   -0.0000018344686257
-.060000  -.620000   -0.0000016422848104
-.020000  -.620000   -0.0000012572046911
0.020000  -.620000   -0.0000008395555339
0.060000  -.620000   -0.0000004009743523
0.100000  -.620000    0.0000002071990141
0.140000  -.620000    0.0000006669624508
0.180000  -.620000    0.0000011121209366
0.220000  -.620000    0.0000015237254090
0.260000  -.620000    0.0000021085957944
0.300000  -.620000    0.0000024382484873
0.340000  -.620000    0.0000029272584384
0.380000  -.620000    0.0000033298064328
0.420000  -.620000    0.0000036320268064
0.460000  -.620000    0.0000038216093296
0.500000  -.620000    0.0000038824895056
0.540000  -.620000    0.0000038003387965
0.580000  -.620000    0.0000035558599109
0.620000  -.620000    0.0000031743863868
0.660000  -.620000    0.0000025407748187
0.700000  -.620000    0.0000017552281472
0.740000  -.620000    0.0000007334706144
0.780000  -.620000   -0.0000004080568543
-.740000  -.580000    0.0000001159192636
-.700000  -.580000    0.0000002218758580
-.660000  -.580000    0.0000000628445350
-.620000  -.580000   -0.0000003318021960
-.580000  -.580000   -0.0000005890307416
-.540000  -.580000   -0.0000012358906169
-.500000  -.580000   -0.0000016157835608
-.460000  -.580000   -0.0000019882515665
-.420000  -.580000   -0.0000023245965128
-.380000  -.580000   -0.0000023599185706
-.340000  -.580000   -0.0000026125385697
-.300000  -.580000   -0.0000027698039252
-.260000  -.580000   -0.0000026750733092
-.220000  -.580000   -0.0000026827819338
-.180000  -.580000   -0.0000024813871317
-.140000  -.580000   -0.0000022231164675
-.100000  -.580000   -0.0000020229358837
-.060000  -.580000   -0.0000016676734086
-.020000  -.580000   -0.0000012690687283
0.020000  -.580000   -0.0000008366170186
0.060000  -.580000   -0.0000003810120958
0.100000  -.580000    0.0000000847705859
0.140000  -.580000    0.0000006938083082
0.180000  -.580000    0.0000011655545298
0.220000  -.580000    0.0000016043018319
0.260000  -.580000    0.0000021953276643
0.300000  -.580000    0.0000025591235833
0.340000  -.580000    0.0000030708600469
0.380000  -.580000    0.0000035056506739
0.420000  -.580000    0.0000036730775910
0.460000  -.580000    0.0000039444692185
0.500000  -.580000    0.0000040962937462
0.540000  -.580000    0.0000041123227674
0.580000  -.580000    0.0000040720360850
0.620000  -.580000    0.0000037566497724
0.660000  -.580000    0.0000032851628792
0.700000  -.580000    0.0000025901153155
0.740000  -.580000    0.0000016705872476
0.780000  -.580000    0.0000005696204368
-.780000  -.540000    0.0000000388280755
-.740000  -.540000    0.0000001405866232
-.700000  -.540000    0.0000000467746913
-.660000  -.540000   -0.0000002745259232
-.620000  -.540000   -0.0000005034812265
-.580000  -.540000   -0.0000011033825757
-.540000  -.540000   -0.0000014766859737
-.500000  -.540000   -0.0000018549728202
-.460000  -.540000   -0.0000022117152400
-.420000  -.540000   -0.0000025207107768
-.380000  -.540000   -0.0000025541919579
-.340000  -.540000   -0.0000027702639971
-.300000  -.540000   -0.0000028847492824
-.260000  -.540000   -0.0000027879386566
-.220000  -.540000   -0.0000027513903723
-.180000  -.540000   -0.0000025488193531
-.140000  -.540000   -0.0000023476612234
-.100000  -.540000   -0.0000020424394082
-.060000  -.540000   -0.0000016838937650
-.020000  -.540000   -0.0000012798797696
0.020000  -.540000   -0.0000008402990398
0.060000  -.540000   -0.0000003760020185
0.100000  -.540000    0.0000000999746673
0.140000  -.540000    0.0000005709584648
0.180000  -.540000    0.0000011761385016
0.220000  -.540000    0.0000016305973929
0.260000  -.540000    0.0000022189487793
0.300000  -.540000    0.0000026028400747
0.340000  -.540000    0.0000031256466762
0.380000  -.540000    0.0000035812888036
0.420000  -.540000    0.0000037827012011
0.460000  -.540000    0.0000040942079151
0.500000  -.540000    0.0000042984436068
0.540000  -.540000    0.0000043802491736
0.580000  -.540000    0.0000043227433371
0.620000  -.540000    0.0000041968063226
0.660000  -.540000    0.0000038031593346
0.700000  -.540000    0.0000032461693971
0.740000  -.540000    0.0000024574416740
0.780000  -.540000    0.0000014508460392
0.820000  -.540000    0.0000002721834872
-.780000  -.500000    0.0000001305251996
-.740000  -.500000    0.0000001733654139
-.700000  -.500000   -0.0000000250549559
-.660000  -.500000   -0.0000004311840117
-.620000  -.500000   -0.0000006994730836
-.580000  -.500000   -0.0000013216243237
-.540000  -.500000   -0.0000016949521337
-.500000  -.500000   -0.0000020591713241
-.460000  -.500000   -0.0000023897746690
-.420000  -.500000   -0.0000026636882777
-.380000  -.500000   -0.0000027007516768
-.340000  -.500000   -0.0000028757677597
-.300000  -.500000   -0.0000029475117897
-.260000  -.500000   -0.0000028547912900
-.220000  -.500000   -0.0000027768693353
-.180000  -.500000   -0.0000025798111757
-.140000  -.500000   -0.0000023389892463
-.100000  -.500000   -0.0000020391053866
-.060000  -.500000   -0.0000016852261251
-.020000  -.500000   -0.0000012840763376
0.020000  -.500000   -0.0000008446693695
0.060000  -.500000   -0.0000003792108308
0.100000  -.500000    0.0000000990495286
0.140000  -.500000    0.0000005721986672
0.180000  -.500000    0.0000011543069022
0.220000  -.500000    0.0000016137270032
0.260000  -.500000    0.0000021901390897
0.300000  -.500000    0.0000025806480005
0.340000  -.500000    0.0000031042562136
0.380000  -.500000    0.0000035699100032
0.420000  -.500000    0.0000037872085820
0.460000  -.500000    0.0000041258096523
0.500000  -.500000    0.0000043684847613
0.540000  -.500000    0.0000045013441708
0.580000  -.500000    0.0000045090451066
0.620000  -.500000    0.0000044680222932
0.660000  -.500000    0.0000041710798205
0.700000  -.500000    0.0000037205384331
0.740000  -.500000    0.0000030509553861
0.780000  -.500000    0.0000021733743779
0.820000  -.500000    0.0000010626810715
0.860000  -.500000   -0.0000001859125069
-.820000  -.460000    0.0000000434055921
-.780000  -.460000    0.0000000815847037
-.740000  -.460000   -0.0000000447287311
-.700000  -.460000   -0.0000001425634132
-.660000  -.460000   -0.0000006060080314
-.620000  -.460000   -0.0000009023240463
-.580000  -.460000   -0.0000015134333662
-.540000  -.460000   -0.0000018744677384
-.500000  -.460000   -0.0000022136380277
-.460000  -.460000   -0.0000025102886227
-.420000  -.460000   -0.0000027432401164
-.380000  -.460000   -0.0000027898383193
-.340000  -.460000   -0.0000029221845556
-.300000  -.460000   -0.0000029513884541
-.260000  -.460000   -0.0000028697513613
-.220000  -.460000   -0.0000027546413802
-.180000  -.460000   -0.0000025699791208
-.140000  -.460000   -0.0000022964788156
-.100000  -.460000   -0.0000020094663296
-.060000  -.460000   -0.0000016670675449
-.020000  -.460000   -0.0000012755589891
0.020000  -.460000   -0.0000008441242118
0.060000  -.460000   -0.0000003845541211
0.100000  -.460000    0.0000000885118796
0.140000  -.460000    0.0000005553194539
0.180000  -.460000    0.0000011075497228
0.220000  -.460000    0.0000015615072254
0.260000  -.460000    0.0000021178929708
0.300000  -.460000    0.0000025020525804
0.340000  -.460000    0.0000030170069575
0.380000  -.460000    0.0000034822370927
0.420000  -.460000    0.0000036985892536
0.460000  -.460000    0.0000040519975543
0.500000  -.460000    0.0000043201427889
0.540000  -.460000    0.0000044902437136
0.580000  -.460000    0.0000045483385862
0.620000  -.460000    0.0000045876117322
0.660000  -.460000    0.0000043696252129
0.700000  -.460000    0.0000040189172162
0.740000  -.460000    0.0000034679790979
0.780000  -.460000    0.0000027155140294
0.820000  -.460000    0.0000017395506531
0.860000  -.460000    0.0000005906319989
-.820000  -.420000    0.0000001330495103
-.780000  -.420000    0.0000000571266055
-.740000  -.420000   -0.0000001428592475
-.700000  -.420000   -0.0000005081846731
-.660000  -.420000   -0.0000007802199943
-.620000  -.420000   -0.0000010913536797
-.580000  -.420000   -0.0000016618837003
-.540000  -.420000   -0.0000019993174663
-.500000  -.420000   -0.0000023054209206
-.460000  -.420000   -0.0000025616219799
-.420000  -.420000   -0.0000027507419963
-.380000  -.420000   -0.0000028137180530
-.340000  -.420000   -0.0000029028461929
-.300000  -.420000   -0.0000028918976745
-.260000  -.420000   -0.0000028284822618
-.220000  -.420000   -0.0000026814189113
-.180000  -.420000   -0.0000025162397738
-.140000  -.420000   -0.0000022180063134
-.100000  -.420000   -0.0000019510397944
-.060000  -.420000   -0.0000016270077806
-.020000  -.420000   -0.0000012520502893
0.020000  -.420000   -0.0000008351581497
0.060000  -.420000   -0.0000003882715346
0.100000  -.420000    0.0000000723680372
0.140000  -.420000    0.0000005246268792
0.180000  -.420000    0.0000010424529694
0.220000  -.420000    0.0000014807336150
0.260000  -.420000    0.0000020103313149
0.300000  -.420000    0.0000023751819752
0.340000  -.420000    0.0000028723060059
0.380000  -.420000    0.0000033276491538
0.420000  -.420000    0.0000035269545126
0.460000  -.420000    0.0000038832225386
0.500000  -.420000    0.0000041647354279
0.540000  -.420000    0.0000043592652711
0.580000  -.420000    0.0000044541430165
0.620000  -.420000    0.0000045677174096
0.660000  -.420000    0.0000044152117835
0.700000  -.420000    0.0000041169166279
0.740000  -.420000    0.0000037074641618
0.780000  -.420000    0.0000030774289508
0.820000  -.420000    0.0000022202924203
0.860000  -.420000    0.0000011797744043
0.900000  -.420000   -0.0000000602581943
-.860000  -.380000    0.0000000139187930
-.820000  -.380000    0.0000000753286447
-.780000  -.380000   -0.0000000055767693
-.740000  -.380000   -0.0000002594399975
-.700000  -.380000   -0.0000004474155898
-.660000  -.380000   -0.0000009329588297
-.620000  -.380000   -0.0000012460543913
-.580000  -.380000   -0.0000015690647734
-.540000  -.380000   -0.0000018856024863
-.500000  -.380000   -0.0000021797771094
-.460000  -.380000   -0.0000024347461015
-.420000  -.380000   -0.0000026350602914
-.380000  -.380000   -0.0000027657111478
-.340000  -.380000   -0.0000028134976397
-.300000  -.380000   -0.0000027661932828
-.260000  -.380000   -0.0000027282104360
-.220000  -.380000   -0.0000025555175735
-.180000  -.380000   -0.0000024169130473
-.140000  -.380000   -0.0000021022107587
-.100000  -.380000   -0.0000018626733398
-.060000  -.380000   -0.0000015633040388
-.020000  -.380000   -0.0000012114758913
0.020000  -.380000   -0.0000008152360741
0.060000  -.380000   -0.0000003872727975
0.100000  -.380000    0.0000000547966410
0.140000  -.380000    0.0000004857690666
0.180000  -.380000    0.0000009641803926
0.220000  -.380000    0.0000013767890220
0.260000  -.380000    0.0000018732573899
0.300000  -.380000    0.0000022057018702
0.340000  -.380000    0.0000026768327706
0.380000  -.380000    0.0000031123657706
0.420000  -.380000    0.0000035025237708
0.460000  -.380000    0.0000038372849759
0.500000  -.380000    0.0000041068630410
0.540000  -.380000    0.0000043010833393
0.580000  -.380000    0.0000044092807058
0.620000  -.380000    0.0000044201032509
0.660000  -.380000    0.0000043197726506
0.700000  -.380000    0.0000041549500918
0.740000  -.380000    0.0000037856537145
0.780000  -.380000    0.0000032686346071
0.820000  -.380000    0.0000025534899469
0.860000  -.380000    0.0000016279044132
0.900000  -.380000    0.0000005285291940
-.860000  -.340000    0.0000000669493566
-.820000  -.340000    0.0000000471664866
-.780000  -.340000   -0.0000000908747126
-.740000  -.340000   -0.0000003749791630
-.700000  -.340000   -0.0000005910715382
-.660000  -.340000   -0.0000010452771402
-.620000  -.340000   -0.0000013476363962
-.580000  -.340000   -0.0000016486468130
-.540000  -.340000   -0.0000019330866692
-.500000  -.340000   -0.0000021874506255
-.460000  -.340000   -0.0000023982833477
-.420000  -.340000   -0.0000025533769327
-.380000  -.340000   -0.0000026409106986
-.340000  -.340000   -0.0000026502651511
-.300000  -.340000   -0.0000026578570096
-.260000  -.340000   -0.0000025677467211
-.220000  -.340000   -0.0000023756540796
-.180000  -.340000   -0.0000022712156628
-.140000  -.340000   -0.0000019487630183
-.100000  -.340000   -0.0000017437407341
-.060000  -.340000   -0.0000014752744842
-.020000  -.340000   -0.0000011528134057
0.020000  -.340000   -0.0000007821176043
0.060000  -.340000   -0.0000003779818877
0.100000  -.340000    0.0000000379099176
0.140000  -.340000    0.0000004406357463
0.180000  -.340000    0.0000008763142338
0.220000  -.340000    0.0000012531430288
0.260000  -.340000    0.0000017106260155
0.300000  -.340000    0.0000021584200028
0.340000  -.340000    0.0000024349927020
0.380000  -.340000    0.0000028420697462
0.420000  -.340000    0.0000032101599315
0.460000  -.340000    0.0000035305246498
0.500000  -.340000    0.0000037948365487
0.540000  -.340000    0.0000039934548868
0.580000  -.340000    0.0000041171454152
0.620000  -.340000    0.0000041554103425
0.660000  -.340000    0.0000040951057641
0.700000  -.340000    0.0000040160754249
0.740000  -.340000    0.0000037163594929
0.780000  -.340000    0.0000033072302926
0.820000  -.340000    0.0000027091362056
0.860000  -.340000    0.0000019093055416
0.900000  -.340000    0.0000009404709558
0.940000  -.340000   -0.0000001912411504
-.860000  -.300000    0.0000000836081757
-.820000  -.300000   -0.0000000046504353
-.780000  -.300000   -0.0000001801134119
-.740000  -.300000   -0.0000003217902442
-.700000  -.300000   -0.0000006997897560
-.660000  -.300000   -0.0000009536071053
-.620000  -.300000   -0.0000013817503474
-.580000  -.300000   -0.0000016514893894
-.540000  -.300000   -0.0000018979504408
-.500000  -.300000   -0.0000021096038337
-.460000  -.300000   -0.0000022760612929
-.420000  -.300000   -0.0000023879934823
-.380000  -.300000   -0.0000024361564102
-.340000  -.300000   -0.0000024867567315
-.300000  -.300000   -0.0000024575794312
-.260000  -.300000   -0.0000023451398554
-.220000  -.300000   -0.0000021412134312
-.180000  -.300000   -0.0000020789411728
-.140000  -.300000   -0.0000017575397197
-.100000  -.300000   -0.0000015944075979
-.060000  -.300000   -0.0000013636800906
-.020000  -.300000   -0.0000010755122474
0.020000  -.300000   -0.0000007361124147
0.060000  -.300000   -0.0000003601668353
0.100000  -.300000    0.0000000264866829
0.140000  -.300000    0.0000003919907364
0.180000  -.300000    0.0000007826774546
0.220000  -.300000    0.0000011124610075
0.260000  -.300000    0.0000015257470925
0.300000  -.300000    0.0000019312339125
0.340000  -.300000    0.0000023214344003
0.380000  -.300000    0.0000025220582865
0.420000  -.300000    0.0000028606003485
0.460000  -.300000    0.0000031570818820
0.500000  -.300000    0.0000034060184777
0.540000  -.300000    0.0000035999051609
0.580000  -.300000    0.0000037290769008
0.620000  -.300000    0.0000037839185652
0.660000  -.300000    0.0000038819103759
0.700000  -.300000    0.0000037531550670
0.740000  -.300000    0.0000035657213531
0.780000  -.300000    0.0000032057787025
0.820000  -.300000    0.0000027188127470
0.860000  -.300000    0.0000020417552787
0.900000  -.300000    0.0000012053993063
0.940000  -.300000    0.0000002104201401
-.900000  -.260000    0.0000000045099735
-.860000  -.260000    0.0000000674026675
-.820000  -.260000    0.0000000294821911
-.780000  -.260000   -0.0000001406422216
-.740000  -.260000   -0.0000004196181255
-.700000  -.260000   -0.0000006128121654
-.660000  -.260000   -0.0000009996067634
-.620000  -.260000   -0.0000012452484407
-.580000  -.260000   -0.0000014829521877
-.540000  -.260000   -0.0000017025835095
-.500000  -.260000   -0.0000018953817841
-.460000  -.260000   -0.0000020531513656
-.420000  -.260000   -0.0000021687313622
-.380000  -.260000   -0.0000022345985147
-.340000  -.260000   -0.0000022436172610
-.300000  -.260000   -0.0000021882103113
-.260000  -.260000   -0.0000020604232718
-.220000  -.260000   -0.0000020562899010
-.180000  -.260000   -0.0000018402581245
-.140000  -.260000   -0.0000017497310545
-.100000  -.260000   -0.0000014156083397
-.060000  -.260000   -0.0000012288983424
-.020000  -.260000   -0.0000009801176760
0.020000  -.260000   -0.0000006769268672
0.060000  -.260000   -0.0000003333335183
0.100000  -.260000    0.0000000187478875
0.140000  -.260000    0.0000003259874767
0.180000  -.260000    0.0000006836986800
0.220000  -.260000    0.0000010391801826
0.260000  -.260000    0.0000013159649297
0.300000  -.260000    0.0000016738356427
0.340000  -.260000    0.0000020183551116
0.380000  -.260000    0.0000023429548265
0.420000  -.260000    0.0000026406123862
0.460000  -.260000    0.0000029057823162
0.500000  -.260000    0.0000031291259321
0.540000  -.260000    0.0000033034678333
0.580000  -.260000    0.0000034249435601
0.620000  -.260000    0.0000034843915559
0.660000  -.260000    0.0000034725966166
0.700000  -.260000    0.0000034594142067
0.740000  -.260000    0.0000032732264839
0.780000  -.260000    0.0000030072175637
0.820000  -.260000    0.0000025951253995
0.860000  -.260000    0.0000020451005145
0.900000  -.260000    0.0000013326670090
0.940000  -.260000    0.0000004869337039
-.900000  -.220000    0.0000000247922654
-.860000  -.220000    0.0000000334050381
-.820000  -.220000   -0.0000000414200464
-.780000  -.220000   -0.0000002186922659
-.740000  -.220000   -0.0000003512977287
-.700000  -.220000   -0.0000006631485149
-.660000  -.220000   -0.0000008669957206
-.620000  -.220000   -0.0000011867330725
-.580000  -.220000   -0.0000013880463433
-.540000  -.220000   -0.0000015677620313
-.500000  -.220000   -0.0000017187559765
-.460000  -.220000   -0.0000018354905935
-.420000  -.220000   -0.0000019120503468
-.380000  -.220000   -0.0000019435483909
-.340000  -.220000   -0.0000019250968932
-.300000  -.220000   -0.0000018513658232
-.260000  -.220000   -0.0000018964496636
-.220000  -.220000   -0.0000017629466976
-.180000  -.220000   -0.0000015546710433
-.140000  -.220000   -0.0000015164331796
-.100000  -.220000   -0.0000012071905316
-.060000  -.220000   -0.0000010727550560
-.020000  -.220000   -0.0000008692738433
0.020000  -.220000   -0.0000006045191750
0.060000  -.220000   -0.0000002960765276
0.100000  -.220000    0.0000000166214353
0.140000  -.220000    0.0000002766694628
0.180000  -.220000    0.0000005767878117
0.220000  -.220000    0.0000008817986689
0.260000  -.220000    0.0000011947530469
0.300000  -.220000    0.0000013942211657
0.340000  -.220000    0.0000016894967176
0.380000  -.220000    0.0000019689930220
0.420000  -.220000    0.0000022244159020
0.460000  -.220000    0.0000024460557068
0.500000  -.220000    0.0000026402223772
0.540000  -.220000    0.0000027998385886
0.580000  -.220000    0.0000029115068070
0.620000  -.220000    0.0000029727818140
0.660000  -.220000    0.0000030878144752
0.700000  -.220000    0.0000030202685189
0.740000  -.220000    0.0000029253602928
0.780000  -.220000    0.0000026943014154
0.820000  -.220000    0.0000023773143237
0.860000  -.220000    0.0000019315053441
0.900000  -.220000    0.0000013412134065
0.940000  -.220000    0.0000006247397113
-.900000  -.180000    0.0000000249320998
-.860000  -.180000    0.0000000477345294
-.820000  -.180000   -0.0000000180398575
-.780000  -.180000   -0.0000001743017153
-.740000  -.180000   -0.0000003964630419
-.700000  -.180000   -0.0000005505675130
-.660000  -.180000   -0.0000008241783019
-.620000  -.180000   -0.0000010013261663
-.580000  -.180000   -0.0000011684532640
-.540000  -.180000   -0.0000013188157979
-.500000  -.180000   -0.0000014471292720
-.460000  -.180000   -0.0000015496166597
-.420000  -.180000   -0.0000016224418133
-.380000  -.180000   -0.0000016622279338
-.340000  -.180000   -0.0000016658571368
-.300000  -.180000   -0.0000016296690172
-.260000  -.180000   -0.0000015488793371
-.220000  -.180000   -0.0000014169700916
-.180000  -.180000   -0.0000014339377031
-.140000  -.180000   -0.0000012451606389
-.100000  -.180000   -0.0000009696455710
-.060000  -.180000   -0.0000008942513690
-.020000  -.180000   -0.0000007427290660
0.020000  -.180000   -0.0000005202665109
0.060000  -.180000   -0.0000002483895800
0.100000  -.180000    0.0000000210715087
0.140000  -.180000    0.0000002321673336
0.180000  -.180000    0.0000004731500388
0.220000  -.180000    0.0000007112929147
0.260000  -.180000    0.0000009651036715
0.300000  -.180000    0.0000012094248834
0.340000  -.180000    0.0000014475960762
0.380000  -.180000    0.0000016747856904
0.420000  -.180000    0.0000018907050049
0.460000  -.180000    0.0000020964006181
0.500000  -.180000    0.0000022569635468
0.540000  -.180000    0.0000023853158712
0.580000  -.180000    0.0000024843184345
0.620000  -.180000    0.0000025389036939
0.660000  -.180000    0.0000025468201334
0.700000  -.180000    0.0000025759042987
0.740000  -.180000    0.0000024662435054
0.780000  -.180000    0.0000023173146739
0.820000  -.180000    0.0000020602444982
0.860000  -.180000    0.0000017040541451
0.900000  -.180000    0.0000012468613394
0.940000  -.180000    0.0000006621871757
0.980000  -.180000   -0.0000000180130434
-.900000  -.140000    0.0000000331462940
-.860000  -.140000    0.0000000047521212
-.820000  -.140000   -0.0000000704221537
-.780000  -.140000   -0.0000002059013053
-.740000  -.140000   -0.0000003115171749
-.700000  -.140000   -0.0000005155622950
-.660000  -.140000   -0.0000006556177270
-.620000  -.140000   -0.0000007933760729
-.580000  -.140000   -0.0000009233326735
-.540000  -.140000   -0.0000010804698150
-.500000  -.140000   -0.0000011707647800
-.460000  -.140000   -0.0000012378431078
-.420000  -.140000   -0.0000012792301453
-.380000  -.140000   -0.0000012928224618
-.340000  -.140000   -0.0000012766207675
-.300000  -.140000   -0.0000012287924498
-.260000  -.140000   -0.0000012831315081
-.220000  -.140000   -0.0000012104199919
-.180000  -.140000   -0.0000010988092729
-.140000  -.140000   -0.0000009358855193
-.100000  -.140000   -0.0000009428125412
-.060000  -.140000   -0.0000006949980267
-.020000  -.140000   -0.0000006028565093
0.020000  -.140000   -0.0000004262747665
0.060000  -.140000   -0.0000001908153227
0.100000  -.140000   -0.0000000676532298
0.140000  -.140000    0.0000001893422176
0.180000  -.140000    0.0000003731823480
0.220000  -.140000    0.0000005803027632
0.260000  -.140000    0.0000007823863474
0.300000  -.140000    0.0000009129916433
0.340000  -.140000    0.0000011205357678
0.380000  -.140000    0.0000013085694996
0.420000  -.140000    0.0000014506566621
0.460000  -.140000    0.0000015645609170
0.500000  -.140000    0.0000017127148516
0.540000  -.140000    0.0000018148748323
0.580000  -.140000    0.0000019924441404
0.620000  -.140000    0.0000020386069802
0.660000  -.140000    0.0000020483742843
0.700000  -.140000    0.0000020161544482
0.740000  -.140000    0.0000019867332339
0.780000  -.140000    0.0000018518926541
0.820000  -.140000    0.0000016767530140
0.860000  -.140000    0.0000014137806079
0.900000  -.140000    0.0000010524664182
0.940000  -.140000    0.0000006113608157
0.980000  -.140000    0.0000000841513832
-.900000  -.100000    0.0000000153421655
-.860000  -.100000    0.0000000085001809
-.820000  -.100000   -0.0000000475986456
-.780000  -.100000   -0.0000001486010272
-.740000  -.100000   -0.0000002222095097
-.700000  -.100000   -0.0000003746775310
-.660000  -.100000   -0.0000004742719533
-.620000  -.100000   -0.0000005718618615
-.580000  -.100000   -0.0000007082921937
-.540000  -.100000   -0.0000007892638722
-.500000  -.100000   -0.0000008560093720
-.460000  -.100000   -0.0000009070922602
-.420000  -.100000   -0.0000009408940258
-.380000  -.100000   -0.0000009563557738
-.340000  -.100000   -0.0000009526571449
-.300000  -.100000   -0.0000009290839440
-.260000  -.100000   -0.0000008844883387
-.220000  -.100000   -0.0000008168920950
-.180000  -.100000   -0.0000007222520978
-.140000  -.100000   -0.0000007743675039
-.100000  -.100000   -0.0000006603679827
-.060000  -.100000   -0.0000004734328523
-.020000  -.100000   -0.0000004505902256
0.020000  -.100000   -0.0000003226689734
0.060000  -.100000   -0.0000001227057507
0.100000  -.100000   -0.0000000343156223
0.140000  -.100000    0.0000000972467264
0.180000  -.100000    0.0000002657919751
0.220000  -.100000    0.0000004166523729
0.260000  -.100000    0.0000005181466397
0.300000  -.100000    0.0000006817764157
0.340000  -.100000    0.0000007698224709
0.380000  -.100000    0.0000008691366129
0.420000  -.100000    0.0000010608511387
0.460000  -.100000    0.0000011901744576
0.500000  -.100000    0.0000012448424352
0.540000  -.100000    0.0000013376608316
0.580000  -.100000    0.0000013893889820
0.620000  -.100000    0.0000014902364699
0.660000  -.100000    0.0000014984360800
0.700000  -.100000    0.0000014777282219
0.740000  -.100000    0.0000014549043369
0.780000  -.100000    0.0000013622975574
0.820000  -.100000    0.0000012372715437
0.860000  -.100000    0.0000010517876383
0.900000  -.100000    0.0000008059252581
0.940000  -.100000    0.0000004848182925
0.980000  -.100000    0.0000001174034655
-.900000  -.060000    0.0000000115926179
-.860000  -.060000    0.0000000076470804
-.820000  -.060000   -0.0000000269766840
-.780000  -.060000   -0.0000000893696472
-.740000  -.060000   -0.0000001690247743
-.700000  -.060000   -0.0000002269270770
-.660000  -.060000   -0.0000002862642326
-.620000  -.060000   -0.0000003752851290
-.580000  -.060000   -0.0000004307820180
-.540000  -.060000   -0.0000004800365898
-.500000  -.060000   -0.0000005207412359
-.460000  -.060000   -0.0000005524494514
-.420000  -.060000   -0.0000005741976229
-.380000  -.060000   -0.0000005855419068
-.340000  -.060000   -0.0000005862851698
-.300000  -.060000   -0.0000005763008108
-.260000  -.060000   -0.0000005555462870
-.220000  -.060000   -0.0000005239769429
-.180000  -.060000   -0.0000004809998736
-.140000  -.060000   -0.0000004245727649
-.100000  -.060000   -0.0000003478877674
-.060000  -.060000   -0.0000004095093918
-.020000  -.060000   -0.0000002851371587
0.020000  -.060000   -0.0000002075623491
0.060000  -.060000   -0.0000001950310655
0.100000  -.060000    0.0000000021570939
0.140000  -.060000    0.0000000748110158
0.180000  -.060000    0.0000001735807453
0.220000  -.060000    0.0000002303946132
0.260000  -.060000    0.0000003407082106
0.300000  -.060000    0.0000004305752881
0.340000  -.060000    0.0000005567798800
0.380000  -.060000    0.0000006761549663
0.420000  -.060000    0.0000005841243694
0.460000  -.060000    0.0000007276201308
0.500000  -.060000    0.0000007645840448
0.540000  -.060000    0.0000008159960894
0.580000  -.060000    0.0000008487519857
0.620000  -.060000    0.0000008711481837
0.660000  -.060000    0.0000009130771388
0.700000  -.060000    0.0000009014334374
0.740000  -.060000    0.0000008695657965
0.780000  -.060000    0.0000008328138986
0.820000  -.060000    0.0000007577810553
0.860000  -.060000    0.0000006472890629
0.900000  -.060000    0.0000005017697480
0.940000  -.060000    0.0000003139553799
0.980000  -.060000    0.0000000897914185
-.900000  -.020000    0.0000000043119243
-.860000  -.020000    0.0000000030311697
-.820000  -.020000   -0.0000000086712220
-.780000  -.020000   -0.0000000297769702
-.740000  -.020000   -0.0000000566910143
-.700000  -.020000   -0.0000000759430614
-.660000  -.020000   -0.0000000956234341
-.620000  -.020000   -0.0000001259486642
-.580000  -.020000   -0.0000001445093305
-.540000  -.020000   -0.0000001610231649
-.500000  -.020000   -0.0000001746666273
-.460000  -.020000   -0.0000001853797691
-.420000  -.020000   -0.0000001928347016
-.380000  -.020000   -0.0000001969110565
-.340000  -.020000   -0.0000001975914938
-.300000  -.020000   -0.0000001948818407
-.260000  -.020000   -0.0000001888772013
-.220000  -.020000   -0.0000001797944629
-.180000  -.020000   -0.0000001678688648
-.140000  -.020000   -0.0000001534501745
-.100000  -.020000   -0.0000001370892176
-.060000  -.020000   -0.0000001204725564
-.020000  -.020000   -0.0000000921535158
0.020000  -.020000   -0.0000000663461527
0.060000  -.020000   -0.0000000421351098
0.100000  -.020000   -0.0000000090714512
0.140000  -.020000    0.0000000208102994
0.180000  -.020000    0.0000000594060454
0.220000  -.020000    0.0000000675806978
0.260000  -.020000    0.0000001354527950
0.300000  -.020000    0.0000001279594436
0.340000  -.020000    0.0000001516519624
0.380000  -.020000    0.0000001770129154
0.420000  -.020000    0.0000002440151374
0.460000  -.020000    0.0000002302920005
0.500000  -.020000    0.0000002613729398
0.540000  -.020000    0.0000002735378685
0.580000  -.020000    0.0000002855969360
0.620000  -.020000    0.0000002929237591
0.660000  -.020000    0.0000003066864031
0.700000  -.020000    0.0000003029249295
0.740000  -.020000    0.0000002924954897
0.780000  -.020000    0.0000002801467772
0.820000  -.020000    0.0000002551330644
0.860000  -.020000    0.0000002184129361
0.900000  -.020000    0.0000001702167205
0.940000  -.020000    0.0000001079650265
0.980000  -.020000    0.0000000321512520
-.900000  0.020000   -0.0000000043119243
-.860000  0.020000   -0.0000000030311697
-.820000  0.020000    0.0000000086712220
-.780000  0.020000    0.0000000297769702
-.740000  0.020000    0.0000000566910143
-.700000  0.020000    0.0000000759430614
-.660000  0.020000    0.0000000956234341
-.620000  0.020000    0.0000001259486642
-.580000  0.020000    0.0000001445093305
-.540000  0.020000    0.0000001610231649
-.500000  0.020000    0.0000001746666273
-.460000  0.020000    0.0000001853797691
-.420000  0.020000    0.0000001928347016
-.380000  0.020000    0.0000001969110565
-.340000  0.020000    0.0000001975914938
-.300000  0.020000    0.0000001948818407
-.260000  0.020000    0.0000001888772013
-.220000  0.020000    0.0000001797944629
-.180000  0.020000    0.0000001678688648
-.140000  0.020000    0.0000001534501745
-.100000  0.020000    0.0000001370892176
-.060000  0.020000    0.0000001204725564
-.020000  0.020000    0.0000000921535158
0.020000  0.020000    0.0000000663461527
0.060000  0.020000    0.0000000421351098
0.100000  0.020000    0.0000000090714512
0.140000  0.020000   -0.0000000208102994
0.180000  0.020000   -0.0000000594060454
0.220000  0.020000   -0.0000000675806978
0.260000  0.020000   -0.0000001354527950
0.300000  0.020000   -0.0000001279594436
0.340000  0.020000   -0.0000001516519624
0.380000  0.020000   -0.0000001770129154
0.420000  0.020000   -0.0000002440151374
0.460000  0.020000   -0.0000002302920005
0.500000  0.020000   -0.0000002613729398
0.540000  0.020000   -0.0000002735378685
0.580000  0.020000   -0.0000002855969360
0.620000  0.020000   -0.0000002929237591
0.660000  0.020000   -0.0000003066864031
0.700000  0.020000   -0.0000003029249295
0.740000  0.020000   -0.0000002924954897
0.780000  0.020000   -0.0000002801467772
0.820000  0.020000   -0.0000002551330644
0.860000  0.020000   -0.0000002184129361
0.900000  0.020000   -0.0000001702167205
0.940000  0.020000   -0.0000001079650265
0.980000  0.020000   -0.0000000321512520
-.900000  0.060000   -0.0000000115926179
-.860000  0.060000   -0.0000000076470804
-.820000  0.060000    0.0000000269766840
-.780000  0.060000    0.0000000893696472
-.740000  0.060000    0.0000001690247743
-.700000  0.060000    0.0000002269270770
-.660000  0.060000    0.0000002862642326
-.620000  0.060000    0.0000003752851290
-.580000  0.060000    0.0000004307820180
-.540000  0.060000    0.0000004800365898
-.500000  0.060000    0.0000005207412359
-.460000  0.060000    0.0000005524494514
-.420000  0.060000    0.0000005741976229
-.380000  0.060000    0.0000005855419068
-.340000  0.060000    0.0000005862851698
-.300000  0.060000    0.0000005763008108
-.260000  0.060000    0.0000005555462870
-.220000  0.060000    0.0000005239769429
-.180000  0.060000    0.0000004809998736
-.140000  0.060000    0.0000004245727649
-.100000  0.060000    0.0000003478877674
-.060000  0.060000    0.0000004095093918
-.020000  0.060000    0.0000002851371587
0.020000  0.060000    0.0000002075623491
0.060000  0.060000    0.0000001950310655
0.100000  0.060000   -0.0000000021570939
0.140000  0.060000   -0.0000000748110158
0.180000  0.060000   -0.0000001735807453
0.220000  0.060000   -0.0000002303946132
0.260000  0.060000   -0.0000003407082106
0.300000  0.060000   -0.0000004305752881
0.340000  0.060000   -0.0000005567798800
0.380000  0.060000   -0.0000006761549663
0.420000  0.060000   -0.0000005841243694
0.460000  0.060000   -0.0000007276201308
0.500000  0.060000   -0.0000007645840448
0.540000  0.060000   -0.0000008159960894
0.580000  0.060000   -0.0000008487519857
0.620000  0.060000   -0.0000008711481837
0.660000  0.060000   -0.0000009130771388
0.700000  0.060000   -0.0000009014334374
0.740000  0.060000   -0.0000008695657965
0.780000  0.060000   -0.0000008328138986
0.820000  0.060000   -0.0000007577810553
0.860000  0.060000   -0.0000006472890629
0.900000  0.060000   -0.0000005017697480
0.940000  0.060000   -0.0000003139553799
0.980000  0.060000   -0.0000000897914185
-.900000  0.100000   -0.0000000153421655
-.860000  0.100000   -0.0000000085001809
-.820000  0.100000    0.0000000475986456
-.780000  0.100000    0.0000001486010272
-.740000  0.100000    0.0000002222095097
-.700000  0.100000    0.0000003746775310
-.660000  0.100000    0.0000004742719533
-.620000  0.100000    0.0000005718618615
-.580000  0.100000    0.0000007082921937
-.540000  0.100000    0.0000007892638722
-.500000  0.100000    0.0000008560093720
-.460000  0.100000    0.0000009070922602
-.420000  0.100000    0.0000009408940258
-.380000  0.100000    0.0000009563557738
-.340000  0.100000    0.0000009526571449
-.300000  0.100000    0.0000009290839440
-.260000  0.100000    0.0000008844883387
-.220000  0.100000    0.0000008168920950
-.180000  0.100000    0.0000007222520978
-.140000  0.100000    0.0000007743675039
-.100000  0.100000    0.0000006603679827
-.060000  0.100000    0.0000004734328523
-.020000  0.100000    0.0000004505902256
0.020000  0.100000    0.0000003226689734
0.060000  0.100000    0.0000001227057507
0.100000  0.100000    0.0000000343156223
0.140000  0.100000   -0.0000000972467264
0.180000  0.100000   -0.0000002657919751
0.220000  0.100000   -0.0000004166523729
0.260000  0.100000   -0.0000005181466397
0.300000  0.100000   -0.0000006817764157
0.340000  0.100000   -0.0000007698224709
0.380000  0.100000   -0.0000008691366129
0.420000  0.100000   -0.0000010608511387
0.460000  0.100000   -0.0000011901744576
0.500000  0.100000   -0.0000012448424352
0.540000  0.100000   -0.0000013376608316
0.580000  0.100000   -0.0000013893889820
0.620000  0.100000   -0.0000014902364699
0.660000  0.100000   -0.0000014984360800
0.700000  0.100000   -0.0000014777282219
0.740000  0.100000   -0.0000014549043369
0.780000  0.100000   -0.0000013622975574
0.820000  0.100000   -0.0000012372715437
0.860000  0.100000   -0.0000010517876383
0.900000  0.100000   -0.0000008059252581
0.940000  0.100000   -0.0000004848182925
0.980000  0.100000   -0.0000001174034655
-.900000  0.140000   -0.0000000331462940
-.860000  0.140000   -0.0000000047521212
-.820000  0.140000    0.0000000704221537
-.780000  0.140000    0.0000002059013053
-.740000  0.140000    0.0000003115171749
-.700000  0.140000    0.0000005155622950
-.660000  0.140000    0.0000006556177270
-.620000  0.140000    0.0000007933760729
-.580000  0.140000    0.0000009233326735
-.540000  0.140000    0.0000010804698150
-.500000  0.140000    0.0000011707647800
-.460000  0.140000    0.0000012378431078
-.420000  0.140000    0.0000012792301453
-.380000  0.140000    0.0000012928224618
-.340000  0.140000    0.0000012766207675
-.300000  0.140000    0.0000012287924498
-.260000  0.140000    0.0000012831315081
-.220000  0.140000    0.0000012104199919
-.180000  0.140000    0.0000010988092729
-.140000  0.140000    0.0000009358855193
-.100000  0.140000    0.0000009428125412
-.060000  0.140000    0.0000006949980267
-.020000  0.140000    0.0000006028565093
0.020000  0.140000    0.0000004262747665
0.060000  0.140000    0.0000001908153227
0.100000  0.140000    0.0000000676532298
0.140000  0.140000   -0.0000001893422176
0.180000  0.140000   -0.0000003731823480
0.220000  0.140000   -0.0000005803027632
0.260000  0.140000   -0.0000007823863474
0.300000  0.140000   -0.0000009129916433
0.340000  0.140000   -0.0000011205357678
0.380000  0.140000   -0.0000013085694996
0.420000  0.140000   -0.0000014506566621
0.460000  0.140000   -0.0000015645609170
0.500000  0.140000   -0.0000017127148516
0.540000  0.140000   -0.0000018148748323
0.580000  0.140000   -0.0000019924441404
0.620000  0.140000   -0.0000020386069802
0.660000  0.140000   -0.0000020483742843
0.700000  0.140000   -0.0000020161544482
0.740000  0.140000   -0.0000019867332339
0.780000  0.140000   -0.0000018518926541
0.820000  0.140000   -0.0000016767530140
0.860000  0.140000   -0.0000014137806079
0.900000  0.140000   -0.0000010524664182
0.940000  0.140000   -0.0000006113608157
0.980000  0.140000   -0.0000000841513832
-.900000  0.180000   -0.0000000249320998
-.860000  0.180000   -0.0000000477345294
-.820000  0.180000    0.0000000180398575
-.780000  0.180000    0.0000001743017153
-.740000  0.180000    0.0000003964630419
-.700000  0.180000    0.0000005505675130
-.660000  0.180000    0.0000008241783019
-.620000  0.180000    0.0000010013261663
-.580000  0.180000    0.0000011684532640
-.540000  0.180000    0.0000013188157979
-.500000  0.180000    0.0000014471292720
-.460000  0.180000    0.0000015496166597
-.420000  0.180000    0.0000016224418133
-.380000  0.180000    0.0000016622279338
-.340000  0.180000    0.0000016658571368
-.300000  0.180000    0.0000016296690172
-.260000  0.180000    0.0000015488793371
-.220000  0.180000    0.0000014169700916
-.180000  0.180000    0.0000014339377031
-.140000  0.180000    0.0000012451606389
-.100000  0.180000    0.0000009696455710
-.060000  0.180000    0.0000008942513690
-.020000  0.180000    0.0000007427290660
0.020000  0.180000    0.0000005202665109
0.060000  0.180000    0.0000002483895800
0.100000  0.180000   -0.0000000210715087
0.140000  0.180000   -0.0000002321673336
0.180000  0.180000   -0.0000004731500388
0.220000  0.180000   -0.0000007112929147
0.260000  0.180000   -0.0000009651036715
0.300000  0.180000   -0.0000012094248834
0.340000  0.180000   -0.0000014475960762
0.380000  0.180000   -0.0000016747856904
0.420000  0.180000   -0.0000018907050049
0.460000  0.180000   -0.0000020964006181
0.500000  0.180000   -0.0000022569635468
0.540000  0.180000   -0.0000023853158712
0.580000  0.180000   -0.0000024843184345
0.620000  0.180000   -0.0000025389036939
0.660000  0.180000   -0.0000025468201334
0.700000  0.180000   -0.0000025759042987
0.740000  0.180000   -0.0000024662435054
0.780000  0.180000   -0.0000023173146739
0.820000  0.180000   -0.0000020602444982
0.860000  0.180000   -0.0000017040541451
0.900000  0.180000   -0.0000012468613394
0.940000  0.180000   -0.0000006621871757
0.980000  0.180000    0.0000000180130434
-.900000  0.220000   -0.0000000247922654
-.860000  0.220000   -0.0000000334050381
-.820000  0.220000    0.0000000414200464
-.780000  0.220000    0.0000002186922659
-.740000  0.220000    0.0000003512977287
-.700000  0.220000    0.0000006631485149
-.660000  0.220000    0.0000008669957206
-.620000  0.220000    0.0000011867330725
-.580000  0.220000    0.0000013880463433
-.540000  0.220000    0.0000015677620313
-.500000  0.220000    0.0000017187559765
-.460000  0.220000    0.0000018354905935
-.420000  0.220000    0.0000019120503468
-.380000  0.220000    0.0000019435483909
-.340000  0.220000    0.0000019250968932
-.300000  0.220000    0.0000018513658232
-.260000  0.220000    0.0000018964496636
-.220000  0.220000    0.0000017629466976
-.180000  0.220000    0.0000015546710433
-.140000  0.220000    0.0000015164331796
-.100000  0.220000    0.0000012071905316
-.060000  0.220000    0.0000010727550560
-.020000  0.220000    0.0000008692738433
0.020000  0.220000    0.0000006045191750
0.060000  0.220000    0.0000002960765276
0.100000  0.220000   -0.0000000166214353
0.140000  0.220000   -0.0000002766694628
0.180000  0.220000   -0.0000005767878117
0.220000  0.220000   -0.0000008817986689
0.260000  0.220000   -0.0000011947530469
0.300000  0.220000   -0.0000013942211657
0.340000  0.220000   -0.0000016894967176
0.380000  0.220000   -0.0000019689930220
0.420000  0.220000   -0.0000022244159020
0.460000  0.220000   -0.0000024460557068
0.500000  0.220000   -0.0000026402223772
0.540000  0.220000   -0.0000027998385886
0.580000  0.220000   -0.0000029115068070
0.620000  0.220000   -0.0000029727818140
0.660000  0.220000   -0.0000030878144752
0.700000  0.220000   -0.0000030202685189
0.740000  0.220000   -0.0000029253602928
0.780000  0.220000   -0.0000026943014154
0.820000  0.220000   -0.0000023773143237
0.860000  0.220000   -0.0000019315053441
0.900000  0.220000   -0.0000013412134065
0.940000  0.220000   -0.0000006247397113
-.900000  0.260000   -0.0000000045099735
-.860000  0.260000   -0.0000000674026675
-.820000  0.260000   -0.0000000294821911
-.780000  0.260000    0.0000001406422216
-.740000  0.260000    0.0000004196181255
-.700000  0.260000    0.0000006128121654
-.660000  0.260000    0.0000009996067634
-.620000  0.260000    0.0000012452484407
-.580000  0.260000    0.0000014829521877
-.540000  0.260000    0.0000017025835095
-.500000  0.260000    0.0000018953817841
-.460000  0.260000    0.0000020531513656
-.420000  0.260000    0.0000021687313622
-.380000  0.260000    0.0000022345985147
-.340000  0.260000    0.0000022436172610
-.300000  0.260000    0.0000021882103113
-.260000  0.260000    0.0000020604232718
-.220000  0.260000    0.0000020562899010
-.180000  0.260000    0.0000018402581245
-.140000  0.260000    0.0000017497310545
-.100000  0.260000    0.0000014156083397
-.060000  0.260000    0.0000012288983424
-.020000  0.260000    0.0000009801176760
0.020000  0.260000    0.0000006769268672
0.060000  0.260000    0.0000003333335183
0.100000  0.260000   -0.0000000187478875
0.140000  0.260000   -0.0000003259874767
0.180000  0.260000   -0.0000006836986800
0.220000  0.260000   -0.0000010391801826
0.260000  0.260000   -0.0000013159649297
0.300000  0.260000   -0.0000016738356427
0.340000  0.260000   -0.0000020183551116
0.380000  0.260000   -0.0000023429548265
0.420000  0.260000   -0.0000026406123862
0.460000  0.260000   -0.0000029057823162
0.500000  0.260000   -0.0000031291259321
0.540000  0.260000   -0.0000033034678333
0.580000  0.260000   -0.0000034249435601
0.620000  0.260000   -0.0000034843915559
0.660000  0.260000   -0.0000034725966166
0.700000  0.260000   -0.0000034594142067
0.740000  0.260000   -0.0000032732264839
0.780000  0.260000   -0.0000030072175637
0.820000  0.260000   -0.0000025951253995
0.860000  0.260000   -0.0000020451005145
0.900000  0.260000   -0.0000013326670090
0.940000  0.260000   -0.0000004869337039
-.860000  0.300000   -0.0000000836081757
-.820000  0.300000    0.0000000046504353
-.780000  0.300000    0.0000001801134119
-.740000  0.300000    0.0000003217902442
-.700000  0.300000    0.0000006997897560
-.660000  0.300000    0.0000009536071053
-.620000  0.300000    0.0000013817503474
-.580000  0.300000    0.0000016514893894
-.540000  0.300000    0.0000018979504408
-.500000  0.300000    0.0000021096038337
-.460000  0.300000    0.0000022760612929
-.420000  0.300000    0.0000023879934823
-.380000  0.300000    0.0000024361564102
-.340000  0.300000    0.0000024867567315
-.300000  0.300000    0.0000024575794312
-.260000  0.300000    0.0000023451398554
-.220000  0.300000    0.0000021412134312
-.180000  0.300000    0.0000020789411728
-.140000  0.300000    0.0000017575397197
-.100000  0.300000    0.0000015944075979
-.060000  0.300000    0.0000013636800906
-.020000  0.300000    0.0000010755122474
0.020000  0.300000    0.0000007361124147
0.060000  0.300000    0.0000003601668353
0.100000  0.300000   -0.0000000264866829
0.140000  0.300000   -0.0000003919907364
0.180000  0.300000   -0.0000007826774546
0.220000  0.300000   -0.0000011124610075
0.260000  0.300000   -0.0000015257470925
0.300000  0.300000   -0.0000019312339125
0.340000  0.300000   -0.0000023214344003
0.380000  0.300000   -0.0000025220582865
0.420000  0.300000   -0.0000028606003485
0.460000  0.300000   -0.0000031570818820
0.500000  0.300000   -0.0000034060184777
0.540000  0.300000   -0.0000035999051609
0.580000  0.300000   -0.0000037290769008
0.620000  0.300000   -0.0000037839185652
0.660000  0.300000   -0.0000038819103759
0.700000  0.300000   -0.0000037531550670
0.740000  0.300000   -0.0000035657213531
0.780000  0.300000   -0.0000032057787025
0.820000  0.300000   -0.0000027188127470
0.860000  0.300000   -0.0000020417552787
0.900000  0.300000   -0.0000012053993063
0.940000  0.300000   -0.0000002104201401
-.860000  0.340000   -0.0000000669493566
-.820000  0.340000   -0.0000000471664866
-.780000  0.340000    0.0000000908747126
-.740000  0.340000    0.0000003749791630
-.700000  0.340000    0.0000005910715382
-.660000  0.340000    0.0000010452771402
-.620000  0.340000    0.0000013476363962
-.580000  0.340000    0.0000016486468130
-.540000  0.340000    0.0000019330866692
-.500000  0.340000    0.0000021874506255
-.460000  0.340000    0.0000023982833477
-.420000  0.340000    0.0000025533769327
-.380000  0.340000    0.0000026409106986
-.340000  0.340000    0.0000026502651511
-.300000  0.340000    0.0000026578570096
-.260000  0.340000    0.0000025677467211
-.220000  0.340000    0.0000023756540796
-.180000  0.340000    0.0000022712156628
-.140000  0.340000    0.0000019487630183
-.100000  0.340000    0.0000017437407341
-.060000  0.340000    0.0000014752744842
-.020000  0.340000    0.0000011528134057
0.020000  0.340000    0.0000007821176043
0.060000  0.340000    0.0000003779818877
0.100000  0.340000   -0.0000000379099176
0.140000  0.340000   -0.0000004406357463
0.180000  0.340000   -0.0000008763142338
0.220000  0.340000   -0.0000012531430288
0.260000  0.340000   -0.0000017106260155
0.300000  0.340000   -0.0000021584200028
0.340000  0.340000   -0.0000024349927020
0.380000  0.340000   -0.0000028420697462
0.420000  0.340000   -0.0000032101599315
0.460000  0.340000   -0.0000035305246498
0.500000  0.340000   -0.0000037948365487
0.540000  0.340000   -0.0000039934548868
0.580000  0.340000   -0.0000041171454152
0.620000  0.340000   -0.0000041554103425
0.660000  0.340000   -0.0000040951057641
0.700000  0.340000   -0.0000040160754249
0.740000  0.340000   -0.0000037163594929
0.780000  0.340000   -0.0000033072302926
0.820000  0.340000   -0.0000027091362056
0.860000  0.340000   -0.0000019093055416
0.900000  0.340000   -0.0000009404709558
0.940000  0.340000    0.0000001912411504
-.860000  0.380000   -0.0000000139187930
-.820000  0.380000   -0.0000000753286447
-.780000  0.380000    0.0000000055767693
-.740000  0.380000    0.0000002594399975
-.700000  0.380000    0.0000004474155898
-.660000  0.380000    0.0000009329588297
-.620000  0.380000    0.0000012460543913
-.580000  0.380000    0.0000015690647734
-.540000  0.380000    0.0000018856024863
-.500000  0.380000    0.0000021797771094
-.460000  0.380000    0.0000024347461015
-.420000  0.380000    0.0000026350602914
-.380000  0.380000    0.0000027657111478
-.340000  0.380000    0.0000028134976397
-.300000  0.380000    0.0000027661932828
-.260000  0.380000    0.0000027282104360
-.220000  0.380000    0.0000025555175735
-.180000  0.380000    0.0000024169130473
-.140000  0.380000    0.0000021022107587
-.100000  0.380000    0.0000018626733398
-.060000  0.380000    0.0000015633040388
-.020000  0.380000    0.0000012114758913
0.020000  0.380000    0.0000008152360741
0.060000  0.380000    0.0000003872727975
0.100000  0.380000   -0.0000000547966410
0.140000  0.380000   -0.0000004857690666
0.180000  0.380000   -0.0000009641803926
0.220000  0.380000   -0.0000013767890220
0.260000  0.380000   -0.0000018732573899
0.300000  0.380000   -0.0000022057018702
0.340000  0.380000   -0.0000026768327706
0.380000  0.380000   -0.0000031123657706
0.420000  0.380000   -0.0000035025237708
0.460000  0.380000   -0.0000038372849759
0.500000  0.380000   -0.0000041068630410
0.540000  0.380000   -0.0000043010833393
0.580000  0.380000   -0.0000044092807058
0.620000  0.380000   -0.0000044201032509
0.660000  0.380000   -0.0000043197726506
0.700000  0.380000   -0.0000041549500918
0.740000  0.380000   -0.0000037856537145
0.780000  0.380000   -0.0000032686346071
0.820000  0.380000   -0.0000025534899469
0.860000  0.380000   -0.0000016279044132
0.900000  0.380000   -0.0000005285291940
-.820000  0.420000   -0.0000001330495103
-.780000  0.420000   -0.0000000571266055
-.740000  0.420000    0.0000001428592475
-.700000  0.420000    0.0000005081846731
-.660000  0.420000    0.0000007802199943
-.620000  0.420000    0.0000010913536797
-.580000  0.420000    0.0000016618837003
-.540000  0.420000    0.0000019993174663
-.500000  0.420000    0.0000023054209206
-.460000  0.420000    0.0000025616219799
-.420000  0.420000    0.0000027507419963
-.380000  0.420000    0.0000028137180530
-.340000  0.420000    0.0000029028461929
-.300000  0.420000    0.0000028918976745
-.260000  0.420000    0.0000028284822618
-.220000  0.420000    0.0000026814189113
-.180000  0.420000    0.0000025162397738
-.140000  0.420000    0.0000022180063134
-.100000  0.420000    0.0000019510397944
-.060000  0.420000    0.0000016270077806
-.020000  0.420000    0.0000012520502893
0.020000  0.420000    0.0000008351581497
0.060000  0.420000    0.0000003882715346
0.100000  0.420000   -0.0000000723680372
0.140000  0.420000   -0.0000005246268792
0.180000  0.420000   -0.0000010424529694
0.220000  0.420000   -0.0000014807336150
0.260000  0.420000   -0.0000020103313149
0.300000  0.420000   -0.0000023751819752
0.340000  0.420000   -0.0000028723060059
0.380000  0.420000   -0.0000033276491538
0.420000  0.420000   -0.0000035269545126
0.460000  0.420000   -0.0000038832225386
0.500000  0.420000   -0.0000041647354279
0.540000  0.420000   -0.0000043592652711
0.580000  0.420000   -0.0000044541430165
0.620000  0.420000   -0.0000045677174096
0.660000  0.420000   -0.0000044152117835
0.700000  0.420000   -0.0000041169166279
0.740000  0.420000   -0.0000037074641618
0.780000  0.420000   -0.0000030774289508
0.820000  0.420000   -0.0000022202924203
0.860000  0.420000   -0.0000011797744043
0.900000  0.420000    0.0000000602581943
-.820000  0.460000   -0.0000000434055921
-.780000  0.460000   -0.0000000815847037
-.740000  0.460000    0.0000000447287311
-.700000  0.460000    0.0000001425634132
-.660000  0.460000    0.0000006060080314
-.620000  0.460000    0.0000009023240463
-.580000  0.460000    0.0000015134333662
-.540000  0.460000    0.0000018744677384
-.500000  0.460000    0.0000022136380277
-.460000  0.460000    0.0000025102886227
-.420000  0.460000    0.0000027432401164
-.380000  0.460000    0.0000027898383193
-.340000  0.460000    0.0000029221845556
-.300000  0.460000    0.0000029513884541
-.260000  0.460000    0.0000028697513613
-.220000  0.460000    0.0000027546413802
-.180000  0.460000    0.0000025699791208
-.140000  0.460000    0.0000022964788156
-.100000  0.460000    0.0000020094663296
-.060000  0.460000    0.0000016670675449
-.020000  0.460000    0.0000012755589891
0.020000  0.460000    0.0000008441242118
0.060000  0.460000    0.0000003845541211
0.100000  0.460000   -0.0000000885118796
0.140000  0.460000   -0.0000005553194539
0.180000  0.460000   -0.0000011075497228
0.220000  0.460000   -0.0000015615072254
0.260000  0.460000   -0.0000021178929708
0.300000  0.460000   -0.0000025020525804
0.340000  0.460000   -0.0000030170069575
0.380000  0.460000   -0.0000034822370927
0.420000  0.460000   -0.0000036985892536
0.460000  0.460000   -0.0000040519975543
0.500000  0.460000   -0.0000043201427889
0.540000  0.460000   -0.0000044902437136
0.580000  0.460000   -0.0000045483385862
0.620000  0.460000   -0.0000045876117322
0.660000  0.460000   -0.0000043696252129
0.700000  0.460000   -0.0000040189172162
0.740000  0.460000   -0.0000034679790979
0.780000  0.460000   -0.0000027155140294
0.820000  0.460000   -0.0000017395506531
0.860000  0.460000   -0.0000005906319989
-.780000  0.500000   -0.0000001305251996
-.740000  0.500000   -0.0000001733654139
-.700000  0.500000    0.0000000250549559
-.660000  0.500000    0.0000004311840117
-.620000  0.500000    0.0000006994730836
-.580000  0.500000    0.0000013216243237
-.540000  0.500000    0.0000016949521337
-.500000  0.500000    0.0000020591713241
-.460000  0.500000    0.0000023897746690
-.420000  0.500000    0.0000026636882777
-.380000  0.500000    0.0000027007516768
-.340000  0.500000    0.0000028757677597
-.300000  0.500000    0.0000029475117897
-.260000  0.500000    0.0000028547912900
-.220000  0.500000    0.0000027768693353
-.180000  0.500000    0.0000025798111757
-.140000  0.500000    0.0000023389892463
-.100000  0.500000    0.0000020391053866
-.060000  0.500000    0.0000016852261251
-.020000  0.500000    0.0000012840763376
0.020000  0.500000    0.0000008446693695
0.060000  0.500000    0.0000003792108308
0.100000  0.500000   -0.0000000990495286
0.140000  0.500000   -0.0000005721986672
0.180000  0.500000   -0.0000011543069022
0.220000  0.500000   -0.0000016137270032
0.260000  0.500000   -0.0000021901390897
0.300000  0.500000   -0.0000025806480005
0.340000  0.500000   -0.0000031042562136
0.380000  0.500000   -0.0000035699100032
0.420000  0.500000   -0.0000037872085820
0.460000  0.500000   -0.0000041258096523
0.500000  0.500000   -0.0000043684847613
0.540000  0.500000   -0.0000045013441708
0.580000  0.500000   -0.0000045090451066
0.620000  0.500000   -0.0000044680222932
0.660000  0.500000   -0.0000041710798205
0.700000  0.500000   -0.0000037205384331
0.740000  0.500000   -0.0000030509553861
0.780000  0.500000   -0.0000021733743779
0.820000  0.500000   -0.0000010626810715
0.860000  0.500000    0.0000001859125069
-.780000  0.540000   -0.0000000388280755
-.740000  0.540000   -0.0000001405866232
-.700000  0.540000   -0.0000000467746913
-.660000  0.540000    0.0000002745259232
-.620000  0.540000    0.0000005034812265
-.580000  0.540000    0.0000011033825757
-.540000  0.540000    0.0000014766859737
-.500000  0.540000    0.0000018549728202
-.460000  0.540000    0.0000022117152400
-.420000  0.540000    0.0000025207107768
-.380000  0.540000    0.0000025541919579
-.340000  0.540000    0.0000027702639971
-.300000  0.540000    0.0000028847492824
-.260000  0.540000    0.0000027879386566
-.220000  0.540000    0.0000027513903723
-.180000  0.540000    0.0000025488193531
-.140000  0.540000    0.0000023476612234
-.100000  0.540000    0.0000020424394082
-.060000  0.540000    0.0000016838937650
-.020000  0.540000    0.0000012798797696
0.020000  0.540000    0.0000008402990398
0.060000  0.540000    0.0000003760020185
0.100000  0.540000   -0.0000000999746673
0.140000  0.540000   -0.0000005709584648
0.180000  0.540000   -0.0000011761385016
0.220000  0.540000   -0.0000016305973929
0.260000  0.540000   -0.0000022189487793
0.300000  0.540000   -0.0000026028400747
0.340000  0.540000   -0.0000031256466762
0.380000  0.540000   -0.0000035812888036
0.420000  0.540000   -0.0000037827012011
0.460000  0.540000   -0.0000040942079151
0.500000  0.540000   -0.0000042984436068
0.540000  0.540000   -0.0000043802491736
0.580000  0.540000   -0.0000043227433371
0.620000  0.540000   -0.0000041968063226
0.660000  0.540000   -0.0000038031593346
0.700000  0.540000   -0.0000032461693971
0.740000  0.540000   -0.0000024574416740
0.780000  0.540000   -0.0000014508460392
0.820000  0.540000   -0.0000002721834872
-.740000  0.580000   -0.0000001159192636
-.700000  0.580000   -0.0000002218758580
-.660000  0.580000   -0.0000000628445350
-.620000  0.580000    0.0000003318021960
-.580000  0.580000    0.0000005890307416
-.540000  0.580000    0.0000012358906169
-.500000  0.580000    0.0000016157835608
-.460000  0.580000    0.0000019882515665
-.420000  0.580000    0.0000023245965128
-.380000  0.580000    0.0000023599185706
-.340000  0.580000    0.0000026125385697
-.300000  0.580000    0.0000027698039252
-.260000  0.580000    0.0000026750733092
-.220000  0.580000    0.0000026827819338
-.180000  0.580000    0.0000024813871317
-.140000  0.580000    0.0000022231164675
-.100000  0.580000    0.0000020229358837
-.060000  0.580000    0.0000016676734086
-.020000  0.580000    0.0000012690687283
0.020000  0.580000    0.0000008366170186
0.060000  0.580000    0.0000003810120958
0.100000  0.580000   -0.0000000847705859
0.140000  0.580000   -0.0000006938083082
0.180000  0.580000   -0.0000011655545298
0.220000  0.580000   -0.0000016043018319
0.260000  0.580000   -0.0000021953276643
0.300000  0.580000   -0.0000025591235833
0.340000  0.580000   -0.0000030708600469
0.380000  0.580000   -0.0000035056506739
0.420000  0.580000   -0.0000036730775910
0.460000  0.580000   -0.0000039444692185
0.500000  0.580000   -0.0000040962937462
0.540000  0.580000   -0.0000041123227674
0.580000  0.580000   -0.0000040720360850
0.620000  0.580000   -0.0000037566497724
0.660000  0.580000   -0.0000032851628792
0.700000  0.580000   -0.0000025901153155
0.740000  0.580000   -0.0000016705872476
0.780000  0.580000   -0.0000005696204368
-.700000  0.620000   -0.0000002153467856
-.660000  0.620000   -0.0000000772753068
-.620000  0.620000   -0.0000000493806578
-.580000  0.620000    0.0000004060782970
-.540000  0.620000    0.0000006903939610
-.500000  0.620000    0.0000010334910513
-.460000  0.620000    0.0000014089548725
-.420000  0.620000    0.0000017850296753
-.380000  0.620000    0.0000021296167289
-.340000  0.620000    0.0000024125169389
-.300000  0.620000    0.0000026090017797
-.260000  0.620000    0.0000025233226227
-.220000  0.620000    0.0000025767434386
-.180000  0.620000    0.0000023842799015
-.140000  0.620000    0.0000021342714925
-.100000  0.620000    0.0000018344686257
-.060000  0.620000    0.0000016422848104
-.020000  0.620000    0.0000012572046911
0.020000  0.620000    0.0000008395555339
0.060000  0.620000    0.0000004009743523
0.100000  0.620000   -0.0000002071990141
0.140000  0.620000   -0.0000006669624508
0.180000  0.620000   -0.0000011121209366
0.220000  0.620000   -0.0000015237254090
0.260000  0.620000   -0.0000021085957944
0.300000  0.620000   -0.0000024382484873
0.340000  0.620000   -0.0000029272584384
0.380000  0.620000   -0.0000033298064328
0.420000  0.620000   -0.0000036320268064
0.460000  0.620000   -0.0000038216093296
0.500000  0.620000   -0.0000038824895056
0.540000  0.620000   -0.0000038003387965
0.580000  0.620000   -0.0000035558599109
0.620000  0.620000   -0.0000031743863868
0.660000  0.620000   -0.0000025407748187
0.700000  0.620000   -0.0000017552281472
0.740000  0.620000   -0.0000007334706144
0.780000  0.620000    0.0000004080568543
-.700000  0.660000   -0.0000000159323764
-.660000  0.660000   -0.0000002789727970
-.620000  0.660000   -0.0000000603010229
-.580000  0.660000    0.0000000023275655
-.540000  0.660000    0.0000004975201118
-.500000  0.660000    0.0000008023807248
-.460000  0.660000    0.0000011541808125
-.420000  0.660000    0.0000015229912834
-.380000  0.660000    0.0000018757202900
-.340000  0.660000    0.0000021811099600
-.300000  0.660000    0.0000021395198804
-.260000  0.660000    0.0000023414418109
-.220000  0.660000    0.0000022052910747
-.180000  0.660000    0.0000022640598700
-.140000  0.660000    0.0000020309382253
-.100000  0.660000    0.0000017469339807
-.060000  0.660000    0.0000014208211139
-.020000  0.660000    0.0000010596133479
0.020000  0.660000    0.0000006680860509
0.060000  0.660000    0.0000002541199727
0.100000  0.660000   -0.0000001719746580
0.140000  0.660000   -0.0000005970432975
0.180000  0.660000   -0.0000010051856599
0.220000  0.660000   -0.0000015952903654
0.260000  0.660000   -0.0000019453977303
0.300000  0.660000   -0.0000024473194984
0.340000  0.660000   -0.0000026797985506
0.380000  0.660000   -0.0000030374033873
0.420000  0.660000   -0.0000032835789418
0.460000  0.660000   -0.0000034042541065
0.500000  0.660000   -0.0000033833417126
0.540000  0.660000   -0.0000032027345570
0.580000  0.660000   -0.0000029176151284
0.620000  0.660000   -0.0000023556995583
0.660000  0.660000   -0.0000016826280261
0.700000  0.660000   -0.0000007840263306
0.740000  0.660000    0.0000003725703012
-.660000  0.700000   -0.0000000820341403
-.620000  0.700000   -0.0000002841821568
-.580000  0.700000   -0.0000002338776188
-.540000  0.700000    0.0000000894704582
-.500000  0.700000    0.0000002842773390
-.460000  0.700000    0.0000005625332388
-.420000  0.700000    0.0000012622904329
-.380000  0.700000    0.0000012573917225
-.340000  0.700000    0.0000016052212384
-.300000  0.700000    0.0000019081774991
-.260000  0.700000    0.0000018230510052
-.220000  0.700000    0.0000020253808162
-.180000  0.700000    0.0000018569700579
-.140000  0.700000    0.0000019206403399
-.100000  0.700000    0.0000016622583459
-.060000  0.700000    0.0000013626357365
-.020000  0.700000    0.0000010303935532
0.020000  0.700000    0.0000006714848309
0.060000  0.700000    0.0000002940657796
0.100000  0.700000   -0.0000000912055358
0.140000  0.700000   -0.0000004717860399
0.180000  0.700000   -0.0000010600530201
0.220000  0.700000   -0.0000014001853032
0.260000  0.700000   -0.0000019065409515
0.300000  0.700000   -0.0000021530818716
0.340000  0.700000   -0.0000025247293757
0.380000  0.700000   -0.0000027895569775
0.420000  0.700000   -0.0000027831885793
0.460000  0.700000   -0.0000029487467306
0.500000  0.700000   -0.0000028151314133
0.540000  0.700000   -0.0000025135321127
0.580000  0.700000   -0.0000020938277698
0.620000  0.700000   -0.0000014601939525
0.660000  0.700000   -0.0000006693859855
0.700000  0.700000    0.0000003078714521
-.620000  0.740000   -0.0000000838066792
-.580000  0.740000   -0.0000002286588390
-.540000  0.740000   -0.0000001381478640
-.500000  0.740000   -0.0000000884927656
-.460000  0.740000    0.0000004191369560
-.420000  0.740000    0.0000007060432352
-.380000  0.740000    0.0000010328134563
-.340000  0.740000    0.0000013664180195
-.300000  0.740000    0.0000013195405950
-.260000  0.740000    0.0000016151314131
-.220000  0.740000    0.0000015040129113
-.180000  0.740000    0.0000017038065707
-.140000  0.740000    0.0000015171775949
-.100000  0.740000    0.0000012915997990
-.060000  0.740000    0.0000013262548642
-.020000  0.740000    0.0000010314672304
0.020000  0.740000    0.0000007140397828
0.060000  0.740000    0.0000003824624631
0.100000  0.740000   -0.0000002053123167
0.140000  0.740000   -0.0000005311314680
0.180000  0.740000   -0.0000008382999885
0.220000  0.740000   -0.0000013415172760
0.260000  0.740000   -0.0000015731008772
0.300000  0.740000   -0.0000019513215280
0.340000  0.740000   -0.0000020438839728
0.380000  0.740000   -0.0000022364078450
0.420000  0.740000   -0.0000022970747600
0.460000  0.740000   -0.0000022100187108
0.500000  0.740000   -0.0000020702723981
0.540000  0.740000   -0.0000016320389585
0.580000  0.740000   -0.0000010810338771
0.620000  0.740000   -0.0000003889406427
0.660000  0.740000    0.0000005148485345
-.580000  0.780000   -0.0000000517494792
-.540000  0.780000   -0.0000002700526495
-.500000  0.780000   -0.0000002271283063
-.460000  0.780000    0.0000000764669796
-.420000  0.780000    0.0000002581032823
-.380000  0.780000    0.0000005139314082
-.340000  0.780000    0.0000008152754778
-.300000  0.780000    0.0000011285498011
-.260000  0.780000    0.0000010597091757
-.220000  0.780000    0.0000013425472870
-.180000  0.780000    0.0000012197235037
-.140000  0.780000    0.0000014174415273
-.100000  0.780000    0.0000012296701009
-.060000  0.780000    0.0000010117477601
-.020000  0.780000    0.0000007709651988
0.020000  0.780000    0.0000005129606886
0.060000  0.780000    0.0000002449254401
0.100000  0.780000   -0.0000000241159472
0.140000  0.780000   -0.0000002825006671
0.180000  0.780000   -0.0000007766926039
0.220000  0.780000   -0.0000009713965546
0.260000  0.780000   -0.0000013470843794
0.300000  0.780000   -0.0000014214263462
0.340000  0.780000   -0.0000016231326297
0.380000  0.780000   -0.0000016994190685
0.420000  0.780000   -0.0000016359463060
0.460000  0.780000   -0.0000014137092063
0.500000  0.780000   -0.0000011515968271
0.540000  0.780000   -0.0000006729386558
0.580000  0.780000   -0.0000000670307725
0.620000  0.780000    0.0000006174260997
-.500000  0.820000   -0.0000002189677035
-.460000  0.820000   -0.0000002356391299
-.420000  0.820000   -0.0000002655106479
-.380000  0.820000    0.0000001546560370
-.340000  0.820000    0.0000003766144859
-.300000  0.820000    0.0000006474629136
-.260000  0.820000    0.0000005669842119
-.220000  0.820000    0.0000008619152571
-.180000  0.820000    0.0000007560797757
-.140000  0.820000    0.0000010112069904
-.100000  0.820000    0.0000008654102683
-.060000  0.820000    0.0000007007483803
-.020000  0.820000    0.0000005220397396
0.020000  0.820000    0.0000003333696693
0.060000  0.820000    0.0000001403304000
0.100000  0.820000   -0.0000000484962210
0.140000  0.820000   -0.0000002218677553
0.180000  0.820000   -0.0000006325751234
0.220000  0.820000   -0.0000007298250744
0.260000  0.820000   -0.0000010053766859
0.300000  0.820000   -0.0000009667726061
0.340000  0.820000   -0.0000010493156771
0.380000  0.820000   -0.0000009975601309
0.420000  0.820000   -0.0000009610813423
0.460000  0.820000   -0.0000005851170987
0.500000  0.820000   -0.0000001524825791
0.540000  0.820000    0.0000002634387120
-.460000  0.860000   -0.0000002309289960
-.420000  0.860000   -0.0000003181908307
-.380000  0.860000   -0.0000001983636672
-.340000  0.860000   -0.0000001445971912
-.300000  0.860000    0.0000000071315839
-.260000  0.860000    0.0000002289597697
-.220000  0.860000    0.0000004898125125
-.180000  0.860000    0.0000003973226156
-.140000  0.860000    0.0000006716996664
-.100000  0.860000    0.0000005676661174
-.060000  0.860000    0.0000004554631200
-.020000  0.860000    0.0000003392603504
0.020000  0.860000    0.0000002226398796
0.060000  0.860000    0.0000001107332914
0.100000  0.860000    0.0000000113742535
0.140000  0.860000   -0.0000000650202287
0.180000  0.860000   -0.0000003814967019
0.220000  0.860000   -0.0000003645160590
0.260000  0.860000   -0.0000005288154790
0.300000  0.860000   -0.0000005834931065
0.340000  0.860000   -0.0000005151437871
0.380000  0.860000   -0.0000003053705213
0.420000  0.860000   -0.0000001110194309
0.460000  0.860000    0.0000001469677325
0.500000  0.860000    0.0000006144945639
-.380000  0.900000   -0.0000002780401269
-.340000  0.900000   -0.0000004001078080
-.300000  0.900000   -0.0000002319311099
-.260000  0.900000   -0.0000001572705403
-.220000  0.900000    0.0000000041416747
-.180000  0.900000    0.0000002243420439
-.140000  0.900000    0.0000001408201685
-.100000  0.900000    0.0000004085500422
-.060000  0.900000    0.0000003440463433
-.020000  0.900000    0.0000002860106499
0.020000  0.900000    0.0000002391639041
0.060000  0.900000    0.0000002084098494
0.100000  0.900000    0.0000002011063662
0.140000  0.900000   -0.0000000615378305
0.180000  0.900000    0.0000000206284045
0.220000  0.900000   -0.0000000983200487
0.260000  0.900000   -0.0000001142477856
0.300000  0.900000   -0.0000000113406868
0.340000  0.900000    0.0000000254870325
0.380000  0.900000    0.0000002769239378
0.420000  0.900000    0.0000005906377985
-.300000  0.940000   -0.0000002116797601
-.260000  0.940000   -0.0000003823700022
-.220000  0.940000   -0.0000002500173051
-.180000  0.940000   -0.0000001859454884
-.140000  0.940000   -0.0000000334695464
-.100000  0.940000   -0.0000001077229637
-.060000  0.940000    0.0000001466889966
-.020000  0.940000    0.0000001375767983
0.020000  0.940000    0.0000001576097788
0.060000  0.940000    0.0000002103956072
0.100000  0.940000    0.0000000253391561
0.140000  0.940000    0.0000001745152364
0.180000  0.940000    0.0000001322048122
0.220000  0.940000    0.0000001943703811
0.260000  0.940000    0.0000001723286902
0.300000  0.940000    0.0000003825330877
0.340000  0.940000    0.0000005960549540
-.180000  0.980000   -0.0000001005334787
-.140000  0.980000   -0.0000002252891182
-.100000  0.980000   -0.0000002731231681
-.060000  0.980000   -0.0000001769326533
-.020000  0.980000    0.0000000203206907
0.020000  0.980000    0.0000000815692301
0.060000  0.980000   -0.0000000014512183
0.100000  0.980000    0.0000000090706319
0.140000  0.980000    0.0000001525406543
0.180000  0.980000    0.0000002334875900
