-.180000  -.980000    0.0000090935655228
-.140000  -.980000    0.0000591907166986
-.100000  -.980000    0.0000834649124078
-.060000  -.980000    0.0000982217663173
-.020000  -.980000    0.0001077069232480
0.020000  -.980000    0.0001157782407519
0.060000  -.980000    0.0001221972763209
0.100000  -.980000    0.0001241245684235
0.140000  -.980000    0.0001205478656154
0.180000  -.980000    0.0001101404265041
-.300000  -.940000    0.0000245870103878
-.260000  -.940000    0.0000669195019174
-.220000  -.940000    0.0000914689200063
-.180000  -.940000    0.0001117216112701
-.140000  -.940000    0.0001276258052824
-.100000  -.940000    0.0001426320063264
-.060000  -.940000    0.0001529216083592
-.020000  -.940000    0.0001628313549291
0.020000  -.940000    0.0001704674353034
0.060000  -.940000    0.0001759488633078
0.100000  -.940000    0.0001801421124151
0.140000  -.940000    0.0001811328524816
0.180000  -.940000    0.0001802047520127
0.220000  -.940000    0.0001761922182345
0.260000  -.940000    0.0001685723854936
0.300000  -.940000    0.0001547935467140
0.340000  -.940000    0.0001147278083730
-.380000  -.900000    0.0000320885969249
-.340000  -.900000    0.0000714208373581
-.300000  -.900000    0.0000973419691327
-.260000  -.900000    0.0001198516185283
-.220000  -.900000    0.0001384366382582
-.180000  -.900000    0.0001542594112972
-.140000  -.900000    0.0001697441617981
-.100000  -.900000    0.0001814369946425
-.060000  -.900000    0.0001928549219796
-.020000  -.900000    0.0002023710135739
0.020000  -.900000    0.0002101153302137
0.060000  -.900000    0.0002161603310467
0.100000  -.900000    0.0002205231167861
0.140000  -.900000    0.0002230977714601
0.180000  -.900000    0.0002238626486851
0.220000  -.900000    0.0002222604071503
0.260000  -.900000    0.0002182693827142
0.300000  -.900000    0.0002116245180336
0.340000  -.900000    0.0002008443538866
0.380000  -.900000    0.0001853680988063
0.420000  -.900000    0.0001579015269252
-.460000  -.860000    0.0000153503314988
-.420000  -.860000    0.0000598441899951
-.380000  -.860000    0.0000902131269044
-.340000  -.860000    0.0001162338801450
-.300000  -.860000    0.0001379436808493
-.260000  -.860000    0.0001566886764910
-.220000  -.860000    0.0001732065766098
-.180000  -.860000    0.0001895642241159
-.140000  -.860000    0.0002025434159033
-.100000  -.860000    0.0002152598244269
-.060000  -.860000    0.0002262273501684
-.020000  -.860000    0.0002355734804005
0.020000  -.860000    0.0002433949505040
0.060000  -.860000    0.0002497533247312
0.100000  -.860000    0.0002546747216002
0.140000  -.860000    0.0002581437343348
0.180000  -.860000    0.0002592436961502
0.220000  -.860000    0.0002595740402216
0.260000  -.860000    0.0002569669998310
0.300000  -.860000    0.0002522484348569
0.340000  -.860000    0.0002452894645588
0.380000  -.860000    0.0002357190386695
0.420000  -.860000    0.0002211409471766
0.460000  -.860000    0.0002000152873182
0.500000  -.860000    0.0001635645614626
-.500000  -.820000    0.0000349497597586
-.460000  -.820000    0.0000730804763892
-.420000  -.820000    0.0001039805564362
-.380000  -.820000    0.0001267563277525
-.340000  -.820000    0.0001488370847333
-.300000  -.820000    0.0001683664730667
-.260000  -.820000    0.0001878030485836
-.220000  -.820000    0.0002034704402560
-.180000  -.820000    0.0002190078520732
-.140000  -.820000    0.0002318177854010
-.100000  -.820000    0.0002442379527342
-.060000  -.820000    0.0002550918229837
-.020000  -.820000    0.0002644803511870
0.020000  -.820000    0.0002724816997691
0.060000  -.820000    0.0002791505983086
0.100000  -.820000    0.0002845173313349
0.140000  -.820000    0.0002885802083179
0.180000  -.820000    0.0002900254683110
0.220000  -.820000    0.0002913098897238
0.260000  -.820000    0.0002893668868823
0.300000  -.820000    0.0002876340354182
0.340000  -.820000    0.0002821592050801
0.380000  -.820000    0.0002745661135224
0.420000  -.820000    0.0002621307871115
0.460000  -.820000    0.0002494177483568
0.500000  -.820000    0.0002304244146502
0.540000  -.820000    0.0002007013815100
-.540000  -.780000    0.0000446752944177
-.500000  -.780000    0.0000806376211214
-.460000  -.780000    0.0001083403431461
-.420000  -.780000    0.0001342276097449
-.380000  -.780000    0.0001569482235373
-.340000  -.780000    0.0001773052930179
-.300000  -.780000    0.0001957775859651
-.260000  -.780000    0.0002143393741313
-.220000  -.780000    0.0002296570716503
-.180000  -.780000    0.0002448380873956
-.140000  -.780000    0.0002576331402639
-.100000  -.780000    0.0002699893869549
-.060000  -.780000    0.0002808932630491
-.020000  -.780000    0.0002904243560995
0.020000  -.780000    0.0002986563472591
0.060000  -.780000    0.0003056377693717
0.100000  -.780000    0.0003113978740953
0.140000  -.780000    0.0003159435887058
0.180000  -.780000    0.0003178218817479
0.220000  -.780000    0.0003197950064965
0.260000  -.780000    0.0003184584801674
0.300000  -.780000    0.0003177381163629
0.340000  -.780000    0.0003131765197608
0.380000  -.780000    0.0003067299528911
0.420000  -.780000    0.0002982986159731
0.460000  -.780000    0.0002876435531747
0.500000  -.780000    0.0002713640612706
0.540000  -.780000    0.0002517803392496
0.580000  -.780000    0.0002244410397519
0.620000  -.780000    0.0001719154630542
-.580000  -.740000    0.0000468016787271
-.540000  -.740000    0.0000823792342706
-.500000  -.740000    0.0001133236056641
-.460000  -.740000    0.0001371492497415
-.420000  -.740000    0.0001607937974441
-.380000  -.740000    0.0001821509499526
-.340000  -.740000    0.0002016640976793
-.300000  -.740000    0.0002213622939519
-.260000  -.740000    0.0002377523217704
-.220000  -.740000    0.0002540806699208
-.180000  -.740000    0.0002679708791639
-.140000  -.740000    0.0002814741227806
-.100000  -.740000    0.0002935260553201
-.060000  -.740000    0.0003042276219256
-.020000  -.740000    0.0003139576771279
0.020000  -.740000    0.0003224414678497
0.060000  -.740000    0.0003297305131190
0.100000  -.740000    0.0003347382658313
0.140000  -.740000    0.0003395382545909
0.180000  -.740000    0.0003432205945035
0.220000  -.740000    0.0003437498618458
0.260000  -.740000    0.0003450529871057
0.300000  -.740000    0.0003425759006092
0.340000  -.740000    0.0003413122328660
0.380000  -.740000    0.0003357721944820
0.420000  -.740000    0.0003284083910151
0.460000  -.740000    0.0003191089640331
0.500000  -.740000    0.0003039912730594
0.540000  -.740000    0.0002901457799882
0.580000  -.740000    0.0002694632912225
0.620000  -.740000    0.0002409751342654
0.660000  -.740000    0.0001965434975857
-.620000  -.700000    0.0000454161160311
-.580000  -.700000    0.0000821684646752
-.540000  -.700000    0.0001112981334595
-.500000  -.700000    0.0001388935272753
-.460000  -.700000    0.0001634491370131
-.420000  -.700000    0.0001833682271641
-.380000  -.700000    0.0002061180699908
-.340000  -.700000    0.0002249709455212
-.300000  -.700000    0.0002424499700552
-.260000  -.700000    0.0002600042817611
-.220000  -.700000    0.0002749516502973
-.180000  -.700000    0.0002896394609998
-.140000  -.700000    0.0003024081708146
-.100000  -.700000    0.0003146056472723
-.060000  -.700000    0.0003254895997506
-.020000  -.700000    0.0003351301846499
0.020000  -.700000    0.0003435937609670
0.060000  -.700000    0.0003509341363355
0.100000  -.700000    0.0003571838871219
0.140000  -.700000    0.0003623611415923
0.180000  -.700000    0.0003647099661427
0.220000  -.700000    0.0003676337703853
0.260000  -.700000    0.0003670279588951
0.300000  -.700000    0.0003676990610723
0.340000  -.700000    0.0003642532800740
0.380000  -.700000    0.0003591269217025
0.420000  -.700000    0.0003559544510252
0.460000  -.700000    0.0003438528502249
0.500000  -.700000    0.0003335822534178
0.540000  -.700000    0.0003212684978081
0.580000  -.700000    0.0003022143125624
0.620000  -.700000    0.0002802710074401
0.660000  -.700000    0.0002502101159359
0.700000  -.700000    0.0002044366642128
-.660000  -.660000    0.0000389613381160
-.620000  -.660000    0.0000750447758303
-.580000  -.660000    0.0001083353171536
-.540000  -.660000    0.0001343569128847
-.500000  -.660000    0.0001602094681936
-.460000  -.660000    0.0001837264209431
-.420000  -.660000    0.0002053529240379
-.380000  -.660000    0.0002253740332283
-.340000  -.660000    0.0002439782062298
-.300000  -.660000    0.0002628528400841
-.260000  -.660000    0.0002788528641931
-.220000  -.660000    0.0002947832405715
-.180000  -.660000    0.0003085537170296
-.140000  -.660000    0.0003219308671981
-.100000  -.660000    0.0003339607733933
-.060000  -.660000    0.0003447275632044
-.020000  -.660000    0.0003543009726596
0.020000  -.660000    0.0003627498956691
0.060000  -.660000    0.0003701306771941
0.100000  -.660000    0.0003764825813691
0.140000  -.660000    0.0003818338006870
0.180000  -.660000    0.0003861849310221
0.220000  -.660000    0.0003874025489413
0.260000  -.660000    0.0003896364400756
0.300000  -.660000    0.0003880771633086
0.340000  -.660000    0.0003881122671787
0.380000  -.660000    0.0003838189313651
0.420000  -.660000    0.0003778862997419
0.460000  -.660000    0.0003702921762541
0.500000  -.660000    0.0003609744010906
0.540000  -.660000    0.0003497711975189
0.580000  -.660000    0.0003318610060577
0.620000  -.660000    0.0003160906269858
0.660000  -.660000    0.0002879334051312
0.700000  -.660000    0.0002560182576065
0.740000  -.660000    0.0002070061779817
-.700000  -.620000    0.0000276759012574
-.660000  -.620000    0.0000666936907325
-.620000  -.620000    0.0001018145493883
-.580000  -.620000    0.0001292916304247
-.540000  -.620000    0.0001564150806519
-.500000  -.620000    0.0001810862908288
-.460000  -.620000    0.0002037903912827
-.420000  -.620000    0.0002248394003535
-.380000  -.620000    0.0002444388870809
-.340000  -.620000    0.0002627283663177
-.300000  -.620000    0.0002797999171283
-.260000  -.620000    0.0002970526077756
-.220000  -.620000    0.0003118163117180
-.180000  -.620000    0.0003264237258907
-.140000  -.620000    0.0003396377789565
-.100000  -.620000    0.0003515412350160
-.060000  -.620000    0.0003624288096276
-.020000  -.620000    0.0003722786906464
0.020000  -.620000    0.0003810184767394
0.060000  -.620000    0.0003887045272352
0.100000  -.620000    0.0003940241150617
0.140000  -.620000    0.0003995230952503
0.180000  -.620000    0.0004040877687471
0.220000  -.620000    0.0004076971744025
0.260000  -.620000    0.0004079574414261
0.300000  -.620000    0.0004095299350602
0.340000  -.620000    0.0004071561609804
0.380000  -.620000    0.0004032006557574
0.420000  -.620000    0.0003976809769496
0.460000  -.620000    0.0003906058624293
0.500000  -.620000    0.0003819435423973
0.540000  -.620000    0.0003716085599627
0.580000  -.620000    0.0003594029657179
0.620000  -.620000    0.0003399207501639
0.660000  -.620000    0.0003230710691000
0.700000  -.620000    0.0002929331803655
0.740000  -.620000    0.0002587684532801
0.780000  -.620000    0.0001901634142252
-.740000  -.580000    0.0000119211445324
-.700000  -.580000    0.0000567500322366
-.660000  -.580000    0.0000917832754364
-.620000  -.580000    0.0001210204994125
-.580000  -.580000    0.0001496087675890
-.540000  -.580000    0.0001728905783858
-.500000  -.580000    0.0001969896803600
-.460000  -.580000    0.0002193502357479
-.420000  -.580000    0.0002401856884716
-.380000  -.580000    0.0002615544243895
-.340000  -.580000    0.0002796098108670
-.300000  -.580000    0.0002964948804951
-.260000  -.580000    0.0003135295235897
-.220000  -.580000    0.0003281815985395
-.180000  -.580000    0.0003426422092933
-.140000  -.580000    0.0003557339983139
-.100000  -.580000    0.0003674830640720
-.060000  -.580000    0.0003784428705388
-.020000  -.580000    0.0003882581821465
0.020000  -.580000    0.0003969987331137
0.060000  -.580000    0.0004047246385738
0.100000  -.580000    0.0004114852137391
0.140000  -.580000    0.0004156271109173
0.180000  -.580000    0.0004203791396935
0.220000  -.580000    0.0004242392712460
0.260000  -.580000    0.0004246414933955
0.300000  -.580000    0.0004266023378606
0.340000  -.580000    0.0004244910936853
0.380000  -.580000    0.0004208521352053
0.420000  -.580000    0.0004197363838028
0.460000  -.580000    0.0004135348151102
0.500000  -.580000    0.0004057354526970
0.540000  -.580000    0.0003962623565292
0.580000  -.580000    0.0003799902805286
0.620000  -.580000    0.0003667306617584
0.660000  -.580000    0.0003457515346790
0.700000  -.580000    0.0003221154503064
0.740000  -.580000    0.0002952993848525
0.780000  -.580000    0.0002533212897165
-.740000  -.540000    0.0000400823767038
-.700000  -.540000    0.0000781803687030
-.660000  -.540000    0.0001095414394639
-.620000  -.540000    0.0001398090363010
-.580000  -.540000    0.0001644297429386
-.540000  -.540000    0.0001898195130678
-.500000  -.540000    0.0002133746969707
-.460000  -.540000    0.0002353395815900
-.420000  -.540000    0.0002558731914681
-.380000  -.540000    0.0002769580785722
-.340000  -.540000    0.0002948323170486
-.300000  -.540000    0.0003115714553196
-.260000  -.540000    0.0003284549756152
-.220000  -.540000    0.0003430120544349
-.180000  -.540000    0.0003573680838948
-.140000  -.540000    0.0003699724901621
-.100000  -.540000    0.0003820858983118
-.060000  -.540000    0.0003929987362644
-.020000  -.540000    0.0004027894843342
0.020000  -.540000    0.0004115297790521
0.060000  -.540000    0.0004192919959947
0.100000  -.540000    0.0004261298683491
0.140000  -.540000    0.0004320765958641
0.180000  -.540000    0.0004352134972882
0.220000  -.540000    0.0004393010189916
0.260000  -.540000    0.0004398574688469
0.300000  -.540000    0.0004421655157567
0.340000  -.540000    0.0004403215880071
0.380000  -.540000    0.0004369989387342
0.420000  -.540000    0.0004364400538799
0.460000  -.540000    0.0004306990115952
0.500000  -.540000    0.0004234417441535
0.540000  -.540000    0.0004146036064093
0.580000  -.540000    0.0004040635557128
0.620000  -.540000    0.0003863654792182
0.660000  -.540000    0.0003719177531706
0.700000  -.540000    0.0003494237233019
0.740000  -.540000    0.0003240261500379
0.780000  -.540000    0.0002893945017336
0.820000  -.540000    0.0002387117279065
-.780000  -.500000    0.0000205166441372
-.740000  -.500000    0.0000633386284051
-.700000  -.500000    0.0000976745984060
-.660000  -.500000    0.0001269711956097
-.620000  -.500000    0.0001560254006746
-.580000  -.500000    0.0001799023469311
-.540000  -.500000    0.0002047535295737
-.500000  -.500000    0.0002279243963907
-.460000  -.500000    0.0002495998367956
-.420000  -.500000    0.0002699096631386
-.380000  -.500000    0.0002908108779632
-.340000  -.500000    0.0003085467109361
-.300000  -.500000    0.0003251652576872
-.260000  -.500000    0.0003419603961156
-.220000  -.500000    0.0003564244026147
-.180000  -.500000    0.0003707197546212
-.140000  -.500000    0.0003832609106405
-.100000  -.500000    0.0003953318796417
-.060000  -.500000    0.0004062096992849
-.020000  -.500000    0.0004159816354106
0.020000  -.500000    0.0004247243371843
0.060000  -.500000    0.0004325184409538
0.100000  -.500000    0.0004394270466222
0.140000  -.500000    0.0004454893513418
0.180000  -.500000    0.0004487081340735
0.220000  -.500000    0.0004530088078315
0.260000  -.500000    0.0004537372114885
0.300000  -.500000    0.0004563637436272
0.340000  -.500000    0.0004547970201822
0.380000  -.500000    0.0004518027736758
0.420000  -.500000    0.0004517219073267
0.460000  -.500000    0.0004464241567989
0.500000  -.500000    0.0004396673358306
0.540000  -.500000    0.0004313966400950
0.580000  -.500000    0.0004215170287039
0.620000  -.500000    0.0004043250152226
0.660000  -.500000    0.0003908084806699
0.700000  -.500000    0.0003690250371254
0.740000  -.500000    0.0003446601197473
0.780000  -.500000    0.0003174477190567
0.820000  -.500000    0.0002801183726681
0.860000  -.500000    0.0002069269206626
-.780000  -.460000    0.0000417516334553
-.740000  -.460000    0.0000793912440362
-.700000  -.460000    0.0001139702242144
-.660000  -.460000    0.0001418884343275
-.620000  -.460000    0.0001701088657364
-.580000  -.460000    0.0001934545194104
-.540000  -.460000    0.0002179245706573
-.500000  -.460000    0.0002408150515181
-.460000  -.460000    0.0002622767849035
-.420000  -.460000    0.0002824187539467
-.380000  -.460000    0.0003032261860334
-.340000  -.460000    0.0003208531596114
-.300000  -.460000    0.0003373710466883
-.260000  -.460000    0.0003541346407769
-.220000  -.460000    0.0003685183852631
-.180000  -.460000    0.0003827895427424
-.140000  -.460000    0.0003952581658399
-.100000  -.460000    0.0004073086487938
-.060000  -.460000    0.0004181662986459
-.020000  -.460000    0.0004279235139742
0.020000  -.460000    0.0004366688686009
0.060000  -.460000    0.0004444922209266
0.100000  -.460000    0.0004514672921406
0.140000  -.460000    0.0004576411447824
0.180000  -.460000    0.0004609566034159
0.220000  -.460000    0.0004654635739447
0.260000  -.460000    0.0004663830288470
0.300000  -.460000    0.0004693087099023
0.340000  -.460000    0.0004680332692214
0.380000  -.460000    0.0004653824928968
0.420000  -.460000    0.0004657131459675
0.460000  -.460000    0.0004608474809088
0.500000  -.460000    0.0004545700367261
0.540000  -.460000    0.0004468312781198
0.580000  -.460000    0.0004375386509585
0.620000  -.460000    0.0004209011710426
0.660000  -.460000    0.0004081277453947
0.700000  -.460000    0.0003869527524139
0.740000  -.460000    0.0003699409012864
0.780000  -.460000    0.0003436955569626
0.820000  -.460000    0.0003078588196060
0.860000  -.460000    0.0002555753129432
-.820000  -.420000    0.0000184686184867
-.780000  -.420000    0.0000598664837467
-.740000  -.420000    0.0000946807173369
-.700000  -.420000    0.0001247042858605
-.660000  -.420000    0.0001546972124602
-.620000  -.420000    0.0001823326128595
-.580000  -.420000    0.0002052819874841
-.540000  -.420000    0.0002294770618417
-.500000  -.420000    0.0002521666638827
-.460000  -.420000    0.0002734726877834
-.420000  -.420000    0.0002934880251138
-.380000  -.420000    0.0003142794256095
-.340000  -.420000    0.0003318220064520
-.300000  -.420000    0.0003482621468223
-.260000  -.420000    0.0003650477489494
-.220000  -.420000    0.0003793569249576
-.180000  -.420000    0.0003936409226298
-.140000  -.420000    0.0004060377862928
-.100000  -.420000    0.0004180894967279
-.060000  -.420000    0.0004289396758519
-.020000  -.420000    0.0004386854918268
0.020000  -.420000    0.0004474333740936
0.060000  -.420000    0.0004552832064262
0.100000  -.420000    0.0004623234551151
0.140000  -.420000    0.0004686094255924
0.180000  -.420000    0.0004720361292901
0.220000  -.420000    0.0004767482910328
0.260000  -.420000    0.0004778795010945
0.300000  -.420000    0.0004810897436279
0.340000  -.420000    0.0004801242420899
0.380000  -.420000    0.0004778314198416
0.420000  -.420000    0.0004785150896185
0.460000  -.420000    0.0004740732931429
0.500000  -.420000    0.0004682592589060
0.540000  -.420000    0.0004610202051856
0.580000  -.420000    0.0004522667404312
0.620000  -.420000    0.0004362589637102
0.660000  -.420000    0.0004241127698407
0.700000  -.420000    0.0004099411540094
0.740000  -.420000    0.0003874458192531
0.780000  -.420000    0.0003621507718907
0.820000  -.420000    0.0003271022069727
0.860000  -.420000    0.0002887377117835
0.900000  -.420000    0.0002192457176871
-.820000  -.380000    0.0000354302803967
-.780000  -.380000    0.0000745518648064
-.740000  -.380000    0.0001073830274267
-.700000  -.380000    0.0001393542311453
-.660000  -.380000    0.0001656527915008
-.620000  -.380000    0.0001928812480453
-.580000  -.380000    0.0002182972429421
-.540000  -.380000    0.0002421260871986
-.500000  -.380000    0.0002645150171335
-.460000  -.380000    0.0002855745001964
-.420000  -.380000    0.0003053885810373
-.380000  -.380000    0.0003240155771045
-.340000  -.380000    0.0003415000513124
-.300000  -.380000    0.0003578803072450
-.260000  -.380000    0.0003747419042719
-.220000  -.380000    0.0003889908821546
-.180000  -.380000    0.0004033300442281
-.140000  -.380000    0.0004156544532897
-.100000  -.380000    0.0004277293566342
-.060000  -.380000    0.0004385849993476
-.020000  -.380000    0.0004483247243078
0.020000  -.380000    0.0004570736745986
0.060000  -.380000    0.0004649470402173
0.100000  -.380000    0.0004720562058964
0.140000  -.380000    0.0004784588218389
0.180000  -.380000    0.0004820123540745
0.220000  -.380000    0.0004869366302395
0.260000  -.380000    0.0004883014332600
0.300000  -.380000    0.0004917858184219
0.340000  -.380000    0.0004911418090691
0.380000  -.380000    0.0004892248222856
0.420000  -.380000    0.0004860422277329
0.460000  -.380000    0.0004815963113462
0.500000  -.380000    0.0004758713092633
0.540000  -.380000    0.0004688302962942
0.580000  -.380000    0.0004604040874854
0.620000  -.380000    0.0004504787917851
0.660000  -.380000    0.0004388770121159
0.700000  -.380000    0.0004189978043695
0.740000  -.380000    0.0004035625778574
0.780000  -.380000    0.0003790308031044
0.820000  -.380000    0.0003515918917117
0.860000  -.380000    0.0003140489891507
0.900000  -.380000    0.0002593415050144
-.860000  -.340000    0.0000064358414483
-.820000  -.340000    0.0000498854977187
-.780000  -.340000    0.0000864803897495
-.740000  -.340000    0.0001179029554861
-.700000  -.340000    0.0001491184009079
-.660000  -.340000    0.0001749139491367
-.620000  -.340000    0.0002018587818030
-.580000  -.340000    0.0002270901867377
-.540000  -.340000    0.0002507939879014
-.500000  -.340000    0.0002731017969841
-.460000  -.340000    0.0002941031292283
-.420000  -.340000    0.0003138692549969
-.380000  -.340000    0.0003324564395880
-.340000  -.340000    0.0003499054385099
-.300000  -.340000    0.0003680203540932
-.260000  -.340000    0.0003832451269570
-.220000  -.340000    0.0003974479474197
-.180000  -.340000    0.0004118913944605
-.140000  -.340000    0.0004241482991027
-.100000  -.340000    0.0004362753627738
-.060000  -.340000    0.0004471495903538
-.020000  -.340000    0.0004568889797765
0.020000  -.340000    0.0004656373720946
0.060000  -.340000    0.0004735348749977
0.100000  -.340000    0.0004807172173842
0.140000  -.340000    0.0004872478096436
0.180000  -.340000    0.0004909465810866
0.220000  -.340000    0.0004960931939463
0.260000  -.340000    0.0004977150330727
0.300000  -.340000    0.0004980470864336
0.340000  -.340000    0.0005011538554131
0.380000  -.340000    0.0004996188918216
0.420000  -.340000    0.0004968541538455
0.460000  -.340000    0.0004928540365791
0.500000  -.340000    0.0004875883872699
0.540000  -.340000    0.0004810133862606
0.580000  -.340000    0.0004730513937683
0.620000  -.340000    0.0004635915543031
0.660000  -.340000    0.0004524664605932
0.700000  -.340000    0.0004333412645000
0.740000  -.340000    0.0004184221566557
0.780000  -.340000    0.0003946069429128
0.820000  -.340000    0.0003679561542236
0.860000  -.340000    0.0003311949874503
0.900000  -.340000    0.0002840208231712
0.940000  -.340000    0.0001734395676953
-.860000  -.300000    0.0000210621949529
-.820000  -.300000    0.0000613552627977
-.780000  -.300000    0.0000960999622023
-.740000  -.300000    0.0001296007107486
-.700000  -.300000    0.0001571820977740
-.660000  -.300000    0.0001856397264648
-.620000  -.300000    0.0002093252440419
-.580000  -.300000    0.0002344395590546
-.540000  -.300000    0.0002580673680957
-.500000  -.300000    0.0002803225583587
-.460000  -.300000    0.0003012933829277
-.420000  -.300000    0.0003210393662505
-.380000  -.300000    0.0003396083673840
-.340000  -.300000    0.0003590791196884
-.300000  -.300000    0.0003753532395362
-.260000  -.300000    0.0003905647205990
-.220000  -.300000    0.0004047389515914
-.180000  -.300000    0.0004193433469415
-.140000  -.300000    0.0004315450672863
-.100000  -.300000    0.0004437609024511
-.060000  -.300000    0.0004546747129607
-.020000  -.300000    0.0004644175297613
0.020000  -.300000    0.0004731601423053
0.060000  -.300000    0.0004810871682583
0.100000  -.300000    0.0004883522179451
0.140000  -.300000    0.0004950312485931
0.180000  -.300000    0.0004988968572290
0.220000  -.300000    0.0005042824377308
0.260000  -.300000    0.0005061865968686
0.300000  -.300000    0.0005068733794768
0.340000  -.300000    0.0005063710765828
0.380000  -.300000    0.0005090584800285
0.420000  -.300000    0.0005067069676568
0.460000  -.300000    0.0005031351185081
0.500000  -.300000    0.0004983014457597
0.540000  -.300000    0.0004921583084862
0.580000  -.300000    0.0004846264891510
0.620000  -.300000    0.0004755881996516
0.660000  -.300000    0.0004589639033060
0.700000  -.300000    0.0004465621135727
0.740000  -.300000    0.0004254528699879
0.780000  -.300000    0.0004089690566385
0.820000  -.300000    0.0003830082666046
0.860000  -.300000    0.0003468735117287
0.900000  -.300000    0.0003073509897050
0.940000  -.300000    0.0002429855853148
-.860000  -.260000    0.0000328019493728
-.820000  -.260000    0.0000729576347898
-.780000  -.260000    0.0001067258916871
-.740000  -.260000    0.0001365194417816
-.700000  -.260000    0.0001667396452745
-.660000  -.260000    0.0001918841896179
-.620000  -.260000    0.0002183466024053
-.580000  -.260000    0.0002432270490762
-.540000  -.260000    0.0002666673418268
-.500000  -.260000    0.0002887760553598
-.460000  -.260000    0.0003096296972673
-.420000  -.260000    0.0003292850072000
-.380000  -.260000    0.0003477865542851
-.340000  -.260000    0.0003651691770775
-.300000  -.260000    0.0003814592539502
-.260000  -.260000    0.0003966777390243
-.220000  -.260000    0.0004125738716948
-.180000  -.260000    0.0004256873373997
-.140000  -.260000    0.0004390063776187
-.100000  -.260000    0.0004502085629620
-.060000  -.260000    0.0004611879004141
-.020000  -.260000    0.0004709430679426
0.020000  -.260000    0.0004796804633570
0.060000  -.260000    0.0004876354887206
0.100000  -.260000    0.0004950046620182
0.140000  -.260000    0.0004997191404091
0.180000  -.260000    0.0005059241663375
0.220000  -.260000    0.0005086928513410
0.260000  -.260000    0.0005137708998562
0.300000  -.260000    0.0005148145592269
0.340000  -.260000    0.0005147256423552
0.380000  -.260000    0.0005135064697232
0.420000  -.260000    0.0005111486088261
0.460000  -.260000    0.0005076375553087
0.500000  -.260000    0.0005029394530373
0.540000  -.260000    0.0004969821180257
0.580000  -.260000    0.0004896961140531
0.620000  -.260000    0.0004809872318385
0.660000  -.260000    0.0004706971499480
0.700000  -.260000    0.0004520977498179
0.740000  -.260000    0.0004383106441357
0.780000  -.260000    0.0004152900935589
0.820000  -.260000    0.0003896735527701
0.860000  -.260000    0.0003613909958516
0.900000  -.260000    0.0003224617979610
0.940000  -.260000    0.0002657620120850
-.860000  -.220000    0.0000417473574062
-.820000  -.220000    0.0000798945114055
-.780000  -.220000    0.0001125932196584
-.740000  -.220000    0.0001449356367907
-.700000  -.220000    0.0001717572332251
-.660000  -.220000    0.0001997188935588
-.620000  -.220000    0.0002230394604353
-.580000  -.220000    0.0002478983430073
-.540000  -.220000    0.0002713415438203
-.500000  -.220000    0.0002934617285455
-.460000  -.220000    0.0003143355371661
-.420000  -.220000    0.0003340193467397
-.380000  -.220000    0.0003525551783707
-.340000  -.220000    0.0003699720667605
-.300000  -.220000    0.0003862934533999
-.260000  -.220000    0.0004036096256791
-.220000  -.220000    0.0004177672115048
-.180000  -.220000    0.0004308975663925
-.140000  -.220000    0.0004444750119557
-.100000  -.220000    0.0004556237690154
-.060000  -.220000    0.0004667185348077
-.020000  -.220000    0.0004764937771610
0.020000  -.220000    0.0004852168261487
0.060000  -.220000    0.0004932150879388
0.100000  -.220000    0.0005007258703784
0.140000  -.220000    0.0005056017345698
0.180000  -.220000    0.0005120975439238
0.220000  -.220000    0.0005151883414537
0.260000  -.220000    0.0005171545309736
0.300000  -.220000    0.0005219433993437
0.340000  -.220000    0.0005222642898647
0.380000  -.220000    0.0005214780586164
0.420000  -.220000    0.0005195634171602
0.460000  -.220000    0.0005164668131526
0.500000  -.220000    0.0005121265412138
0.540000  -.220000    0.0005065531699297
0.580000  -.220000    0.0004996317801012
0.620000  -.220000    0.0004912369413973
0.660000  -.220000    0.0004751867924537
0.700000  -.220000    0.0004635662171312
0.740000  -.220000    0.0004431050003993
0.780000  -.220000    0.0004276826176521
0.820000  -.220000    0.0004026498210353
0.860000  -.220000    0.0003747743643594
0.900000  -.220000    0.0003363420427996
0.940000  -.220000    0.0002870439472936
-.900000  -.180000    0.0000059083004487
-.860000  -.180000    0.0000504035611387
-.820000  -.180000    0.0000877176687072
-.780000  -.180000    0.0001198692704337
-.740000  -.180000    0.0001487397311055
-.700000  -.180000    0.0001784198384451
-.660000  -.180000    0.0002031709431993
-.620000  -.180000    0.0002293934912268
-.580000  -.180000    0.0002541086830673
-.540000  -.180000    0.0002774427552725
-.500000  -.180000    0.0002994822635297
-.460000  -.180000    0.0003202987598566
-.420000  -.180000    0.0003399455694754
-.380000  -.180000    0.0003584643177332
-.340000  -.180000    0.0003758834454580
-.300000  -.180000    0.0003922255650223
-.260000  -.180000    0.0004075020997035
-.220000  -.180000    0.0004217230649807
-.180000  -.180000    0.0004367676671438
-.140000  -.180000    0.0004488568161409
-.100000  -.180000    0.0004599909554604
-.060000  -.180000    0.0004712739246009
-.020000  -.180000    0.0004810954079948
0.020000  -.180000    0.0004898002309524
0.060000  -.180000    0.0004978537057389
0.100000  -.180000    0.0005055705803008
0.140000  -.180000    0.0005106595913071
0.180000  -.180000    0.0005145356556475
0.220000  -.180000    0.0005209440320281
0.260000  -.180000    0.0005233259835149
0.300000  -.180000    0.0005246750179590
0.340000  -.180000    0.0005249549299027
0.380000  -.180000    0.0005241577174261
0.420000  -.180000    0.0005222627888196
0.460000  -.180000    0.0005193087103586
0.500000  -.180000    0.0005152322427854
0.540000  -.180000    0.0005097814834122
0.580000  -.180000    0.0005030583229283
0.620000  -.180000    0.0004949161336730
0.660000  -.180000    0.0004852070158576
0.700000  -.180000    0.0004673282446355
0.740000  -.180000    0.0004542025781279
0.780000  -.180000    0.0004318969922055
0.820000  -.180000    0.0004069982097667
0.860000  -.180000    0.0003795702241955
0.900000  -.180000    0.0003490715582582
0.940000  -.180000    0.0003001633116433
0.980000  -.180000    0.0002112129659677
-.900000  -.140000    0.0000130335060187
-.860000  -.140000    0.0000549191407983
-.820000  -.140000    0.0000909811661402
-.780000  -.140000    0.0001225026830045
-.740000  -.140000    0.0001542199630817
-.700000  -.140000    0.0001806019408958
-.660000  -.140000    0.0002083331874228
-.620000  -.140000    0.0002344222408044
-.580000  -.140000    0.0002590402254486
-.540000  -.140000    0.0002795314902940
-.500000  -.140000    0.0003016270669633
-.460000  -.140000    0.0003224997484231
-.420000  -.140000    0.0003421997659226
-.380000  -.140000    0.0003607739699880
-.340000  -.140000    0.0003782525385509
-.300000  -.140000    0.0003946590436887
-.260000  -.140000    0.0004123591738414
-.220000  -.140000    0.0004266408374120
-.180000  -.140000    0.0004398728267476
-.140000  -.140000    0.0004520555161315
-.100000  -.140000    0.0004647876492705
-.060000  -.140000    0.0004748515277720
-.020000  -.140000    0.0004847658510857
0.020000  -.140000    0.0004934370341188
0.060000  -.140000    0.0005016018650136
0.100000  -.140000    0.0005073768654446
0.140000  -.140000    0.0005150160869056
0.180000  -.140000    0.0005193166765021
0.220000  -.140000    0.0005226109997087
0.260000  -.140000    0.0005249728954040
0.300000  -.140000    0.0005305538329656
0.340000  -.140000    0.0005312604374283
0.380000  -.140000    0.0005309591640604
0.420000  -.140000    0.0005295801257234
0.460000  -.140000    0.0005268117957557
0.500000  -.140000    0.0005228165244007
0.540000  -.140000    0.0005178661271684
0.580000  -.140000    0.0005055343309166
0.620000  -.140000    0.0004976228514636
0.660000  -.140000    0.0004881681655863
0.700000  -.140000    0.0004770076316925
0.740000  -.140000    0.0004573404371690
0.780000  -.140000    0.0004423990911412
0.820000  -.140000    0.0004181044590008
0.860000  -.140000    0.0003909870975369
0.900000  -.140000    0.0003532126536346
0.940000  -.140000    0.0003120516863812
0.980000  -.140000    0.0002381146919461
-.900000  -.100000    0.0000175737616754
-.860000  -.100000    0.0000598625044495
-.820000  -.100000    0.0000955115370259
-.780000  -.100000    0.0001267709472830
-.740000  -.100000    0.0001582940367429
-.700000  -.100000    0.0001845607103683
-.660000  -.100000    0.0002121721027582
-.620000  -.100000    0.0002381730995085
-.580000  -.100000    0.0002598827510336
-.540000  -.100000    0.0002832096596544
-.500000  -.100000    0.0003052638132279
-.460000  -.100000    0.0003261140396453
-.420000  -.100000    0.0003458092186367
-.380000  -.100000    0.0003643979269549
-.340000  -.100000    0.0003819084103622
-.300000  -.100000    0.0003983676578806
-.260000  -.100000    0.0004137906298494
-.220000  -.100000    0.0004281841289823
-.180000  -.100000    0.0004415470832624
-.140000  -.100000    0.0004560995517863
-.100000  -.100000    0.0004672712140411
-.060000  -.100000    0.0004773902850255
-.020000  -.100000    0.0004875259024876
0.020000  -.100000    0.0004961426199279
0.060000  -.100000    0.0005045369293508
0.100000  -.100000    0.0005106113091868
0.140000  -.100000    0.0005156879265122
0.180000  -.100000    0.0005235580251127
0.220000  -.100000    0.0005273637133568
0.260000  -.100000    0.0005301833222344
0.300000  -.100000    0.0005318857225511
0.340000  -.100000    0.0005327838476580
0.380000  -.100000    0.0005323745343952
0.420000  -.100000    0.0005307406001412
0.460000  -.100000    0.0005287018953846
0.500000  -.100000    0.0005248718093459
0.540000  -.100000    0.0005197151239840
0.580000  -.100000    0.0005134613983003
0.620000  -.100000    0.0004994868208596
0.660000  -.100000    0.0004902454189241
0.700000  -.100000    0.0004793182965253
0.740000  -.100000    0.0004595351925690
0.780000  -.100000    0.0004449622233986
0.820000  -.100000    0.0004207311097303
0.860000  -.100000    0.0003938209613007
0.900000  -.100000    0.0003638611280244
0.940000  -.100000    0.0003154239252972
0.980000  -.100000    0.0002491431976716
-.900000  -.060000    0.0000211191406194
-.860000  -.060000    0.0000631313637066
-.820000  -.060000    0.0000985071584084
-.780000  -.060000    0.0001295940864015
-.740000  -.060000    0.0001578357211153
-.700000  -.060000    0.0001871831566094
-.660000  -.060000    0.0002147202365479
-.620000  -.060000    0.0002377223637675
-.580000  -.060000    0.0002623587848126
-.540000  -.060000    0.0002856496843066
-.500000  -.060000    0.0003076808413650
-.460000  -.060000    0.0003285193638372
-.420000  -.060000    0.0003482179017975
-.380000  -.060000    0.0003668213166669
-.340000  -.060000    0.0003843623286466
-.300000  -.060000    0.0004008689433439
-.260000  -.060000    0.0004163611734868
-.220000  -.060000    0.0004308521830223
-.180000  -.060000    0.0004443466401260
-.140000  -.060000    0.0004568325882876
-.100000  -.060000    0.0004682758252577
-.060000  -.060000    0.0004806118890592
-.020000  -.060000    0.0004893940950657
0.020000  -.060000    0.0004979173736446
0.060000  -.060000    0.0005043329740535
0.100000  -.060000    0.0005135114470447
0.140000  -.060000    0.0005192343350850
0.180000  -.060000    0.0005240185490141
0.220000  -.060000    0.0005279900714602
0.260000  -.060000    0.0005306846798844
0.300000  -.060000    0.0005328414815141
0.340000  -.060000    0.0005336464847541
0.380000  -.060000    0.0005333282936280
0.420000  -.060000    0.0005324885149363
0.460000  -.060000    0.0005288087136305
0.500000  -.060000    0.0005263153913983
0.540000  -.060000    0.0005208814138632
0.580000  -.060000    0.0005148207073412
0.620000  -.060000    0.0005070835748858
0.660000  -.060000    0.0004915521922267
0.700000  -.060000    0.0004807861821475
0.740000  -.060000    0.0004681201488555
0.780000  -.060000    0.0004465943345985
0.820000  -.060000    0.0004223939989004
0.860000  -.060000    0.0003956020450646
0.900000  -.060000    0.0003659491734172
0.940000  -.060000    0.0003251048709899
0.980000  -.060000    0.0002586955318906
-.900000  -.020000    0.0000228985183085
-.860000  -.020000    0.0000647581358169
-.820000  -.020000    0.0000999981329964
-.780000  -.020000    0.0001309993960358
-.740000  -.020000    0.0001591903972885
-.700000  -.020000    0.0001884906756128
-.660000  -.020000    0.0002159923828438
-.620000  -.020000    0.0002389801224515
-.580000  -.020000    0.0002635923926365
-.540000  -.020000    0.0002868674293720
-.500000  -.020000    0.0003088898375267
-.460000  -.020000    0.0003297231903049
-.420000  -.020000    0.0003494264229276
-.380000  -.020000    0.0003680370361071
-.340000  -.020000    0.0003855963462011
-.300000  -.020000    0.0004021325080431
-.260000  -.020000    0.0004176705578936
-.220000  -.020000    0.0004322296461879
-.180000  -.020000    0.0004458211713816
-.140000  -.020000    0.0004584547325740
-.100000  -.020000    0.0004701282895620
-.060000  -.020000    0.0004808072184852
-.020000  -.020000    0.0004902691330654
0.020000  -.020000    0.0004988870992609
0.060000  -.020000    0.0005063726195232
0.100000  -.020000    0.0005131928979058
0.140000  -.020000    0.0005191203845461
0.180000  -.020000    0.0005240547150761
0.220000  -.020000    0.0005281562011736
0.260000  -.020000    0.0005308352655885
0.300000  -.020000    0.0005333913989190
0.340000  -.020000    0.0005332797349356
0.380000  -.020000    0.0005340359252154
0.420000  -.020000    0.0005328198961009
0.460000  -.020000    0.0005299090067993
0.500000  -.020000    0.0005265940926544
0.540000  -.020000    0.0005215349084815
0.580000  -.020000    0.0005154560393745
0.620000  -.020000    0.0005077822126360
0.660000  -.020000    0.0004921843448012
0.700000  -.020000    0.0004814996968658
0.740000  -.020000    0.0004689293371027
0.780000  -.020000    0.0004473864439006
0.820000  -.020000    0.0004231978027168
0.860000  -.020000    0.0003964602054660
0.900000  -.020000    0.0003669513483636
0.940000  -.020000    0.0003262665927512
0.980000  -.020000    0.0002667637354403
-.900000  0.020000    0.0000228985183085
-.860000  0.020000    0.0000647581358169
-.820000  0.020000    0.0000999981329964
-.780000  0.020000    0.0001309993960358
-.740000  0.020000    0.0001591903972885
-.700000  0.020000    0.0001884906756128
-.660000  0.020000    0.0002159923828438
-.620000  0.020000    0.0002389801224515
-.580000  0.020000    0.0002635923926365
-.540000  0.020000    0.0002868674293720
-.500000  0.020000    0.0003088898375267
-.460000  0.020000    0.0003297231903049
-.420000  0.020000    0.0003494264229276
-.380000  0.020000    0.0003680370361071
-.340000  0.020000    0.0003855963462011
-.300000  0.020000    0.0004021325080431
-.260000  0.020000    0.0004176705578936
-.220000  0.020000    0.0004322296461879
-.180000  0.020000    0.0004458211713816
-.140000  0.020000    0.0004584547325740
-.100000  0.020000    0.0004701282895620
-.060000  0.020000    0.0004808072184852
-.020000  0.020000    0.0004902691330654
0.020000  0.020000    0.0004988870992609
0.060000  0.020000    0.0005063726195232
0.100000  0.020000    0.0005131928979058
0.140000  0.020000    0.0005191203845461
0.180000  0.020000    0.0005240547150761
0.220000  0.020000    0.0005281562011736
0.260000  0.020000    0.0005308352655885
0.300000  0.020000    0.0005333913989190
0.340000  0.020000    0.0005332797349356
0.380000  0.020000    0.0005340359252154
0.420000  0.020000    0.0005328198961009
0.460000  0.020000    0.0005299090067993
0.500000  0.020000    0.0005265940926544
0.540000  0.020000    0.0005215349084815
0.580000  0.020000    0.0005154560393745
0.620000  0.020000    0.0005077822126360
0.660000  0.020000    0.0004921843448012
0.700000  0.020000    0.0004814996968658
0.740000  0.020000    0.0004689293371027
0.780000  0.020000    0.0004473864439006
0.820000  0.020000    0.0004231978027168
0.860000  0.020000    0.0003964602054660
0.900000  0.020000    0.0003669513483636
0.940000  0.020000    0.0003262665927512
0.980000  0.020000    0.0002667637354403
-.900000  0.060000    0.0000211191406194
-.860000  0.060000    0.0000631313637066
-.820000  0.060000    0.0000985071584084
-.780000  0.060000    0.0001295940864015
-.740000  0.060000    0.0001578357211153
-.700000  0.060000    0.0001871831566094
-.660000  0.060000    0.0002147202365479
-.620000  0.060000    0.0002377223637675
-.580000  0.060000    0.0002623587848126
-.540000  0.060000    0.0002856496843066
-.500000  0.060000    0.0003076808413650
-.460000  0.060000    0.0003285193638372
-.420000  0.060000    0.0003482179017975
-.380000  0.060000    0.0003668213166669
-.340000  0.060000    0.0003843623286466
-.300000  0.060000    0.0004008689433439
-.260000  0.060000    0.0004163611734868
-.220000  0.060000    0.0004308521830223
-.180000  0.060000    0.0004443466401260
-.140000  0.060000    0.0004568325882876
-.100000  0.060000    0.0004682758252577
-.060000  0.060000    0.0004806118890592
-.020000  0.060000    0.0004893940950657
0.020000  0.060000    0.0004979173736446
0.060000  0.060000    0.0005043329740535
0.100000  0.060000    0.0005135114470447
0.140000  0.060000    0.0005192343350850
0.180000  0.060000    0.0005240185490141
0.220000  0.060000    0.0005279900714602
0.260000  0.060000    0.0005306846798844
0.300000  0.060000    0.0005328414815141
0.340000  0.060000    0.0005336464847541
0.380000  0.060000    0.0005333282936280
0.420000  0.060000    0.0005324885149363
0.460000  0.060000    0.0005288087136305
0.500000  0.060000    0.0005263153913983
0.540000  0.060000    0.0005208814138632
0.580000  0.060000    0.0005148207073412
0.620000  0.060000    0.0005070835748858
0.660000  0.060000    0.0004915521922267
0.700000  0.060000    0.0004807861821475
0.740000  0.060000    0.0004681201488555
0.780000  0.060000    0.0004465943345985
0.820000  0.060000    0.0004223939989004
0.860000  0.060000    0.0003956020450646
0.900000  0.060000    0.0003659491734172
0.940000  0.060000    0.0003251048709899
0.980000  0.060000    0.0002586955318906
-.900000  0.100000    0.0000175737616754
-.860000  0.100000    0.0000598625044495
-.820000  0.100000    0.0000955115370259
-.780000  0.100000    0.0001267709472830
-.740000  0.100000    0.0001582940367429
-.700000  0.100000    0.0001845607103683
-.660000  0.100000    0.0002121721027582
-.620000  0.100000    0.0002381730995085
-.580000  0.100000    0.0002598827510336
-.540000  0.100000    0.0002832096596544
-.500000  0.100000    0.0003052638132279
-.460000  0.100000    0.0003261140396453
-.420000  0.100000    0.0003458092186367
-.380000  0.100000    0.0003643979269549
-.340000  0.100000    0.0003819084103622
-.300000  0.100000    0.0003983676578806
-.260000  0.100000    0.0004137906298494
-.220000  0.100000    0.0004281841289823
-.180000  0.100000    0.0004415470832624
-.140000  0.100000    0.0004560995517863
-.100000  0.100000    0.0004672712140411
-.060000  0.100000    0.0004773902850255
-.020000  0.100000    0.0004875259024876
0.020000  0.100000    0.0004961426199279
0.060000  0.100000    0.0005045369293508
0.100000  0.100000    0.0005106113091868
0.140000  0.100000    0.0005156879265122
0.180000  0.100000    0.0005235580251127
0.220000  0.100000    0.0005273637133568
0.260000  0.100000    0.0005301833222344
0.300000  0.100000    0.0005318857225511
0.340000  0.100000    0.0005327838476580
0.380000  0.100000    0.0005323745343952
0.420000  0.100000    0.0005307406001412
0.460000  0.100000    0.0005287018953846
0.500000  0.100000    0.0005248718093459
0.540000  0.100000    0.0005197151239840
0.580000  0.100000    0.0005134613983003
0.620000  0.100000    0.0004994868208596
0.660000  0.100000    0.0004902454189241
0.700000  0.100000    0.0004793182965253
0.740000  0.100000    0.0004595351925690
0.780000  0.100000    0.0004449622233986
0.820000  0.100000    0.0004207311097303
0.860000  0.100000    0.0003938209613007
0.900000  0.100000    0.0003638611280244
0.940000  0.100000    0.0003154239252972
0.980000  0.100000    0.0002491431976716
-.900000  0.140000    0.0000130335060187
-.860000  0.140000    0.0000549191407983
-.820000  0.140000    0.0000909811661402
-.780000  0.140000    0.0001225026830045
-.740000  0.140000    0.0001542199630817
-.700000  0.140000    0.0001806019408958
-.660000  0.140000    0.0002083331874228
-.620000  0.140000    0.0002344222408044
-.580000  0.140000    0.0002590402254486
-.540000  0.140000    0.0002795314902940
-.500000  0.140000    0.0003016270669633
-.460000  0.140000    0.0003224997484231
-.420000  0.140000    0.0003421997659226
-.380000  0.140000    0.0003607739699880
-.340000  0.140000    0.0003782525385509
-.300000  0.140000    0.0003946590436887
-.260000  0.140000    0.0004123591738414
-.220000  0.140000    0.0004266408374120
-.180000  0.140000    0.0004398728267476
-.140000  0.140000    0.0004520555161315
-.100000  0.140000    0.0004647876492705
-.060000  0.140000    0.0004748515277720
-.020000  0.140000    0.0004847658510857
0.020000  0.140000    0.0004934370341188
0.060000  0.140000    0.0005016018650136
0.100000  0.140000    0.0005073768654446
0.140000  0.140000    0.0005150160869056
0.180000  0.140000    0.0005193166765021
0.220000  0.140000    0.0005226109997087
0.260000  0.140000    0.0005249728954040
0.300000  0.140000    0.0005305538329656
0.340000  0.140000    0.0005312604374283
0.380000  0.140000    0.0005309591640604
0.420000  0.140000    0.0005295801257234
0.460000  0.140000    0.0005268117957557
0.500000  0.140000    0.0005228165244007
0.540000  0.140000    0.0005178661271684
0.580000  0.140000    0.0005055343309166
0.620000  0.140000    0.0004976228514636
0.660000  0.140000    0.0004881681655863
0.700000  0.140000    0.0004770076316925
0.740000  0.140000    0.0004573404371690
0.780000  0.140000    0.0004423990911412
0.820000  0.140000    0.0004181044590008
0.860000  0.140000    0.0003909870975369
0.900000  0.140000    0.0003532126536346
0.940000  0.140000    0.0003120516863812
0.980000  0.140000    0.0002381146919461
-.900000  0.180000    0.0000059083004487
-.860000  0.180000    0.0000504035611387
-.820000  0.180000    0.0000877176687072
-.780000  0.180000    0.0001198692704337
-.740000  0.180000    0.0001487397311055
-.700000  0.180000    0.0001784198384451
-.660000  0.180000    0.0002031709431993
-.620000  0.180000    0.0002293934912268
-.580000  0.180000    0.0002541086830673
-.540000  0.180000    0.0002774427552725
-.500000  0.180000    0.0002994822635297
-.460000  0.180000    0.0003202987598566
-.420000  0.180000    0.0003399455694754
-.380000  0.180000    0.0003584643177332
-.340000  0.180000    0.0003758834454580
-.300000  0.180000    0.0003922255650223
-.260000  0.180000    0.0004075020997035
-.220000  0.180000    0.0004217230649807
-.180000  0.180000    0.0004367676671438
-.140000  0.180000    0.0004488568161409
-.100000  0.180000    0.0004599909554604
-.060000  0.180000    0.0004712739246009
-.020000  0.180000    0.0004810954079948
0.020000  0.180000    0.0004898002309524
0.060000  0.180000    0.0004978537057389
0.100000  0.180000    0.0005055705803008
0.140000  0.180000    0.0005106595913071
0.180000  0.180000    0.0005145356556475
0.220000  0.180000    0.0005209440320281
0.260000  0.180000    0.0005233259835149
0.300000  0.180000    0.0005246750179590
0.340000  0.180000    0.0005249549299027
0.380000  0.180000    0.0005241577174261
0.420000  0.180000    0.0005222627888196
0.460000  0.180000    0.0005193087103586
0.500000  0.180000    0.0005152322427854
0.540000  0.180000    0.0005097814834122
0.580000  0.180000    0.0005030583229283
0.620000  0.180000    0.0004949161336730
0.660000  0.180000    0.0004852070158576
0.700000  0.180000    0.0004673282446355
0.740000  0.180000    0.0004542025781279
0.780000  0.180000    0.0004318969922055
0.820000  0.180000    0.0004069982097667
0.860000  0.180000    0.0003795702241955
0.900000  0.180000    0.0003490715582582
0.940000  0.180000    0.0003001633116433
0.980000  0.180000    0.0002112129659677
-.860000  0.220000    0.0000417473574062
-.820000  0.220000    0.0000798945114055
-.780000  0.220000    0.0001125932196584
-.740000  0.220000    0.0001449356367907
-.700000  0.220000    0.0001717572332251
-.660000  0.220000    0.0001997188935588
-.620000  0.220000    0.0002230394604353
-.580000  0.220000    0.0002478983430073
-.540000  0.220000    0.0002713415438203
-.500000  0.220000    0.0002934617285455
-.460000  0.220000    0.0003143355371661
-.420000  0.220000    0.0003340193467397
-.380000  0.220000    0.0003525551783707
-.340000  0.220000    0.0003699720667605
-.300000  0.220000    0.0003862934533999
-.260000  0.220000    0.0004036096256791
-.220000  0.220000    0.0004177672115048
-.180000  0.220000    0.0004308975663925
-.140000  0.220000    0.0004444750119557
-.100000  0.220000    0.0004556237690154
-.060000  0.220000    0.0004667185348077
-.020000  0.220000    0.0004764937771610
0.020000  0.220000    0.0004852168261487
0.060000  0.220000    0.0004932150879388
0.100000  0.220000    0.0005007258703784
0.140000  0.220000    0.0005056017345698
0.180000  0.220000    0.0005120975439238
0.220000  0.220000    0.0005151883414537
0.260000  0.220000    0.0005171545309736
0.300000  0.220000    0.0005219433993437
0.340000  0.220000    0.0005222642898647
0.380000  0.220000    0.0005214780586164
0.420000  0.220000    0.0005195634171602
0.460000  0.220000    0.0005164668131526
0.500000  0.220000    0.0005121265412138
0.540000  0.220000    0.0005065531699297
0.580000  0.220000    0.0004996317801012
0.620000  0.220000    0.0004912369413973
0.660000  0.220000    0.0004751867924537
0.700000  0.220000    0.0004635662171312
0.740000  0.220000    0.0004431050003993
0.780000  0.220000    0.0004276826176521
0.820000  0.220000    0.0004026498210353
0.860000  0.220000    0.0003747743643594
0.900000  0.220000    0.0003363420427996
0.940000  0.220000    0.0002870439472936
-.860000  0.260000    0.0000328019493728
-.820000  0.260000    0.0000729576347898
-.780000  0.260000    0.0001067258916871
-.740000  0.260000    0.0001365194417816
-.700000  0.260000    0.0001667396452745
-.660000  0.260000    0.0001918841896179
-.620000  0.260000    0.0002183466024053
-.580000  0.260000    0.0002432270490762
-.540000  0.260000    0.0002666673418268
-.500000  0.260000    0.0002887760553598
-.460000  0.260000    0.0003096296972673
-.420000  0.260000    0.0003292850072000
-.380000  0.260000    0.0003477865542851
-.340000  0.260000    0.0003651691770775
-.300000  0.260000    0.0003814592539502
-.260000  0.260000    0.0003966777390243
-.220000  0.260000    0.0004125738716948
-.180000  0.260000    0.0004256873373997
-.140000  0.260000    0.0004390063776187
-.100000  0.260000    0.0004502085629620
-.060000  0.260000    0.0004611879004141
-.020000  0.260000    0.0004709430679426
0.020000  0.260000    0.0004796804633570
0.060000  0.260000    0.0004876354887206
0.100000  0.260000    0.0004950046620182
0.140000  0.260000    0.0004997191404091
0.180000  0.260000    0.0005059241663375
0.220000  0.260000    0.0005086928513410
0.260000  0.260000    0.0005137708998562
0.300000  0.260000    0.0005148145592269
0.340000  0.260000    0.0005147256423552
0.380000  0.260000    0.0005135064697232
0.420000  0.260000    0.0005111486088261
0.460000  0.260000    0.0005076375553087
0.500000  0.260000    0.0005029394530373
0.540000  0.260000    0.0004969821180257
0.580000  0.260000    0.0004896961140531
0.620000  0.260000    0.0004809872318385
0.660000  0.260000    0.0004706971499480
0.700000  0.260000    0.0004520977498179
0.740000  0.260000    0.0004383106441357
0.780000  0.260000    0.0004152900935589
0.820000  0.260000    0.0003896735527701
0.860000  0.260000    0.0003613909958516
0.900000  0.260000    0.0003224617979610
0.940000  0.260000    0.0002657620120850
-.860000  0.300000    0.0000210621949529
-.820000  0.300000    0.0000613552627977
-.780000  0.300000    0.0000960999622023
-.740000  0.300000    0.0001296007107486
-.700000  0.300000    0.0001571820977740
-.660000  0.300000    0.0001856397264648
-.620000  0.300000    0.0002093252440419
-.580000  0.300000    0.0002344395590546
-.540000  0.300000    0.0002580673680957
-.500000  0.300000    0.0002803225583587
-.460000  0.300000    0.0003012933829277
-.420000  0.300000    0.0003210393662505
-.380000  0.300000    0.0003396083673840
-.340000  0.300000    0.0003590791196884
-.300000  0.300000    0.0003753532395362
-.260000  0.300000    0.0003905647205990
-.220000  0.300000    0.0004047389515914
-.180000  0.300000    0.0004193433469415
-.140000  0.300000    0.0004315450672863
-.100000  0.300000    0.0004437609024511
-.060000  0.300000    0.0004546747129607
-.020000  0.300000    0.0004644175297613
0.020000  0.300000    0.0004731601423053
0.060000  0.300000    0.0004810871682583
0.100000  0.300000    0.0004883522179451
0.140000  0.300000    0.0004950312485931
0.180000  0.300000    0.0004988968572290
0.220000  0.300000    0.0005042824377308
0.260000  0.300000    0.0005061865968686
0.300000  0.300000    0.0005068733794768
0.340000  0.300000    0.0005063710765828
0.380000  0.300000    0.0005090584800285
0.420000  0.300000    0.0005067069676568
0.460000  0.300000    0.0005031351185081
0.500000  0.300000    0.0004983014457597
0.540000  0.300000    0.0004921583084862
0.580000  0.300000    0.0004846264891510
0.620000  0.300000    0.0004755881996516
0.660000  0.300000    0.0004589639033060
0.700000  0.300000    0.0004465621135727
0.740000  0.300000    0.0004254528699879
0.780000  0.300000    0.0004089690566385
0.820000  0.300000    0.0003830082666046
0.860000  0.300000    0.0003468735117287
0.900000  0.300000    0.0003073509897050
0.940000  0.300000    0.0002429855853148
-.860000  0.340000    0.0000064358414483
-.820000  0.340000    0.0000498854977187
-.780000  0.340000    0.0000864803897495
-.740000  0.340000    0.0001179029554861
-.700000  0.340000    0.0001491184009079
-.660000  0.340000    0.0001749139491367
-.620000  0.340000    0.0002018587818030
-.580000  0.340000    0.0002270901867377
-.540000  0.340000    0.0002507939879014
-.500000  0.340000    0.0002731017969841
-.460000  0.340000    0.0002941031292283
-.420000  0.340000    0.0003138692549969
-.380000  0.340000    0.0003324564395880
-.340000  0.340000    0.0003499054385099
-.300000  0.340000    0.0003680203540932
-.260000  0.340000    0.0003832451269570
-.220000  0.340000    0.0003974479474197
-.180000  0.340000    0.0004118913944605
-.140000  0.340000    0.0004241482991027
-.100000  0.340000    0.0004362753627738
-.060000  0.340000    0.0004471495903538
-.020000  0.340000    0.0004568889797765
0.020000  0.340000    0.0004656373720946
0.060000  0.340000    0.0004735348749977
0.100000  0.340000    0.0004807172173842
0.140000  0.340000    0.0004872478096436
0.180000  0.340000    0.0004909465810866
0.220000  0.340000    0.0004960931939463
0.260000  0.340000    0.0004977150330727
0.300000  0.340000    0.0004980470864336
0.340000  0.340000    0.0005011538554131
0.380000  0.340000    0.0004996188918216
0.420000  0.340000    0.0004968541538455
0.460000  0.340000    0.0004928540365791
0.500000  0.340000    0.0004875883872699
0.540000  0.340000    0.0004810133862606
0.580000  0.340000    0.0004730513937683
0.620000  0.340000    0.0004635915543031
0.660000  0.340000    0.0004524664605932
0.700000  0.340000    0.0004333412645000
0.740000  0.340000    0.0004184221566557
0.780000  0.340000    0.0003946069429128
0.820000  0.340000    0.0003679561542236
0.860000  0.340000    0.0003311949874503
0.900000  0.340000    0.0002840208231712
0.940000  0.340000    0.0001734395676953
-.820000  0.380000    0.0000354302803967
-.780000  0.380000    0.0000745518648064
-.740000  0.380000    0.0001073830274267
-.700000  0.380000    0.0001393542311453
-.660000  0.380000    0.0001656527915008
-.620000  0.380000    0.0001928812480453
-.580000  0.380000    0.0002182972429421
-.540000  0.380000    0.0002421260871986
-.500000  0.380000    0.0002645150171335
-.460000  0.380000    0.0002855745001964
-.420000  0.380000    0.0003053885810373
-.380000  0.380000    0.0003240155771045
-.340000  0.380000    0.0003415000513124
-.300000  0.380000    0.0003578803072450
-.260000  0.380000    0.0003747419042719
-.220000  0.380000    0.0003889908821546
-.180000  0.380000    0.0004033300442281
-.140000  0.380000    0.0004156544532897
-.100000  0.380000    0.0004277293566342
-.060000  0.380000    0.0004385849993476
-.020000  0.380000    0.0004483247243078
0.020000  0.380000    0.0004570736745986
0.060000  0.380000    0.0004649470402173
0.100000  0.380000    0.0004720562058964
0.140000  0.380000    0.0004784588218389
0.180000  0.380000    0.0004820123540745
0.220000  0.380000    0.0004869366302395
0.260000  0.380000    0.0004883014332600
0.300000  0.380000    0.0004917858184219
0.340000  0.380000    0.0004911418090691
0.380000  0.380000    0.0004892248222856
0.420000  0.380000    0.0004860422277329
0.460000  0.380000    0.0004815963113462
0.500000  0.380000    0.0004758713092633
0.540000  0.380000    0.0004688302962942
0.580000  0.380000    0.0004604040874854
0.620000  0.380000    0.0004504787917851
0.660000  0.380000    0.0004388770121159
0.700000  0.380000    0.0004189978043695
0.740000  0.380000    0.0004035625778574
0.780000  0.380000    0.0003790308031044
0.820000  0.380000    0.0003515918917117
0.860000  0.380000    0.0003140489891507
0.900000  0.380000    0.0002593415050144
-.820000  0.420000    0.0000184686184867
-.780000  0.420000    0.0000598664837467
-.740000  0.420000    0.0000946807173369
-.700000  0.420000    0.0001247042858605
-.660000  0.420000    0.0001546972124602
-.620000  0.420000    0.0001823326128595
-.580000  0.420000    0.0002052819874841
-.540000  0.420000    0.0002294770618417
-.500000  0.420000    0.0002521666638827
-.460000  0.420000    0.0002734726877834
-.420000  0.420000    0.0002934880251138
-.380000  0.420000    0.0003142794256095
-.340000  0.420000    0.0003318220064520
-.300000  0.420000    0.0003482621468223
-.260000  0.420000    0.0003650477489494
-.220000  0.420000    0.0003793569249576
-.180000  0.420000    0.0003936409226298
-.140000  0.420000    0.0004060377862928
-.100000  0.420000    0.0004180894967279
-.060000  0.420000    0.0004289396758519
-.020000  0.420000    0.0004386854918268
0.020000  0.420000    0.0004474333740936
0.060000  0.420000    0.0004552832064262
0.100000  0.420000    0.0004623234551151
0.140000  0.420000    0.0004686094255924
0.180000  0.420000    0.0004720361292901
0.220000  0.420000    0.0004767482910328
0.260000  0.420000    0.0004778795010945
0.300000  0.420000    0.0004810897436279
0.340000  0.420000    0.0004801242420899
0.380000  0.420000    0.0004778314198416
0.420000  0.420000    0.0004785150896185
0.460000  0.420000    0.0004740732931429
0.500000  0.420000    0.0004682592589060
0.540000  0.420000    0.0004610202051856
0.580000  0.420000    0.0004522667404312
0.620000  0.420000    0.0004362589637102
0.660000  0.420000    0.0004241127698407
0.700000  0.420000    0.0004099411540094
0.740000  0.420000    0.0003874458192531
0.780000  0.420000    0.0003621507718907
0.820000  0.420000    0.0003271022069727
0.860000  0.420000    0.0002887377117835
0.900000  0.420000    0.0002192457176871
-.780000  0.460000    0.0000417516334553
-.740000  0.460000    0.0000793912440362
-.700000  0.460000    0.0001139702242144
-.660000  0.460000    0.0001418884343275
-.620000  0.460000    0.0001701088657364
-.580000  0.460000    0.0001934545194104
-.540000  0.460000    0.0002179245706573
-.500000  0.460000    0.0002408150515181
-.460000  0.460000    0.0002622767849035
-.420000  0.460000    0.0002824187539467
-.380000  0.460000    0.0003032261860334
-.340000  0.460000    0.0003208531596114
-.300000  0.460000    0.0003373710466883
-.260000  0.460000    0.0003541346407769
-.220000  0.460000    0.0003685183852631
-.180000  0.460000    0.0003827895427424
-.140000  0.460000    0.0003952581658399
-.100000  0.460000    0.0004073086487938
-.060000  0.460000    0.0004181662986459
-.020000  0.460000    0.0004279235139742
0.020000  0.460000    0.0004366688686009
0.060000  0.460000    0.0004444922209266
0.100000  0.460000    0.0004514672921406
0.140000  0.460000    0.0004576411447824
0.180000  0.460000    0.0004609566034159
0.220000  0.460000    0.0004654635739447
0.260000  0.460000    0.0004663830288470
0.300000  0.460000    0.0004693087099023
0.340000  0.460000    0.0004680332692214
0.380000  0.460000    0.0004653824928968
0.420000  0.460000    0.0004657131459675
0.460000  0.460000    0.0004608474809088
0.500000  0.460000    0.0004545700367261
0.540000  0.460000    0.0004468312781198
0.580000  0.460000    0.0004375386509585
0.620000  0.460000    0.0004209011710426
0.660000  0.460000    0.0004081277453947
0.700000  0.460000    0.0003869527524139
0.740000  0.460000    0.0003699409012864
0.780000  0.460000    0.0003436955569626
0.820000  0.460000    0.0003078588196060
0.860000  0.460000    0.0002555753129432
-.780000  0.500000    0.0000205166441372
-.740000  0.500000    0.0000633386284051
-.700000  0.500000    0.0000976745984060
-.660000  0.500000    0.0001269711956097
-.620000  0.500000    0.0001560254006746
-.580000  0.500000    0.0001799023469311
-.540000  0.500000    0.0002047535295737
-.500000  0.500000    0.0002279243963907
-.460000  0.500000    0.0002495998367956
-.420000  0.500000    0.0002699096631386
-.380000  0.500000    0.0002908108779632
-.340000  0.500000    0.0003085467109361
-.300000  0.500000    0.0003251652576872
-.260000  0.500000    0.0003419603961156
-.220000  0.500000    0.0003564244026147
-.180000  0.500000    0.0003707197546212
-.140000  0.500000    0.0003832609106405
-.100000  0.500000    0.0003953318796417
-.060000  0.500000    0.0004062096992849
-.020000  0.500000    0.0004159816354106
0.020000  0.500000    0.0004247243371843
0.060000  0.500000    0.0004325184409538
0.100000  0.500000    0.0004394270466222
0.140000  0.500000    0.0004454893513418
0.180000  0.500000    0.0004487081340735
0.220000  0.500000    0.0004530088078315
0.260000  0.500000    0.0004537372114885
0.300000  0.500000    0.0004563637436272
0.340000  0.500000    0.0004547970201822
0.380000  0.500000    0.0004518027736758
0.420000  0.500000    0.0004517219073267
0.460000  0.500000    0.0004464241567989
0.500000  0.500000    0.0004396673358306
0.540000  0.500000    0.0004313966400950
0.580000  0.500000    0.0004215170287039
0.620000  0.500000    0.0004043250152226
0.660000  0.500000    0.0003908084806699
0.700000  0.500000    0.0003690250371254
0.740000  0.500000    0.0003446601197473
0.780000  0.500000    0.0003174477190567
0.820000  0.500000    0.0002801183726681
0.860000  0.500000    0.0002069269206626
-.740000  0.540000    0.0000400823767038
-.700000  0.540000    0.0000781803687030
-.660000  0.540000    0.0001095414394639
-.620000  0.540000    0.0001398090363010
-.580000  0.540000    0.0001644297429386
-.540000  0.540000    0.0001898195130678
-.500000  0.540000    0.0002133746969707
-.460000  0.540000    0.0002353395815900
-.420000  0.540000    0.0002558731914681
-.380000  0.540000    0.0002769580785722
-.340000  0.540000    0.0002948323170486
-.300000  0.540000    0.0003115714553196
-.260000  0.540000    0.0003284549756152
-.220000  0.540000    0.0003430120544349
-.180000  0.540000    0.0003573680838948
-.140000  0.540000    0.0003699724901621
-.100000  0.540000    0.0003820858983118
-.060000  0.540000    0.0003929987362644
-.020000  0.540000    0.0004027894843342
0.020000  0.540000    0.0004115297790521
0.060000  0.540000    0.0004192919959947
0.100000  0.540000    0.0004261298683491
0.140000  0.540000    0.0004320765958641
0.180000  0.540000    0.0004352134972882
0.220000  0.540000    0.0004393010189916
0.260000  0.540000    0.0004398574688469
0.300000  0.540000    0.0004421655157567
0.340000  0.540000    0.0004403215880071
0.380000  0.540000    0.0004369989387342
0.420000  0.540000    0.0004364400538799
0.460000  0.540000    0.0004306990115952
0.500000  0.540000    0.0004234417441535
0.540000  0.540000    0.0004146036064093
0.580000  0.540000    0.0004040635557128
0.620000  0.540000    0.0003863654792182
0.660000  0.540000    0.0003719177531706
0.700000  0.540000    0.0003494237233019
0.740000  0.540000    0.0003240261500379
0.780000  0.540000    0.0002893945017336
0.820000  0.540000    0.0002387117279065
-.740000  0.580000    0.0000119211445324
-.700000  0.580000    0.0000567500322366
-.660000  0.580000    0.0000917832754364
-.620000  0.580000    0.0001210204994125
-.580000  0.580000    0.0001496087675890
-.540000  0.580000    0.0001728905783858
-.500000  0.580000    0.0001969896803600
-.460000  0.580000    0.0002193502357479
-.420000  0.580000    0.0002401856884716
-.380000  0.580000    0.0002615544243895
-.340000  0.580000    0.0002796098108670
-.300000  0.580000    0.0002964948804951
-.260000  0.580000    0.0003135295235897
-.220000  0.580000    0.0003281815985395
-.180000  0.580000    0.0003426422092933
-.140000  0.580000    0.0003557339983139
-.100000  0.580000    0.0003674830640720
-.060000  0.580000    0.0003784428705388
-.020000  0.580000    0.0003882581821465
0.020000  0.580000    0.0003969987331137
0.060000  0.580000    0.0004047246385738
0.100000  0.580000    0.0004114852137391
0.140000  0.580000    0.0004156271109173
0.180000  0.580000    0.0004203791396935
0.220000  0.580000    0.0004242392712460
0.260000  0.580000    0.0004246414933955
0.300000  0.580000    0.0004266023378606
0.340000  0.580000    0.0004244910936853
0.380000  0.580000    0.0004208521352053
0.420000  0.580000    0.0004197363838028
0.460000  0.580000    0.0004135348151102
0.500000  0.580000    0.0004057354526970
0.540000  0.580000    0.0003962623565292
0.580000  0.580000    0.0003799902805286
0.620000  0.580000    0.0003667306617584
0.660000  0.580000    0.0003457515346790
0.700000  0.580000    0.0003221154503064
0.740000  0.580000    0.0002952993848525
0.780000  0.580000    0.0002533212897165
-.700000  0.620000    0.0000276759012574
-.660000  0.620000    0.0000666936907325
-.620000  0.620000    0.0001018145493883
-.580000  0.620000    0.0001292916304247
-.540000  0.620000    0.0001564150806519
-.500000  0.620000    0.0001810862908288
-.460000  0.620000    0.0002037903912827
-.420000  0.620000    0.0002248394003535
-.380000  0.620000    0.0002444388870809
-.340000  0.620000    0.0002627283663177
-.300000  0.620000    0.0002797999171283
-.260000  0.620000    0.0002970526077756
-.220000  0.620000    0.0003118163117180
-.180000  0.620000    0.0003264237258907
-.140000  0.620000    0.0003396377789565
-.100000  0.620000    0.0003515412350160
-.060000  0.620000    0.0003624288096276
-.020000  0.620000    0.0003722786906464
0.020000  0.620000    0.0003810184767394
0.060000  0.620000    0.0003887045272352
0.100000  0.620000    0.0003940241150617
0.140000  0.620000    0.0003995230952503
0.180000  0.620000    0.0004040877687471
0.220000  0.620000    0.0004076971744025
0.260000  0.620000    0.0004079574414261
0.300000  0.620000    0.0004095299350602
0.340000  0.620000    0.0004071561609804
0.380000  0.620000    0.0004032006557574
0.420000  0.620000    0.0003976809769496
0.460000  0.620000    0.0003906058624293
0.500000  0.620000    0.0003819435423973
0.540000  0.620000    0.0003716085599627
0.580000  0.620000    0.0003594029657179
0.620000  0.620000    0.0003399207501639
0.660000  0.620000    0.0003230710691000
0.700000  0.620000    0.0002929331803655
0.740000  0.620000    0.0002587684532801
0.780000  0.620000    0.0001901634142252
-.660000  0.660000    0.0000389613381160
-.620000  0.660000    0.0000750447758303
-.580000  0.660000    0.0001083353171536
-.540000  0.660000    0.0001343569128847
-.500000  0.660000    0.0001602094681936
-.460000  0.660000    0.0001837264209431
-.420000  0.660000    0.0002053529240379
-.380000  0.660000    0.0002253740332283
-.340000  0.660000    0.0002439782062298
-.300000  0.660000    0.0002628528400841
-.260000  0.660000    0.0002788528641931
-.220000  0.660000    0.0002947832405715
-.180000  0.660000    0.0003085537170296
-.140000  0.660000    0.0003219308671981
-.100000  0.660000    0.0003339607733933
-.060000  0.660000    0.0003447275632044
-.020000  0.660000    0.0003543009726596
0.020000  0.660000    0.0003627498956691
0.060000  0.660000    0.0003701306771941
0.100000  0.660000    0.0003764825813691
0.140000  0.660000    0.0003818338006870
0.180000  0.660000    0.0003861849310221
0.220000  0.660000    0.0003874025489413
0.260000  0.660000    0.0003896364400756
0.300000  0.660000    0.0003880771633086
0.340000  0.660000    0.0003881122671787
0.380000  0.660000    0.0003838189313651
0.420000  0.660000    0.0003778862997419
0.460000  0.660000    0.0003702921762541
0.500000  0.660000    0.0003609744010906
0.540000  0.660000    0.0003497711975189
0.580000  0.660000    0.0003318610060577
0.620000  0.660000    0.0003160906269858
0.660000  0.660000    0.0002879334051312
0.700000  0.660000    0.0002560182576065
0.740000  0.660000    0.0002070061779817
-.620000  0.700000    0.0000454161160311
-.580000  0.700000    0.0000821684646752
-.540000  0.700000    0.0001112981334595
-.500000  0.700000    0.0001388935272753
-.460000  0.700000    0.0001634491370131
-.420000  0.700000    0.0001833682271641
-.380000  0.700000    0.0002061180699908
-.340000  0.700000    0.0002249709455212
-.300000  0.700000    0.0002424499700552
-.260000  0.700000    0.0002600042817611
-.220000  0.700000    0.0002749516502973
-.180000  0.700000    0.0002896394609998
-.140000  0.700000    0.0003024081708146
-.100000  0.700000    0.0003146056472723
-.060000  0.700000    0.0003254895997506
-.020000  0.700000    0.0003351301846499
0.020000  0.700000    0.0003435937609670
0.060000  0.700000    0.0003509341363355
0.100000  0.700000    0.0003571838871219
0.140000  0.700000    0.0003623611415923
0.180000  0.700000    0.0003647099661427
0.220000  0.700000    0.0003676337703853
0.260000  0.700000    0.0003670279588951
0.300000  0.700000    0.0003676990610723
0.340000  0.700000    0.0003642532800740
0.380000  0.700000    0.0003591269217025
0.420000  0.700000    0.0003559544510252
0.460000  0.700000    0.0003438528502249
0.500000  0.700000    0.0003335822534178
0.540000  0.700000    0.0003212684978081
0.580000  0.700000    0.0003022143125624
0.620000  0.700000    0.0002802710074401
0.660000  0.700000    0.0002502101159359
0.700000  0.700000    0.0002044366642128
-.580000  0.740000    0.0000468016787271
-.540000  0.740000    0.0000823792342706
-.500000  0.740000    0.0001133236056641
-.460000  0.740000    0.0001371492497415
-.420000  0.740000    0.0001607937974441
-.380000  0.740000    0.0001821509499526
-.340000  0.740000    0.0002016640976793
-.300000  0.740000    0.0002213622939519
-.260000  0.740000    0.0002377523217704
-.220000  0.740000    0.0002540806699208
-.180000  0.740000    0.0002679708791639
-.140000  0.740000    0.0002814741227806
-.100000  0.740000    0.0002935260553201
-.060000  0.740000    0.0003042276219256
-.020000  0.740000    0.0003139576771279
0.020000  0.740000    0.0003224414678497
0.060000  0.740000    0.0003297305131190
0.100000  0.740000    0.0003347382658313
0.140000  0.740000    0.0003395382545909
0.180000  0.740000    0.0003432205945035
0.220000  0.740000    0.0003437498618458
0.260000  0.740000    0.0003450529871057
0.300000  0.740000    0.0003425759006092
0.340000  0.740000    0.0003413122328660
0.380000  0.740000    0.0003357721944820
0.420000  0.740000    0.0003284083910151
0.460000  0.740000    0.0003191089640331
0.500000  0.740000    0.0003039912730594
0.540000  0.740000    0.0002901457799882
0.580000  0.740000    0.0002694632912225
0.620000  0.740000    0.0002409751342654
0.660000  0.740000    0.0001965434975857
-.540000  0.780000    0.0000446752944177
-.500000  0.780000    0.0000806376211214
-.460000  0.780000    0.0001083403431461
-.420000  0.780000    0.0001342276097449
-.380000  0.780000    0.0001569482235373
-.340000  0.780000    0.0001773052930179
-.300000  0.780000    0.0001957775859651
-.260000  0.780000    0.0002143393741313
-.220000  0.780000    0.0002296570716503
-.180000  0.780000    0.0002448380873956
-.140000  0.780000    0.0002576331402639
-.100000  0.780000    0.0002699893869549
-.060000  0.780000    0.0002808932630491
-.020000  0.780000    0.0002904243560995
0.020000  0.780000    0.0002986563472591
0.060000  0.780000    0.0003056377693717
0.100000  0.780000    0.0003113978740953
0.140000  0.780000    0.0003159435887058
0.180000  0.780000    0.0003178218817479
0.220000  0.780000    0.0003197950064965
0.260000  0.780000    0.0003184584801674
0.300000  0.780000    0.0003177381163629
0.340000  0.780000    0.0003131765197608
0.380000  0.780000    0.0003067299528911
0.420000  0.780000    0.0002982986159731
0.460000  0.780000    0.0002876435531747
0.500000  0.780000    0.0002713640612706
0.540000  0.780000    0.0002517803392496
0.580000  0.780000    0.0002244410397519
0.620000  0.780000    0.0001719154630542
-.500000  0.820000    0.0000349497597586
-.460000  0.820000    0.0000730804763892
-.420000  0.820000    0.0001039805564362
-.380000  0.820000    0.0001267563277525
-.340000  0.820000    0.0001488370847333
-.300000  0.820000    0.0001683664730667
-.260000  0.820000    0.0001878030485836
-.220000  0.820000    0.0002034704402560
-.180000  0.820000    0.0002190078520732
-.140000  0.820000    0.0002318177854010
-.100000  0.820000    0.0002442379527342
-.060000  0.820000    0.0002550918229837
-.020000  0.820000    0.0002644803511870
0.020000  0.820000    0.0002724816997691
0.060000  0.820000    0.0002791505983086
0.100000  0.820000    0.0002845173313349
0.140000  0.820000    0.0002885802083179
0.180000  0.820000    0.0002900254683110
0.220000  0.820000    0.0002913098897238
0.260000  0.820000    0.0002893668868823
0.300000  0.820000    0.0002876340354182
0.340000  0.820000    0.0002821592050801
0.380000  0.820000    0.0002745661135224
0.420000  0.820000    0.0002621307871115
0.460000  0.820000    0.0002494177483568
0.500000  0.820000    0.0002304244146502
0.540000  0.820000    0.0002007013815100
-.460000  0.860000    0.0000153503314988
-.420000  0.860000    0.0000598441899951
-.380000  0.860000    0.0000902131269044
-.340000  0.860000    0.0001162338801450
-.300000  0.860000    0.0001379436808493
-.260000  0.860000    0.0001566886764910
-.220000  0.860000    0.0001732065766098
-.180000  0.860000    0.0001895642241159
-.140000  0.860000    0.0002025434159033
-.100000  0.860000    0.0002152598244269
-.060000  0.860000    0.0002262273501684
-.020000  0.860000    0.0002355734804005
0.020000  0.860000    0.0002433949505040
0.060000  0.860000    0.0002497533247312
0.100000  0.860000    0.0002546747216002
0.140000  0.860000    0.0002581437343348
0.180000  0.860000    0.0002592436961502
0.220000  0.860000    0.0002595740402216
0.260000  0.860000    0.0002569669998310
0.300000  0.860000    0.0002522484348569
0.340000  0.860000    0.0002452894645588
0.380000  0.860000    0.0002357190386695
0.420000  0.860000    0.0002211409471766
0.460000  0.860000    0.0002000152873182
0.500000  0.860000    0.0001635645614626
-.380000  0.900000    0.0000320885969249
-.340000  0.900000    0.0000714208373581
-.300000  0.900000    0.0000973419691327
-.260000  0.900000    0.0001198516185283
-.220000  0.900000    0.0001384366382582
-.180000  0.900000    0.0001542594112972
-.140000  0.900000    0.0001697441617981
-.100000  0.900000    0.0001814369946425
-.060000  0.900000    0.0001928549219796
-.020000  0.900000    0.0002023710135739
0.020000  0.900000    0.0002101153302137
0.060000  0.900000    0.0002161603310467
0.100000  0.900000    0.0002205231167861
0.140000  0.900000    0.0002230977714601
0.180000  0.900000    0.0002238626486851
0.220000  0.900000    0.0002222604071503
0.260000  0.900000    0.0002182693827142
0.300000  0.900000    0.0002116245180336
0.340000  0.900000    0.0002008443538866
0.380000  0.900000    0.0001853680988063
0.420000  0.900000    0.0001579015269252
-.300000  0.940000    0.0000245870103878
-.260000  0.940000    0.0000669195019174
-.220000  0.940000    0.0000914689200063
-.180000  0.940000    0.0001117216112701
-.140000  0.940000    0.0001276258052824
-.100000  0.940000    0.0001426320063264
-.060000  0.940000    0.0001529216083592
-.020000  0.940000    0.0001628313549291
0.020000  0.940000    0.0001704674353034
0.060000  0.940000    0.0001759488633078
0.100000  0.940000    0.0001801421124151
0.140000  0.940000    0.0001811328524816
0.180000  0.940000    0.0001802047520127
0.220000  0.940000    0.0001761922182345
0.260000  0.940000    0.0001685723854936
0.300000  0.940000    0.0001547935467140
0.340000  0.940000    0.0001147278083730
-.180000  0.980000    0.0000090935655228
-.140000  0.980000    0.0000591907166986
-.100000  0.980000    0.0000834649124078
-.060000  0.980000    0.0000982217663173
-.020000  0.980000    0.0001077069232480
0.020000  0.980000    0.0001157782407519
0.060000  0.980000    0.0001221972763209
0.100000  0.980000    0.0001241245684235
0.140000  0.980000    0.0001205478656154
0.180000  0.980000    0.0001101404265041
