-.140000  -.980000    0.0000224729506294
-.100000  -.980000    0.0000384556789878
-.060000  -.980000    0.0000503619571287
-.020000  -.980000    0.0000595895728530
0.020000  -.980000    0.0000664974523269
0.060000  -.980000    0.0000705288190594
0.100000  -.980000    0.0000713294579333
0.140000  -.980000    0.0000682376087937
0.180000  -.980000    0.0000577281220615
-.300000  -.940000    0.0000009122266653
-.260000  -.940000    0.0000255158999521
-.220000  -.940000    0.0000444744290894
-.180000  -.940000    0.0000612220421064
-.140000  -.940000    0.0000759551860846
-.100000  -.940000    0.0000889332527051
-.060000  -.940000    0.0001004188177471
-.020000  -.940000    0.0001099942552894
0.020000  -.940000    0.0001178398283425
0.060000  -.940000    0.0001239510529316
0.100000  -.940000    0.0001270120994280
0.140000  -.940000    0.0001292709979683
0.180000  -.940000    0.0001278014639832
0.220000  -.940000    0.0001235842271390
0.260000  -.940000    0.0001141467905979
0.300000  -.940000    0.0000997798864784
0.340000  -.940000    0.0000617491704821
-.380000  -.900000    0.0000032462322326
-.340000  -.900000    0.0000274312004556
-.300000  -.900000    0.0000479926943833
-.260000  -.900000    0.0000669066896550
-.220000  -.900000    0.0000841217634271
-.180000  -.900000    0.0000999454086661
-.140000  -.900000    0.0001142368364337
-.100000  -.900000    0.0001275273333327
-.060000  -.900000    0.0001389934921577
-.020000  -.900000    0.0001489807316252
0.020000  -.900000    0.0001575091725540
0.060000  -.900000    0.0001645721535203
0.100000  -.900000    0.0001701306368541
0.140000  -.900000    0.0001722035547788
0.180000  -.900000    0.0001743909363235
0.220000  -.900000    0.0001724633653615
0.260000  -.900000    0.0001682014703284
0.300000  -.900000    0.0001613464849802
0.340000  -.900000    0.0001485772156594
0.380000  -.900000    0.0001314881301020
0.420000  -.900000    0.0001009355417779
-.420000  -.860000    0.0000188462893114
-.380000  -.860000    0.0000413543865787
-.340000  -.860000    0.0000624023139135
-.300000  -.860000    0.0000818396686311
-.260000  -.860000    0.0000999496473402
-.220000  -.860000    0.0001169112221315
-.180000  -.860000    0.0001324466747897
-.140000  -.860000    0.0001472053402341
-.100000  -.860000    0.0001601975593467
-.060000  -.860000    0.0001718342656060
-.020000  -.860000    0.0001821417512918
0.020000  -.860000    0.0001911328684478
0.060000  -.860000    0.0001988039002619
0.100000  -.860000    0.0002051311887534
0.140000  -.860000    0.0002100661684700
0.180000  -.860000    0.0002110836452328
0.220000  -.860000    0.0002128957703645
0.260000  -.860000    0.0002101729232767
0.300000  -.860000    0.0002052771425055
0.340000  -.860000    0.0001980424190593
0.380000  -.860000    0.0001881250373810
0.420000  -.860000    0.0001713943197176
0.460000  -.860000    0.0001464124242731
0.500000  -.860000    0.0001053732639429
-.500000  -.820000    0.0000032056809185
-.460000  -.820000    0.0000273008059180
-.420000  -.820000    0.0000503286452646
-.380000  -.820000    0.0000713695193234
-.340000  -.820000    0.0000916542145583
-.300000  -.820000    0.0001108031507830
-.260000  -.820000    0.0001287756849213
-.220000  -.820000    0.0001457765699399
-.180000  -.820000    0.0001612671052502
-.140000  -.820000    0.0001763237454173
-.100000  -.820000    0.0001895014959630
-.060000  -.820000    0.0002014170692852
-.020000  -.820000    0.0002120882498946
0.020000  -.820000    0.0002215245548846
0.060000  -.820000    0.0002297242835694
0.100000  -.820000    0.0002366715977609
0.140000  -.820000    0.0002423331600839
0.180000  -.820000    0.0002440089809853
0.220000  -.820000    0.0002468252733729
0.260000  -.820000    0.0002450321967582
0.300000  -.820000    0.0002446844212682
0.340000  -.820000    0.0002391097932684
0.380000  -.820000    0.0002312639256574
0.420000  -.820000    0.0002169004914235
0.460000  -.820000    0.0002034782106569
0.500000  -.820000    0.0001820167633100
0.540000  -.820000    0.0001463695303609
-.540000  -.780000    0.0000074982414265
-.500000  -.780000    0.0000315992122098
-.460000  -.780000    0.0000544496189812
-.420000  -.780000    0.0000766444512525
-.380000  -.780000    0.0000977062582605
-.340000  -.780000    0.0001177435219713
-.300000  -.780000    0.0001368360623002
-.260000  -.780000    0.0001547369208224
-.220000  -.780000    0.0001719110835341
-.180000  -.780000    0.0001875275780217
-.140000  -.780000    0.0002028600085156
-.100000  -.780000    0.0002162871277065
-.060000  -.780000    0.0002285103522397
-.020000  -.780000    0.0002395433173816
0.020000  -.780000    0.0002493937162030
0.060000  -.780000    0.0002580615931130
0.100000  -.780000    0.0002655362371071
0.140000  -.780000    0.0002717933750781
0.180000  -.780000    0.0002741538920180
0.220000  -.780000    0.0002777404856480
0.260000  -.780000    0.0002767989389231
0.300000  -.780000    0.0002774957972378
0.340000  -.780000    0.0002730522835735
0.380000  -.780000    0.0002665410969161
0.420000  -.780000    0.0002578242128922
0.460000  -.780000    0.0002466518116428
0.500000  -.780000    0.0002281117410255
0.540000  -.780000    0.0002058158417882
0.580000  -.780000    0.0001737206929677
0.620000  -.780000    0.0001130599999007
-.580000  -.740000    0.0000081535897503
-.540000  -.740000    0.0000323077704276
-.500000  -.740000    0.0000561688442186
-.460000  -.740000    0.0000784961471298
-.420000  -.740000    0.0001003694451732
-.380000  -.740000    0.0001212992578582
-.340000  -.740000    0.0001413388309997
-.300000  -.740000    0.0001603045038036
-.260000  -.740000    0.0001785006945093
-.220000  -.740000    0.0001952503298408
-.180000  -.740000    0.0002116619128140
-.140000  -.740000    0.0002262770697978
-.100000  -.740000    0.0002397176136195
-.060000  -.740000    0.0002534084476535
-.020000  -.740000    0.0002647790828198
0.020000  -.740000    0.0002750046287510
0.060000  -.740000    0.0002840861655733
0.100000  -.740000    0.0002898046574764
0.140000  -.740000    0.0002964175596603
0.180000  -.740000    0.0003018556864838
0.220000  -.740000    0.0003031206409846
0.260000  -.740000    0.0003059778503143
0.300000  -.740000    0.0003040347573174
0.340000  -.740000    0.0003040654594436
0.380000  -.740000    0.0002986852137114
0.420000  -.740000    0.0002912533921462
0.460000  -.740000    0.0002816228347834
0.500000  -.740000    0.0002647095722508
0.540000  -.740000    0.0002497490851874
0.580000  -.740000    0.0002262187948773
0.620000  -.740000    0.0001926956678324
0.660000  -.740000    0.0001400321340508
-.620000  -.700000    0.0000061620233586
-.580000  -.700000    0.0000305586712535
-.540000  -.700000    0.0000543601600595
-.500000  -.700000    0.0000778415877907
-.460000  -.700000    0.0001003861539728
-.420000  -.700000    0.0001218342073872
-.380000  -.700000    0.0001428431901470
-.340000  -.700000    0.0001628298891025
-.300000  -.700000    0.0001820002008666
-.260000  -.700000    0.0001998744590473
-.220000  -.700000    0.0002172876329700
-.180000  -.700000    0.0002330574158152
-.140000  -.700000    0.0002487015411739
-.100000  -.700000    0.0002624143414095
-.060000  -.700000    0.0002749984095473
-.020000  -.700000    0.0002864680347942
0.020000  -.700000    0.0002968335915392
0.060000  -.700000    0.0003061004469901
0.100000  -.700000    0.0003142670487534
0.140000  -.700000    0.0003213221972811
0.180000  -.700000    0.0003246509370938
0.220000  -.700000    0.0003292976496326
0.260000  -.700000    0.0003295859400984
0.300000  -.700000    0.0003317073499478
0.340000  -.700000    0.0003288516662748
0.380000  -.700000    0.0003241370525219
0.420000  -.700000    0.0003218889624755
0.460000  -.700000    0.0003088616702435
0.500000  -.700000    0.0002980634795990
0.540000  -.700000    0.0002848605331914
0.580000  -.700000    0.0002634180022014
0.620000  -.700000    0.0002383369099835
0.660000  -.700000    0.0002029033294491
0.700000  -.700000    0.0001481583776251
-.660000  -.660000    0.0000018746159738
-.620000  -.660000    0.0000257324644805
-.580000  -.660000    0.0000504764577692
-.540000  -.660000    0.0000740341363330
-.500000  -.660000    0.0000973793494497
-.460000  -.660000    0.0001199037691927
-.420000  -.660000    0.0001416200075924
-.380000  -.660000    0.0001625360496772
-.340000  -.660000    0.0001826469438069
-.300000  -.660000    0.0002016370076074
-.260000  -.660000    0.0002200032318908
-.220000  -.660000    0.0002369110809409
-.180000  -.660000    0.0002535180708233
-.140000  -.660000    0.0002683813897036
-.100000  -.660000    0.0002821247558303
-.060000  -.660000    0.0002947671034674
-.020000  -.660000    0.0003063249986162
0.020000  -.660000    0.0003168115965158
0.060000  -.660000    0.0003262360260626
0.100000  -.660000    0.0003346011392792
0.140000  -.660000    0.0003419011207322
0.180000  -.660000    0.0003481195775313
0.220000  -.660000    0.0003504883436919
0.260000  -.660000    0.0003543583128559
0.300000  -.660000    0.0003537627331086
0.340000  -.660000    0.0003551320663188
0.380000  -.660000    0.0003514273033298
0.420000  -.660000    0.0003458643433965
0.460000  -.660000    0.0003383620725869
0.500000  -.660000    0.0003288055532165
0.540000  -.660000    0.0003170159070201
0.580000  -.660000    0.0002972038242747
0.620000  -.660000    0.0002798807381124
0.660000  -.660000    0.0002472211142213
0.700000  -.660000    0.0002094929596959
0.740000  -.660000    0.0001507852276253
-.660000  -.620000    0.0000192140600602
-.620000  -.620000    0.0000442305980545
-.580000  -.620000    0.0000683208902133
-.540000  -.620000    0.0000923131297741
-.500000  -.620000    0.0001155397192174
-.460000  -.620000    0.0001379945738631
-.420000  -.620000    0.0001596794992803
-.380000  -.620000    0.0001805869723862
-.340000  -.620000    0.0002006985297485
-.300000  -.620000    0.0002199883451311
-.260000  -.620000    0.0002380212814834
-.220000  -.620000    0.0002555487744716
-.180000  -.620000    0.0002715425232796
-.140000  -.620000    0.0002864193133002
-.100000  -.620000    0.0003001951634016
-.060000  -.620000    0.0003141759357703
-.020000  -.620000    0.0003260090301899
0.020000  -.620000    0.0003367874884725
0.060000  -.620000    0.0003465206699343
0.100000  -.620000    0.0003532141190569
0.140000  -.620000    0.0003607226272040
0.180000  -.620000    0.0003671932926292
0.220000  -.620000    0.0003726026932352
0.260000  -.620000    0.0003740992476545
0.300000  -.620000    0.0003771965666380
0.340000  -.620000    0.0003757836671157
0.380000  -.620000    0.0003726362594361
0.420000  -.620000    0.0003677070791945
0.460000  -.620000    0.0003609286901788
0.500000  -.620000    0.0003522100992599
0.540000  -.620000    0.0003414272017760
0.580000  -.620000    0.0003283764091805
0.620000  -.620000    0.0003068477227667
0.660000  -.620000    0.0002880782578793
0.700000  -.620000    0.0002531006512225
0.740000  -.620000    0.0002125874527129
0.780000  -.620000    0.0001315356808649
-.700000  -.580000    0.0000111946381222
-.660000  -.580000    0.0000358598656694
-.620000  -.580000    0.0000603990218589
-.580000  -.580000    0.0000849973266744
-.540000  -.580000    0.0001084676425302
-.500000  -.580000    0.0001317763075571
-.460000  -.580000    0.0001543468291880
-.420000  -.580000    0.0001761540478622
-.380000  -.580000    0.0001971189728444
-.340000  -.580000    0.0002172323720396
-.300000  -.580000    0.0002365170076689
-.260000  -.580000    0.0002545347212943
-.220000  -.580000    0.0002720552321391
-.180000  -.580000    0.0002880529051348
-.140000  -.580000    0.0003029473984577
-.100000  -.580000    0.0003178077861915
-.060000  -.580000    0.0003307553067899
-.020000  -.580000    0.0003426528389988
0.020000  -.580000    0.0003535188048831
0.060000  -.580000    0.0003633666946215
0.100000  -.580000    0.0003722037964584
0.140000  -.580000    0.0003779364088571
0.180000  -.580000    0.0003846240650151
0.220000  -.580000    0.0003902932315750
0.260000  -.580000    0.0003921456882481
0.300000  -.580000    0.0003956018841318
0.340000  -.580000    0.0003946523204301
0.380000  -.580000    0.0003920294460358
0.420000  -.580000    0.0003918136636787
0.460000  -.580000    0.0003860999386105
0.500000  -.580000    0.0003784990797558
0.540000  -.580000    0.0003688933435597
0.580000  -.580000    0.0003516116236574
0.620000  -.580000    0.0003372216860420
0.660000  -.580000    0.0003139302815274
0.700000  -.580000    0.0002870644439991
0.740000  -.580000    0.0002559344244660
0.780000  -.580000    0.0002055846757583
-.740000  -.540000    0.0000016836012507
-.700000  -.540000    0.0000256480155121
-.660000  -.540000    0.0000504529163616
-.620000  -.540000    0.0000755735520577
-.580000  -.540000    0.0000996187105826
-.540000  -.540000    0.0001236164688349
-.500000  -.540000    0.0001469193019268
-.460000  -.540000    0.0001694911893916
-.420000  -.540000    0.0001912986302815
-.380000  -.540000    0.0002122487292091
-.340000  -.540000    0.0002323585127572
-.300000  -.540000    0.0002516274888832
-.260000  -.540000    0.0002696458276664
-.220000  -.540000    0.0002871418228323
-.180000  -.540000    0.0003031495304480
-.140000  -.540000    0.0003188620152576
-.100000  -.540000    0.0003329061986795
-.060000  -.540000    0.0003458944299940
-.020000  -.540000    0.0003578488386135
0.020000  -.540000    0.0003687907385599
0.060000  -.540000    0.0003787373735699
0.100000  -.540000    0.0003876996591850
0.140000  -.540000    0.0003956823407564
0.180000  -.540000    0.0004005349730939
0.220000  -.540000    0.0004064312372270
0.260000  -.540000    0.0004086311061604
0.300000  -.540000    0.0004123993558230
0.340000  -.540000    0.0004118946214232
0.380000  -.540000    0.0004097721639152
0.420000  -.540000    0.0004100335575214
0.460000  -.540000    0.0004049460124920
0.500000  -.540000    0.0003980480010949
0.540000  -.540000    0.0003892341743985
0.580000  -.540000    0.0003783650266377
0.620000  -.540000    0.0003594665436309
0.660000  -.540000    0.0003436214590469
0.700000  -.540000    0.0003184619549605
0.740000  -.540000    0.0002894304052357
0.780000  -.540000    0.0002487859808618
0.820000  -.540000    0.0001873117754074
-.740000  -.500000    0.0000143716897284
-.700000  -.500000    0.0000392663991430
-.660000  -.500000    0.0000641833972064
-.620000  -.500000    0.0000893161674598
-.580000  -.500000    0.0001133843160019
-.540000  -.500000    0.0001373919426346
-.500000  -.500000    0.0001607086801914
-.460000  -.500000    0.0001832914558598
-.420000  -.500000    0.0002051011695554
-.380000  -.500000    0.0002260590217917
-.340000  -.500000    0.0002461573020991
-.300000  -.500000    0.0002654009011587
-.260000  -.500000    0.0002834327868980
-.220000  -.500000    0.0003008892571517
-.180000  -.500000    0.0003169144804723
-.140000  -.500000    0.0003325820988249
-.100000  -.500000    0.0003466537004211
-.060000  -.500000    0.0003596797661451
-.020000  -.500000    0.0003716836546291
0.020000  -.500000    0.0003826913761998
0.060000  -.500000    0.0003927235493828
0.100000  -.500000    0.0004017956000378
0.140000  -.500000    0.0004099157329974
0.180000  -.500000    0.0004150240095658
0.220000  -.500000    0.0004211220594051
0.260000  -.500000    0.0004236601729755
0.300000  -.500000    0.0004277042626148
0.340000  -.500000    0.0004276284555237
0.380000  -.500000    0.0004259880686720
0.420000  -.500000    0.0004266619571694
0.460000  -.500000    0.0004221622030454
0.500000  -.500000    0.0004159139648651
0.540000  -.500000    0.0004078250581720
0.580000  -.500000    0.0003977675016635
0.620000  -.500000    0.0003798109990868
0.660000  -.500000    0.0003650187861545
0.700000  -.500000    0.0003410322493537
0.740000  -.500000    0.0003134695973150
0.780000  -.500000    0.0002818379557607
0.820000  -.500000    0.0002375315139650
0.860000  -.500000    0.0001492820302696
-.780000  -.460000    0.0000021019381845
-.740000  -.460000    0.0000259721725228
-.700000  -.460000    0.0000516137028623
-.660000  -.460000    0.0000765826568456
-.620000  -.460000    0.0001017379898818
-.580000  -.460000    0.0001258469903508
-.540000  -.460000    0.0001498808867962
-.500000  -.460000    0.0001732204471837
-.460000  -.460000    0.0001958170970066
-.420000  -.460000    0.0002176271239447
-.380000  -.460000    0.0002386098374445
-.340000  -.460000    0.0002586896819182
-.300000  -.460000    0.0002778999699068
-.260000  -.460000    0.0002959558490157
-.220000  -.460000    0.0003133630892338
-.180000  -.460000    0.0003294120073909
-.140000  -.460000    0.0003450232403057
-.100000  -.460000    0.0003591220523173
-.060000  -.460000    0.0003721828880890
-.020000  -.460000    0.0003842296071132
0.020000  -.460000    0.0003952932514015
0.060000  -.460000    0.0004054002633499
0.100000  -.460000    0.0004145696994917
0.140000  -.460000    0.0004228124252411
0.180000  -.460000    0.0004281692932635
0.220000  -.460000    0.0004344501017150
0.260000  -.460000    0.0004373172221297
0.300000  -.460000    0.0004416108213387
0.340000  -.460000    0.0004419473254153
0.380000  -.460000    0.0004407696727288
0.420000  -.460000    0.0004418068676661
0.460000  -.460000    0.0004378632343294
0.500000  -.460000    0.0004322286492316
0.540000  -.460000    0.0004248118140509
0.580000  -.460000    0.0004154972108612
0.620000  -.460000    0.0003984643871946
0.660000  -.460000    0.0003845831953989
0.700000  -.460000    0.0003616474714626
0.740000  -.460000    0.0003422712128921
0.780000  -.460000    0.0003123762764965
0.820000  -.460000    0.0002705096340340
0.860000  -.460000    0.0002074358109844
-.780000  -.420000    0.0000120809171306
-.740000  -.420000    0.0000368716037458
-.700000  -.420000    0.0000620823095269
-.660000  -.420000    0.0000877264328824
-.620000  -.420000    0.0001129210359371
-.580000  -.420000    0.0001370754410764
-.540000  -.420000    0.0001611437316350
-.500000  -.420000    0.0001845087552036
-.460000  -.420000    0.0002071175698581
-.420000  -.420000    0.0002289239423689
-.380000  -.420000    0.0002499460032981
-.340000  -.420000    0.0002700018474542
-.300000  -.420000    0.0002891736927362
-.260000  -.420000    0.0003072641329152
-.220000  -.420000    0.0003246155699450
-.180000  -.420000    0.0003406969805359
-.140000  -.420000    0.0003562409444971
-.100000  -.420000    0.0003703674439291
-.060000  -.420000    0.0003834611546710
-.020000  -.420000    0.0003955475906053
0.020000  -.420000    0.0004066597478529
0.060000  -.420000    0.0004168318744201
0.100000  -.420000    0.0004260876738045
0.140000  -.420000    0.0004344417085870
0.180000  -.420000    0.0004400399085840
0.220000  -.420000    0.0004464892583729
0.260000  -.420000    0.0004496747599840
0.300000  -.420000    0.0004541976567004
0.340000  -.420000    0.0004549318186546
0.380000  -.420000    0.0004541987181146
0.420000  -.420000    0.0004555604502384
0.460000  -.420000    0.0004521435609252
0.500000  -.420000    0.0004470873725715
0.540000  -.420000    0.0004403026197312
0.580000  -.420000    0.0004316774900457
0.620000  -.420000    0.0004155586810967
0.660000  -.420000    0.0004024967819630
0.700000  -.420000    0.0003870603014548
0.740000  -.420000    0.0003622674433654
0.780000  -.420000    0.0003337072300554
0.820000  -.420000    0.0002934222588310
0.860000  -.420000    0.0002475366077821
0.900000  -.420000    0.0001628695969245
-.780000  -.380000    0.0000214744362683
-.740000  -.380000    0.0000466509041344
-.700000  -.380000    0.0000726069808713
-.660000  -.380000    0.0000976755253527
-.620000  -.380000    0.0001229215922715
-.580000  -.380000    0.0001475876819842
-.540000  -.380000    0.0001716020065859
-.500000  -.380000    0.0001949078029609
-.460000  -.380000    0.0002174549047733
-.420000  -.380000    0.0002391984534830
-.380000  -.380000    0.0002601007136241
-.340000  -.380000    0.0002801292433998
-.300000  -.380000    0.0002992614439233
-.260000  -.380000    0.0003173976616285
-.220000  -.380000    0.0003346912151326
-.180000  -.380000    0.0003508126541110
-.140000  -.380000    0.0003662855878925
-.100000  -.380000    0.0003804436130045
-.060000  -.380000    0.0003935674633339
-.020000  -.380000    0.0004056891027056
0.020000  -.380000    0.0004168431241176
0.060000  -.380000    0.0004270721506032
0.100000  -.380000    0.0004364062435714
0.140000  -.380000    0.0004448643995126
0.180000  -.380000    0.0004506953471852
0.220000  -.380000    0.0004573041375282
0.260000  -.380000    0.0004607975619990
0.300000  -.380000    0.0004655345184299
0.340000  -.380000    0.0004666507113787
0.380000  -.380000    0.0004663446573844
0.420000  -.380000    0.0004645692546242
0.460000  -.380000    0.0004612648038693
0.500000  -.380000    0.0004563648243718
0.540000  -.380000    0.0004497877530337
0.580000  -.380000    0.0004414347675110
0.620000  -.380000    0.0004311845807709
0.660000  -.380000    0.0004188746159204
0.700000  -.380000    0.0003979204008748
0.740000  -.380000    0.0003805496268206
0.780000  -.380000    0.0003531376125194
0.820000  -.380000    0.0003216886250892
0.860000  -.380000    0.0002777219655914
0.900000  -.380000    0.0002114578433161
-.820000  -.340000    0.0000056023182996
-.780000  -.340000    0.0000299272216381
-.740000  -.340000    0.0000553072584395
-.700000  -.340000    0.0000813512723197
-.660000  -.340000    0.0001064749306274
-.620000  -.340000    0.0001317783693344
-.580000  -.340000    0.0001564992680608
-.540000  -.340000    0.0001805604745765
-.500000  -.340000    0.0002039001149212
-.460000  -.340000    0.0002264651418541
-.420000  -.340000    0.0002482105684643
-.380000  -.340000    0.0002690989402754
-.340000  -.340000    0.0002891006324312
-.300000  -.340000    0.0003082259470809
-.260000  -.340000    0.0003263876646697
-.220000  -.340000    0.0003436247780587
-.180000  -.340000    0.0003597968525370
-.140000  -.340000    0.0003751973637100
-.100000  -.340000    0.0003893937634398
-.060000  -.340000    0.0004025487110836
-.020000  -.340000    0.0004146994779207
0.020000  -.340000    0.0004258893606510
0.060000  -.340000    0.0004361676377694
0.100000  -.340000    0.0004455741774219
0.140000  -.340000    0.0004541320707113
0.180000  -.340000    0.0004601879806578
0.220000  -.340000    0.0004669513440948
0.260000  -.340000    0.0004707424266909
0.300000  -.340000    0.0004732093437066
0.340000  -.340000    0.0004771656773173
0.380000  -.340000    0.0004772687826863
0.420000  -.340000    0.0004759441349341
0.460000  -.340000    0.0004731308420166
0.500000  -.340000    0.0004687610977662
0.540000  -.340000    0.0004627527547062
0.580000  -.340000    0.0004550083427875
0.620000  -.340000    0.0004454079092298
0.660000  -.340000    0.0004337950044508
0.700000  -.340000    0.0004138069354132
0.740000  -.340000    0.0003972548661768
0.780000  -.340000    0.0003709031163876
0.820000  -.340000    0.0003406392435655
0.860000  -.340000    0.0002981190303226
0.900000  -.340000    0.0002417449914888
0.940000  -.340000    0.0001198690124069
-.820000  -.300000    0.0000125069536565
-.780000  -.300000    0.0000373538913268
-.740000  -.300000    0.0000635073882864
-.700000  -.300000    0.0000889793678642
-.660000  -.300000    0.0001147681070922
-.620000  -.300000    0.0001395178266591
-.580000  -.300000    0.0001642909560245
-.540000  -.300000    0.0001883945465075
-.500000  -.300000    0.0002117632258913
-.460000  -.300000    0.0002343419863466
-.420000  -.300000    0.0002560863657831
-.380000  -.300000    0.0002769603500322
-.340000  -.300000    0.0002970906898422
-.300000  -.300000    0.0003161367649772
-.260000  -.300000    0.0003342566246084
-.220000  -.300000    0.0003514422181239
-.180000  -.300000    0.0003676788054687
-.140000  -.300000    0.0003830096758280
-.100000  -.300000    0.0003972511887529
-.060000  -.300000    0.0004104403616417
-.020000  -.300000    0.0004226175800901
0.020000  -.300000    0.0004338375441203
0.060000  -.300000    0.0004441597809879
0.100000  -.300000    0.0004536360222418
0.140000  -.300000    0.0004622935106443
0.180000  -.300000    0.0004685674531317
0.220000  -.300000    0.0004754857956285
0.260000  -.300000    0.0004795655872455
0.300000  -.300000    0.0004823643102703
0.340000  -.300000    0.0004838524966214
0.380000  -.300000    0.0004870300156641
0.420000  -.300000    0.0004861326748983
0.460000  -.300000    0.0004837846704857
0.500000  -.300000    0.0004799160775395
0.540000  -.300000    0.0004744443653843
0.580000  -.300000    0.0004672711233263
0.620000  -.300000    0.0004582777834074
0.660000  -.300000    0.0004417004960914
0.700000  -.300000    0.0004282755809473
0.740000  -.300000    0.0004058369409551
0.780000  -.300000    0.0003871244505733
0.820000  -.300000    0.0003579209359980
0.860000  -.300000    0.0003165915414860
0.900000  -.300000    0.0002696327782661
0.940000  -.300000    0.0001908511138872
-.820000  -.260000    0.0000189912027681
-.780000  -.260000    0.0000443299134348
-.740000  -.260000    0.0000699920082993
-.700000  -.260000    0.0000961691096861
-.660000  -.260000    0.0001213704599148
-.620000  -.260000    0.0001467228053461
-.580000  -.260000    0.0001714738120873
-.540000  -.260000    0.0001955477751975
-.500000  -.260000    0.0002188833240334
-.460000  -.260000    0.0002414273989989
-.420000  -.260000    0.0002631366408207
-.380000  -.260000    0.0002839754169132
-.340000  -.260000    0.0003039153822448
-.300000  -.260000    0.0003229348155585
-.260000  -.260000    0.0003410194735921
-.220000  -.260000    0.0003582806799585
-.180000  -.260000    0.0003744794425712
-.140000  -.260000    0.0003896962820859
-.100000  -.260000    0.0004040466211967
-.060000  -.260000    0.0004172761821599
-.020000  -.260000    0.0004294779284019
0.020000  -.260000    0.0004407225275727
0.060000  -.260000    0.0004510849424937
0.100000  -.260000    0.0004606308148261
0.140000  -.260000    0.0004680219798182
0.180000  -.260000    0.0004758812342656
0.220000  -.260000    0.0004811409212285
0.260000  -.260000    0.0004873198885193
0.300000  -.260000    0.0004904394537271
0.340000  -.260000    0.0004922858395737
0.380000  -.260000    0.0004928182034266
0.420000  -.260000    0.0004919847076721
0.460000  -.260000    0.0004897230557932
0.500000  -.260000    0.0004859652269990
0.540000  -.260000    0.0004806324307649
0.580000  -.260000    0.0004736329458868
0.620000  -.260000    0.0004648516360736
0.660000  -.260000    0.0004541541481402
0.700000  -.260000    0.0004352529842018
0.740000  -.260000    0.0004198708709680
0.780000  -.260000    0.0003948533933094
0.820000  -.260000    0.0003661533030464
0.860000  -.260000    0.0003334353664138
0.900000  -.260000    0.0002877528836991
0.940000  -.260000    0.0002191013439893
-.860000  -.220000    0.0000006660706779
-.820000  -.220000    0.0000242389140424
-.780000  -.220000    0.0000496991934859
-.740000  -.220000    0.0000760821313503
-.700000  -.220000    0.0001016500237933
-.660000  -.220000    0.0001275109038010
-.620000  -.220000    0.0001523090110868
-.580000  -.220000    0.0001771137686020
-.540000  -.220000    0.0002012317648847
-.500000  -.220000    0.0002245972459613
-.460000  -.220000    0.0002471580027322
-.420000  -.220000    0.0002688714334154
-.380000  -.220000    0.0002897044091398
-.340000  -.220000    0.0003096294744351
-.300000  -.220000    0.0003286273570330
-.260000  -.220000    0.0003469409677428
-.220000  -.220000    0.0003640512455534
-.180000  -.220000    0.0003802094160456
-.140000  -.220000    0.0003955232458528
-.100000  -.220000    0.0004098022544086
-.060000  -.220000    0.0004230831261046
-.020000  -.220000    0.0004353102957569
0.020000  -.220000    0.0004465713197788
0.060000  -.220000    0.0004569732541900
0.100000  -.220000    0.0004665967088966
0.140000  -.220000    0.0004741698058394
0.180000  -.220000    0.0004821787869508
0.220000  -.220000    0.0004876952499784
0.260000  -.220000    0.0004920267935783
0.300000  -.220000    0.0004974872389048
0.340000  -.220000    0.0004996752833245
0.380000  -.220000    0.0005005797406104
0.420000  -.220000    0.0005001503545719
0.460000  -.220000    0.0004983206017484
0.500000  -.220000    0.0004950239031235
0.540000  -.220000    0.0004901747528421
0.580000  -.220000    0.0004836795939903
0.620000  -.220000    0.0004754360033357
0.660000  -.220000    0.0004598264497937
0.700000  -.220000    0.0004473054364263
0.740000  -.220000    0.0004259791878213
0.780000  -.220000    0.0004084293585912
0.820000  -.220000    0.0003806164877645
0.860000  -.220000    0.0003487737608997
0.900000  -.220000    0.0003041284018383
0.940000  -.220000    0.0002448199163749
-.860000  -.180000    0.0000045990209681
-.820000  -.180000    0.0000289998201159
-.780000  -.180000    0.0000546727419465
-.740000  -.180000    0.0000804656053963
-.700000  -.180000    0.0001067342863782
-.660000  -.180000    0.0001319985486194
-.620000  -.180000    0.0001574056616994
-.580000  -.180000    0.0001821976805646
-.540000  -.180000    0.0002062981637608
-.500000  -.180000    0.0002296445117178
-.460000  -.180000    0.0002521863931869
-.420000  -.180000    0.0002738825497415
-.380000  -.180000    0.0002947005766392
-.340000  -.180000    0.0003146128623980
-.300000  -.180000    0.0003335989444493
-.260000  -.180000    0.0003516430745493
-.220000  -.180000    0.0003687335024846
-.180000  -.180000    0.0003851388948930
-.140000  -.180000    0.0004003051127173
-.100000  -.180000    0.0004145279406893
-.060000  -.180000    0.0004278830205080
-.020000  -.180000    0.0004401389675653
0.020000  -.180000    0.0004514108113435
0.060000  -.180000    0.0004618530384946
0.100000  -.180000    0.0004715721919882
0.140000  -.180000    0.0004793327378879
0.180000  -.180000    0.0004859449925731
0.220000  -.180000    0.0004932877367442
0.260000  -.180000    0.0004979094458906
0.300000  -.180000    0.0005013518929775
0.340000  -.180000    0.0005035727378640
0.380000  -.180000    0.0005045303860976
0.420000  -.180000    0.0005041558554255
0.460000  -.180000    0.0005023929436749
0.500000  -.180000    0.0004991774964039
0.540000  -.180000    0.0004944412744984
0.580000  -.180000    0.0004880823535632
0.620000  -.180000    0.0004799758374195
0.660000  -.180000    0.0004700188685299
0.700000  -.180000    0.0004521171467524
0.740000  -.180000    0.0004376100725541
0.780000  -.180000    0.0004137092128430
0.820000  -.180000    0.0003861818752063
0.860000  -.180000    0.0003548043731427
0.900000  -.180000    0.0003189465652282
0.940000  -.180000    0.0002607790919940
0.980000  -.180000    0.0001538475799256
-.860000  -.140000    0.0000077611052768
-.820000  -.140000    0.0000323141827904
-.780000  -.140000    0.0000579986366566
-.740000  -.140000    0.0000844961954404
-.700000  -.140000    0.0001101327275022
-.660000  -.140000    0.0001360619970270
-.620000  -.140000    0.0001614647092234
-.580000  -.140000    0.0001862462289606
-.540000  -.140000    0.0002098740747142
-.500000  -.140000    0.0002332487346081
-.460000  -.140000    0.0002558072301548
-.420000  -.140000    0.0002775096741268
-.380000  -.140000    0.0002983250246858
-.340000  -.140000    0.0003182294790140
-.300000  -.140000    0.0003372054069375
-.260000  -.140000    0.0003556488740466
-.220000  -.140000    0.0003727444868012
-.180000  -.140000    0.0003888727715887
-.140000  -.140000    0.0004040256424003
-.100000  -.140000    0.0004184788872684
-.060000  -.140000    0.0004316865800517
-.020000  -.140000    0.0004439856007219
0.020000  -.140000    0.0004552599595694
0.060000  -.140000    0.0004657545127172
0.100000  -.140000    0.0004745123610188
0.140000  -.140000    0.0004835708135743
0.180000  -.140000    0.0004904324784016
0.220000  -.140000    0.0004961986957192
0.260000  -.140000    0.0005008433057119
0.300000  -.140000    0.0005066193952193
0.340000  -.140000    0.0005091709992576
0.380000  -.140000    0.0005104664762769
0.420000  -.140000    0.0005104540099132
0.460000  -.140000    0.0005091049838832
0.500000  -.140000    0.0005063203705214
0.540000  -.140000    0.0005019702815539
0.580000  -.140000    0.0004915064031329
0.620000  -.140000    0.0004835363990504
0.660000  -.140000    0.0004737106108798
0.700000  -.140000    0.0004619001210369
0.740000  -.140000    0.0004415777877042
0.780000  -.140000    0.0004248506625934
0.820000  -.140000    0.0003981333566440
0.860000  -.140000    0.0003674696401545
0.900000  -.140000    0.0003241774085871
0.940000  -.140000    0.0002749821373247
0.980000  -.140000    0.0001845038066137
-.860000  -.100000    0.0000103094986068
-.820000  -.100000    0.0000351839684986
-.780000  -.100000    0.0000609702105107
-.740000  -.100000    0.0000875115873617
-.700000  -.100000    0.0001131661999584
-.660000  -.100000    0.0001390994135582
-.620000  -.100000    0.0001644979624455
-.580000  -.100000    0.0001887703975289
-.540000  -.100000    0.0002129021595353
-.500000  -.100000    0.0002362681163401
-.460000  -.100000    0.0002588187642274
-.420000  -.100000    0.0002805152232270
-.380000  -.100000    0.0003013282102151
-.340000  -.100000    0.0003212345077005
-.300000  -.100000    0.0003402167079426
-.260000  -.100000    0.0003582602652203
-.220000  -.100000    0.0003753530114516
-.180000  -.100000    0.0003914834505260
-.140000  -.100000    0.0004071451806800
-.100000  -.100000    0.0004213098760454
-.060000  -.100000    0.0004344847138706
-.020000  -.100000    0.0004468678432955
0.020000  -.100000    0.0004581330913674
0.060000  -.100000    0.0004687188198744
0.100000  -.100000    0.0004776629449800
0.140000  -.100000    0.0004855666827639
0.180000  -.100000    0.0004940825062011
0.220000  -.100000    0.0005001226837150
0.260000  -.100000    0.0005050536179318
0.300000  -.100000    0.0005088343296642
0.340000  -.100000    0.0005114290348091
0.380000  -.100000    0.0005127275208378
0.420000  -.100000    0.0005128246001816
0.460000  -.100000    0.0005114702804272
0.500000  -.100000    0.0005086814166529
0.540000  -.100000    0.0005045359548856
0.580000  -.100000    0.0004986434733426
0.620000  -.100000    0.0004861543053104
0.660000  -.100000    0.0004764341191239
0.700000  -.100000    0.0004647481490423
0.740000  -.100000    0.0004444978949978
0.780000  -.100000    0.0004279664644322
0.820000  -.100000    0.0004014052633637
0.860000  -.100000    0.0003709842223807
0.900000  -.100000    0.0003362007879013
0.940000  -.100000    0.0002794097390737
0.980000  -.100000    0.0001982572452213
-.860000  -.060000    0.0000120423451353
-.820000  -.060000    0.0000371039305227
-.780000  -.060000    0.0000629508965265
-.740000  -.060000    0.0000888352263731
-.700000  -.060000    0.0001151843272397
-.660000  -.060000    0.0001411193198000
-.620000  -.060000    0.0001659590046509
-.580000  -.060000    0.0001907905550199
-.540000  -.060000    0.0002149173609407
-.500000  -.060000    0.0002382783167735
-.460000  -.060000    0.0002608250440380
-.420000  -.060000    0.0002825194395663
-.380000  -.060000    0.0003033338302005
-.340000  -.060000    0.0003232459098123
-.300000  -.060000    0.0003422390729326
-.260000  -.060000    0.0003603008867659
-.220000  -.060000    0.0003774201598638
-.180000  -.060000    0.0003935857853295
-.140000  -.060000    0.0004087840794297
-.100000  -.060000    0.0004229970105153
-.060000  -.060000    0.0004367444964531
-.020000  -.060000    0.0004487992773132
0.020000  -.060000    0.0004600404943740
0.060000  -.060000    0.0004698437777404
0.100000  -.060000    0.0004800412304634
0.140000  -.060000    0.0004882318911333
0.180000  -.060000    0.0004953904099167
0.220000  -.060000    0.0005014726140374
0.260000  -.060000    0.0005064470063561
0.300000  -.060000    0.0005102740505362
0.340000  -.060000    0.0005128600804047
0.380000  -.060000    0.0005143048602006
0.420000  -.060000    0.0005143781144158
0.460000  -.060000    0.0005130521549282
0.500000  -.060000    0.0005104403174839
0.540000  -.060000    0.0005060323681754
0.580000  -.060000    0.0005004150463261
0.620000  -.060000    0.0004928561079192
0.660000  -.060000    0.0004782316763805
0.700000  -.060000    0.0004666225708197
0.740000  -.060000    0.0004528686366386
0.780000  -.060000    0.0004300126884534
0.820000  -.060000    0.0004035495501686
0.860000  -.060000    0.0003732790003810
0.900000  -.060000    0.0003387594337595
0.940000  -.060000    0.0002905477965406
0.980000  -.060000    0.0002097484929404
-.860000  -.020000    0.0000129177046058
-.820000  -.020000    0.0000380656101934
-.780000  -.020000    0.0000639409908735
-.740000  -.020000    0.0000898374747668
-.700000  -.020000    0.0001161920938882
-.660000  -.020000    0.0001421277111249
-.620000  -.020000    0.0001669696946754
-.580000  -.020000    0.0001917994341100
-.540000  -.020000    0.0002159239186242
-.500000  -.020000    0.0002392826281505
-.460000  -.020000    0.0002618278238686
-.420000  -.020000    0.0002835218209975
-.380000  -.020000    0.0003043379352367
-.340000  -.020000    0.0003242545468040
-.300000  -.020000    0.0003432557673750
-.260000  -.020000    0.0003613311360703
-.220000  -.020000    0.0003784713793426
-.180000  -.020000    0.0003946693518173
-.140000  -.020000    0.0004099173995670
-.100000  -.020000    0.0004242045808340
-.060000  -.020000    0.0004375111306068
-.020000  -.020000    0.0004497508149794
0.020000  -.020000    0.0004610284372875
0.060000  -.020000    0.0004712337956656
0.100000  -.020000    0.0004805178535895
0.140000  -.020000    0.0004887849346036
0.180000  -.020000    0.0004959968674015
0.220000  -.020000    0.0005021191937733
0.260000  -.020000    0.0005071232531116
0.300000  -.020000    0.0005109789547663
0.340000  -.020000    0.0005135587536228
0.380000  -.020000    0.0005151500832325
0.420000  -.020000    0.0005148523551687
0.460000  -.020000    0.0005139235941841
0.500000  -.020000    0.0005112701309769
0.540000  -.020000    0.0005068878055355
0.580000  -.020000    0.0005012606653764
0.620000  -.020000    0.0004937315682340
0.660000  -.020000    0.0004791242449182
0.700000  -.020000    0.0004675526769183
0.740000  -.020000    0.0004538493338503
0.780000  -.020000    0.0004310267795821
0.820000  -.020000    0.0004046109772893
0.860000  -.020000    0.0003744125278889
0.900000  -.020000    0.0003400182037765
0.940000  -.020000    0.0002919993700810
0.980000  -.020000    0.0002193086471488
-.860000  0.020000    0.0000129177046058
-.820000  0.020000    0.0000380656101934
-.780000  0.020000    0.0000639409908735
-.740000  0.020000    0.0000898374747668
-.700000  0.020000    0.0001161920938882
-.660000  0.020000    0.0001421277111249
-.620000  0.020000    0.0001669696946754
-.580000  0.020000    0.0001917994341100
-.540000  0.020000    0.0002159239186242
-.500000  0.020000    0.0002392826281505
-.460000  0.020000    0.0002618278238686
-.420000  0.020000    0.0002835218209975
-.380000  0.020000    0.0003043379352367
-.340000  0.020000    0.0003242545468040
-.300000  0.020000    0.0003432557673750
-.260000  0.020000    0.0003613311360703
-.220000  0.020000    0.0003784713793426
-.180000  0.020000    0.0003946693518173
-.140000  0.020000    0.0004099173995670
-.100000  0.020000    0.0004242045808340
-.060000  0.020000    0.0004375111306068
-.020000  0.020000    0.0004497508149794
0.020000  0.020000    0.0004610284372875
0.060000  0.020000    0.0004712337956656
0.100000  0.020000    0.0004805178535895
0.140000  0.020000    0.0004887849346036
0.180000  0.020000    0.0004959968674015
0.220000  0.020000    0.0005021191937733
0.260000  0.020000    0.0005071232531116
0.300000  0.020000    0.0005109789547663
0.340000  0.020000    0.0005135587536228
0.380000  0.020000    0.0005151500832325
0.420000  0.020000    0.0005148523551687
0.460000  0.020000    0.0005139235941841
0.500000  0.020000    0.0005112701309769
0.540000  0.020000    0.0005068878055355
0.580000  0.020000    0.0005012606653764
0.620000  0.020000    0.0004937315682340
0.660000  0.020000    0.0004791242449182
0.700000  0.020000    0.0004675526769183
0.740000  0.020000    0.0004538493338503
0.780000  0.020000    0.0004310267795821
0.820000  0.020000    0.0004046109772893
0.860000  0.020000    0.0003744125278889
0.900000  0.020000    0.0003400182037765
0.940000  0.020000    0.0002919993700810
0.980000  0.020000    0.0002193086471488
-.860000  0.060000    0.0000120423451353
-.820000  0.060000    0.0000371039305227
-.780000  0.060000    0.0000629508965265
-.740000  0.060000    0.0000888352263731
-.700000  0.060000    0.0001151843272397
-.660000  0.060000    0.0001411193198000
-.620000  0.060000    0.0001659590046509
-.580000  0.060000    0.0001907905550199
-.540000  0.060000    0.0002149173609407
-.500000  0.060000    0.0002382783167735
-.460000  0.060000    0.0002608250440380
-.420000  0.060000    0.0002825194395663
-.380000  0.060000    0.0003033338302005
-.340000  0.060000    0.0003232459098123
-.300000  0.060000    0.0003422390729326
-.260000  0.060000    0.0003603008867659
-.220000  0.060000    0.0003774201598638
-.180000  0.060000    0.0003935857853295
-.140000  0.060000    0.0004087840794297
-.100000  0.060000    0.0004229970105153
-.060000  0.060000    0.0004367444964531
-.020000  0.060000    0.0004487992773132
0.020000  0.060000    0.0004600404943740
0.060000  0.060000    0.0004698437777404
0.100000  0.060000    0.0004800412304634
0.140000  0.060000    0.0004882318911333
0.180000  0.060000    0.0004953904099167
0.220000  0.060000    0.0005014726140374
0.260000  0.060000    0.0005064470063561
0.300000  0.060000    0.0005102740505362
0.340000  0.060000    0.0005128600804047
0.380000  0.060000    0.0005143048602006
0.420000  0.060000    0.0005143781144158
0.460000  0.060000    0.0005130521549282
0.500000  0.060000    0.0005104403174839
0.540000  0.060000    0.0005060323681754
0.580000  0.060000    0.0005004150463261
0.620000  0.060000    0.0004928561079192
0.660000  0.060000    0.0004782316763805
0.700000  0.060000    0.0004666225708197
0.740000  0.060000    0.0004528686366386
0.780000  0.060000    0.0004300126884534
0.820000  0.060000    0.0004035495501686
0.860000  0.060000    0.0003732790003810
0.900000  0.060000    0.0003387594337595
0.940000  0.060000    0.0002905477965406
0.980000  0.060000    0.0002097484929404
-.860000  0.100000    0.0000103094986068
-.820000  0.100000    0.0000351839684986
-.780000  0.100000    0.0000609702105107
-.740000  0.100000    0.0000875115873617
-.700000  0.100000    0.0001131661999584
-.660000  0.100000    0.0001390994135582
-.620000  0.100000    0.0001644979624455
-.580000  0.100000    0.0001887703975289
-.540000  0.100000    0.0002129021595353
-.500000  0.100000    0.0002362681163401
-.460000  0.100000    0.0002588187642274
-.420000  0.100000    0.0002805152232270
-.380000  0.100000    0.0003013282102151
-.340000  0.100000    0.0003212345077005
-.300000  0.100000    0.0003402167079426
-.260000  0.100000    0.0003582602652203
-.220000  0.100000    0.0003753530114516
-.180000  0.100000    0.0003914834505260
-.140000  0.100000    0.0004071451806800
-.100000  0.100000    0.0004213098760454
-.060000  0.100000    0.0004344847138706
-.020000  0.100000    0.0004468678432955
0.020000  0.100000    0.0004581330913674
0.060000  0.100000    0.0004687188198744
0.100000  0.100000    0.0004776629449800
0.140000  0.100000    0.0004855666827639
0.180000  0.100000    0.0004940825062011
0.220000  0.100000    0.0005001226837150
0.260000  0.100000    0.0005050536179318
0.300000  0.100000    0.0005088343296642
0.340000  0.100000    0.0005114290348091
0.380000  0.100000    0.0005127275208378
0.420000  0.100000    0.0005128246001816
0.460000  0.100000    0.0005114702804272
0.500000  0.100000    0.0005086814166529
0.540000  0.100000    0.0005045359548856
0.580000  0.100000    0.0004986434733426
0.620000  0.100000    0.0004861543053104
0.660000  0.100000    0.0004764341191239
0.700000  0.100000    0.0004647481490423
0.740000  0.100000    0.0004444978949978
0.780000  0.100000    0.0004279664644322
0.820000  0.100000    0.0004014052633637
0.860000  0.100000    0.0003709842223807
0.900000  0.100000    0.0003362007879013
0.940000  0.100000    0.0002794097390737
0.980000  0.100000    0.0001982572452213
-.860000  0.140000    0.0000077611052768
-.820000  0.140000    0.0000323141827904
-.780000  0.140000    0.0000579986366566
-.740000  0.140000    0.0000844961954404
-.700000  0.140000    0.0001101327275022
-.660000  0.140000    0.0001360619970270
-.620000  0.140000    0.0001614647092234
-.580000  0.140000    0.0001862462289606
-.540000  0.140000    0.0002098740747142
-.500000  0.140000    0.0002332487346081
-.460000  0.140000    0.0002558072301548
-.420000  0.140000    0.0002775096741268
-.380000  0.140000    0.0002983250246858
-.340000  0.140000    0.0003182294790140
-.300000  0.140000    0.0003372054069375
-.260000  0.140000    0.0003556488740466
-.220000  0.140000    0.0003727444868012
-.180000  0.140000    0.0003888727715887
-.140000  0.140000    0.0004040256424003
-.100000  0.140000    0.0004184788872684
-.060000  0.140000    0.0004316865800517
-.020000  0.140000    0.0004439856007219
0.020000  0.140000    0.0004552599595694
0.060000  0.140000    0.0004657545127172
0.100000  0.140000    0.0004745123610188
0.140000  0.140000    0.0004835708135743
0.180000  0.140000    0.0004904324784016
0.220000  0.140000    0.0004961986957192
0.260000  0.140000    0.0005008433057119
0.300000  0.140000    0.0005066193952193
0.340000  0.140000    0.0005091709992576
0.380000  0.140000    0.0005104664762769
0.420000  0.140000    0.0005104540099132
0.460000  0.140000    0.0005091049838832
0.500000  0.140000    0.0005063203705214
0.540000  0.140000    0.0005019702815539
0.580000  0.140000    0.0004915064031329
0.620000  0.140000    0.0004835363990504
0.660000  0.140000    0.0004737106108798
0.700000  0.140000    0.0004619001210369
0.740000  0.140000    0.0004415777877042
0.780000  0.140000    0.0004248506625934
0.820000  0.140000    0.0003981333566440
0.860000  0.140000    0.0003674696401545
0.900000  0.140000    0.0003241774085871
0.940000  0.140000    0.0002749821373247
0.980000  0.140000    0.0001845038066137
-.860000  0.180000    0.0000045990209681
-.820000  0.180000    0.0000289998201159
-.780000  0.180000    0.0000546727419465
-.740000  0.180000    0.0000804656053963
-.700000  0.180000    0.0001067342863782
-.660000  0.180000    0.0001319985486194
-.620000  0.180000    0.0001574056616994
-.580000  0.180000    0.0001821976805646
-.540000  0.180000    0.0002062981637608
-.500000  0.180000    0.0002296445117178
-.460000  0.180000    0.0002521863931869
-.420000  0.180000    0.0002738825497415
-.380000  0.180000    0.0002947005766392
-.340000  0.180000    0.0003146128623980
-.300000  0.180000    0.0003335989444493
-.260000  0.180000    0.0003516430745493
-.220000  0.180000    0.0003687335024846
-.180000  0.180000    0.0003851388948930
-.140000  0.180000    0.0004003051127173
-.100000  0.180000    0.0004145279406893
-.060000  0.180000    0.0004278830205080
-.020000  0.180000    0.0004401389675653
0.020000  0.180000    0.0004514108113435
0.060000  0.180000    0.0004618530384946
0.100000  0.180000    0.0004715721919882
0.140000  0.180000    0.0004793327378879
0.180000  0.180000    0.0004859449925731
0.220000  0.180000    0.0004932877367442
0.260000  0.180000    0.0004979094458906
0.300000  0.180000    0.0005013518929775
0.340000  0.180000    0.0005035727378640
0.380000  0.180000    0.0005045303860976
0.420000  0.180000    0.0005041558554255
0.460000  0.180000    0.0005023929436749
0.500000  0.180000    0.0004991774964039
0.540000  0.180000    0.0004944412744984
0.580000  0.180000    0.0004880823535632
0.620000  0.180000    0.0004799758374195
0.660000  0.180000    0.0004700188685299
0.700000  0.180000    0.0004521171467524
0.740000  0.180000    0.0004376100725541
0.780000  0.180000    0.0004137092128430
0.820000  0.180000    0.0003861818752063
0.860000  0.180000    0.0003548043731427
0.900000  0.180000    0.0003189465652282
0.940000  0.180000    0.0002607790919940
0.980000  0.180000    0.0001538475799256
-.860000  0.220000    0.0000006660706779
-.820000  0.220000    0.0000242389140424
-.780000  0.220000    0.0000496991934859
-.740000  0.220000    0.0000760821313503
-.700000  0.220000    0.0001016500237933
-.660000  0.220000    0.0001275109038010
-.620000  0.220000    0.0001523090110868
-.580000  0.220000    0.0001771137686020
-.540000  0.220000    0.0002012317648847
-.500000  0.220000    0.0002245972459613
-.460000  0.220000    0.0002471580027322
-.420000  0.220000    0.0002688714334154
-.380000  0.220000    0.0002897044091398
-.340000  0.220000    0.0003096294744351
-.300000  0.220000    0.0003286273570330
-.260000  0.220000    0.0003469409677428
-.220000  0.220000    0.0003640512455534
-.180000  0.220000    0.0003802094160456
-.140000  0.220000    0.0003955232458528
-.100000  0.220000    0.0004098022544086
-.060000  0.220000    0.0004230831261046
-.020000  0.220000    0.0004353102957569
0.020000  0.220000    0.0004465713197788
0.060000  0.220000    0.0004569732541900
0.100000  0.220000    0.0004665967088966
0.140000  0.220000    0.0004741698058394
0.180000  0.220000    0.0004821787869508
0.220000  0.220000    0.0004876952499784
0.260000  0.220000    0.0004920267935783
0.300000  0.220000    0.0004974872389048
0.340000  0.220000    0.0004996752833245
0.380000  0.220000    0.0005005797406104
0.420000  0.220000    0.0005001503545719
0.460000  0.220000    0.0004983206017484
0.500000  0.220000    0.0004950239031235
0.540000  0.220000    0.0004901747528421
0.580000  0.220000    0.0004836795939903
0.620000  0.220000    0.0004754360033357
0.660000  0.220000    0.0004598264497937
0.700000  0.220000    0.0004473054364263
0.740000  0.220000    0.0004259791878213
0.780000  0.220000    0.0004084293585912
0.820000  0.220000    0.0003806164877645
0.860000  0.220000    0.0003487737608997
0.900000  0.220000    0.0003041284018383
0.940000  0.220000    0.0002448199163749
-.820000  0.260000    0.0000189912027681
-.780000  0.260000    0.0000443299134348
-.740000  0.260000    0.0000699920082993
-.700000  0.260000    0.0000961691096861
-.660000  0.260000    0.0001213704599148
-.620000  0.260000    0.0001467228053461
-.580000  0.260000    0.0001714738120873
-.540000  0.260000    0.0001955477751975
-.500000  0.260000    0.0002188833240334
-.460000  0.260000    0.0002414273989989
-.420000  0.260000    0.0002631366408207
-.380000  0.260000    0.0002839754169132
-.340000  0.260000    0.0003039153822448
-.300000  0.260000    0.0003229348155585
-.260000  0.260000    0.0003410194735921
-.220000  0.260000    0.0003582806799585
-.180000  0.260000    0.0003744794425712
-.140000  0.260000    0.0003896962820859
-.100000  0.260000    0.0004040466211967
-.060000  0.260000    0.0004172761821599
-.020000  0.260000    0.0004294779284019
0.020000  0.260000    0.0004407225275727
0.060000  0.260000    0.0004510849424937
0.100000  0.260000    0.0004606308148261
0.140000  0.260000    0.0004680219798182
0.180000  0.260000    0.0004758812342656
0.220000  0.260000    0.0004811409212285
0.260000  0.260000    0.0004873198885193
0.300000  0.260000    0.0004904394537271
0.340000  0.260000    0.0004922858395737
0.380000  0.260000    0.0004928182034266
0.420000  0.260000    0.0004919847076721
0.460000  0.260000    0.0004897230557932
0.500000  0.260000    0.0004859652269990
0.540000  0.260000    0.0004806324307649
0.580000  0.260000    0.0004736329458868
0.620000  0.260000    0.0004648516360736
0.660000  0.260000    0.0004541541481402
0.700000  0.260000    0.0004352529842018
0.740000  0.260000    0.0004198708709680
0.780000  0.260000    0.0003948533933094
0.820000  0.260000    0.0003661533030464
0.860000  0.260000    0.0003334353664138
0.900000  0.260000    0.0002877528836991
0.940000  0.260000    0.0002191013439893
-.820000  0.300000    0.0000125069536565
-.780000  0.300000    0.0000373538913268
-.740000  0.300000    0.0000635073882864
-.700000  0.300000    0.0000889793678642
-.660000  0.300000    0.0001147681070922
-.620000  0.300000    0.0001395178266591
-.580000  0.300000    0.0001642909560245
-.540000  0.300000    0.0001883945465075
-.500000  0.300000    0.0002117632258913
-.460000  0.300000    0.0002343419863466
-.420000  0.300000    0.0002560863657831
-.380000  0.300000    0.0002769603500322
-.340000  0.300000    0.0002970906898422
-.300000  0.300000    0.0003161367649772
-.260000  0.300000    0.0003342566246084
-.220000  0.300000    0.0003514422181239
-.180000  0.300000    0.0003676788054687
-.140000  0.300000    0.0003830096758280
-.100000  0.300000    0.0003972511887529
-.060000  0.300000    0.0004104403616417
-.020000  0.300000    0.0004226175800901
0.020000  0.300000    0.0004338375441203
0.060000  0.300000    0.0004441597809879
0.100000  0.300000    0.0004536360222418
0.140000  0.300000    0.0004622935106443
0.180000  0.300000    0.0004685674531317
0.220000  0.300000    0.0004754857956285
0.260000  0.300000    0.0004795655872455
0.300000  0.300000    0.0004823643102703
0.340000  0.300000    0.0004838524966214
0.380000  0.300000    0.0004870300156641
0.420000  0.300000    0.0004861326748983
0.460000  0.300000    0.0004837846704857
0.500000  0.300000    0.0004799160775395
0.540000  0.300000    0.0004744443653843
0.580000  0.300000    0.0004672711233263
0.620000  0.300000    0.0004582777834074
0.660000  0.300000    0.0004417004960914
0.700000  0.300000    0.0004282755809473
0.740000  0.300000    0.0004058369409551
0.780000  0.300000    0.0003871244505733
0.820000  0.300000    0.0003579209359980
0.860000  0.300000    0.0003165915414860
0.900000  0.300000    0.0002696327782661
0.940000  0.300000    0.0001908511138872
-.820000  0.340000    0.0000056023182996
-.780000  0.340000    0.0000299272216381
-.740000  0.340000    0.0000553072584395
-.700000  0.340000    0.0000813512723197
-.660000  0.340000    0.0001064749306274
-.620000  0.340000    0.0001317783693344
-.580000  0.340000    0.0001564992680608
-.540000  0.340000    0.0001805604745765
-.500000  0.340000    0.0002039001149212
-.460000  0.340000    0.0002264651418541
-.420000  0.340000    0.0002482105684643
-.380000  0.340000    0.0002690989402754
-.340000  0.340000    0.0002891006324312
-.300000  0.340000    0.0003082259470809
-.260000  0.340000    0.0003263876646697
-.220000  0.340000    0.0003436247780587
-.180000  0.340000    0.0003597968525370
-.140000  0.340000    0.0003751973637100
-.100000  0.340000    0.0003893937634398
-.060000  0.340000    0.0004025487110836
-.020000  0.340000    0.0004146994779207
0.020000  0.340000    0.0004258893606510
0.060000  0.340000    0.0004361676377694
0.100000  0.340000    0.0004455741774219
0.140000  0.340000    0.0004541320707113
0.180000  0.340000    0.0004601879806578
0.220000  0.340000    0.0004669513440948
0.260000  0.340000    0.0004707424266909
0.300000  0.340000    0.0004732093437066
0.340000  0.340000    0.0004771656773173
0.380000  0.340000    0.0004772687826863
0.420000  0.340000    0.0004759441349341
0.460000  0.340000    0.0004731308420166
0.500000  0.340000    0.0004687610977662
0.540000  0.340000    0.0004627527547062
0.580000  0.340000    0.0004550083427875
0.620000  0.340000    0.0004454079092298
0.660000  0.340000    0.0004337950044508
0.700000  0.340000    0.0004138069354132
0.740000  0.340000    0.0003972548661768
0.780000  0.340000    0.0003709031163876
0.820000  0.340000    0.0003406392435655
0.860000  0.340000    0.0002981190303226
0.900000  0.340000    0.0002417449914888
0.940000  0.340000    0.0001198690124069
-.780000  0.380000    0.0000214744362683
-.740000  0.380000    0.0000466509041344
-.700000  0.380000    0.0000726069808713
-.660000  0.380000    0.0000976755253527
-.620000  0.380000    0.0001229215922715
-.580000  0.380000    0.0001475876819842
-.540000  0.380000    0.0001716020065859
-.500000  0.380000    0.0001949078029609
-.460000  0.380000    0.0002174549047733
-.420000  0.380000    0.0002391984534830
-.380000  0.380000    0.0002601007136241
-.340000  0.380000    0.0002801292433998
-.300000  0.380000    0.0002992614439233
-.260000  0.380000    0.0003173976616285
-.220000  0.380000    0.0003346912151326
-.180000  0.380000    0.0003508126541110
-.140000  0.380000    0.0003662855878925
-.100000  0.380000    0.0003804436130045
-.060000  0.380000    0.0003935674633339
-.020000  0.380000    0.0004056891027056
0.020000  0.380000    0.0004168431241176
0.060000  0.380000    0.0004270721506032
0.100000  0.380000    0.0004364062435714
0.140000  0.380000    0.0004448643995126
0.180000  0.380000    0.0004506953471852
0.220000  0.380000    0.0004573041375282
0.260000  0.380000    0.0004607975619990
0.300000  0.380000    0.0004655345184299
0.340000  0.380000    0.0004666507113787
0.380000  0.380000    0.0004663446573844
0.420000  0.380000    0.0004645692546242
0.460000  0.380000    0.0004612648038693
0.500000  0.380000    0.0004563648243718
0.540000  0.380000    0.0004497877530337
0.580000  0.380000    0.0004414347675110
0.620000  0.380000    0.0004311845807709
0.660000  0.380000    0.0004188746159204
0.700000  0.380000    0.0003979204008748
0.740000  0.380000    0.0003805496268206
0.780000  0.380000    0.0003531376125194
0.820000  0.380000    0.0003216886250892
0.860000  0.380000    0.0002777219655914
0.900000  0.380000    0.0002114578433161
-.780000  0.420000    0.0000120809171306
-.740000  0.420000    0.0000368716037458
-.700000  0.420000    0.0000620823095269
-.660000  0.420000    0.0000877264328824
-.620000  0.420000    0.0001129210359371
-.580000  0.420000    0.0001370754410764
-.540000  0.420000    0.0001611437316350
-.500000  0.420000    0.0001845087552036
-.460000  0.420000    0.0002071175698581
-.420000  0.420000    0.0002289239423689
-.380000  0.420000    0.0002499460032981
-.340000  0.420000    0.0002700018474542
-.300000  0.420000    0.0002891736927362
-.260000  0.420000    0.0003072641329152
-.220000  0.420000    0.0003246155699450
-.180000  0.420000    0.0003406969805359
-.140000  0.420000    0.0003562409444971
-.100000  0.420000    0.0003703674439291
-.060000  0.420000    0.0003834611546710
-.020000  0.420000    0.0003955475906053
0.020000  0.420000    0.0004066597478529
0.060000  0.420000    0.0004168318744201
0.100000  0.420000    0.0004260876738045
0.140000  0.420000    0.0004344417085870
0.180000  0.420000    0.0004400399085840
0.220000  0.420000    0.0004464892583729
0.260000  0.420000    0.0004496747599840
0.300000  0.420000    0.0004541976567004
0.340000  0.420000    0.0004549318186546
0.380000  0.420000    0.0004541987181146
0.420000  0.420000    0.0004555604502384
0.460000  0.420000    0.0004521435609252
0.500000  0.420000    0.0004470873725715
0.540000  0.420000    0.0004403026197312
0.580000  0.420000    0.0004316774900457
0.620000  0.420000    0.0004155586810967
0.660000  0.420000    0.0004024967819630
0.700000  0.420000    0.0003870603014548
0.740000  0.420000    0.0003622674433654
0.780000  0.420000    0.0003337072300554
0.820000  0.420000    0.0002934222588310
0.860000  0.420000    0.0002475366077821
0.900000  0.420000    0.0001628695969245
-.780000  0.460000    0.0000021019381845
-.740000  0.460000    0.0000259721725228
-.700000  0.460000    0.0000516137028623
-.660000  0.460000    0.0000765826568456
-.620000  0.460000    0.0001017379898818
-.580000  0.460000    0.0001258469903508
-.540000  0.460000    0.0001498808867962
-.500000  0.460000    0.0001732204471837
-.460000  0.460000    0.0001958170970066
-.420000  0.460000    0.0002176271239447
-.380000  0.460000    0.0002386098374445
-.340000  0.460000    0.0002586896819182
-.300000  0.460000    0.0002778999699068
-.260000  0.460000    0.0002959558490157
-.220000  0.460000    0.0003133630892338
-.180000  0.460000    0.0003294120073909
-.140000  0.460000    0.0003450232403057
-.100000  0.460000    0.0003591220523173
-.060000  0.460000    0.0003721828880890
-.020000  0.460000    0.0003842296071132
0.020000  0.460000    0.0003952932514015
0.060000  0.460000    0.0004054002633499
0.100000  0.460000    0.0004145696994917
0.140000  0.460000    0.0004228124252411
0.180000  0.460000    0.0004281692932635
0.220000  0.460000    0.0004344501017150
0.260000  0.460000    0.0004373172221297
0.300000  0.460000    0.0004416108213387
0.340000  0.460000    0.0004419473254153
0.380000  0.460000    0.0004407696727288
0.420000  0.460000    0.0004418068676661
0.460000  0.460000    0.0004378632343294
0.500000  0.460000    0.0004322286492316
0.540000  0.460000    0.0004248118140509
0.580000  0.460000    0.0004154972108612
0.620000  0.460000    0.0003984643871946
0.660000  0.460000    0.0003845831953989
0.700000  0.460000    0.0003616474714626
0.740000  0.460000    0.0003422712128921
0.780000  0.460000    0.0003123762764965
0.820000  0.460000    0.0002705096340340
0.860000  0.460000    0.0002074358109844
-.740000  0.500000    0.0000143716897284
-.700000  0.500000    0.0000392663991430
-.660000  0.500000    0.0000641833972064
-.620000  0.500000    0.0000893161674598
-.580000  0.500000    0.0001133843160019
-.540000  0.500000    0.0001373919426346
-.500000  0.500000    0.0001607086801914
-.460000  0.500000    0.0001832914558598
-.420000  0.500000    0.0002051011695554
-.380000  0.500000    0.0002260590217917
-.340000  0.500000    0.0002461573020991
-.300000  0.500000    0.0002654009011587
-.260000  0.500000    0.0002834327868980
-.220000  0.500000    0.0003008892571517
-.180000  0.500000    0.0003169144804723
-.140000  0.500000    0.0003325820988249
-.100000  0.500000    0.0003466537004211
-.060000  0.500000    0.0003596797661451
-.020000  0.500000    0.0003716836546291
0.020000  0.500000    0.0003826913761998
0.060000  0.500000    0.0003927235493828
0.100000  0.500000    0.0004017956000378
0.140000  0.500000    0.0004099157329974
0.180000  0.500000    0.0004150240095658
0.220000  0.500000    0.0004211220594051
0.260000  0.500000    0.0004236601729755
0.300000  0.500000    0.0004277042626148
0.340000  0.500000    0.0004276284555237
0.380000  0.500000    0.0004259880686720
0.420000  0.500000    0.0004266619571694
0.460000  0.500000    0.0004221622030454
0.500000  0.500000    0.0004159139648651
0.540000  0.500000    0.0004078250581720
0.580000  0.500000    0.0003977675016635
0.620000  0.500000    0.0003798109990868
0.660000  0.500000    0.0003650187861545
0.700000  0.500000    0.0003410322493537
0.740000  0.500000    0.0003134695973150
0.780000  0.500000    0.0002818379557607
0.820000  0.500000    0.0002375315139650
0.860000  0.500000    0.0001492820302696
-.740000  0.540000    0.0000016836012507
-.700000  0.540000    0.0000256480155121
-.660000  0.540000    0.0000504529163616
-.620000  0.540000    0.0000755735520577
-.580000  0.540000    0.0000996187105826
-.540000  0.540000    0.0001236164688349
-.500000  0.540000    0.0001469193019268
-.460000  0.540000    0.0001694911893916
-.420000  0.540000    0.0001912986302815
-.380000  0.540000    0.0002122487292091
-.340000  0.540000    0.0002323585127572
-.300000  0.540000    0.0002516274888832
-.260000  0.540000    0.0002696458276664
-.220000  0.540000    0.0002871418228323
-.180000  0.540000    0.0003031495304480
-.140000  0.540000    0.0003188620152576
-.100000  0.540000    0.0003329061986795
-.060000  0.540000    0.0003458944299940
-.020000  0.540000    0.0003578488386135
0.020000  0.540000    0.0003687907385599
0.060000  0.540000    0.0003787373735699
0.100000  0.540000    0.0003876996591850
0.140000  0.540000    0.0003956823407564
0.180000  0.540000    0.0004005349730939
0.220000  0.540000    0.0004064312372270
0.260000  0.540000    0.0004086311061604
0.300000  0.540000    0.0004123993558230
0.340000  0.540000    0.0004118946214232
0.380000  0.540000    0.0004097721639152
0.420000  0.540000    0.0004100335575214
0.460000  0.540000    0.0004049460124920
0.500000  0.540000    0.0003980480010949
0.540000  0.540000    0.0003892341743985
0.580000  0.540000    0.0003783650266377
0.620000  0.540000    0.0003594665436309
0.660000  0.540000    0.0003436214590469
0.700000  0.540000    0.0003184619549605
0.740000  0.540000    0.0002894304052357
0.780000  0.540000    0.0002487859808618
0.820000  0.540000    0.0001873117754074
-.700000  0.580000    0.0000111946381222
-.660000  0.580000    0.0000358598656694
-.620000  0.580000    0.0000603990218589
-.580000  0.580000    0.0000849973266744
-.540000  0.580000    0.0001084676425302
-.500000  0.580000    0.0001317763075571
-.460000  0.580000    0.0001543468291880
-.420000  0.580000    0.0001761540478622
-.380000  0.580000    0.0001971189728444
-.340000  0.580000    0.0002172323720396
-.300000  0.580000    0.0002365170076689
-.260000  0.580000    0.0002545347212943
-.220000  0.580000    0.0002720552321391
-.180000  0.580000    0.0002880529051348
-.140000  0.580000    0.0003029473984577
-.100000  0.580000    0.0003178077861915
-.060000  0.580000    0.0003307553067899
-.020000  0.580000    0.0003426528389988
0.020000  0.580000    0.0003535188048831
0.060000  0.580000    0.0003633666946215
0.100000  0.580000    0.0003722037964584
0.140000  0.580000    0.0003779364088571
0.180000  0.580000    0.0003846240650151
0.220000  0.580000    0.0003902932315750
0.260000  0.580000    0.0003921456882481
0.300000  0.580000    0.0003956018841318
0.340000  0.580000    0.0003946523204301
0.380000  0.580000    0.0003920294460358
0.420000  0.580000    0.0003918136636787
0.460000  0.580000    0.0003860999386105
0.500000  0.580000    0.0003784990797558
0.540000  0.580000    0.0003688933435597
0.580000  0.580000    0.0003516116236574
0.620000  0.580000    0.0003372216860420
0.660000  0.580000    0.0003139302815274
0.700000  0.580000    0.0002870644439991
0.740000  0.580000    0.0002559344244660
0.780000  0.580000    0.0002055846757583
-.660000  0.620000    0.0000192140600602
-.620000  0.620000    0.0000442305980545
-.580000  0.620000    0.0000683208902133
-.540000  0.620000    0.0000923131297741
-.500000  0.620000    0.0001155397192174
-.460000  0.620000    0.0001379945738631
-.420000  0.620000    0.0001596794992803
-.380000  0.620000    0.0001805869723862
-.340000  0.620000    0.0002006985297485
-.300000  0.620000    0.0002199883451311
-.260000  0.620000    0.0002380212814834
-.220000  0.620000    0.0002555487744716
-.180000  0.620000    0.0002715425232796
-.140000  0.620000    0.0002864193133002
-.100000  0.620000    0.0003001951634016
-.060000  0.620000    0.0003141759357703
-.020000  0.620000    0.0003260090301899
0.020000  0.620000    0.0003367874884725
0.060000  0.620000    0.0003465206699343
0.100000  0.620000    0.0003532141190569
0.140000  0.620000    0.0003607226272040
0.180000  0.620000    0.0003671932926292
0.220000  0.620000    0.0003726026932352
0.260000  0.620000    0.0003740992476545
0.300000  0.620000    0.0003771965666380
0.340000  0.620000    0.0003757836671157
0.380000  0.620000    0.0003726362594361
0.420000  0.620000    0.0003677070791945
0.460000  0.620000    0.0003609286901788
0.500000  0.620000    0.0003522100992599
0.540000  0.620000    0.0003414272017760
0.580000  0.620000    0.0003283764091805
0.620000  0.620000    0.0003068477227667
0.660000  0.620000    0.0002880782578793
0.700000  0.620000    0.0002531006512225
0.740000  0.620000    0.0002125874527129
0.780000  0.620000    0.0001315356808649
-.660000  0.660000    0.0000018746159738
-.620000  0.660000    0.0000257324644805
-.580000  0.660000    0.0000504764577692
-.540000  0.660000    0.0000740341363330
-.500000  0.660000    0.0000973793494497
-.460000  0.660000    0.0001199037691927
-.420000  0.660000    0.0001416200075924
-.380000  0.660000    0.0001625360496772
-.340000  0.660000    0.0001826469438069
-.300000  0.660000    0.0002016370076074
-.260000  0.660000    0.0002200032318908
-.220000  0.660000    0.0002369110809409
-.180000  0.660000    0.0002535180708233
-.140000  0.660000    0.0002683813897036
-.100000  0.660000    0.0002821247558303
-.060000  0.660000    0.0002947671034674
-.020000  0.660000    0.0003063249986162
0.020000  0.660000    0.0003168115965158
0.060000  0.660000    0.0003262360260626
0.100000  0.660000    0.0003346011392792
0.140000  0.660000    0.0003419011207322
0.180000  0.660000    0.0003481195775313
0.220000  0.660000    0.0003504883436919
0.260000  0.660000    0.0003543583128559
0.300000  0.660000    0.0003537627331086
0.340000  0.660000    0.0003551320663188
0.380000  0.660000    0.0003514273033298
0.420000  0.660000    0.0003458643433965
0.460000  0.660000    0.0003383620725869
0.500000  0.660000    0.0003288055532165
0.540000  0.660000    0.0003170159070201
0.580000  0.660000    0.0002972038242747
0.620000  0.660000    0.0002798807381124
0.660000  0.660000    0.0002472211142213
0.700000  0.660000    0.0002094929596959
0.740000  0.660000    0.0001507852276253
-.620000  0.700000    0.0000061620233586
-.580000  0.700000    0.0000305586712535
-.540000  0.700000    0.0000543601600595
-.500000  0.700000    0.0000778415877907
-.460000  0.700000    0.0001003861539728
-.420000  0.700000    0.0001218342073872
-.380000  0.700000    0.0001428431901470
-.340000  0.700000    0.0001628298891025
-.300000  0.700000    0.0001820002008666
-.260000  0.700000    0.0001998744590473
-.220000  0.700000    0.0002172876329700
-.180000  0.700000    0.0002330574158152
-.140000  0.700000    0.0002487015411739
-.100000  0.700000    0.0002624143414095
-.060000  0.700000    0.0002749984095473
-.020000  0.700000    0.0002864680347942
0.020000  0.700000    0.0002968335915392
0.060000  0.700000    0.0003061004469901
0.100000  0.700000    0.0003142670487534
0.140000  0.700000    0.0003213221972811
0.180000  0.700000    0.0003246509370938
0.220000  0.700000    0.0003292976496326
0.260000  0.700000    0.0003295859400984
0.300000  0.700000    0.0003317073499478
0.340000  0.700000    0.0003288516662748
0.380000  0.700000    0.0003241370525219
0.420000  0.700000    0.0003218889624755
0.460000  0.700000    0.0003088616702435
0.500000  0.700000    0.0002980634795990
0.540000  0.700000    0.0002848605331914
0.580000  0.700000    0.0002634180022014
0.620000  0.700000    0.0002383369099835
0.660000  0.700000    0.0002029033294491
0.700000  0.700000    0.0001481583776251
-.580000  0.740000    0.0000081535897503
-.540000  0.740000    0.0000323077704276
-.500000  0.740000    0.0000561688442186
-.460000  0.740000    0.0000784961471298
-.420000  0.740000    0.0001003694451732
-.380000  0.740000    0.0001212992578582
-.340000  0.740000    0.0001413388309997
-.300000  0.740000    0.0001603045038036
-.260000  0.740000    0.0001785006945093
-.220000  0.740000    0.0001952503298408
-.180000  0.740000    0.0002116619128140
-.140000  0.740000    0.0002262770697978
-.100000  0.740000    0.0002397176136195
-.060000  0.740000    0.0002534084476535
-.020000  0.740000    0.0002647790828198
0.020000  0.740000    0.0002750046287510
0.060000  0.740000    0.0002840861655733
0.100000  0.740000    0.0002898046574764
0.140000  0.740000    0.0002964175596603
0.180000  0.740000    0.0003018556864838
0.220000  0.740000    0.0003031206409846
0.260000  0.740000    0.0003059778503143
0.300000  0.740000    0.0003040347573174
0.340000  0.740000    0.0003040654594436
0.380000  0.740000    0.0002986852137114
0.420000  0.740000    0.0002912533921462
0.460000  0.740000    0.0002816228347834
0.500000  0.740000    0.0002647095722508
0.540000  0.740000    0.0002497490851874
0.580000  0.740000    0.0002262187948773
0.620000  0.740000    0.0001926956678324
0.660000  0.740000    0.0001400321340508
-.540000  0.780000    0.0000074982414265
-.500000  0.780000    0.0000315992122098
-.460000  0.780000    0.0000544496189812
-.420000  0.780000    0.0000766444512525
-.380000  0.780000    0.0000977062582605
-.340000  0.780000    0.0001177435219713
-.300000  0.780000    0.0001368360623002
-.260000  0.780000    0.0001547369208224
-.220000  0.780000    0.0001719110835341
-.180000  0.780000    0.0001875275780217
-.140000  0.780000    0.0002028600085156
-.100000  0.780000    0.0002162871277065
-.060000  0.780000    0.0002285103522397
-.020000  0.780000    0.0002395433173816
0.020000  0.780000    0.0002493937162030
0.060000  0.780000    0.0002580615931130
0.100000  0.780000    0.0002655362371071
0.140000  0.780000    0.0002717933750781
0.180000  0.780000    0.0002741538920180
0.220000  0.780000    0.0002777404856480
0.260000  0.780000    0.0002767989389231
0.300000  0.780000    0.0002774957972378
0.340000  0.780000    0.0002730522835735
0.380000  0.780000    0.0002665410969161
0.420000  0.780000    0.0002578242128922
0.460000  0.780000    0.0002466518116428
0.500000  0.780000    0.0002281117410255
0.540000  0.780000    0.0002058158417882
0.580000  0.780000    0.0001737206929677
0.620000  0.780000    0.0001130599999007
-.500000  0.820000    0.0000032056809185
-.460000  0.820000    0.0000273008059180
-.420000  0.820000    0.0000503286452646
-.380000  0.820000    0.0000713695193234
-.340000  0.820000    0.0000916542145583
-.300000  0.820000    0.0001108031507830
-.260000  0.820000    0.0001287756849213
-.220000  0.820000    0.0001457765699399
-.180000  0.820000    0.0001612671052502
-.140000  0.820000    0.0001763237454173
-.100000  0.820000    0.0001895014959630
-.060000  0.820000    0.0002014170692852
-.020000  0.820000    0.0002120882498946
0.020000  0.820000    0.0002215245548846
0.060000  0.820000    0.0002297242835694
0.100000  0.820000    0.0002366715977609
0.140000  0.820000    0.0002423331600839
0.180000  0.820000    0.0002440089809853
0.220000  0.820000    0.0002468252733729
0.260000  0.820000    0.0002450321967582
0.300000  0.820000    0.0002446844212682
0.340000  0.820000    0.0002391097932684
0.380000  0.820000    0.0002312639256574
0.420000  0.820000    0.0002169004914235
0.460000  0.820000    0.0002034782106569
0.500000  0.820000    0.0001820167633100
0.540000  0.820000    0.0001463695303609
-.420000  0.860000    0.0000188462893114
-.380000  0.860000    0.0000413543865787
-.340000  0.860000    0.0000624023139135
-.300000  0.860000    0.0000818396686311
-.260000  0.860000    0.0000999496473402
-.220000  0.860000    0.0001169112221315
-.180000  0.860000    0.0001324466747897
-.140000  0.860000    0.0001472053402341
-.100000  0.860000    0.0001601975593467
-.060000  0.860000    0.0001718342656060
-.020000  0.860000    0.0001821417512918
0.020000  0.860000    0.0001911328684478
0.060000  0.860000    0.0001988039002619
0.100000  0.860000    0.0002051311887534
0.140000  0.860000    0.0002100661684700
0.180000  0.860000    0.0002110836452328
0.220000  0.860000    0.0002128957703645
0.260000  0.860000    0.0002101729232767
0.300000  0.860000    0.0002052771425055
0.340000  0.860000    0.0001980424190593
0.380000  0.860000    0.0001881250373810
0.420000  0.860000    0.0001713943197176
0.460000  0.860000    0.0001464124242731
0.500000  0.860000    0.0001053732639429
-.380000  0.900000    0.0000032462322326
-.340000  0.900000    0.0000274312004556
-.300000  0.900000    0.0000479926943833
-.260000  0.900000    0.0000669066896550
-.220000  0.900000    0.0000841217634271
-.180000  0.900000    0.0000999454086661
-.140000  0.900000    0.0001142368364337
-.100000  0.900000    0.0001275273333327
-.060000  0.900000    0.0001389934921577
-.020000  0.900000    0.0001489807316252
0.020000  0.900000    0.0001575091725540
0.060000  0.900000    0.0001645721535203
0.100000  0.900000    0.0001701306368541
0.140000  0.900000    0.0001722035547788
0.180000  0.900000    0.0001743909363235
0.220000  0.900000    0.0001724633653615
0.260000  0.900000    0.0001682014703284
0.300000  0.900000    0.0001613464849802
0.340000  0.900000    0.0001485772156594
0.380000  0.900000    0.0001314881301020
0.420000  0.900000    0.0001009355417779
-.300000  0.940000    0.0000009122266653
-.260000  0.940000    0.0000255158999521
-.220000  0.940000    0.0000444744290894
-.180000  0.940000    0.0000612220421064
-.140000  0.940000    0.0000759551860846
-.100000  0.940000    0.0000889332527051
-.060000  0.940000    0.0001004188177471
-.020000  0.940000    0.0001099942552894
0.020000  0.940000    0.0001178398283425
0.060000  0.940000    0.0001239510529316
0.100000  0.940000    0.0001270120994280
0.140000  0.940000    0.0001292709979683
0.180000  0.940000    0.0001278014639832
0.220000  0.940000    0.0001235842271390
0.260000  0.940000    0.0001141467905979
0.300000  0.940000    0.0000997798864784
0.340000  0.940000    0.0000617491704821
-.140000  0.980000    0.0000224729506294
-.100000  0.980000    0.0000384556789878
-.060000  0.980000    0.0000503619571287
-.020000  0.980000    0.0000595895728530
0.020000  0.980000    0.0000664974523269
0.060000  0.980000    0.0000705288190594
0.100000  0.980000    0.0000713294579333
0.140000  0.980000    0.0000682376087937
0.180000  0.980000    0.0000577281220615
