-.140000  -.980000    0.0000228942847484
-.100000  -.980000    0.0000460308719337
-.060000  -.980000    0.0000617910451696
-.020000  -.980000    0.0000734337918672
0.020000  -.980000    0.0000832788474241
0.060000  -.980000    0.0000910800898692
0.100000  -.980000    0.0000952249450387
0.140000  -.980000    0.0000949403753572
0.180000  -.980000    0.0000881616868431
-.260000  -.940000    0.0000186989592163
-.220000  -.940000    0.0000430322516576
-.180000  -.940000    0.0000632006866503
-.140000  -.940000    0.0000801105855204
-.100000  -.940000    0.0000958299470835
-.060000  -.940000    0.0001083765216436
-.020000  -.940000    0.0001201048738220
0.020000  -.940000    0.0001299924082942
0.060000  -.940000    0.0001380908869442
0.100000  -.940000    0.0001445276939214
0.140000  -.940000    0.0001487576660265
0.180000  -.940000    0.0001506512508628
0.220000  -.940000    0.0001497489412030
0.260000  -.940000    0.0001447107292877
0.300000  -.940000    0.0001342081457286
0.340000  -.940000    0.0001004644540404
-.340000  -.900000    0.0000162021653490
-.300000  -.900000    0.0000411829932807
-.260000  -.900000    0.0000629820591673
-.220000  -.900000    0.0000820002617708
-.180000  -.900000    0.0000989563118667
-.140000  -.900000    0.0001152435798569
-.100000  -.900000    0.0001290206889203
-.060000  -.900000    0.0001421796839479
-.020000  -.900000    0.0001538357807134
0.020000  -.900000    0.0001640428980408
0.060000  -.900000    0.0001728237600460
0.100000  -.900000    0.0001801666062333
0.140000  -.900000    0.0001855748464218
0.180000  -.900000    0.0001897198137524
0.220000  -.900000    0.0001913113040098
0.260000  -.900000    0.0001906400577190
0.300000  -.900000    0.0001874186072326
0.340000  -.900000    0.0001795386241505
0.380000  -.900000    0.0001670079463875
0.420000  -.900000    0.0001417789625694
-.420000  -.860000    0.0000021898685465
-.380000  -.860000    0.0000290912901660
-.340000  -.860000    0.0000530507480405
-.300000  -.860000    0.0000742974233913
-.260000  -.860000    0.0000934689951836
-.220000  -.860000    0.0001110070504840
-.180000  -.860000    0.0001280825731407
-.140000  -.860000    0.0001429493228638
-.100000  -.860000    0.0001572975164457
-.060000  -.860000    0.0001703043767333
-.020000  -.860000    0.0001820210331135
0.020000  -.860000    0.0001924813017516
0.060000  -.860000    0.0002017001114674
0.100000  -.860000    0.0002096717658365
0.140000  -.860000    0.0002163658009315
0.180000  -.860000    0.0002207682479826
0.220000  -.860000    0.0002245869935756
0.260000  -.860000    0.0002255153005018
0.300000  -.860000    0.0002243964180570
0.340000  -.860000    0.0002210404325537
0.380000  -.860000    0.0002150903371683
0.420000  -.860000    0.0002036432789990
0.460000  -.860000    0.0001846771777054
0.500000  -.860000    0.0001494705286816
-.460000  -.820000    0.0000098298042720
-.420000  -.820000    0.0000361092758024
-.380000  -.820000    0.0000585601992119
-.340000  -.820000    0.0000799486098793
-.300000  -.820000    0.0000996441909908
-.260000  -.820000    0.0001189571573704
-.220000  -.820000    0.0001359310893094
-.180000  -.820000    0.0001525417096444
-.140000  -.820000    0.0001673646728700
-.100000  -.820000    0.0001816375225479
-.060000  -.820000    0.0001947119855624
-.020000  -.820000    0.0002066213228893
0.020000  -.820000    0.0002173887573818
0.060000  -.820000    0.0002270247424278
0.100000  -.820000    0.0002355244070935
0.140000  -.820000    0.0002428666036553
0.180000  -.820000    0.0002478413975460
0.220000  -.820000    0.0002526036412510
0.260000  -.820000    0.0002544237868582
0.300000  -.820000    0.0002563268918620
0.340000  -.820000    0.0002546729245851
0.380000  -.820000    0.0002509041540259
0.420000  -.820000    0.0002421900709994
0.460000  -.820000    0.0002330425534485
0.500000  -.820000    0.0002171777162006
0.540000  -.820000    0.0001885978800673
-.500000  -.780000    0.0000124210859976
-.460000  -.780000    0.0000373420158833
-.420000  -.780000    0.0000609240616841
-.380000  -.780000    0.0000827211612738
-.340000  -.780000    0.0001030044127489
-.300000  -.780000    0.0001220136801010
-.260000  -.780000    0.0001407979524255
-.220000  -.780000    0.0001575957306974
-.180000  -.780000    0.0001740467114870
-.140000  -.780000    0.0001889802386948
-.100000  -.780000    0.0002033296220048
-.060000  -.780000    0.0002165740257002
-.020000  -.780000    0.0002287352706810
0.020000  -.780000    0.0002398293638686
0.060000  -.780000    0.0002498639603485
0.100000  -.780000    0.0002588356265089
0.140000  -.780000    0.0002667273854120
0.180000  -.780000    0.0002722495744313
0.220000  -.780000    0.0002777456402411
0.260000  -.780000    0.0002803124852265
0.300000  -.780000    0.0002832206698652
0.340000  -.780000    0.0002826253980639
0.380000  -.780000    0.0002801500952495
0.420000  -.780000    0.0002756461085913
0.460000  -.780000    0.0002688635681621
0.500000  -.780000    0.0002562727809721
0.540000  -.780000    0.0002398875120266
0.580000  -.780000    0.0002145364650581
0.620000  -.780000    0.0001609655708547
-.540000  -.740000    0.0000112785673716
-.500000  -.740000    0.0000369872371306
-.460000  -.740000    0.0000598987599778
-.420000  -.740000    0.0000822032179515
-.380000  -.740000    0.0001031342049922
-.340000  -.740000    0.0001228796767676
-.300000  -.740000    0.0001424891441752
-.260000  -.740000    0.0001601389358132
-.220000  -.740000    0.0001775194136189
-.180000  -.740000    0.0001933850710274
-.140000  -.740000    0.0002087425870349
-.100000  -.740000    0.0002230340032135
-.060000  -.740000    0.0002364473358652
-.020000  -.740000    0.0002488833562136
0.020000  -.740000    0.0002603050721367
0.060000  -.740000    0.0002707174882626
0.100000  -.740000    0.0002791681803240
0.140000  -.740000    0.0002873800462760
0.180000  -.740000    0.0002945591487118
0.220000  -.740000    0.0002990520172317
0.260000  -.740000    0.0003039262542887
0.300000  -.740000    0.0003055588031605
0.340000  -.740000    0.0003079148488380
0.380000  -.740000    0.0003064598909872
0.420000  -.740000    0.0003031574386910
0.460000  -.740000    0.0002978586914726
0.500000  -.740000    0.0002869606028667
0.540000  -.740000    0.0002766837056216
0.580000  -.740000    0.0002593515977807
0.620000  -.740000    0.0002330077737472
0.660000  -.740000    0.0001879071045188
-.580000  -.700000    0.0000076597933676
-.540000  -.700000    0.0000327812685463
-.500000  -.700000    0.0000571527992654
-.460000  -.700000    0.0000800620712369
-.420000  -.700000    0.0001004915990536
-.380000  -.700000    0.0001220287858640
-.340000  -.700000    0.0001414152497177
-.300000  -.700000    0.0001598992252892
-.260000  -.700000    0.0001782047697762
-.220000  -.700000    0.0001949552149328
-.180000  -.700000    0.0002112920277912
-.140000  -.700000    0.0002264700144350
-.100000  -.700000    0.0002409618494678
-.060000  -.700000    0.0002544596109774
-.020000  -.700000    0.0002669772849124
0.020000  -.700000    0.0002785256375134
0.060000  -.700000    0.0002891116053794
0.100000  -.700000    0.0002987354651965
0.140000  -.700000    0.0003073879974843
0.180000  -.700000    0.0003136362557547
0.220000  -.700000    0.0003201456141956
0.260000  -.700000    0.0003237086443303
0.300000  -.700000    0.0003279678974922
0.340000  -.700000    0.0003287339359485
0.380000  -.700000    0.0003278535159243
0.420000  -.700000    0.0003282058666526
0.460000  -.700000    0.0003208559772468
0.500000  -.700000    0.0003144981136993
0.540000  -.700000    0.0003059428042714
0.580000  -.700000    0.0002907990073448
0.620000  -.700000    0.0002720519541269
0.660000  -.700000    0.0002439440857830
0.700000  -.700000    0.0001968577343433
-.620000  -.660000    0.0000016728328231
-.580000  -.660000    0.0000269915061949
-.540000  -.660000    0.0000508391686829
-.500000  -.660000    0.0000742757535425
-.460000  -.660000    0.0000965181639121
-.420000  -.660000    0.0001176697773131
-.380000  -.660000    0.0001378481417343
-.340000  -.660000    0.0001571492653039
-.300000  -.660000    0.0001763685808937
-.260000  -.660000    0.0001939740775750
-.220000  -.660000    0.0002112744344289
-.180000  -.660000    0.0002273331802834
-.140000  -.660000    0.0002428196149379
-.100000  -.660000    0.0002573304905658
-.060000  -.660000    0.0002708818620781
-.020000  -.660000    0.0002834878419868
0.020000  -.660000    0.0002951597459372
0.060000  -.660000    0.0003059063230473
0.100000  -.660000    0.0003157303085064
0.140000  -.660000    0.0003246256035733
0.180000  -.660000    0.0003325773112242
0.220000  -.660000    0.0003379075576522
0.260000  -.660000    0.0003437686765072
0.300000  -.660000    0.0003464775343795
0.340000  -.660000    0.0003501129808110
0.380000  -.660000    0.0003500579123903
0.420000  -.660000    0.0003483628566290
0.460000  -.660000    0.0003449494503046
0.500000  -.660000    0.0003397061060807
0.540000  -.660000    0.0003324619132545
0.580000  -.660000    0.0003189008679915
0.620000  -.660000    0.0003065878542300
0.660000  -.660000    0.0002818262739939
0.700000  -.660000    0.0002515787476317
0.740000  -.660000    0.0002007440852564
-.620000  -.620000    0.0000190286895841
-.580000  -.620000    0.0000433824980292
-.540000  -.620000    0.0000674138977965
-.500000  -.620000    0.0000903202710601
-.460000  -.620000    0.0001121531995824
-.420000  -.620000    0.0001330169114874
-.380000  -.620000    0.0001530066491670
-.340000  -.620000    0.0001721959556136
-.300000  -.620000    0.0001906356494163
-.260000  -.620000    0.0002088824997783
-.220000  -.620000    0.0002257899178043
-.180000  -.620000    0.0002422509894023
-.140000  -.620000    0.0002577477431884
-.100000  -.620000    0.0002722953234787
-.060000  -.620000    0.0002862527794304
-.020000  -.620000    0.0002991424382059
0.020000  -.620000    0.0003111219466114
0.060000  -.620000    0.0003221968336098
0.100000  -.620000    0.0003312995328602
0.140000  -.620000    0.0003404110688354
0.180000  -.620000    0.0003486173477661
0.220000  -.620000    0.0003558973372091
0.260000  -.620000    0.0003603834945871
0.300000  -.620000    0.0003656030176134
0.340000  -.620000    0.0003675110026766
0.380000  -.620000    0.0003679026706244
0.420000  -.620000    0.0003667250384157
0.460000  -.620000    0.0003639152118537
0.500000  -.620000    0.0003593878680162
0.540000  -.620000    0.0003530180366725
0.580000  -.620000    0.0003446174207310
0.620000  -.620000    0.0003294629704804
0.660000  -.620000    0.0003158500117398
0.700000  -.620000    0.0002889168910943
0.740000  -.620000    0.0002560821420767
0.780000  -.620000    0.0001833556219165
-.660000  -.580000    0.0000093211274118
-.620000  -.580000    0.0000339348336240
-.580000  -.580000    0.0000584896566630
-.540000  -.580000    0.0000809088445428
-.500000  -.580000    0.0001034326925257
-.460000  -.580000    0.0001250530619840
-.420000  -.580000    0.0001458323708540
-.380000  -.580000    0.0001666980617330
-.340000  -.580000    0.0001858320838402
-.300000  -.580000    0.0002042567420612
-.260000  -.580000    0.0002224618852128
-.220000  -.580000    0.0002394091386721
-.180000  -.580000    0.0002558772965600
-.140000  -.580000    0.0002714028639031
-.100000  -.580000    0.0002861952303088
-.060000  -.580000    0.0003000715317397
-.020000  -.580000    0.0003130494972577
0.020000  -.580000    0.0003251403895486
0.060000  -.580000    0.0003363514672484
0.100000  -.580000    0.0003466871319719
0.140000  -.580000    0.0003548868013183
0.180000  -.580000    0.0003633200506654
0.220000  -.580000    0.0003708626745556
0.260000  -.580000    0.0003756188671222
0.300000  -.580000    0.0003811842183062
0.340000  -.580000    0.0003834532358444
0.380000  -.580000    0.0003842582878950
0.420000  -.580000    0.0003865230280722
0.460000  -.580000    0.0003845708703680
0.500000  -.580000    0.0003809625675863
0.540000  -.580000    0.0003755888074121
0.580000  -.580000    0.0003641812998670
0.620000  -.580000    0.0003545590472746
0.660000  -.580000    0.0003377663209200
0.700000  -.580000    0.0003176101011472
0.740000  -.580000    0.0002933220048398
0.780000  -.580000    0.0002517289569892
-.660000  -.540000    0.0000227863454662
-.620000  -.540000    0.0000476718595576
-.580000  -.540000    0.0000707293617827
-.540000  -.540000    0.0000938898326180
-.500000  -.540000    0.0001161799555687
-.460000  -.540000    0.0001376398656595
-.420000  -.540000    0.0001583210084875
-.380000  -.540000    0.0001790921616946
-.340000  -.540000    0.0001982093589348
-.300000  -.540000    0.0002166437192187
-.260000  -.540000    0.0002348390397456
-.220000  -.540000    0.0002518320949446
-.180000  -.540000    0.0002683247709709
-.140000  -.540000    0.0002839243938211
-.100000  -.540000    0.0002987671129478
-.060000  -.540000    0.0003127124338273
-.020000  -.540000    0.0003257759466153
0.020000  -.540000    0.0003379714102182
0.060000  -.540000    0.0003493080131888
0.100000  -.540000    0.0003597924381815
0.140000  -.540000    0.0003694264815538
0.180000  -.540000    0.0003767930831080
0.220000  -.540000    0.0003845707150587
0.260000  -.540000    0.0003895923570410
0.300000  -.540000    0.0003954634801661
0.340000  -.540000    0.0003980784776872
0.380000  -.540000    0.0003992751989629
0.420000  -.540000    0.0004019835899135
0.460000  -.540000    0.0004005306512912
0.500000  -.540000    0.0003974878857381
0.540000  -.540000    0.0003927613819228
0.580000  -.540000    0.0003862238607369
0.620000  -.540000    0.0003732990054623
0.660000  -.540000    0.0003623575856684
0.700000  -.540000    0.0003438328102239
0.740000  -.540000    0.0003216917842883
0.780000  -.540000    0.0002892727380653
0.820000  -.540000    0.0002369768762935
-.700000  -.500000    0.0000107386002701
-.660000  -.500000    0.0000351744751599
-.620000  -.500000    0.0000598161867634
-.580000  -.500000    0.0000825214914261
-.540000  -.500000    0.0001054612269486
-.500000  -.500000    0.0001275950338851
-.460000  -.500000    0.0001489578762185
-.420000  -.500000    0.0001695875573676
-.380000  -.500000    0.0001903095942404
-.340000  -.500000    0.0002094356261478
-.300000  -.500000    0.0002278951939125
-.260000  -.500000    0.0002461058250792
-.220000  -.500000    0.0002631463517825
-.180000  -.500000    0.0002796776979964
-.140000  -.500000    0.0002953375325710
-.100000  -.500000    0.0003102385123678
-.060000  -.500000    0.0003242533123109
-.020000  -.500000    0.0003373985275462
0.020000  -.500000    0.0003496912057319
0.060000  -.500000    0.0003611432540362
0.100000  -.500000    0.0003717640433652
0.140000  -.500000    0.0003815568137552
0.180000  -.500000    0.0003891161934595
0.220000  -.500000    0.0003971080119493
0.260000  -.500000    0.0004023903427303
0.300000  -.500000    0.0004085370991768
0.340000  -.500000    0.0004114861199525
0.380000  -.500000    0.0004130588323860
0.420000  -.500000    0.0004161557499921
0.460000  -.500000    0.0004151682334462
0.500000  -.500000    0.0004126447474206
0.540000  -.500000    0.0004085003660532
0.580000  -.500000    0.0004026250352175
0.620000  -.500000    0.0003904382431816
0.660000  -.500000    0.0003803975613678
0.700000  -.500000    0.0003628983918226
0.740000  -.500000    0.0003421209839250
0.780000  -.500000    0.0003174867612246
0.820000  -.500000    0.0002814358804899
0.860000  -.500000    0.0002026769604297
-.700000  -.460000    0.0000219195593287
-.660000  -.460000    0.0000461460263591
-.620000  -.460000    0.0000705325712856
-.580000  -.460000    0.0000929843794164
-.540000  -.460000    0.0001157703012854
-.500000  -.460000    0.0001378062084481
-.460000  -.460000    0.0001591173585823
-.420000  -.460000    0.0001797301980550
-.380000  -.460000    0.0002004365472575
-.340000  -.460000    0.0002195888482082
-.300000  -.460000    0.0002380845229092
-.260000  -.460000    0.0002563294429425
-.220000  -.460000    0.0002734172804108
-.180000  -.460000    0.0002899979417077
-.140000  -.460000    0.0003057090701172
-.100000  -.460000    0.0003206703094250
-.060000  -.460000    0.0003347539719478
-.020000  -.460000    0.0003479764004842
0.020000  -.460000    0.0003603586323723
0.060000  -.460000    0.0003719163234826
0.100000  -.460000    0.0003826612181670
0.140000  -.460000    0.0003925998387148
0.180000  -.460000    0.0004003520171368
0.220000  -.460000    0.0004085398845884
0.260000  -.460000    0.0004140792432268
0.300000  -.460000    0.0004204775432952
0.340000  -.460000    0.0004237503042129
0.380000  -.460000    0.0004256867817844
0.420000  -.460000    0.0004291297840269
0.460000  -.460000    0.0004285821619550
0.500000  -.460000    0.0004265442006820
0.540000  -.460000    0.0004229362598508
0.580000  -.460000    0.0004176590760579
0.620000  -.460000    0.0004061741204449
0.660000  -.460000    0.0003968980391171
0.700000  -.460000    0.0003802786658757
0.740000  -.460000    0.0003661325524894
0.780000  -.460000    0.0003432346986668
0.820000  -.460000    0.0003098577846017
0.860000  -.460000    0.0002565445057040
-.740000  -.420000    0.0000070816587727
-.700000  -.420000    0.0000311126266350
-.660000  -.420000    0.0000557926812131
-.620000  -.420000    0.0000799614682301
-.580000  -.420000    0.0001022412582142
-.540000  -.420000    0.0001249261060636
-.500000  -.420000    0.0001469067804531
-.460000  -.420000    0.0001681993526161
-.420000  -.420000    0.0001888195919862
-.380000  -.420000    0.0002095351172548
-.340000  -.420000    0.0002287262075902
-.300000  -.420000    0.0002472654919663
-.260000  -.420000    0.0002655604687620
-.220000  -.420000    0.0002826938402953
-.180000  -.420000    0.0002993341160090
-.140000  -.420000    0.0003150877338710
-.100000  -.420000    0.0003301103582259
-.060000  -.420000    0.0003442611180133
-.020000  -.420000    0.0003575559933295
0.020000  -.420000    0.0003700199532471
0.060000  -.420000    0.0003816740468566
0.100000  -.420000    0.0003925333351983
0.140000  -.420000    0.0004026059294417
0.180000  -.420000    0.0004105484617789
0.220000  -.420000    0.0004189186361630
0.260000  -.420000    0.0004247104531881
0.300000  -.420000    0.0004313414842168
0.340000  -.420000    0.0004349299971486
0.380000  -.420000    0.0004372191259319
0.420000  -.420000    0.0004409745638017
0.460000  -.420000    0.0004408455331899
0.500000  -.420000    0.0004392662456462
0.540000  -.420000    0.0004361597541867
0.580000  -.420000    0.0004314340325539
0.620000  -.420000    0.0004206308095493
0.660000  -.420000    0.0004120290570581
0.700000  -.420000    0.0004013520123607
0.740000  -.420000    0.0003830108009328
0.780000  -.420000    0.0003613072083606
0.820000  -.420000    0.0003294995580734
0.860000  -.420000    0.0002919464097128
0.900000  -.420000    0.0002168549419714
-.740000  -.380000    0.0000156559630071
-.700000  -.380000    0.0000405333196754
-.660000  -.380000    0.0000642178450761
-.620000  -.380000    0.0000882149688628
-.580000  -.380000    0.0001115225900060
-.540000  -.380000    0.0001341156632771
-.500000  -.380000    0.0001560069139451
-.460000  -.380000    0.0001772166020222
-.420000  -.380000    0.0001977613309446
-.380000  -.380000    0.0002176507948398
-.340000  -.380000    0.0002368899393705
-.300000  -.380000    0.0002554774662186
-.260000  -.380000    0.0002738348222423
-.220000  -.380000    0.0002910137449750
-.180000  -.380000    0.0003077222002487
-.140000  -.380000    0.0003235108077138
-.100000  -.380000    0.0003385971347364
-.060000  -.380000    0.0003528119204875
-.020000  -.380000    0.0003661747103416
0.020000  -.380000    0.0003787122985853
0.060000  -.380000    0.0003904529711146
0.100000  -.380000    0.0004014175177434
0.140000  -.380000    0.0004116157426414
0.180000  -.380000    0.0004197450541506
0.220000  -.380000    0.0004282879868359
0.260000  -.380000    0.0004343279357238
0.300000  -.380000    0.0004411775506768
0.340000  -.380000    0.0004450731333081
0.380000  -.380000    0.0004477032556676
0.420000  -.380000    0.0004490244418386
0.460000  -.380000    0.0004489859452827
0.500000  -.380000    0.0004475293892032
0.540000  -.380000    0.0004445852647053
0.580000  -.380000    0.0004400723086070
0.620000  -.380000    0.0004338891965954
0.660000  -.380000    0.0004258995162889
0.700000  -.380000    0.0004108546139831
0.740000  -.380000    0.0003984364218479
0.780000  -.380000    0.0003777281857688
0.820000  -.380000    0.0003533681274609
0.860000  -.380000    0.0003180185877311
0.900000  -.380000    0.0002616805442157
-.740000  -.340000    0.0000232236341418
-.700000  -.340000    0.0000480333523452
-.660000  -.340000    0.0000715124748207
-.620000  -.340000    0.0000953791574009
-.580000  -.340000    0.0001186041401965
-.540000  -.340000    0.0001411606979954
-.500000  -.340000    0.0001630524626732
-.460000  -.340000    0.0001842888569736
-.420000  -.340000    0.0002048761005128
-.380000  -.340000    0.0002248171688305
-.340000  -.340000    0.0002441101624489
-.300000  -.340000    0.0002632976681776
-.260000  -.340000    0.0002811798688400
-.220000  -.340000    0.0002984042784387
-.180000  -.340000    0.0003151895339468
-.140000  -.340000    0.0003310074217491
-.100000  -.340000    0.0003461606992202
-.060000  -.340000    0.0003604373473926
-.020000  -.340000    0.0003738624660147
0.020000  -.340000    0.0003864664574631
0.060000  -.340000    0.0003982845201293
0.100000  -.340000    0.0004093465129606
0.140000  -.340000    0.0004196640246156
0.180000  -.340000    0.0004279773588062
0.220000  -.340000    0.0004366861230800
0.260000  -.340000    0.0004429688516208
0.300000  -.340000    0.0004480752853394
0.340000  -.340000    0.0004542211043500
0.380000  -.340000    0.0004571817061366
0.420000  -.340000    0.0004588657972810
0.460000  -.340000    0.0004592196372098
0.500000  -.340000    0.0004581864945744
0.540000  -.340000    0.0004556954604591
0.580000  -.340000    0.0004516676821881
0.620000  -.340000    0.0004460048394192
0.660000  -.340000    0.0004385785430899
0.700000  -.340000    0.0004242725057381
0.740000  -.340000    0.0004125425449296
0.780000  -.340000    0.0003927219879185
0.820000  -.340000    0.0003694250439809
0.860000  -.340000    0.0003355130116688
0.900000  -.340000    0.0002885694353654
0.940000  -.340000    0.0001739577950448
-.780000  -.300000    0.0000060350754277
-.740000  -.300000    0.0000304292173928
-.700000  -.300000    0.0000544276338223
-.660000  -.300000    0.0000788428785447
-.620000  -.300000    0.0001015213538727
-.580000  -.300000    0.0001246940117032
-.540000  -.300000    0.0001472380178974
-.500000  -.300000    0.0001691474037629
-.460000  -.300000    0.0001904219338256
-.420000  -.300000    0.0002110602867653
-.380000  -.300000    0.0002310584954263
-.340000  -.300000    0.0002510759322188
-.300000  -.300000    0.0002696745384414
-.260000  -.300000    0.0002876129514323
-.220000  -.300000    0.0003048840221382
-.180000  -.300000    0.0003217553920615
-.140000  -.300000    0.0003375987433808
-.100000  -.300000    0.0003528236046973
-.060000  -.300000    0.0003671628674502
-.020000  -.300000    0.0003806430898073
0.020000  -.300000    0.0003933065416797
0.060000  -.300000    0.0004051945267139
0.100000  -.300000    0.0004163473371966
0.140000  -.300000    0.0004267816665143
0.180000  -.300000    0.0004352750729700
0.220000  -.300000    0.0004441477674871
0.260000  -.300000    0.0004506699260670
0.300000  -.300000    0.0004560487521746
0.340000  -.300000    0.0004602546292736
0.380000  -.300000    0.0004656926035637
0.420000  -.300000    0.0004677245176115
0.460000  -.300000    0.0004684544553643
0.500000  -.300000    0.0004678244561393
0.540000  -.300000    0.0004657635919630
0.580000  -.300000    0.0004621941008193
0.620000  -.300000    0.0004570181176383
0.660000  -.300000    0.0004455671180595
0.700000  -.300000    0.0004365241069452
0.740000  -.300000    0.0004200574940751
0.780000  -.300000    0.0004064084009307
0.820000  -.300000    0.0003840326005669
0.860000  -.300000    0.0003512773192938
0.900000  -.300000    0.0003129375855100
0.940000  -.300000    0.0002442514095200
-.780000  -.260000    0.0000118504824427
-.740000  -.260000    0.0000359712971522
-.700000  -.260000    0.0000607988032244
-.660000  -.260000    0.0000840680418493
-.620000  -.260000    0.0001078196646394
-.580000  -.260000    0.0001309587114987
-.540000  -.260000    0.0001534662040577
-.500000  -.260000    0.0001753405579215
-.460000  -.260000    0.0001965825940320
-.420000  -.260000    0.0002171907639491
-.380000  -.260000    0.0002371602127566
-.340000  -.260000    0.0002564828454622
-.300000  -.260000    0.0002751482789916
-.260000  -.260000    0.0002931458640328
-.220000  -.260000    0.0003108824515176
-.180000  -.260000    0.0003274313356631
-.140000  -.260000    0.0003434923663747
-.100000  -.260000    0.0003586040698889
-.060000  -.260000    0.0003730078261198
-.020000  -.260000    0.0003865388315566
0.020000  -.260000    0.0003992517636248
0.060000  -.260000    0.0004112042398447
0.100000  -.260000    0.0004224446605556
0.140000  -.260000    0.0004319376232623
0.180000  -.260000    0.0004416697479746
0.220000  -.260000    0.0004492581141603
0.260000  -.260000    0.0004574649229064
0.300000  -.260000    0.0004631106351289
0.340000  -.260000    0.0004676128349069
0.380000  -.260000    0.0004709287434656
0.420000  -.260000    0.0004730151145873
0.460000  -.260000    0.0004738149605438
0.500000  -.260000    0.0004732717777448
0.540000  -.260000    0.0004713182373209
0.580000  -.260000    0.0004678802886727
0.620000  -.260000    0.0004628683489449
0.660000  -.260000    0.0004561711482923
0.700000  -.260000    0.0004426848153742
0.740000  -.260000    0.0004319037916190
0.780000  -.260000    0.0004131564083960
0.820000  -.260000    0.0003911837174707
0.860000  -.260000    0.0003655882477163
0.900000  -.260000    0.0003285864055977
0.940000  -.260000    0.0002699334447547
-.780000  -.220000    0.0000165366879043
-.740000  -.220000    0.0000413382866337
-.700000  -.220000    0.0000651619258264
-.660000  -.220000    0.0000894599836582
-.620000  -.220000    0.0001120270813716
-.580000  -.220000    0.0001351484960292
-.540000  -.220000    0.0001576718169882
-.500000  -.220000    0.0001795867721962
-.460000  -.220000    0.0002008852067684
-.420000  -.220000    0.0002215597903553
-.380000  -.220000    0.0002415997453326
-.340000  -.220000    0.0002609929856501
-.300000  -.220000    0.0002797254928517
-.260000  -.220000    0.0002983370667262
-.220000  -.220000    0.0003156271030740
-.180000  -.220000    0.0003322216043687
-.140000  -.220000    0.0003483930529284
-.100000  -.220000    0.0003635133015858
-.060000  -.220000    0.0003779880743612
-.020000  -.220000    0.0003915669693895
0.020000  -.220000    0.0004043196885841
0.060000  -.220000    0.0004163313770556
0.100000  -.220000    0.0004276619490389
0.140000  -.220000    0.0004373081762535
0.180000  -.220000    0.0004471926944561
0.220000  -.220000    0.0004549972882263
0.260000  -.220000    0.0004617413565528
0.300000  -.220000    0.0004692962854883
0.340000  -.220000    0.0004740817879833
0.380000  -.220000    0.0004777082657156
0.420000  -.220000    0.0004801261824157
0.460000  -.220000    0.0004812786438438
0.500000  -.220000    0.0004811116100878
0.540000  -.220000    0.0004795543596054
0.580000  -.220000    0.0004765324722920
0.620000  -.220000    0.0004719518288199
0.660000  -.220000    0.0004612143506508
0.700000  -.220000    0.0004528976819483
0.740000  -.220000    0.0004372829909072
0.780000  -.220000    0.0004245905445927
0.820000  -.220000    0.0004033642616905
0.860000  -.220000    0.0003785713346040
0.900000  -.220000    0.0003426499940576
0.940000  -.220000    0.0002929593368524
-.780000  -.180000    0.0000207936735981
-.740000  -.180000    0.0000449090882865
-.700000  -.180000    0.0000696358442731
-.660000  -.180000    0.0000927730015939
-.620000  -.180000    0.0001164551867496
-.580000  -.180000    0.0001395614441672
-.540000  -.180000    0.0001620690375930
-.500000  -.180000    0.0001839700137639
-.460000  -.180000    0.0002052569296525
-.420000  -.180000    0.0002259224408099
-.380000  -.180000    0.0002459557073651
-.340000  -.180000    0.0002653435876386
-.300000  -.180000    0.0002840707492279
-.260000  -.180000    0.0003021199696661
-.220000  -.180000    0.0003194753067288
-.180000  -.180000    0.0003365722250748
-.140000  -.180000    0.0003524184731478
-.100000  -.180000    0.0003675538925066
-.060000  -.180000    0.0003821143341686
-.020000  -.180000    0.0003957410527263
0.020000  -.180000    0.0004085248178321
0.060000  -.180000    0.0004205922133971
0.100000  -.180000    0.0004320256878774
0.140000  -.180000    0.0004418299343427
0.180000  -.180000    0.0004506240731133
0.220000  -.180000    0.0004599046760370
0.260000  -.180000    0.0004668938211710
0.300000  -.180000    0.0004728181758882
0.340000  -.180000    0.0004776382800330
0.380000  -.180000    0.0004813093909103
0.420000  -.180000    0.0004837718082437
0.460000  -.180000    0.0004849890899375
0.500000  -.180000    0.0004848890312637
0.540000  -.180000    0.0004834046286593
0.580000  -.180000    0.0004804697157109
0.620000  -.180000    0.0004760069360321
0.660000  -.180000    0.0004699086868931
0.700000  -.180000    0.0004571647899381
0.740000  -.180000    0.0004470938892750
0.780000  -.180000    0.0004292201281406
0.820000  -.180000    0.0004082168350047
0.860000  -.180000    0.0003837969769279
0.900000  -.180000    0.0003553094284884
0.940000  -.180000    0.0003069819509696
0.980000  -.180000    0.0002097593573574
-.820000  -.140000    0.0000004596681821
-.780000  -.140000    0.0000236488276445
-.740000  -.140000    0.0000484401612746
-.700000  -.140000    0.0000721113017870
-.660000  -.140000    0.0000963131852619
-.620000  -.140000    0.0001199901630902
-.580000  -.140000    0.0001430873813658
-.540000  -.140000    0.0001644864469001
-.500000  -.140000    0.0001864351674529
-.460000  -.140000    0.0002077827860297
-.420000  -.140000    0.0002285165494674
-.380000  -.140000    0.0002486211345167
-.340000  -.140000    0.0002680814489452
-.300000  -.140000    0.0002868795516162
-.260000  -.140000    0.0003056514540492
-.220000  -.140000    0.0003230101255240
-.180000  -.140000    0.0003396492869162
-.140000  -.140000    0.0003555520041187
-.100000  -.140000    0.0003710549699058
-.060000  -.140000    0.0003853903493942
-.020000  -.140000    0.0003990727449463
0.020000  -.140000    0.0004118768055744
0.060000  -.140000    0.0004240055332944
0.100000  -.140000    0.0004346990284670
0.140000  -.140000    0.0004455440297437
0.180000  -.140000    0.0004545475516324
0.220000  -.140000    0.0004625709193824
0.260000  -.140000    0.0004695866942431
0.300000  -.140000    0.0004774262472931
0.340000  -.140000    0.0004825276461844
0.380000  -.140000    0.0004864735468014
0.420000  -.140000    0.0004892542223079
0.460000  -.140000    0.0004908049140848
0.500000  -.140000    0.0004910226176446
0.540000  -.140000    0.0004899143783418
0.580000  -.140000    0.0004836085160248
0.620000  -.140000    0.0004792066054539
0.660000  -.140000    0.0004731904668724
0.700000  -.140000    0.0004654561629007
0.740000  -.140000    0.0004505995389361
0.780000  -.140000    0.0004385834407968
0.820000  -.140000    0.0004182394322314
0.860000  -.140000    0.0003944592074428
0.900000  -.140000    0.0003598213691427
0.940000  -.140000    0.0003193935129023
0.980000  -.140000    0.0002394425148737
-.820000  -.100000    0.0000026520412004
-.780000  -.100000    0.0000261939009743
-.740000  -.100000    0.0000510913789063
-.700000  -.100000    0.0000747561662248
-.660000  -.100000    0.0000989645043216
-.620000  -.100000    0.0001226391692308
-.580000  -.100000    0.0001445698781607
-.540000  -.100000    0.0001671006699486
-.500000  -.100000    0.0001890452791160
-.460000  -.100000    0.0002103913860199
-.420000  -.100000    0.0002311261280487
-.380000  -.100000    0.0002512350324013
-.340000  -.100000    0.0002707029302094
-.300000  -.100000    0.0002895120679906
-.260000  -.100000    0.0003076433864844
-.220000  -.100000    0.0003250757261921
-.180000  -.100000    0.0003417869761531
-.140000  -.100000    0.0003583209632294
-.100000  -.100000    0.0003734509623728
-.060000  -.100000    0.0003878044302552
-.020000  -.100000    0.0004015719593298
0.020000  -.100000    0.0004143831967257
0.060000  -.100000    0.0004266014730478
0.100000  -.100000    0.0004374492204919
0.140000  -.100000    0.0004473864964250
0.180000  -.100000    0.0004577343235870
0.220000  -.100000    0.0004659892240419
0.260000  -.100000    0.0004732465470212
0.300000  -.100000    0.0004794563124918
0.340000  -.100000    0.0004845969638692
0.380000  -.100000    0.0004885650040624
0.420000  -.100000    0.0004914307416613
0.460000  -.100000    0.0004929365514836
0.500000  -.100000    0.0004932650293206
0.540000  -.100000    0.0004921964894664
0.580000  -.100000    0.0004896356110962
0.620000  -.100000    0.0004815891377319
0.660000  -.100000    0.0004756378275195
0.700000  -.100000    0.0004679860018965
0.740000  -.100000    0.0004531835332520
0.780000  -.100000    0.0004413193696539
0.820000  -.100000    0.0004210960167327
0.860000  -.100000    0.0003975073289937
0.900000  -.100000    0.0003700241691787
0.940000  -.100000    0.0003232019463155
0.980000  -.100000    0.0002521748395491
-.820000  -.060000    0.0000041628668827
-.780000  -.060000    0.0000278985000803
-.740000  -.060000    0.0000519006282311
-.700000  -.060000    0.0000765182012872
-.660000  -.060000    0.0001007308601474
-.620000  -.060000    0.0001232169800415
-.580000  -.060000    0.0001463150811851
-.540000  -.060000    0.0001688433513411
-.500000  -.060000    0.0001907869027672
-.460000  -.060000    0.0002121340175231
-.420000  -.060000    0.0002328721037520
-.380000  -.060000    0.0002529876230085
-.340000  -.060000    0.0002724653327499
-.300000  -.060000    0.0002912887861935
-.260000  -.060000    0.0003094393341455
-.220000  -.060000    0.0003268974010181
-.180000  -.060000    0.0003436398834003
-.140000  -.060000    0.0003596406698591
-.100000  -.060000    0.0003748687860586
-.060000  -.060000    0.0003898152036149
-.020000  -.060000    0.0004032474151967
0.020000  -.060000    0.0004160479426683
0.060000  -.060000    0.0004276531742845
0.100000  -.060000    0.0004395133106696
0.140000  -.060000    0.0004496864773865
0.180000  -.060000    0.0004589420803500
0.220000  -.060000    0.0004672396163390
0.260000  -.060000    0.0004745298610351
0.300000  -.060000    0.0004807807616879
0.340000  -.060000    0.0004859404980704
0.380000  -.060000    0.0004899585380057
0.420000  -.060000    0.0004928295338409
0.460000  -.060000    0.0004943657235492
0.500000  -.060000    0.0004948395549579
0.540000  -.060000    0.0004936430354371
0.580000  -.060000    0.0004913200957070
0.620000  -.060000    0.0004871434050464
0.660000  -.060000    0.0004772950710584
0.700000  -.060000    0.0004696411057305
0.740000  -.060000    0.0004601893909691
0.780000  -.060000    0.0004431180294262
0.820000  -.060000    0.0004229702825451
0.860000  -.060000    0.0003995001430397
0.900000  -.060000    0.0003722289478696
0.940000  -.060000    0.0003328880622550
0.980000  -.060000    0.0002628411937961
-.820000  -.020000    0.0000049301562079
-.780000  -.020000    0.0000287529603943
-.740000  -.020000    0.0000527712315667
-.700000  -.020000    0.0000773989291683
-.660000  -.020000    0.0001016138390337
-.620000  -.020000    0.0001240904602742
-.580000  -.020000    0.0001471874644856
-.540000  -.020000    0.0001697148894588
-.500000  -.020000    0.0001916585333730
-.460000  -.020000    0.0002130068839503
-.420000  -.020000    0.0002337476613272
-.380000  -.020000    0.0002538679435365
-.340000  -.020000    0.0002733524622669
-.300000  -.020000    0.0002921860770043
-.260000  -.020000    0.0003103507492897
-.220000  -.020000    0.0003278293733841
-.180000  -.020000    0.0003446009724274
-.140000  -.020000    0.0003606447621627
-.100000  -.020000    0.0003759363858953
-.060000  -.020000    0.0003904418266499
-.020000  -.020000    0.0004040726937585
0.020000  -.020000    0.0004169080305359
0.060000  -.020000    0.0004288377160296
0.100000  -.020000    0.0004399690974791
0.140000  -.020000    0.0004502085652124
0.180000  -.020000    0.0004595103873784
0.220000  -.020000    0.0004678425833765
0.260000  -.020000    0.0004751566870646
0.300000  -.020000    0.0004814348580399
0.340000  -.020000    0.0004865978459442
0.380000  -.020000    0.0004906626405512
0.420000  -.020000    0.0004934851371114
0.460000  -.020000    0.0004951745847543
0.500000  -.020000    0.0004953809038358
0.540000  -.020000    0.0004944868664120
0.580000  -.020000    0.0004919826617227
0.620000  -.020000    0.0004880373365891
0.660000  -.020000    0.0004780803224372
0.700000  -.020000    0.0004704656967498
0.740000  -.020000    0.0004610583233244
0.780000  -.020000    0.0004440097344849
0.820000  -.020000    0.0004238985755195
0.860000  -.020000    0.0004004851983398
0.900000  -.020000    0.0003733146322593
0.940000  -.020000    0.0003341343203795
0.980000  -.020000    0.0002717393893475
-.820000  0.020000    0.0000049301562079
-.780000  0.020000    0.0000287529603943
-.740000  0.020000    0.0000527712315667
-.700000  0.020000    0.0000773989291683
-.660000  0.020000    0.0001016138390337
-.620000  0.020000    0.0001240904602742
-.580000  0.020000    0.0001471874644856
-.540000  0.020000    0.0001697148894588
-.500000  0.020000    0.0001916585333730
-.460000  0.020000    0.0002130068839503
-.420000  0.020000    0.0002337476613272
-.380000  0.020000    0.0002538679435365
-.340000  0.020000    0.0002733524622669
-.300000  0.020000    0.0002921860770043
-.260000  0.020000    0.0003103507492897
-.220000  0.020000    0.0003278293733841
-.180000  0.020000    0.0003446009724274
-.140000  0.020000    0.0003606447621627
-.100000  0.020000    0.0003759363858953
-.060000  0.020000    0.0003904418266499
-.020000  0.020000    0.0004040726937585
0.020000  0.020000    0.0004169080305359
0.060000  0.020000    0.0004288377160296
0.100000  0.020000    0.0004399690974791
0.140000  0.020000    0.0004502085652124
0.180000  0.020000    0.0004595103873784
0.220000  0.020000    0.0004678425833765
0.260000  0.020000    0.0004751566870646
0.300000  0.020000    0.0004814348580399
0.340000  0.020000    0.0004865978459442
0.380000  0.020000    0.0004906626405512
0.420000  0.020000    0.0004934851371114
0.460000  0.020000    0.0004951745847543
0.500000  0.020000    0.0004953809038358
0.540000  0.020000    0.0004944868664120
0.580000  0.020000    0.0004919826617227
0.620000  0.020000    0.0004880373365891
0.660000  0.020000    0.0004780803224372
0.700000  0.020000    0.0004704656967498
0.740000  0.020000    0.0004610583233244
0.780000  0.020000    0.0004440097344849
0.820000  0.020000    0.0004238985755195
0.860000  0.020000    0.0004004851983398
0.900000  0.020000    0.0003733146322593
0.940000  0.020000    0.0003341343203795
0.980000  0.020000    0.0002717393893475
-.820000  0.060000    0.0000041628668827
-.780000  0.060000    0.0000278985000803
-.740000  0.060000    0.0000519006282311
-.700000  0.060000    0.0000765182012872
-.660000  0.060000    0.0001007308601474
-.620000  0.060000    0.0001232169800415
-.580000  0.060000    0.0001463150811851
-.540000  0.060000    0.0001688433513411
-.500000  0.060000    0.0001907869027672
-.460000  0.060000    0.0002121340175231
-.420000  0.060000    0.0002328721037520
-.380000  0.060000    0.0002529876230085
-.340000  0.060000    0.0002724653327499
-.300000  0.060000    0.0002912887861935
-.260000  0.060000    0.0003094393341455
-.220000  0.060000    0.0003268974010181
-.180000  0.060000    0.0003436398834003
-.140000  0.060000    0.0003596406698591
-.100000  0.060000    0.0003748687860586
-.060000  0.060000    0.0003898152036149
-.020000  0.060000    0.0004032474151967
0.020000  0.060000    0.0004160479426683
0.060000  0.060000    0.0004276531742845
0.100000  0.060000    0.0004395133106696
0.140000  0.060000    0.0004496864773865
0.180000  0.060000    0.0004589420803500
0.220000  0.060000    0.0004672396163390
0.260000  0.060000    0.0004745298610351
0.300000  0.060000    0.0004807807616879
0.340000  0.060000    0.0004859404980704
0.380000  0.060000    0.0004899585380057
0.420000  0.060000    0.0004928295338409
0.460000  0.060000    0.0004943657235492
0.500000  0.060000    0.0004948395549579
0.540000  0.060000    0.0004936430354371
0.580000  0.060000    0.0004913200957070
0.620000  0.060000    0.0004871434050464
0.660000  0.060000    0.0004772950710584
0.700000  0.060000    0.0004696411057305
0.740000  0.060000    0.0004601893909691
0.780000  0.060000    0.0004431180294262
0.820000  0.060000    0.0004229702825451
0.860000  0.060000    0.0003995001430397
0.900000  0.060000    0.0003722289478696
0.940000  0.060000    0.0003328880622550
0.980000  0.060000    0.0002628411937961
-.820000  0.100000    0.0000026520412004
-.780000  0.100000    0.0000261939009743
-.740000  0.100000    0.0000510913789063
-.700000  0.100000    0.0000747561662248
-.660000  0.100000    0.0000989645043216
-.620000  0.100000    0.0001226391692308
-.580000  0.100000    0.0001445698781607
-.540000  0.100000    0.0001671006699486
-.500000  0.100000    0.0001890452791160
-.460000  0.100000    0.0002103913860199
-.420000  0.100000    0.0002311261280487
-.380000  0.100000    0.0002512350324013
-.340000  0.100000    0.0002707029302094
-.300000  0.100000    0.0002895120679906
-.260000  0.100000    0.0003076433864844
-.220000  0.100000    0.0003250757261921
-.180000  0.100000    0.0003417869761531
-.140000  0.100000    0.0003583209632294
-.100000  0.100000    0.0003734509623728
-.060000  0.100000    0.0003878044302552
-.020000  0.100000    0.0004015719593298
0.020000  0.100000    0.0004143831967257
0.060000  0.100000    0.0004266014730478
0.100000  0.100000    0.0004374492204919
0.140000  0.100000    0.0004473864964250
0.180000  0.100000    0.0004577343235870
0.220000  0.100000    0.0004659892240419
0.260000  0.100000    0.0004732465470212
0.300000  0.100000    0.0004794563124918
0.340000  0.100000    0.0004845969638692
0.380000  0.100000    0.0004885650040624
0.420000  0.100000    0.0004914307416613
0.460000  0.100000    0.0004929365514836
0.500000  0.100000    0.0004932650293206
0.540000  0.100000    0.0004921964894664
0.580000  0.100000    0.0004896356110962
0.620000  0.100000    0.0004815891377319
0.660000  0.100000    0.0004756378275195
0.700000  0.100000    0.0004679860018965
0.740000  0.100000    0.0004531835332520
0.780000  0.100000    0.0004413193696539
0.820000  0.100000    0.0004210960167327
0.860000  0.100000    0.0003975073289937
0.900000  0.100000    0.0003700241691787
0.940000  0.100000    0.0003232019463155
0.980000  0.100000    0.0002521748395491
-.820000  0.140000    0.0000004596681821
-.780000  0.140000    0.0000236488276445
-.740000  0.140000    0.0000484401612746
-.700000  0.140000    0.0000721113017870
-.660000  0.140000    0.0000963131852619
-.620000  0.140000    0.0001199901630902
-.580000  0.140000    0.0001430873813658
-.540000  0.140000    0.0001644864469001
-.500000  0.140000    0.0001864351674529
-.460000  0.140000    0.0002077827860297
-.420000  0.140000    0.0002285165494674
-.380000  0.140000    0.0002486211345167
-.340000  0.140000    0.0002680814489452
-.300000  0.140000    0.0002868795516162
-.260000  0.140000    0.0003056514540492
-.220000  0.140000    0.0003230101255240
-.180000  0.140000    0.0003396492869162
-.140000  0.140000    0.0003555520041187
-.100000  0.140000    0.0003710549699058
-.060000  0.140000    0.0003853903493942
-.020000  0.140000    0.0003990727449463
0.020000  0.140000    0.0004118768055744
0.060000  0.140000    0.0004240055332944
0.100000  0.140000    0.0004346990284670
0.140000  0.140000    0.0004455440297437
0.180000  0.140000    0.0004545475516324
0.220000  0.140000    0.0004625709193824
0.260000  0.140000    0.0004695866942431
0.300000  0.140000    0.0004774262472931
0.340000  0.140000    0.0004825276461844
0.380000  0.140000    0.0004864735468014
0.420000  0.140000    0.0004892542223079
0.460000  0.140000    0.0004908049140848
0.500000  0.140000    0.0004910226176446
0.540000  0.140000    0.0004899143783418
0.580000  0.140000    0.0004836085160248
0.620000  0.140000    0.0004792066054539
0.660000  0.140000    0.0004731904668724
0.700000  0.140000    0.0004654561629007
0.740000  0.140000    0.0004505995389361
0.780000  0.140000    0.0004385834407968
0.820000  0.140000    0.0004182394322314
0.860000  0.140000    0.0003944592074428
0.900000  0.140000    0.0003598213691427
0.940000  0.140000    0.0003193935129023
0.980000  0.140000    0.0002394425148737
-.780000  0.180000    0.0000207936735981
-.740000  0.180000    0.0000449090882865
-.700000  0.180000    0.0000696358442731
-.660000  0.180000    0.0000927730015939
-.620000  0.180000    0.0001164551867496
-.580000  0.180000    0.0001395614441672
-.540000  0.180000    0.0001620690375930
-.500000  0.180000    0.0001839700137639
-.460000  0.180000    0.0002052569296525
-.420000  0.180000    0.0002259224408099
-.380000  0.180000    0.0002459557073651
-.340000  0.180000    0.0002653435876386
-.300000  0.180000    0.0002840707492279
-.260000  0.180000    0.0003021199696661
-.220000  0.180000    0.0003194753067288
-.180000  0.180000    0.0003365722250748
-.140000  0.180000    0.0003524184731478
-.100000  0.180000    0.0003675538925066
-.060000  0.180000    0.0003821143341686
-.020000  0.180000    0.0003957410527263
0.020000  0.180000    0.0004085248178321
0.060000  0.180000    0.0004205922133971
0.100000  0.180000    0.0004320256878774
0.140000  0.180000    0.0004418299343427
0.180000  0.180000    0.0004506240731133
0.220000  0.180000    0.0004599046760370
0.260000  0.180000    0.0004668938211710
0.300000  0.180000    0.0004728181758882
0.340000  0.180000    0.0004776382800330
0.380000  0.180000    0.0004813093909103
0.420000  0.180000    0.0004837718082437
0.460000  0.180000    0.0004849890899375
0.500000  0.180000    0.0004848890312637
0.540000  0.180000    0.0004834046286593
0.580000  0.180000    0.0004804697157109
0.620000  0.180000    0.0004760069360321
0.660000  0.180000    0.0004699086868931
0.700000  0.180000    0.0004571647899381
0.740000  0.180000    0.0004470938892750
0.780000  0.180000    0.0004292201281406
0.820000  0.180000    0.0004082168350047
0.860000  0.180000    0.0003837969769279
0.900000  0.180000    0.0003553094284884
0.940000  0.180000    0.0003069819509696
0.980000  0.180000    0.0002097593573574
-.780000  0.220000    0.0000165366879043
-.740000  0.220000    0.0000413382866337
-.700000  0.220000    0.0000651619258264
-.660000  0.220000    0.0000894599836582
-.620000  0.220000    0.0001120270813716
-.580000  0.220000    0.0001351484960292
-.540000  0.220000    0.0001576718169882
-.500000  0.220000    0.0001795867721962
-.460000  0.220000    0.0002008852067684
-.420000  0.220000    0.0002215597903553
-.380000  0.220000    0.0002415997453326
-.340000  0.220000    0.0002609929856501
-.300000  0.220000    0.0002797254928517
-.260000  0.220000    0.0002983370667262
-.220000  0.220000    0.0003156271030740
-.180000  0.220000    0.0003322216043687
-.140000  0.220000    0.0003483930529284
-.100000  0.220000    0.0003635133015858
-.060000  0.220000    0.0003779880743612
-.020000  0.220000    0.0003915669693895
0.020000  0.220000    0.0004043196885841
0.060000  0.220000    0.0004163313770556
0.100000  0.220000    0.0004276619490389
0.140000  0.220000    0.0004373081762535
0.180000  0.220000    0.0004471926944561
0.220000  0.220000    0.0004549972882263
0.260000  0.220000    0.0004617413565528
0.300000  0.220000    0.0004692962854883
0.340000  0.220000    0.0004740817879833
0.380000  0.220000    0.0004777082657156
0.420000  0.220000    0.0004801261824157
0.460000  0.220000    0.0004812786438438
0.500000  0.220000    0.0004811116100878
0.540000  0.220000    0.0004795543596054
0.580000  0.220000    0.0004765324722920
0.620000  0.220000    0.0004719518288199
0.660000  0.220000    0.0004612143506508
0.700000  0.220000    0.0004528976819483
0.740000  0.220000    0.0004372829909072
0.780000  0.220000    0.0004245905445927
0.820000  0.220000    0.0004033642616905
0.860000  0.220000    0.0003785713346040
0.900000  0.220000    0.0003426499940576
0.940000  0.220000    0.0002929593368524
-.780000  0.260000    0.0000118504824427
-.740000  0.260000    0.0000359712971522
-.700000  0.260000    0.0000607988032244
-.660000  0.260000    0.0000840680418493
-.620000  0.260000    0.0001078196646394
-.580000  0.260000    0.0001309587114987
-.540000  0.260000    0.0001534662040577
-.500000  0.260000    0.0001753405579215
-.460000  0.260000    0.0001965825940320
-.420000  0.260000    0.0002171907639491
-.380000  0.260000    0.0002371602127566
-.340000  0.260000    0.0002564828454622
-.300000  0.260000    0.0002751482789916
-.260000  0.260000    0.0002931458640328
-.220000  0.260000    0.0003108824515176
-.180000  0.260000    0.0003274313356631
-.140000  0.260000    0.0003434923663747
-.100000  0.260000    0.0003586040698889
-.060000  0.260000    0.0003730078261198
-.020000  0.260000    0.0003865388315566
0.020000  0.260000    0.0003992517636248
0.060000  0.260000    0.0004112042398447
0.100000  0.260000    0.0004224446605556
0.140000  0.260000    0.0004319376232623
0.180000  0.260000    0.0004416697479746
0.220000  0.260000    0.0004492581141603
0.260000  0.260000    0.0004574649229064
0.300000  0.260000    0.0004631106351289
0.340000  0.260000    0.0004676128349069
0.380000  0.260000    0.0004709287434656
0.420000  0.260000    0.0004730151145873
0.460000  0.260000    0.0004738149605438
0.500000  0.260000    0.0004732717777448
0.540000  0.260000    0.0004713182373209
0.580000  0.260000    0.0004678802886727
0.620000  0.260000    0.0004628683489449
0.660000  0.260000    0.0004561711482923
0.700000  0.260000    0.0004426848153742
0.740000  0.260000    0.0004319037916190
0.780000  0.260000    0.0004131564083960
0.820000  0.260000    0.0003911837174707
0.860000  0.260000    0.0003655882477163
0.900000  0.260000    0.0003285864055977
0.940000  0.260000    0.0002699334447547
-.780000  0.300000    0.0000060350754277
-.740000  0.300000    0.0000304292173928
-.700000  0.300000    0.0000544276338223
-.660000  0.300000    0.0000788428785447
-.620000  0.300000    0.0001015213538727
-.580000  0.300000    0.0001246940117032
-.540000  0.300000    0.0001472380178974
-.500000  0.300000    0.0001691474037629
-.460000  0.300000    0.0001904219338256
-.420000  0.300000    0.0002110602867653
-.380000  0.300000    0.0002310584954263
-.340000  0.300000    0.0002510759322188
-.300000  0.300000    0.0002696745384414
-.260000  0.300000    0.0002876129514323
-.220000  0.300000    0.0003048840221382
-.180000  0.300000    0.0003217553920615
-.140000  0.300000    0.0003375987433808
-.100000  0.300000    0.0003528236046973
-.060000  0.300000    0.0003671628674502
-.020000  0.300000    0.0003806430898073
0.020000  0.300000    0.0003933065416797
0.060000  0.300000    0.0004051945267139
0.100000  0.300000    0.0004163473371966
0.140000  0.300000    0.0004267816665143
0.180000  0.300000    0.0004352750729700
0.220000  0.300000    0.0004441477674871
0.260000  0.300000    0.0004506699260670
0.300000  0.300000    0.0004560487521746
0.340000  0.300000    0.0004602546292736
0.380000  0.300000    0.0004656926035637
0.420000  0.300000    0.0004677245176115
0.460000  0.300000    0.0004684544553643
0.500000  0.300000    0.0004678244561393
0.540000  0.300000    0.0004657635919630
0.580000  0.300000    0.0004621941008193
0.620000  0.300000    0.0004570181176383
0.660000  0.300000    0.0004455671180595
0.700000  0.300000    0.0004365241069452
0.740000  0.300000    0.0004200574940751
0.780000  0.300000    0.0004064084009307
0.820000  0.300000    0.0003840326005669
0.860000  0.300000    0.0003512773192938
0.900000  0.300000    0.0003129375855100
0.940000  0.300000    0.0002442514095200
-.740000  0.340000    0.0000232236341418
-.700000  0.340000    0.0000480333523452
-.660000  0.340000    0.0000715124748207
-.620000  0.340000    0.0000953791574009
-.580000  0.340000    0.0001186041401965
-.540000  0.340000    0.0001411606979954
-.500000  0.340000    0.0001630524626732
-.460000  0.340000    0.0001842888569736
-.420000  0.340000    0.0002048761005128
-.380000  0.340000    0.0002248171688305
-.340000  0.340000    0.0002441101624489
-.300000  0.340000    0.0002632976681776
-.260000  0.340000    0.0002811798688400
-.220000  0.340000    0.0002984042784387
-.180000  0.340000    0.0003151895339468
-.140000  0.340000    0.0003310074217491
-.100000  0.340000    0.0003461606992202
-.060000  0.340000    0.0003604373473926
-.020000  0.340000    0.0003738624660147
0.020000  0.340000    0.0003864664574631
0.060000  0.340000    0.0003982845201293
0.100000  0.340000    0.0004093465129606
0.140000  0.340000    0.0004196640246156
0.180000  0.340000    0.0004279773588062
0.220000  0.340000    0.0004366861230800
0.260000  0.340000    0.0004429688516208
0.300000  0.340000    0.0004480752853394
0.340000  0.340000    0.0004542211043500
0.380000  0.340000    0.0004571817061366
0.420000  0.340000    0.0004588657972810
0.460000  0.340000    0.0004592196372098
0.500000  0.340000    0.0004581864945744
0.540000  0.340000    0.0004556954604591
0.580000  0.340000    0.0004516676821881
0.620000  0.340000    0.0004460048394192
0.660000  0.340000    0.0004385785430899
0.700000  0.340000    0.0004242725057381
0.740000  0.340000    0.0004125425449296
0.780000  0.340000    0.0003927219879185
0.820000  0.340000    0.0003694250439809
0.860000  0.340000    0.0003355130116688
0.900000  0.340000    0.0002885694353654
0.940000  0.340000    0.0001739577950448
-.740000  0.380000    0.0000156559630071
-.700000  0.380000    0.0000405333196754
-.660000  0.380000    0.0000642178450761
-.620000  0.380000    0.0000882149688628
-.580000  0.380000    0.0001115225900060
-.540000  0.380000    0.0001341156632771
-.500000  0.380000    0.0001560069139451
-.460000  0.380000    0.0001772166020222
-.420000  0.380000    0.0001977613309446
-.380000  0.380000    0.0002176507948398
-.340000  0.380000    0.0002368899393705
-.300000  0.380000    0.0002554774662186
-.260000  0.380000    0.0002738348222423
-.220000  0.380000    0.0002910137449750
-.180000  0.380000    0.0003077222002487
-.140000  0.380000    0.0003235108077138
-.100000  0.380000    0.0003385971347364
-.060000  0.380000    0.0003528119204875
-.020000  0.380000    0.0003661747103416
0.020000  0.380000    0.0003787122985853
0.060000  0.380000    0.0003904529711146
0.100000  0.380000    0.0004014175177434
0.140000  0.380000    0.0004116157426414
0.180000  0.380000    0.0004197450541506
0.220000  0.380000    0.0004282879868359
0.260000  0.380000    0.0004343279357238
0.300000  0.380000    0.0004411775506768
0.340000  0.380000    0.0004450731333081
0.380000  0.380000    0.0004477032556676
0.420000  0.380000    0.0004490244418386
0.460000  0.380000    0.0004489859452827
0.500000  0.380000    0.0004475293892032
0.540000  0.380000    0.0004445852647053
0.580000  0.380000    0.0004400723086070
0.620000  0.380000    0.0004338891965954
0.660000  0.380000    0.0004258995162889
0.700000  0.380000    0.0004108546139831
0.740000  0.380000    0.0003984364218479
0.780000  0.380000    0.0003777281857688
0.820000  0.380000    0.0003533681274609
0.860000  0.380000    0.0003180185877311
0.900000  0.380000    0.0002616805442157
-.740000  0.420000    0.0000070816587727
-.700000  0.420000    0.0000311126266350
-.660000  0.420000    0.0000557926812131
-.620000  0.420000    0.0000799614682301
-.580000  0.420000    0.0001022412582142
-.540000  0.420000    0.0001249261060636
-.500000  0.420000    0.0001469067804531
-.460000  0.420000    0.0001681993526161
-.420000  0.420000    0.0001888195919862
-.380000  0.420000    0.0002095351172548
-.340000  0.420000    0.0002287262075902
-.300000  0.420000    0.0002472654919663
-.260000  0.420000    0.0002655604687620
-.220000  0.420000    0.0002826938402953
-.180000  0.420000    0.0002993341160090
-.140000  0.420000    0.0003150877338710
-.100000  0.420000    0.0003301103582259
-.060000  0.420000    0.0003442611180133
-.020000  0.420000    0.0003575559933295
0.020000  0.420000    0.0003700199532471
0.060000  0.420000    0.0003816740468566
0.100000  0.420000    0.0003925333351983
0.140000  0.420000    0.0004026059294417
0.180000  0.420000    0.0004105484617789
0.220000  0.420000    0.0004189186361630
0.260000  0.420000    0.0004247104531881
0.300000  0.420000    0.0004313414842168
0.340000  0.420000    0.0004349299971486
0.380000  0.420000    0.0004372191259319
0.420000  0.420000    0.0004409745638017
0.460000  0.420000    0.0004408455331899
0.500000  0.420000    0.0004392662456462
0.540000  0.420000    0.0004361597541867
0.580000  0.420000    0.0004314340325539
0.620000  0.420000    0.0004206308095493
0.660000  0.420000    0.0004120290570581
0.700000  0.420000    0.0004013520123607
0.740000  0.420000    0.0003830108009328
0.780000  0.420000    0.0003613072083606
0.820000  0.420000    0.0003294995580734
0.860000  0.420000    0.0002919464097128
0.900000  0.420000    0.0002168549419714
-.700000  0.460000    0.0000219195593287
-.660000  0.460000    0.0000461460263591
-.620000  0.460000    0.0000705325712856
-.580000  0.460000    0.0000929843794164
-.540000  0.460000    0.0001157703012854
-.500000  0.460000    0.0001378062084481
-.460000  0.460000    0.0001591173585823
-.420000  0.460000    0.0001797301980550
-.380000  0.460000    0.0002004365472575
-.340000  0.460000    0.0002195888482082
-.300000  0.460000    0.0002380845229092
-.260000  0.460000    0.0002563294429425
-.220000  0.460000    0.0002734172804108
-.180000  0.460000    0.0002899979417077
-.140000  0.460000    0.0003057090701172
-.100000  0.460000    0.0003206703094250
-.060000  0.460000    0.0003347539719478
-.020000  0.460000    0.0003479764004842
0.020000  0.460000    0.0003603586323723
0.060000  0.460000    0.0003719163234826
0.100000  0.460000    0.0003826612181670
0.140000  0.460000    0.0003925998387148
0.180000  0.460000    0.0004003520171368
0.220000  0.460000    0.0004085398845884
0.260000  0.460000    0.0004140792432268
0.300000  0.460000    0.0004204775432952
0.340000  0.460000    0.0004237503042129
0.380000  0.460000    0.0004256867817844
0.420000  0.460000    0.0004291297840269
0.460000  0.460000    0.0004285821619550
0.500000  0.460000    0.0004265442006820
0.540000  0.460000    0.0004229362598508
0.580000  0.460000    0.0004176590760579
0.620000  0.460000    0.0004061741204449
0.660000  0.460000    0.0003968980391171
0.700000  0.460000    0.0003802786658757
0.740000  0.460000    0.0003661325524894
0.780000  0.460000    0.0003432346986668
0.820000  0.460000    0.0003098577846017
0.860000  0.460000    0.0002565445057040
-.700000  0.500000    0.0000107386002701
-.660000  0.500000    0.0000351744751599
-.620000  0.500000    0.0000598161867634
-.580000  0.500000    0.0000825214914261
-.540000  0.500000    0.0001054612269486
-.500000  0.500000    0.0001275950338851
-.460000  0.500000    0.0001489578762185
-.420000  0.500000    0.0001695875573676
-.380000  0.500000    0.0001903095942404
-.340000  0.500000    0.0002094356261478
-.300000  0.500000    0.0002278951939125
-.260000  0.500000    0.0002461058250792
-.220000  0.500000    0.0002631463517825
-.180000  0.500000    0.0002796776979964
-.140000  0.500000    0.0002953375325710
-.100000  0.500000    0.0003102385123678
-.060000  0.500000    0.0003242533123109
-.020000  0.500000    0.0003373985275462
0.020000  0.500000    0.0003496912057319
0.060000  0.500000    0.0003611432540362
0.100000  0.500000    0.0003717640433652
0.140000  0.500000    0.0003815568137552
0.180000  0.500000    0.0003891161934595
0.220000  0.500000    0.0003971080119493
0.260000  0.500000    0.0004023903427303
0.300000  0.500000    0.0004085370991768
0.340000  0.500000    0.0004114861199525
0.380000  0.500000    0.0004130588323860
0.420000  0.500000    0.0004161557499921
0.460000  0.500000    0.0004151682334462
0.500000  0.500000    0.0004126447474206
0.540000  0.500000    0.0004085003660532
0.580000  0.500000    0.0004026250352175
0.620000  0.500000    0.0003904382431816
0.660000  0.500000    0.0003803975613678
0.700000  0.500000    0.0003628983918226
0.740000  0.500000    0.0003421209839250
0.780000  0.500000    0.0003174867612246
0.820000  0.500000    0.0002814358804899
0.860000  0.500000    0.0002026769604297
-.660000  0.540000    0.0000227863454662
-.620000  0.540000    0.0000476718595576
-.580000  0.540000    0.0000707293617827
-.540000  0.540000    0.0000938898326180
-.500000  0.540000    0.0001161799555687
-.460000  0.540000    0.0001376398656595
-.420000  0.540000    0.0001583210084875
-.380000  0.540000    0.0001790921616946
-.340000  0.540000    0.0001982093589348
-.300000  0.540000    0.0002166437192187
-.260000  0.540000    0.0002348390397456
-.220000  0.540000    0.0002518320949446
-.180000  0.540000    0.0002683247709709
-.140000  0.540000    0.0002839243938211
-.100000  0.540000    0.0002987671129478
-.060000  0.540000    0.0003127124338273
-.020000  0.540000    0.0003257759466153
0.020000  0.540000    0.0003379714102182
0.060000  0.540000    0.0003493080131888
0.100000  0.540000    0.0003597924381815
0.140000  0.540000    0.0003694264815538
0.180000  0.540000    0.0003767930831080
0.220000  0.540000    0.0003845707150587
0.260000  0.540000    0.0003895923570410
0.300000  0.540000    0.0003954634801661
0.340000  0.540000    0.0003980784776872
0.380000  0.540000    0.0003992751989629
0.420000  0.540000    0.0004019835899135
0.460000  0.540000    0.0004005306512912
0.500000  0.540000    0.0003974878857381
0.540000  0.540000    0.0003927613819228
0.580000  0.540000    0.0003862238607369
0.620000  0.540000    0.0003732990054623
0.660000  0.540000    0.0003623575856684
0.700000  0.540000    0.0003438328102239
0.740000  0.540000    0.0003216917842883
0.780000  0.540000    0.0002892727380653
0.820000  0.540000    0.0002369768762935
-.660000  0.580000    0.0000093211274118
-.620000  0.580000    0.0000339348336240
-.580000  0.580000    0.0000584896566630
-.540000  0.580000    0.0000809088445428
-.500000  0.580000    0.0001034326925257
-.460000  0.580000    0.0001250530619840
-.420000  0.580000    0.0001458323708540
-.380000  0.580000    0.0001666980617330
-.340000  0.580000    0.0001858320838402
-.300000  0.580000    0.0002042567420612
-.260000  0.580000    0.0002224618852128
-.220000  0.580000    0.0002394091386721
-.180000  0.580000    0.0002558772965600
-.140000  0.580000    0.0002714028639031
-.100000  0.580000    0.0002861952303088
-.060000  0.580000    0.0003000715317397
-.020000  0.580000    0.0003130494972577
0.020000  0.580000    0.0003251403895486
0.060000  0.580000    0.0003363514672484
0.100000  0.580000    0.0003466871319719
0.140000  0.580000    0.0003548868013183
0.180000  0.580000    0.0003633200506654
0.220000  0.580000    0.0003708626745556
0.260000  0.580000    0.0003756188671222
0.300000  0.580000    0.0003811842183062
0.340000  0.580000    0.0003834532358444
0.380000  0.580000    0.0003842582878950
0.420000  0.580000    0.0003865230280722
0.460000  0.580000    0.0003845708703680
0.500000  0.580000    0.0003809625675863
0.540000  0.580000    0.0003755888074121
0.580000  0.580000    0.0003641812998670
0.620000  0.580000    0.0003545590472746
0.660000  0.580000    0.0003377663209200
0.700000  0.580000    0.0003176101011472
0.740000  0.580000    0.0002933220048398
0.780000  0.580000    0.0002517289569892
-.620000  0.620000    0.0000190286895841
-.580000  0.620000    0.0000433824980292
-.540000  0.620000    0.0000674138977965
-.500000  0.620000    0.0000903202710601
-.460000  0.620000    0.0001121531995824
-.420000  0.620000    0.0001330169114874
-.380000  0.620000    0.0001530066491670
-.340000  0.620000    0.0001721959556136
-.300000  0.620000    0.0001906356494163
-.260000  0.620000    0.0002088824997783
-.220000  0.620000    0.0002257899178043
-.180000  0.620000    0.0002422509894023
-.140000  0.620000    0.0002577477431884
-.100000  0.620000    0.0002722953234787
-.060000  0.620000    0.0002862527794304
-.020000  0.620000    0.0002991424382059
0.020000  0.620000    0.0003111219466114
0.060000  0.620000    0.0003221968336098
0.100000  0.620000    0.0003312995328602
0.140000  0.620000    0.0003404110688354
0.180000  0.620000    0.0003486173477661
0.220000  0.620000    0.0003558973372091
0.260000  0.620000    0.0003603834945871
0.300000  0.620000    0.0003656030176134
0.340000  0.620000    0.0003675110026766
0.380000  0.620000    0.0003679026706244
0.420000  0.620000    0.0003667250384157
0.460000  0.620000    0.0003639152118537
0.500000  0.620000    0.0003593878680162
0.540000  0.620000    0.0003530180366725
0.580000  0.620000    0.0003446174207310
0.620000  0.620000    0.0003294629704804
0.660000  0.620000    0.0003158500117398
0.700000  0.620000    0.0002889168910943
0.740000  0.620000    0.0002560821420767
0.780000  0.620000    0.0001833556219165
-.620000  0.660000    0.0000016728328231
-.580000  0.660000    0.0000269915061949
-.540000  0.660000    0.0000508391686829
-.500000  0.660000    0.0000742757535425
-.460000  0.660000    0.0000965181639121
-.420000  0.660000    0.0001176697773131
-.380000  0.660000    0.0001378481417343
-.340000  0.660000    0.0001571492653039
-.300000  0.660000    0.0001763685808937
-.260000  0.660000    0.0001939740775750
-.220000  0.660000    0.0002112744344289
-.180000  0.660000    0.0002273331802834
-.140000  0.660000    0.0002428196149379
-.100000  0.660000    0.0002573304905658
-.060000  0.660000    0.0002708818620781
-.020000  0.660000    0.0002834878419868
0.020000  0.660000    0.0002951597459372
0.060000  0.660000    0.0003059063230473
0.100000  0.660000    0.0003157303085064
0.140000  0.660000    0.0003246256035733
0.180000  0.660000    0.0003325773112242
0.220000  0.660000    0.0003379075576522
0.260000  0.660000    0.0003437686765072
0.300000  0.660000    0.0003464775343795
0.340000  0.660000    0.0003501129808110
0.380000  0.660000    0.0003500579123903
0.420000  0.660000    0.0003483628566290
0.460000  0.660000    0.0003449494503046
0.500000  0.660000    0.0003397061060807
0.540000  0.660000    0.0003324619132545
0.580000  0.660000    0.0003189008679915
0.620000  0.660000    0.0003065878542300
0.660000  0.660000    0.0002818262739939
0.700000  0.660000    0.0002515787476317
0.740000  0.660000    0.0002007440852564
-.580000  0.700000    0.0000076597933676
-.540000  0.700000    0.0000327812685463
-.500000  0.700000    0.0000571527992654
-.460000  0.700000    0.0000800620712369
-.420000  0.700000    0.0001004915990536
-.380000  0.700000    0.0001220287858640
-.340000  0.700000    0.0001414152497177
-.300000  0.700000    0.0001598992252892
-.260000  0.700000    0.0001782047697762
-.220000  0.700000    0.0001949552149328
-.180000  0.700000    0.0002112920277912
-.140000  0.700000    0.0002264700144350
-.100000  0.700000    0.0002409618494678
-.060000  0.700000    0.0002544596109774
-.020000  0.700000    0.0002669772849124
0.020000  0.700000    0.0002785256375134
0.060000  0.700000    0.0002891116053794
0.100000  0.700000    0.0002987354651965
0.140000  0.700000    0.0003073879974843
0.180000  0.700000    0.0003136362557547
0.220000  0.700000    0.0003201456141956
0.260000  0.700000    0.0003237086443303
0.300000  0.700000    0.0003279678974922
0.340000  0.700000    0.0003287339359485
0.380000  0.700000    0.0003278535159243
0.420000  0.700000    0.0003282058666526
0.460000  0.700000    0.0003208559772468
0.500000  0.700000    0.0003144981136993
0.540000  0.700000    0.0003059428042714
0.580000  0.700000    0.0002907990073448
0.620000  0.700000    0.0002720519541269
0.660000  0.700000    0.0002439440857830
0.700000  0.700000    0.0001968577343433
-.540000  0.740000    0.0000112785673716
-.500000  0.740000    0.0000369872371306
-.460000  0.740000    0.0000598987599778
-.420000  0.740000    0.0000822032179515
-.380000  0.740000    0.0001031342049922
-.340000  0.740000    0.0001228796767676
-.300000  0.740000    0.0001424891441752
-.260000  0.740000    0.0001601389358132
-.220000  0.740000    0.0001775194136189
-.180000  0.740000    0.0001933850710274
-.140000  0.740000    0.0002087425870349
-.100000  0.740000    0.0002230340032135
-.060000  0.740000    0.0002364473358652
-.020000  0.740000    0.0002488833562136
0.020000  0.740000    0.0002603050721367
0.060000  0.740000    0.0002707174882626
0.100000  0.740000    0.0002791681803240
0.140000  0.740000    0.0002873800462760
0.180000  0.740000    0.0002945591487118
0.220000  0.740000    0.0002990520172317
0.260000  0.740000    0.0003039262542887
0.300000  0.740000    0.0003055588031605
0.340000  0.740000    0.0003079148488380
0.380000  0.740000    0.0003064598909872
0.420000  0.740000    0.0003031574386910
0.460000  0.740000    0.0002978586914726
0.500000  0.740000    0.0002869606028667
0.540000  0.740000    0.0002766837056216
0.580000  0.740000    0.0002593515977807
0.620000  0.740000    0.0002330077737472
0.660000  0.740000    0.0001879071045188
-.500000  0.780000    0.0000124210859976
-.460000  0.780000    0.0000373420158833
-.420000  0.780000    0.0000609240616841
-.380000  0.780000    0.0000827211612738
-.340000  0.780000    0.0001030044127489
-.300000  0.780000    0.0001220136801010
-.260000  0.780000    0.0001407979524255
-.220000  0.780000    0.0001575957306974
-.180000  0.780000    0.0001740467114870
-.140000  0.780000    0.0001889802386948
-.100000  0.780000    0.0002033296220048
-.060000  0.780000    0.0002165740257002
-.020000  0.780000    0.0002287352706810
0.020000  0.780000    0.0002398293638686
0.060000  0.780000    0.0002498639603485
0.100000  0.780000    0.0002588356265089
0.140000  0.780000    0.0002667273854120
0.180000  0.780000    0.0002722495744313
0.220000  0.780000    0.0002777456402411
0.260000  0.780000    0.0002803124852265
0.300000  0.780000    0.0002832206698652
0.340000  0.780000    0.0002826253980639
0.380000  0.780000    0.0002801500952495
0.420000  0.780000    0.0002756461085913
0.460000  0.780000    0.0002688635681621
0.500000  0.780000    0.0002562727809721
0.540000  0.780000    0.0002398875120266
0.580000  0.780000    0.0002145364650581
0.620000  0.780000    0.0001609655708547
-.460000  0.820000    0.0000098298042720
-.420000  0.820000    0.0000361092758024
-.380000  0.820000    0.0000585601992119
-.340000  0.820000    0.0000799486098793
-.300000  0.820000    0.0000996441909908
-.260000  0.820000    0.0001189571573704
-.220000  0.820000    0.0001359310893094
-.180000  0.820000    0.0001525417096444
-.140000  0.820000    0.0001673646728700
-.100000  0.820000    0.0001816375225479
-.060000  0.820000    0.0001947119855624
-.020000  0.820000    0.0002066213228893
0.020000  0.820000    0.0002173887573818
0.060000  0.820000    0.0002270247424278
0.100000  0.820000    0.0002355244070935
0.140000  0.820000    0.0002428666036553
0.180000  0.820000    0.0002478413975460
0.220000  0.820000    0.0002526036412510
0.260000  0.820000    0.0002544237868582
0.300000  0.820000    0.0002563268918620
0.340000  0.820000    0.0002546729245851
0.380000  0.820000    0.0002509041540259
0.420000  0.820000    0.0002421900709994
0.460000  0.820000    0.0002330425534485
0.500000  0.820000    0.0002171777162006
0.540000  0.820000    0.0001885978800673
-.420000  0.860000    0.0000021898685465
-.380000  0.860000    0.0000290912901660
-.340000  0.860000    0.0000530507480405
-.300000  0.860000    0.0000742974233913
-.260000  0.860000    0.0000934689951836
-.220000  0.860000    0.0001110070504840
-.180000  0.860000    0.0001280825731407
-.140000  0.860000    0.0001429493228638
-.100000  0.860000    0.0001572975164457
-.060000  0.860000    0.0001703043767333
-.020000  0.860000    0.0001820210331135
0.020000  0.860000    0.0001924813017516
0.060000  0.860000    0.0002017001114674
0.100000  0.860000    0.0002096717658365
0.140000  0.860000    0.0002163658009315
0.180000  0.860000    0.0002207682479826
0.220000  0.860000    0.0002245869935756
0.260000  0.860000    0.0002255153005018
0.300000  0.860000    0.0002243964180570
0.340000  0.860000    0.0002210404325537
0.380000  0.860000    0.0002150903371683
0.420000  0.860000    0.0002036432789990
0.460000  0.860000    0.0001846771777054
0.500000  0.860000    0.0001494705286816
-.340000  0.900000    0.0000162021653490
-.300000  0.900000    0.0000411829932807
-.260000  0.900000    0.0000629820591673
-.220000  0.900000    0.0000820002617708
-.180000  0.900000    0.0000989563118667
-.140000  0.900000    0.0001152435798569
-.100000  0.900000    0.0001290206889203
-.060000  0.900000    0.0001421796839479
-.020000  0.900000    0.0001538357807134
0.020000  0.900000    0.0001640428980408
0.060000  0.900000    0.0001728237600460
0.100000  0.900000    0.0001801666062333
0.140000  0.900000    0.0001855748464218
0.180000  0.900000    0.0001897198137524
0.220000  0.900000    0.0001913113040098
0.260000  0.900000    0.0001906400577190
0.300000  0.900000    0.0001874186072326
0.340000  0.900000    0.0001795386241505
0.380000  0.900000    0.0001670079463875
0.420000  0.900000    0.0001417789625694
-.260000  0.940000    0.0000186989592163
-.220000  0.940000    0.0000430322516576
-.180000  0.940000    0.0000632006866503
-.140000  0.940000    0.0000801105855204
-.100000  0.940000    0.0000958299470835
-.060000  0.940000    0.0001083765216436
-.020000  0.940000    0.0001201048738220
0.020000  0.940000    0.0001299924082942
0.060000  0.940000    0.0001380908869442
0.100000  0.940000    0.0001445276939214
0.140000  0.940000    0.0001487576660265
0.180000  0.940000    0.0001506512508628
0.220000  0.940000    0.0001497489412030
0.260000  0.940000    0.0001447107292877
0.300000  0.940000    0.0001342081457286
0.340000  0.940000    0.0001004644540404
-.140000  0.980000    0.0000228942847484
-.100000  0.980000    0.0000460308719337
-.060000  0.980000    0.0000617910451696
-.020000  0.980000    0.0000734337918672
0.020000  0.980000    0.0000832788474241
0.060000  0.980000    0.0000910800898692
0.100000  0.980000    0.0000952249450387
0.140000  0.980000    0.0000949403753572
0.180000  0.980000    0.0000881616868431
