-.140000  -.980000    0.0000004218365752
-.100000  -.980000    0.0000008306461415
-.060000  -.980000    0.0000007687667121
-.020000  -.980000    0.0000003787725414
0.020000  -.980000    0.0000001606876471
0.060000  -.980000    0.0000001835988670
0.100000  -.980000   -0.0000000270050202
0.140000  -.980000   -0.0000005761547634
0.180000  -.980000   -0.0000010817853812
-.260000  -.940000    0.0000003532341944
-.220000  -.940000    0.0000008636300477
-.180000  -.940000    0.0000010936582817
-.140000  -.940000    0.0000010094143241
-.100000  -.940000    0.0000012077655414
-.060000  -.940000    0.0000006949558617
-.020000  -.940000    0.0000005983648272
0.020000  -.940000    0.0000003800646340
0.060000  -.940000    0.0000000372134699
0.100000  -.940000    0.0000002016100320
0.140000  -.940000   -0.0000004143857784
0.180000  -.940000   -0.0000005693629491
0.220000  -.940000   -0.0000009505206580
0.260000  -.940000   -0.0000010828885708
0.300000  -.940000   -0.0000018138083186
0.340000  -.940000   -0.0000026101084132
-.340000  -.900000    0.0000002198223190
-.300000  -.900000    0.0000008526388874
-.260000  -.900000    0.0000012276609554
-.220000  -.900000    0.0000013017396660
-.180000  -.900000    0.0000011232475366
-.140000  -.900000    0.0000013448288638
-.100000  -.900000    0.0000008104464444
-.060000  -.900000    0.0000007988188124
-.020000  -.900000    0.0000006944389432
0.020000  -.900000    0.0000004948063630
0.060000  -.900000    0.0000001986094308
0.100000  -.900000   -0.0000001954723895
0.140000  -.900000    0.0000000340741364
0.180000  -.900000   -0.0000005818606702
0.220000  -.900000   -0.0000006195990067
0.260000  -.900000   -0.0000008365406535
0.300000  -.900000   -0.0000012759845437
0.340000  -.900000   -0.0000013894714231
0.380000  -.900000   -0.0000020339552136
0.420000  -.900000   -0.0000028406598838
-.380000  -.860000    0.0000005238409137
-.340000  -.860000    0.0000011081536384
-.300000  -.860000    0.0000014049900602
-.260000  -.860000    0.0000014378684446
-.220000  -.860000    0.0000012441418865
-.180000  -.860000    0.0000015145181221
-.140000  -.860000    0.0000009975964732
-.100000  -.860000    0.0000010639785628
-.060000  -.860000    0.0000010544016714
-.020000  -.860000    0.0000009654016617
0.020000  -.860000    0.0000007942667950
0.060000  -.860000    0.0000005411461055
0.100000  -.860000    0.0000002055462877
0.140000  -.860000   -0.0000002136142365
0.180000  -.860000    0.0000000515765516
0.220000  -.860000   -0.0000005641819922
0.260000  -.860000   -0.0000005483513487
0.300000  -.860000   -0.0000006945684814
0.340000  -.860000   -0.0000010356036898
0.380000  -.860000   -0.0000016180143473
0.420000  -.860000   -0.0000018934814479
0.460000  -.860000   -0.0000021795730944
0.500000  -.860000   -0.0000031136692290
-.420000  -.820000    0.0000007672838613
-.380000  -.820000    0.0000010233269609
-.340000  -.820000    0.0000012440201215
-.300000  -.820000    0.0000012395184076
-.260000  -.820000    0.0000016524483306
-.220000  -.820000    0.0000013178858383
-.180000  -.820000    0.0000015495841498
-.140000  -.820000    0.0000009438693770
-.100000  -.820000    0.0000010010458461
-.060000  -.820000    0.0000009926467818
-.020000  -.820000    0.0000009176059105
0.020000  -.820000    0.0000007735011449
0.060000  -.820000    0.0000005594874561
0.100000  -.820000    0.0000002762890936
0.140000  -.820000   -0.0000000773365624
0.180000  -.820000    0.0000002976301381
0.220000  -.820000   -0.0000002224358371
0.260000  -.820000   -0.0000000603328098
0.300000  -.820000   -0.0000007813604686
0.340000  -.820000   -0.0000008879688566
0.380000  -.820000   -0.0000011761166958
0.420000  -.820000   -0.0000010100227113
0.460000  -.820000   -0.0000018207802986
0.500000  -.820000   -0.0000024202911079
0.540000  -.820000   -0.0000027161726441
-.460000  -.780000    0.0000006037843218
-.420000  -.780000    0.0000010712631576
-.380000  -.780000    0.0000013217662778
-.340000  -.780000    0.0000013591404053
-.300000  -.780000    0.0000012037029126
-.260000  -.780000    0.0000015523626654
-.220000  -.780000    0.0000011169711893
-.180000  -.780000    0.0000013109552100
-.140000  -.780000    0.0000006522180537
-.100000  -.780000    0.0000007031198374
-.060000  -.780000    0.0000006996128225
-.020000  -.780000    0.0000006392095825
0.020000  -.780000    0.0000005221137154
0.060000  -.780000    0.0000003462986232
0.100000  -.780000    0.0000001112143588
0.140000  -.780000   -0.0000001833659187
0.180000  -.780000    0.0000002713719596
0.220000  -.780000   -0.0000001666130556
0.260000  -.780000    0.0000001035399765
0.300000  -.780000   -0.0000005054859145
0.340000  -.780000   -0.0000004645608592
0.380000  -.780000   -0.0000005739931624
0.420000  -.780000   -0.0000008580141936
0.460000  -.780000   -0.0000013471039179
0.500000  -.780000   -0.0000014584356182
0.540000  -.780000   -0.0000019779424865
0.580000  -.780000   -0.0000025713012758
0.620000  -.780000   -0.0000032813800225
-.500000  -.740000    0.0000006922962132
-.460000  -.740000    0.0000009679675961
-.420000  -.740000    0.0000012353575793
-.380000  -.740000    0.0000013082620591
-.340000  -.740000    0.0000011993961997
-.300000  -.740000    0.0000015920058741
-.260000  -.740000    0.0000012167625168
-.220000  -.740000    0.0000014742623575
-.180000  -.740000    0.0000008778526297
-.140000  -.740000    0.0000009996906731
-.100000  -.740000    0.0000010746648217
-.060000  -.740000    0.0000002473244639
-.020000  -.740000    0.0000002046081917
0.020000  -.740000    0.0000001128409158
0.060000  -.740000   -0.0000000277605394
0.100000  -.740000    0.0000006213594907
0.140000  -.740000    0.0000003650089271
0.180000  -.740000    0.0000000527512334
0.220000  -.740000    0.0000004873450640
0.260000  -.740000    0.0000000381156905
0.300000  -.740000    0.0000002860356167
0.340000  -.740000   -0.0000003261492709
0.380000  -.740000   -0.0000003019328557
0.420000  -.740000   -0.0000004270700881
0.460000  -.740000   -0.0000007209579420
0.500000  -.740000   -0.0000005743232538
0.540000  -.740000   -0.0000013415982822
0.580000  -.740000   -0.0000018500535107
0.620000  -.740000   -0.0000023738602705
0.660000  -.740000   -0.0000033852226972
-.540000  -.700000    0.0000004825132136
-.500000  -.700000    0.0000010518445764
-.460000  -.700000    0.0000014406246084
-.420000  -.700000    0.0000011282818460
-.380000  -.700000    0.0000016374681422
-.340000  -.700000    0.0000014718860254
-.300000  -.700000    0.0000011574065566
-.260000  -.700000    0.0000014614926278
-.220000  -.700000    0.0000009330776245
-.180000  -.700000    0.0000011163311528
-.140000  -.700000    0.0000004258777275
-.100000  -.700000    0.0000004958381630
-.060000  -.700000    0.0000005249109894
-.020000  -.700000    0.0000005069545962
0.020000  -.700000    0.0000004409389406
0.060000  -.700000    0.0000003280363831
0.100000  -.700000    0.0000001677048951
0.140000  -.700000   -0.0000000411949600
0.180000  -.700000    0.0000005113421499
0.220000  -.700000    0.0000001853769463
0.260000  -.700000    0.0000005867691789
0.300000  -.700000    0.0000001283332751
0.340000  -.700000    0.0000003473796535
0.380000  -.700000    0.0000004496692304
0.420000  -.700000   -0.0000002709055107
0.460000  -.700000    0.0000002475189983
0.500000  -.700000   -0.0000000920630167
0.540000  -.700000   -0.0000006299520295
0.580000  -.700000   -0.0000008224987799
0.620000  -.700000   -0.0000013868330965
0.660000  -.700000   -0.0000019641939731
0.700000  -.700000   -0.0000029490573202
-.580000  -.660000    0.0000003363434975
-.540000  -.660000    0.0000007403517519
-.500000  -.660000    0.0000011068154269
-.460000  -.660000    0.0000013102474386
-.420000  -.660000    0.0000013481031711
-.380000  -.660000    0.0000012301870635
-.340000  -.660000    0.0000009734836873
-.300000  -.660000    0.0000013038680460
-.260000  -.660000    0.0000008457535720
-.220000  -.660000    0.0000010771416927
-.180000  -.660000    0.0000004584323142
-.140000  -.660000    0.0000005881744820
-.100000  -.660000    0.0000006792457516
-.060000  -.660000    0.0000007291551560
-.020000  -.660000    0.0000007321812107
0.020000  -.660000    0.0000006876084463
0.060000  -.660000    0.0000005974511156
0.100000  -.660000    0.0000004612429432
0.140000  -.660000    0.0000002788477846
0.180000  -.660000    0.0000000510919590
0.220000  -.660000    0.0000005643696319
0.260000  -.660000    0.0000002242778912
0.300000  -.660000    0.0000005859927709
0.340000  -.660000    0.0000001176462461
0.380000  -.660000    0.0000003027814070
0.420000  -.660000    0.0000003714982147
0.460000  -.660000    0.0000003139932163
0.500000  -.660000    0.0000001108767292
0.540000  -.660000   -0.0000002580462373
0.580000  -.660000   -0.0000002416787641
0.620000  -.660000   -0.0000010764940842
0.660000  -.660000   -0.0000011667284708
0.700000  -.660000   -0.0000018606014574
0.740000  -.660000   -0.0000031270065944
-.620000  -.620000    0.0000001074012751
-.580000  -.620000    0.0000006059399304
-.540000  -.620000    0.0000010508087767
-.500000  -.620000    0.0000013498134558
-.460000  -.620000    0.0000014904615861
-.420000  -.620000    0.0000014763346197
-.380000  -.620000    0.0000013195056298
-.340000  -.620000    0.0000010366487705
-.300000  -.620000    0.0000006469300878
-.260000  -.620000    0.0000009094935615
-.220000  -.620000    0.0000003661403119
-.180000  -.620000    0.0000005433930629
-.140000  -.620000    0.0000006928241757
-.100000  -.620000    0.0000008032875384
-.060000  -.620000    0.0000000332151966
-.020000  -.620000    0.0000000522559418
0.020000  -.620000    0.0000000314510932
0.060000  -.620000   -0.0000000324467507
0.100000  -.620000    0.0000006769289385
0.140000  -.620000    0.0000005158669415
0.180000  -.620000    0.0000003110206062
0.220000  -.620000    0.0000000623696850
0.260000  -.620000    0.0000005318161726
0.300000  -.620000    0.0000001749084625
0.340000  -.620000    0.0000004943196317
0.380000  -.620000    0.0000007203347623
0.420000  -.620000    0.0000008409492284
0.460000  -.620000    0.0000008485093833
0.500000  -.620000    0.0000007299558930
0.540000  -.620000    0.0000004686789273
0.580000  -.620000    0.0000000429127837
0.620000  -.620000   -0.0000000394454569
0.660000  -.620000   -0.0000009368248994
0.700000  -.620000   -0.0000011675275824
0.740000  -.620000   -0.0000020408906057
0.780000  -.620000   -0.0000027665445082
-.620000  -.580000    0.0000003897195983
-.580000  -.580000    0.0000008820689079
-.540000  -.580000    0.0000008998270377
-.500000  -.580000    0.0000010377622480
-.460000  -.580000    0.0000010451556665
-.420000  -.580000    0.0000009281639288
-.380000  -.580000    0.0000013338543102
-.340000  -.580000    0.0000010359051221
-.300000  -.580000    0.0000006435849058
-.260000  -.580000    0.0000009180231620
-.220000  -.580000    0.0000003863034984
-.180000  -.580000    0.0000005813770083
-.140000  -.580000    0.0000007487432946
-.100000  -.580000    0.0000000537727637
-.060000  -.580000    0.0000001308396144
-.020000  -.580000    0.0000001672438621
0.020000  -.580000    0.0000001631130899
0.060000  -.580000    0.0000001152943241
0.100000  -.580000    0.0000000250545008
0.140000  -.580000    0.0000006819473561
0.180000  -.580000    0.0000004952742529
0.220000  -.580000    0.0000002670880581
0.260000  -.580000    0.0000007440102498
0.300000  -.580000    0.0000004158508858
0.340000  -.580000    0.0000007549085248
0.380000  -.580000    0.0000010076524914
0.420000  -.580000    0.0000005003639746
0.460000  -.580000    0.0000005838331013
0.500000  -.580000    0.0000005549429515
0.540000  -.580000    0.0000004003585023
0.580000  -.580000    0.0000006648992952
0.620000  -.580000    0.0000001777005530
0.660000  -.580000   -0.0000000076123607
0.700000  -.580000   -0.0000004915076841
0.740000  -.580000   -0.0000013767573193
0.780000  -.580000   -0.0000020423741719
-.660000  -.540000    0.0000001387219006
-.620000  -.540000    0.0000006325880714
-.580000  -.540000    0.0000007651567448
-.540000  -.540000    0.0000009696780620
-.500000  -.540000    0.0000010569507774
-.460000  -.540000    0.0000010261809486
-.420000  -.540000    0.0000008842109587
-.380000  -.540000    0.0000012825295473
-.340000  -.540000    0.0000009806377377
-.300000  -.540000    0.0000005953460375
-.260000  -.540000    0.0000008805062339
-.220000  -.540000    0.0000003690214033
-.180000  -.540000    0.0000005809994857
-.140000  -.540000   -0.0000000315694942
-.100000  -.540000    0.0000000977910319
-.060000  -.540000    0.0000001923171532
-.020000  -.540000    0.0000002438648159
0.020000  -.540000    0.0000002532920177
0.060000  -.540000    0.0000002180305448
0.100000  -.540000    0.0000001388092201
0.140000  -.540000    0.0000000186441222
0.180000  -.540000    0.0000006152889803
0.220000  -.540000    0.0000004006771085
0.260000  -.540000    0.0000008763303969
0.300000  -.540000    0.0000005697049233
0.340000  -.540000    0.0000009170482678
0.380000  -.540000    0.0000011844540157
0.420000  -.540000    0.0000007198157393
0.460000  -.540000    0.0000008377756416
0.500000  -.540000    0.0000008560245948
0.540000  -.540000    0.0000007648393561
0.580000  -.540000    0.0000005496338834
0.620000  -.540000    0.0000007108022675
0.660000  -.540000    0.0000001592615418
0.700000  -.540000   -0.0000001325067844
0.740000  -.540000   -0.0000007367145850
0.780000  -.540000   -0.0000013454743752
0.820000  -.540000   -0.0000020370946153
-.660000  -.500000    0.0000003461397018
-.620000  -.500000    0.0000007838755525
-.580000  -.500000    0.0000008144215450
-.540000  -.500000    0.0000009640133464
-.500000  -.500000    0.0000010075739801
-.460000  -.500000    0.0000009467927761
-.420000  -.500000    0.0000007881632248
-.380000  -.500000    0.0000011762990844
-.340000  -.500000    0.0000008795363683
-.300000  -.500000    0.0000005095297232
-.260000  -.500000    0.0000008054970519
-.220000  -.500000    0.0000003215640785
-.180000  -.500000    0.0000005494706901
-.140000  -.500000   -0.0000000309389266
-.100000  -.500000    0.0000001159758806
-.060000  -.500000    0.0000002256565592
-.020000  -.500000    0.0000002914635908
0.020000  -.500000    0.0000003106395901
0.060000  -.500000    0.0000002848386569
0.100000  -.500000    0.0000002122377480
0.140000  -.500000    0.0000000976653514
0.180000  -.500000    0.0000006807361154
0.220000  -.500000    0.0000004744443755
0.260000  -.500000    0.0000009400951292
0.300000  -.500000    0.0000006483943122
0.340000  -.500000    0.0000009947574622
0.380000  -.500000    0.0000012678428110
0.420000  -.500000    0.0000008367884337
0.460000  -.500000    0.0000009779204962
0.500000  -.500000    0.0000010300922475
0.540000  -.500000    0.0000009868136897
0.580000  -.500000    0.0000008354044399
0.620000  -.500000    0.0000010606775357
0.660000  -.500000    0.0000006190003522
0.700000  -.500000    0.0000004504679329
0.740000  -.500000    0.0000000265939869
0.780000  -.500000   -0.0000007290130947
0.820000  -.500000   -0.0000016039021190
0.860000  -.500000   -0.0000021848661260
-.700000  -.460000    0.0000001086176539
-.660000  -.460000    0.0000004802513333
-.620000  -.460000    0.0000008473527342
-.580000  -.460000    0.0000007940126105
-.540000  -.460000    0.0000008946056134
-.500000  -.460000    0.0000009015397494
-.460000  -.460000    0.0000008181650756
-.420000  -.460000    0.0000006513581598
-.380000  -.460000    0.0000010257682250
-.340000  -.460000    0.0000007415538601
-.300000  -.460000    0.0000003949351746
-.260000  -.460000    0.0000006997844405
-.220000  -.460000    0.0000002499949943
-.180000  -.460000    0.0000004940438081
-.140000  -.460000   -0.0000000498247703
-.100000  -.460000    0.0000001131900197
-.060000  -.460000    0.0000002374570311
-.020000  -.460000    0.0000003157195622
0.020000  -.460000    0.0000003428760650
0.060000  -.460000    0.0000003218002067
0.100000  -.460000    0.0000002520722741
0.140000  -.460000    0.0000001380339285
0.180000  -.460000    0.0000007018215832
0.220000  -.460000    0.0000004973563534
0.260000  -.460000    0.0000009449003166
0.300000  -.460000    0.0000006620064478
0.340000  -.460000    0.0000010004737702
0.380000  -.460000    0.0000012704856087
0.420000  -.460000    0.0000008659989822
0.460000  -.460000    0.0000010210002889
0.500000  -.460000    0.0000010967972300
0.540000  -.460000    0.0000010896545846
0.580000  -.460000    0.0000009877841709
0.620000  -.460000    0.0000012601413715
0.660000  -.460000    0.0000009061170501
0.700000  -.460000    0.0000008305534409
0.740000  -.460000    0.0000001345531620
0.780000  -.460000   -0.0000004115999228
0.820000  -.460000   -0.0000009536687536
0.860000  -.460000   -0.0000014458317616
-.700000  -.420000    0.0000001970451758
-.660000  -.420000    0.0000005391497964
-.620000  -.420000    0.0000008345833329
-.580000  -.420000    0.0000007169108733
-.540000  -.420000    0.0000007742244539
-.500000  -.420000    0.0000007517420410
-.460000  -.420000    0.0000006530417015
-.420000  -.420000    0.0000004840135191
-.380000  -.420000    0.0000008416627009
-.340000  -.420000    0.0000005774263777
-.300000  -.420000    0.0000002582272733
-.260000  -.420000    0.0000005698049824
-.220000  -.420000    0.0000001597754280
-.180000  -.420000    0.0000004204297507
-.140000  -.420000   -0.0000000834300458
-.100000  -.420000    0.0000000950563731
-.060000  -.420000    0.0000002337397264
-.020000  -.420000    0.0000003223679488
0.020000  -.420000    0.0000003561383447
0.060000  -.420000    0.0000003358526073
0.100000  -.420000    0.0000002645907853
0.140000  -.420000    0.0000001468068582
0.180000  -.420000    0.0000006844179005
0.220000  -.420000    0.0000004772209770
0.260000  -.420000    0.0000009003326374
0.300000  -.420000    0.0000006209865113
0.340000  -.420000    0.0000009444873977
0.380000  -.420000    0.0000012053114198
0.420000  -.420000    0.0000008214620110
0.460000  -.420000    0.0000009819144638
0.500000  -.420000    0.0000010732806460
0.540000  -.420000    0.0000010921657518
0.580000  -.420000    0.0000010287911325
0.620000  -.420000    0.0000013352408795
0.660000  -.420000    0.0000010522413493
0.700000  -.420000    0.0000006451177050
0.740000  -.420000    0.0000004765180179
0.780000  -.420000    0.0000000732511284
0.820000  -.420000   -0.0000002707368455
0.860000  -.420000   -0.0000010702761527
0.900000  -.420000   -0.0000018514989408
-.700000  -.380000    0.0000003541665529
-.660000  -.380000    0.0000005336925091
-.620000  -.380000    0.0000007608351434
-.580000  -.380000    0.0000009202171095
-.540000  -.380000    0.0000010045200465
-.500000  -.380000    0.0000010135784847
-.460000  -.380000    0.0000009509441475
-.420000  -.380000    0.0000008220960046
-.380000  -.380000    0.0000006339910203
-.340000  -.380000    0.0000003943033606
-.300000  -.380000    0.0000001081024219
-.260000  -.380000    0.0000004217423934
-.220000  -.380000    0.0000000548760461
-.180000  -.380000    0.0000003313429380
-.140000  -.380000   -0.0000001290963081
-.100000  -.380000    0.0000000660174330
-.060000  -.380000    0.0000002186603179
-.020000  -.380000    0.0000003167798748
0.020000  -.380000    0.0000003548854661
0.060000  -.380000    0.0000003316752678
0.100000  -.380000    0.0000002552959943
0.140000  -.380000    0.0000001286703953
0.180000  -.380000    0.0000006337419350
0.220000  -.380000    0.0000004189751811
0.260000  -.380000    0.0000008130657055
0.300000  -.380000    0.0000005331688489
0.340000  -.380000    0.0000008361524192
0.380000  -.380000    0.0000010814747997
0.420000  -.380000    0.0000012724516008
0.460000  -.380000    0.0000014062760990
0.500000  -.380000    0.0000014827862876
0.540000  -.380000    0.0000014971475300
0.580000  -.380000    0.0000014421543524
0.620000  -.380000    0.0000013073640351
0.660000  -.380000    0.0000010836245726
0.700000  -.380000    0.0000011352277024
0.740000  -.380000    0.0000006636203685
0.780000  -.380000    0.0000003718789103
0.820000  -.380000   -0.0000001592376862
0.860000  -.380000   -0.0000007066248037
0.900000  -.380000   -0.0000012701606298
-.740000  -.340000    0.0000000724653069
-.700000  -.340000    0.0000003770656590
-.660000  -.340000    0.0000004781884457
-.620000  -.340000    0.0000006436620997
-.580000  -.340000    0.0000007516989761
-.540000  -.340000    0.0000007979240629
-.500000  -.340000    0.0000007835576102
-.460000  -.340000    0.0000007107511101
-.420000  -.340000    0.0000005864897744
-.380000  -.340000    0.0000004152969843
-.340000  -.340000    0.0000002015109415
-.300000  -.340000    0.0000005416687955
-.260000  -.340000    0.0000002618164033
-.220000  -.340000   -0.0000000590570026
-.180000  -.340000    0.0000002287104391
-.140000  -.340000   -0.0000001837432923
-.100000  -.340000    0.0000000292162294
-.060000  -.340000    0.0000001959420204
-.020000  -.340000    0.0000003033641477
0.020000  -.340000    0.0000003429056282
0.060000  -.340000    0.0000003148078938
0.100000  -.340000    0.0000002266285026
0.140000  -.340000    0.0000000870050504
0.180000  -.340000    0.0000005549195186
0.220000  -.340000    0.0000003286897437
0.260000  -.340000    0.0000006881646876
0.300000  -.340000    0.0000009872440652
0.340000  -.340000    0.0000006825264452
0.380000  -.340000    0.0000009103829774
0.420000  -.340000    0.0000010887033010
0.460000  -.340000    0.0000012188987767
0.500000  -.340000    0.0000013001075540
0.540000  -.340000    0.0000013279379489
0.580000  -.340000    0.0000012960058357
0.620000  -.340000    0.0000011959845426
0.660000  -.340000    0.0000010209292848
0.700000  -.340000    0.0000011169183269
0.740000  -.340000    0.0000007291202603
0.780000  -.340000    0.0000005255886159
0.820000  -.340000    0.0000001195618442
0.860000  -.340000   -0.0000002619300125
0.900000  -.340000   -0.0000007842280976
0.940000  -.340000   -0.0000013720097054
-.740000  -.300000    0.0000001567531195
-.700000  -.300000    0.0000003502128723
-.660000  -.300000    0.0000005680546266
-.620000  -.300000    0.0000004997801947
-.580000  -.300000    0.0000005634663332
-.540000  -.300000    0.0000005780855060
-.500000  -.300000    0.0000005445907539
-.460000  -.300000    0.0000004667225679
-.420000  -.300000    0.0000003488043276
-.380000  -.300000    0.0000001954309484
-.340000  -.300000    0.0000005312758987
-.300000  -.300000    0.0000003311161221
-.260000  -.300000    0.0000000953221306
-.220000  -.300000   -0.0000001770169230
-.180000  -.300000    0.0000001180782187
-.140000  -.300000   -0.0000002445885186
-.100000  -.300000   -0.0000000153253877
-.060000  -.300000    0.0000001684669418
-.020000  -.300000    0.0000002846564418
0.020000  -.300000    0.0000003239294025
0.060000  -.300000    0.0000002867045806
0.100000  -.300000    0.0000001816090160
0.140000  -.300000    0.0000000250632298
0.180000  -.300000    0.0000004495532872
0.220000  -.300000    0.0000002093237223
0.260000  -.300000    0.0000005312362248
0.300000  -.300000    0.0000007965037913
0.340000  -.300000    0.0000010155952365
0.380000  -.300000    0.0000007002670470
0.420000  -.300000    0.0000008638241813
0.460000  -.300000    0.0000009880787680
0.500000  -.300000    0.0000010688159727
0.540000  -.300000    0.0000011054284072
0.580000  -.300000    0.0000010914161138
0.620000  -.300000    0.0000010204705456
0.660000  -.300000    0.0000012405032951
0.700000  -.300000    0.0000010162571831
0.740000  -.300000    0.0000010030826838
0.780000  -.300000    0.0000005684947958
0.820000  -.300000    0.0000002616554094
0.860000  -.300000   -0.0000000024830325
0.900000  -.300000   -0.0000005830500051
0.940000  -.300000   -0.0000011515823468
-.740000  -.260000    0.0000001692138625
-.700000  -.260000    0.0000004064913521
-.660000  -.260000    0.0000004429233033
-.620000  -.260000    0.0000005599862307
-.580000  -.260000    0.0000006356552855
-.540000  -.260000    0.0000006690568420
-.500000  -.260000    0.0000006611992849
-.460000  -.260000    0.0000006152645069
-.420000  -.260000    0.0000005360050902
-.380000  -.260000    0.0000004258081168
-.340000  -.260000    0.0000002877836810
-.300000  -.260000    0.0000001227720145
-.260000  -.260000   -0.0000000707665345
-.220000  -.260000    0.0000002590659457
-.180000  -.260000    0.0000000006235841
-.140000  -.260000    0.0000003096661800
-.100000  -.260000   -0.0000000661258053
-.060000  -.260000    0.0000001361050034
-.020000  -.260000    0.0000002636785413
0.020000  -.260000    0.0000003006045767
0.060000  -.260000    0.0000002488498522
0.100000  -.260000    0.0000001232342473
0.140000  -.260000    0.0000005511040789
0.180000  -.260000    0.0000003202571897
0.220000  -.260000    0.0000006219224828
0.260000  -.260000    0.0000003479142416
0.300000  -.260000    0.0000005786945899
0.340000  -.260000    0.0000007691076301
0.380000  -.260000    0.0000009250105526
0.420000  -.260000    0.0000010487921225
0.460000  -.260000    0.0000011413875132
0.500000  -.260000    0.0000012009673287
0.540000  -.260000    0.0000012260261238
0.580000  -.260000    0.0000012087062723
0.620000  -.260000    0.0000011469511106
0.660000  -.260000    0.0000010313453886
0.700000  -.260000    0.0000011422484651
0.740000  -.260000    0.0000008804211531
0.780000  -.260000    0.0000007783080068
0.820000  -.260000    0.0000005357000025
0.860000  -.260000    0.0000001271033830
0.900000  -.260000   -0.0000002987454877
0.940000  -.260000   -0.0000007358392587
-.740000  -.220000    0.0000002058208223
-.700000  -.220000    0.0000003154108249
-.660000  -.220000    0.0000004627646917
-.620000  -.220000    0.0000003796044710
-.580000  -.220000    0.0000004168400797
-.540000  -.220000    0.0000004223443794
-.500000  -.220000    0.0000003980766656
-.460000  -.220000    0.0000003471384448
-.420000  -.220000    0.0000002722279126
-.380000  -.220000    0.0000001769623497
-.340000  -.220000    0.0000000627238383
-.300000  -.220000   -0.0000000708126653
-.260000  -.220000    0.0000002478464655
-.220000  -.220000    0.0000000825079244
-.180000  -.220000   -0.0000001222912753
-.140000  -.220000    0.0000001955701146
-.100000  -.220000   -0.0000001231962843
-.060000  -.220000    0.0000000992605815
-.020000  -.220000    0.0000002413471900
0.020000  -.220000    0.0000002742305043
0.060000  -.220000    0.0000002028297738
0.100000  -.220000    0.0000000499096054
0.140000  -.220000    0.0000004226324764
0.180000  -.220000    0.0000001701894946
0.220000  -.220000    0.0000004239758402
0.260000  -.220000    0.0000006241364198
0.300000  -.220000    0.0000003438216781
0.340000  -.220000    0.0000005067393543
0.380000  -.220000    0.0000006413559494
0.420000  -.220000    0.0000007503574441
0.460000  -.220000    0.0000008354149359
0.500000  -.220000    0.0000008878868233
0.540000  -.220000    0.0000009117202974
0.580000  -.220000    0.0000009072335553
0.620000  -.220000    0.0000008659360082
0.660000  -.220000    0.0000010590239325
0.700000  -.220000    0.0000009160804937
0.740000  -.220000    0.0000009417423590
0.780000  -.220000    0.0000006529299548
0.820000  -.220000    0.0000004780253524
0.860000  -.220000    0.0000001642711792
0.900000  -.220000   -0.0000001481062736
0.940000  -.220000   -0.0000005858958327
-.780000  -.180000    0.0000000227696510
-.740000  -.180000    0.0000001613165516
-.700000  -.180000    0.0000003122156067
-.660000  -.180000    0.0000003085023200
-.620000  -.180000    0.0000003764953107
-.580000  -.180000    0.0000004185694845
-.540000  -.180000    0.0000004353573502
-.500000  -.180000    0.0000004286276443
-.460000  -.180000    0.0000004018580517
-.420000  -.180000    0.0000003568824931
-.380000  -.180000    0.0000002975801635
-.340000  -.180000    0.0000002247983404
-.300000  -.180000    0.0000001387435908
-.260000  -.180000    0.0000000368653947
-.220000  -.180000   -0.0000000866046678
-.180000  -.180000    0.0000002501831959
-.140000  -.180000    0.0000000699344022
-.100000  -.180000   -0.0000001870811731
-.060000  -.180000    0.0000000565001300
-.020000  -.180000    0.0000002177436472
0.020000  -.180000    0.0000002464714856
0.060000  -.180000    0.0000001470976121
0.100000  -.180000   -0.0000000388675824
0.140000  -.180000    0.0000002718995499
0.180000  -.180000    0.0000004897786684
0.220000  -.180000    0.0000002119237158
0.260000  -.180000    0.0000003738556887
0.300000  -.180000    0.0000005057472282
0.340000  -.180000    0.0000006149681754
0.380000  -.180000    0.0000007056295239
0.420000  -.180000    0.0000007807749848
0.460000  -.180000    0.0000008325990250
0.500000  -.180000    0.0000008708407440
0.540000  -.180000    0.0000009062367482
0.580000  -.180000    0.0000009018539854
0.620000  -.180000    0.0000008628879552
0.660000  -.180000    0.0000007807156420
0.700000  -.180000    0.0000008764883134
0.740000  -.180000    0.0000007152956396
0.780000  -.180000    0.0000006733342828
0.820000  -.180000    0.0000005387163592
0.860000  -.180000    0.0000002970776067
0.900000  -.180000   -0.0000000841185206
0.940000  -.180000   -0.0000003819217997
0.980000  -.180000   -0.0000007215328139
-.780000  -.140000    0.0000000279710795
-.740000  -.140000    0.0000001530563378
-.700000  -.140000    0.0000001991578246
-.660000  -.140000    0.0000002778110618
-.620000  -.140000    0.0000003381787861
-.580000  -.140000    0.0000003787884600
-.540000  -.140000    0.0000002142205822
-.500000  -.140000    0.0000001946955099
-.460000  -.140000    0.0000001620574509
-.420000  -.140000    0.0000001188012504
-.380000  -.140000    0.0000000661926770
-.340000  -.140000    0.0000000068627416
-.300000  -.140000   -0.0000000597344949
-.260000  -.140000    0.0000002080304072
-.220000  -.140000    0.0000001442651151
-.180000  -.140000    0.0000000595406428
-.140000  -.140000   -0.0000000644022925
-.100000  -.140000    0.0000002772238035
-.060000  -.140000    0.0000000047963774
-.020000  -.140000    0.0000001931127438
0.020000  -.140000    0.0000002173373543
0.060000  -.140000    0.0000000787521130
0.100000  -.140000    0.0000003834555016
0.140000  -.140000    0.0000001021370238
0.180000  -.140000    0.0000002651826239
0.220000  -.140000    0.0000003813541885
0.260000  -.140000    0.0000004720167441
0.300000  -.140000    0.0000002363340089
0.340000  -.140000    0.0000003245177398
0.380000  -.140000    0.0000004002192088
0.420000  -.140000    0.0000004612496656
0.460000  -.140000    0.0000005091655372
0.500000  -.140000    0.0000005643057712
0.540000  -.140000    0.0000005413305938
0.580000  -.140000    0.0000007166352792
0.620000  -.140000    0.0000006946643539
0.660000  -.140000    0.0000006847798569
0.700000  -.140000    0.0000006079401132
0.740000  -.140000    0.0000006372817503
0.780000  -.140000    0.0000004681610743
0.820000  -.140000    0.0000003809139907
0.860000  -.140000    0.0000002089310779
0.900000  -.140000    0.0000000491226300
0.940000  -.140000   -0.0000002711354892
0.980000  -.140000   -0.0000005320833587
-.780000  -.100000    0.0000000296246588
-.740000  -.100000    0.0000001254190199
-.700000  -.100000    0.0000001596694140
-.660000  -.100000    0.0000002204737857
-.620000  -.100000    0.0000002678649723
-.580000  -.100000    0.0000001817206265
-.540000  -.100000    0.0000001827453936
-.500000  -.100000    0.0000001740431928
-.460000  -.100000    0.0000001563832596
-.420000  -.100000    0.0000001322544445
-.380000  -.100000    0.0000001028363279
-.340000  -.100000    0.0000000707551868
-.300000  -.100000    0.0000000360509348
-.260000  -.100000   -0.0000000026551936
-.220000  -.100000   -0.0000000471403480
-.180000  -.100000   -0.0000001042862615
-.140000  -.100000    0.0000001996879204
-.100000  -.100000    0.0000001208914995
-.060000  -.100000   -0.0000000630642186
-.020000  -.100000    0.0000001658950527
0.020000  -.100000    0.0000001833433096
0.060000  -.100000   -0.0000000073720035
0.100000  -.100000    0.0000002068067116
0.140000  -.100000    0.0000003079813183
0.180000  -.100000    0.0000000460905561
0.220000  -.100000    0.0000001322558153
0.260000  -.100000    0.0000002001717778
0.300000  -.100000    0.0000002585943091
0.340000  -.100000    0.0000003087185039
0.380000  -.100000    0.0000003542319158
0.420000  -.100000    0.0000003888318357
0.460000  -.100000    0.0000004297458837
0.500000  -.100000    0.0000004217958557
0.540000  -.100000    0.0000004405807573
0.580000  -.100000    0.0000005716805635
0.620000  -.100000    0.0000006755169747
0.660000  -.100000    0.0000005131627772
0.700000  -.100000    0.0000004770179887
0.740000  -.100000    0.0000004986161521
0.780000  -.100000    0.0000003813667419
0.820000  -.100000    0.0000003208090372
0.860000  -.100000    0.0000002013615638
0.900000  -.100000    0.0000000106835037
0.940000  -.100000   -0.0000001179495180
0.980000  -.100000   -0.0000003201828442
-.780000  -.060000    0.0000000220340563
-.740000  -.060000    0.0000000595459665
-.700000  -.060000    0.0000001031554493
-.660000  -.060000    0.0000001416117364
-.620000  -.060000    0.0000001099927065
-.580000  -.060000    0.0000001199062286
-.540000  -.060000    0.0000001223207622
-.500000  -.060000    0.0000001194614051
-.460000  -.060000    0.0000001113913623
-.420000  -.060000    0.0000001000736136
-.380000  -.060000    0.0000000863210575
-.340000  -.060000    0.0000000722368122
-.300000  -.060000    0.0000000582740292
-.260000  -.060000    0.0000000442905343
-.220000  -.060000    0.0000000309416614
-.180000  -.060000    0.0000000162061060
-.140000  -.060000   -0.0000000029084179
-.100000  -.060000   -0.0000000419543334
-.060000  -.060000    0.0000003093185281
-.020000  -.060000    0.0000001274655124
0.020000  -.060000    0.0000001379921046
0.060000  -.060000    0.0000003197059102
0.100000  -.060000    0.0000000129745692
0.140000  -.060000    0.0000000710839359
0.180000  -.060000    0.0000001099694773
0.220000  -.060000    0.0000001398397207
0.260000  -.060000    0.0000001674856230
0.300000  -.060000    0.0000001938528140
0.340000  -.060000    0.0000002175392773
0.380000  -.060000    0.0000002409251385
0.420000  -.060000    0.0000002572883422
0.460000  -.060000    0.0000002827715992
0.500000  -.060000    0.0000002573923077
0.540000  -.060000    0.0000003885803140
0.580000  -.060000    0.0000001228871431
0.620000  -.060000    0.0000001236539922
0.660000  -.060000    0.0000004059482728
0.700000  -.060000    0.0000002840854017
0.740000  -.060000    0.0000002529265763
0.780000  -.060000    0.0000002472300801
0.820000  -.060000    0.0000002118485941
0.860000  -.060000    0.0000001414239514
0.900000  -.060000    0.0000000303003444
0.940000  -.060000   -0.0000000931957406
0.980000  -.060000   -0.0000001930035200
-.780000  -.020000    0.0000000080938125
-.740000  -.020000    0.0000000207979561
-.700000  -.020000    0.0000000356488485
-.660000  -.020000    0.0000000488096511
-.620000  -.020000    0.0000000382236938
-.580000  -.020000    0.0000000418530365
-.540000  -.020000    0.0000000429686128
-.500000  -.020000    0.0000000424379876
-.460000  -.020000    0.0000000401978034
-.420000  -.020000    0.0000000370070970
-.380000  -.020000    0.0000000331433597
-.340000  -.020000    0.0000000294360034
-.300000  -.020000    0.0000000261486192
-.260000  -.020000    0.0000000234121958
-.220000  -.020000    0.0000000219390790
-.180000  -.020000    0.0000000218972116
-.140000  -.020000    0.0000000247343026
-.100000  -.020000    0.0000000303112415
-.060000  -.020000    0.0000000407566376
-.020000  -.020000    0.0000000336015697
0.020000  -.020000    0.0000000373400896
0.060000  -.020000    0.0000000500432347
0.100000  -.020000    0.0000000465976991
0.140000  -.020000    0.0000000488109256
0.180000  -.020000    0.0000000516990467
0.220000  -.020000    0.0000000581373625
0.260000  -.020000    0.0000000647696315
0.300000  -.020000    0.0000000716090755
0.340000  -.020000    0.0000000786397208
0.380000  -.020000    0.0000000846151229
0.420000  -.020000    0.0000000911350921
0.460000  -.020000    0.0000000968658896
0.500000  -.020000    0.0000000965514594
0.540000  -.020000    0.0000001027894595
0.580000  -.020000    0.0000001012641841
0.620000  -.020000    0.0000001267864890
0.660000  -.020000    0.0000001174560509
0.700000  -.020000    0.0000000977961135
0.740000  -.020000    0.0000000878886226
0.780000  -.020000    0.0000000853257078
0.820000  -.020000    0.0000000738466030
0.860000  -.020000    0.0000000505803635
0.900000  -.020000    0.0000000140108341
0.940000  -.020000   -0.0000000262105866
0.980000  -.020000   -0.0000000743646369
-.780000  0.020000   -0.0000000080938125
-.740000  0.020000   -0.0000000207979561
-.700000  0.020000   -0.0000000356488485
-.660000  0.020000   -0.0000000488096511
-.620000  0.020000   -0.0000000382236938
-.580000  0.020000   -0.0000000418530365
-.540000  0.020000   -0.0000000429686128
-.500000  0.020000   -0.0000000424379876
-.460000  0.020000   -0.0000000401978034
-.420000  0.020000   -0.0000000370070970
-.380000  0.020000   -0.0000000331433597
-.340000  0.020000   -0.0000000294360034
-.300000  0.020000   -0.0000000261486192
-.260000  0.020000   -0.0000000234121958
-.220000  0.020000   -0.0000000219390790
-.180000  0.020000   -0.0000000218972116
-.140000  0.020000   -0.0000000247343026
-.100000  0.020000   -0.0000000303112415
-.060000  0.020000   -0.0000000407566376
-.020000  0.020000   -0.0000000336015697
0.020000  0.020000   -0.0000000373400896
0.060000  0.020000   -0.0000000500432347
0.100000  0.020000   -0.0000000465976991
0.140000  0.020000   -0.0000000488109256
0.180000  0.020000   -0.0000000516990467
0.220000  0.020000   -0.0000000581373625
0.260000  0.020000   -0.0000000647696315
0.300000  0.020000   -0.0000000716090755
0.340000  0.020000   -0.0000000786397208
0.380000  0.020000   -0.0000000846151229
0.420000  0.020000   -0.0000000911350921
0.460000  0.020000   -0.0000000968658896
0.500000  0.020000   -0.0000000965514594
0.540000  0.020000   -0.0000001027894595
0.580000  0.020000   -0.0000001012641841
0.620000  0.020000   -0.0000001267864890
0.660000  0.020000   -0.0000001174560509
0.700000  0.020000   -0.0000000977961135
0.740000  0.020000   -0.0000000878886226
0.780000  0.020000   -0.0000000853257078
0.820000  0.020000   -0.0000000738466030
0.860000  0.020000   -0.0000000505803635
0.900000  0.020000   -0.0000000140108341
0.940000  0.020000    0.0000000262105866
0.980000  0.020000    0.0000000743646369
-.780000  0.060000   -0.0000000220340563
-.740000  0.060000   -0.0000000595459665
-.700000  0.060000   -0.0000001031554493
-.660000  0.060000   -0.0000001416117364
-.620000  0.060000   -0.0000001099927065
-.580000  0.060000   -0.0000001199062286
-.540000  0.060000   -0.0000001223207622
-.500000  0.060000   -0.0000001194614051
-.460000  0.060000   -0.0000001113913623
-.420000  0.060000   -0.0000001000736136
-.380000  0.060000   -0.0000000863210575
-.340000  0.060000   -0.0000000722368122
-.300000  0.060000   -0.0000000582740292
-.260000  0.060000   -0.0000000442905343
-.220000  0.060000   -0.0000000309416614
-.180000  0.060000   -0.0000000162061060
-.140000  0.060000    0.0000000029084179
-.100000  0.060000    0.0000000419543334
-.060000  0.060000   -0.0000003093185281
-.020000  0.060000   -0.0000001274655124
0.020000  0.060000   -0.0000001379921046
0.060000  0.060000   -0.0000003197059102
0.100000  0.060000   -0.0000000129745692
0.140000  0.060000   -0.0000000710839359
0.180000  0.060000   -0.0000001099694773
0.220000  0.060000   -0.0000001398397207
0.260000  0.060000   -0.0000001674856230
0.300000  0.060000   -0.0000001938528140
0.340000  0.060000   -0.0000002175392773
0.380000  0.060000   -0.0000002409251385
0.420000  0.060000   -0.0000002572883422
0.460000  0.060000   -0.0000002827715992
0.500000  0.060000   -0.0000002573923077
0.540000  0.060000   -0.0000003885803140
0.580000  0.060000   -0.0000001228871431
0.620000  0.060000   -0.0000001236539922
0.660000  0.060000   -0.0000004059482728
0.700000  0.060000   -0.0000002840854017
0.740000  0.060000   -0.0000002529265763
0.780000  0.060000   -0.0000002472300801
0.820000  0.060000   -0.0000002118485941
0.860000  0.060000   -0.0000001414239514
0.900000  0.060000   -0.0000000303003444
0.940000  0.060000    0.0000000931957406
0.980000  0.060000    0.0000001930035200
-.780000  0.100000   -0.0000000296246588
-.740000  0.100000   -0.0000001254190199
-.700000  0.100000   -0.0000001596694140
-.660000  0.100000   -0.0000002204737857
-.620000  0.100000   -0.0000002678649723
-.580000  0.100000   -0.0000001817206265
-.540000  0.100000   -0.0000001827453936
-.500000  0.100000   -0.0000001740431928
-.460000  0.100000   -0.0000001563832596
-.420000  0.100000   -0.0000001322544445
-.380000  0.100000   -0.0000001028363279
-.340000  0.100000   -0.0000000707551868
-.300000  0.100000   -0.0000000360509348
-.260000  0.100000    0.0000000026551936
-.220000  0.100000    0.0000000471403480
-.180000  0.100000    0.0000001042862615
-.140000  0.100000   -0.0000001996879204
-.100000  0.100000   -0.0000001208914995
-.060000  0.100000    0.0000000630642186
-.020000  0.100000   -0.0000001658950527
0.020000  0.100000   -0.0000001833433096
0.060000  0.100000    0.0000000073720035
0.100000  0.100000   -0.0000002068067116
0.140000  0.100000   -0.0000003079813183
0.180000  0.100000   -0.0000000460905561
0.220000  0.100000   -0.0000001322558153
0.260000  0.100000   -0.0000002001717778
0.300000  0.100000   -0.0000002585943091
0.340000  0.100000   -0.0000003087185039
0.380000  0.100000   -0.0000003542319158
0.420000  0.100000   -0.0000003888318357
0.460000  0.100000   -0.0000004297458837
0.500000  0.100000   -0.0000004217958557
0.540000  0.100000   -0.0000004405807573
0.580000  0.100000   -0.0000005716805635
0.620000  0.100000   -0.0000006755169747
0.660000  0.100000   -0.0000005131627772
0.700000  0.100000   -0.0000004770179887
0.740000  0.100000   -0.0000004986161521
0.780000  0.100000   -0.0000003813667419
0.820000  0.100000   -0.0000003208090372
0.860000  0.100000   -0.0000002013615638
0.900000  0.100000   -0.0000000106835037
0.940000  0.100000    0.0000001179495180
0.980000  0.100000    0.0000003201828442
-.780000  0.140000   -0.0000000279710795
-.740000  0.140000   -0.0000001530563378
-.700000  0.140000   -0.0000001991578246
-.660000  0.140000   -0.0000002778110618
-.620000  0.140000   -0.0000003381787861
-.580000  0.140000   -0.0000003787884600
-.540000  0.140000   -0.0000002142205822
-.500000  0.140000   -0.0000001946955099
-.460000  0.140000   -0.0000001620574509
-.420000  0.140000   -0.0000001188012504
-.380000  0.140000   -0.0000000661926770
-.340000  0.140000   -0.0000000068627416
-.300000  0.140000    0.0000000597344949
-.260000  0.140000   -0.0000002080304072
-.220000  0.140000   -0.0000001442651151
-.180000  0.140000   -0.0000000595406428
-.140000  0.140000    0.0000000644022925
-.100000  0.140000   -0.0000002772238035
-.060000  0.140000   -0.0000000047963774
-.020000  0.140000   -0.0000001931127438
0.020000  0.140000   -0.0000002173373543
0.060000  0.140000   -0.0000000787521130
0.100000  0.140000   -0.0000003834555016
0.140000  0.140000   -0.0000001021370238
0.180000  0.140000   -0.0000002651826239
0.220000  0.140000   -0.0000003813541885
0.260000  0.140000   -0.0000004720167441
0.300000  0.140000   -0.0000002363340089
0.340000  0.140000   -0.0000003245177398
0.380000  0.140000   -0.0000004002192088
0.420000  0.140000   -0.0000004612496656
0.460000  0.140000   -0.0000005091655372
0.500000  0.140000   -0.0000005643057712
0.540000  0.140000   -0.0000005413305938
0.580000  0.140000   -0.0000007166352792
0.620000  0.140000   -0.0000006946643539
0.660000  0.140000   -0.0000006847798569
0.700000  0.140000   -0.0000006079401132
0.740000  0.140000   -0.0000006372817503
0.780000  0.140000   -0.0000004681610743
0.820000  0.140000   -0.0000003809139907
0.860000  0.140000   -0.0000002089310779
0.900000  0.140000   -0.0000000491226300
0.940000  0.140000    0.0000002711354892
0.980000  0.140000    0.0000005320833587
-.780000  0.180000   -0.0000000227696510
-.740000  0.180000   -0.0000001613165516
-.700000  0.180000   -0.0000003122156067
-.660000  0.180000   -0.0000003085023200
-.620000  0.180000   -0.0000003764953107
-.580000  0.180000   -0.0000004185694845
-.540000  0.180000   -0.0000004353573502
-.500000  0.180000   -0.0000004286276443
-.460000  0.180000   -0.0000004018580517
-.420000  0.180000   -0.0000003568824931
-.380000  0.180000   -0.0000002975801635
-.340000  0.180000   -0.0000002247983404
-.300000  0.180000   -0.0000001387435908
-.260000  0.180000   -0.0000000368653947
-.220000  0.180000    0.0000000866046678
-.180000  0.180000   -0.0000002501831959
-.140000  0.180000   -0.0000000699344022
-.100000  0.180000    0.0000001870811731
-.060000  0.180000   -0.0000000565001300
-.020000  0.180000   -0.0000002177436472
0.020000  0.180000   -0.0000002464714856
0.060000  0.180000   -0.0000001470976121
0.100000  0.180000    0.0000000388675824
0.140000  0.180000   -0.0000002718995499
0.180000  0.180000   -0.0000004897786684
0.220000  0.180000   -0.0000002119237158
0.260000  0.180000   -0.0000003738556887
0.300000  0.180000   -0.0000005057472282
0.340000  0.180000   -0.0000006149681754
0.380000  0.180000   -0.0000007056295239
0.420000  0.180000   -0.0000007807749848
0.460000  0.180000   -0.0000008325990250
0.500000  0.180000   -0.0000008708407440
0.540000  0.180000   -0.0000009062367482
0.580000  0.180000   -0.0000009018539854
0.620000  0.180000   -0.0000008628879552
0.660000  0.180000   -0.0000007807156420
0.700000  0.180000   -0.0000008764883134
0.740000  0.180000   -0.0000007152956396
0.780000  0.180000   -0.0000006733342828
0.820000  0.180000   -0.0000005387163592
0.860000  0.180000   -0.0000002970776067
0.900000  0.180000    0.0000000841185206
0.940000  0.180000    0.0000003819217997
0.980000  0.180000    0.0000007215328139
-.740000  0.220000   -0.0000002058208223
-.700000  0.220000   -0.0000003154108249
-.660000  0.220000   -0.0000004627646917
-.620000  0.220000   -0.0000003796044710
-.580000  0.220000   -0.0000004168400797
-.540000  0.220000   -0.0000004223443794
-.500000  0.220000   -0.0000003980766656
-.460000  0.220000   -0.0000003471384448
-.420000  0.220000   -0.0000002722279126
-.380000  0.220000   -0.0000001769623497
-.340000  0.220000   -0.0000000627238383
-.300000  0.220000    0.0000000708126653
-.260000  0.220000   -0.0000002478464655
-.220000  0.220000   -0.0000000825079244
-.180000  0.220000    0.0000001222912753
-.140000  0.220000   -0.0000001955701146
-.100000  0.220000    0.0000001231962843
-.060000  0.220000   -0.0000000992605815
-.020000  0.220000   -0.0000002413471900
0.020000  0.220000   -0.0000002742305043
0.060000  0.220000   -0.0000002028297738
0.100000  0.220000   -0.0000000499096054
0.140000  0.220000   -0.0000004226324764
0.180000  0.220000   -0.0000001701894946
0.220000  0.220000   -0.0000004239758402
0.260000  0.220000   -0.0000006241364198
0.300000  0.220000   -0.0000003438216781
0.340000  0.220000   -0.0000005067393543
0.380000  0.220000   -0.0000006413559494
0.420000  0.220000   -0.0000007503574441
0.460000  0.220000   -0.0000008354149359
0.500000  0.220000   -0.0000008878868233
0.540000  0.220000   -0.0000009117202974
0.580000  0.220000   -0.0000009072335553
0.620000  0.220000   -0.0000008659360082
0.660000  0.220000   -0.0000010590239325
0.700000  0.220000   -0.0000009160804937
0.740000  0.220000   -0.0000009417423590
0.780000  0.220000   -0.0000006529299548
0.820000  0.220000   -0.0000004780253524
0.860000  0.220000   -0.0000001642711792
0.900000  0.220000    0.0000001481062736
0.940000  0.220000    0.0000005858958327
-.740000  0.260000   -0.0000001692138625
-.700000  0.260000   -0.0000004064913521
-.660000  0.260000   -0.0000004429233033
-.620000  0.260000   -0.0000005599862307
-.580000  0.260000   -0.0000006356552855
-.540000  0.260000   -0.0000006690568420
-.500000  0.260000   -0.0000006611992849
-.460000  0.260000   -0.0000006152645069
-.420000  0.260000   -0.0000005360050902
-.380000  0.260000   -0.0000004258081168
-.340000  0.260000   -0.0000002877836810
-.300000  0.260000   -0.0000001227720145
-.260000  0.260000    0.0000000707665345
-.220000  0.260000   -0.0000002590659457
-.180000  0.260000   -0.0000000006235841
-.140000  0.260000   -0.0000003096661800
-.100000  0.260000    0.0000000661258053
-.060000  0.260000   -0.0000001361050034
-.020000  0.260000   -0.0000002636785413
0.020000  0.260000   -0.0000003006045767
0.060000  0.260000   -0.0000002488498522
0.100000  0.260000   -0.0000001232342473
0.140000  0.260000   -0.0000005511040789
0.180000  0.260000   -0.0000003202571897
0.220000  0.260000   -0.0000006219224828
0.260000  0.260000   -0.0000003479142416
0.300000  0.260000   -0.0000005786945899
0.340000  0.260000   -0.0000007691076301
0.380000  0.260000   -0.0000009250105526
0.420000  0.260000   -0.0000010487921225
0.460000  0.260000   -0.0000011413875132
0.500000  0.260000   -0.0000012009673287
0.540000  0.260000   -0.0000012260261238
0.580000  0.260000   -0.0000012087062723
0.620000  0.260000   -0.0000011469511106
0.660000  0.260000   -0.0000010313453886
0.700000  0.260000   -0.0000011422484651
0.740000  0.260000   -0.0000008804211531
0.780000  0.260000   -0.0000007783080068
0.820000  0.260000   -0.0000005357000025
0.860000  0.260000   -0.0000001271033830
0.900000  0.260000    0.0000002987454877
0.940000  0.260000    0.0000007358392587
-.740000  0.300000   -0.0000001567531195
-.700000  0.300000   -0.0000003502128723
-.660000  0.300000   -0.0000005680546266
-.620000  0.300000   -0.0000004997801947
-.580000  0.300000   -0.0000005634663332
-.540000  0.300000   -0.0000005780855060
-.500000  0.300000   -0.0000005445907539
-.460000  0.300000   -0.0000004667225679
-.420000  0.300000   -0.0000003488043276
-.380000  0.300000   -0.0000001954309484
-.340000  0.300000   -0.0000005312758987
-.300000  0.300000   -0.0000003311161221
-.260000  0.300000   -0.0000000953221306
-.220000  0.300000    0.0000001770169230
-.180000  0.300000   -0.0000001180782187
-.140000  0.300000    0.0000002445885186
-.100000  0.300000    0.0000000153253877
-.060000  0.300000   -0.0000001684669418
-.020000  0.300000   -0.0000002846564418
0.020000  0.300000   -0.0000003239294025
0.060000  0.300000   -0.0000002867045806
0.100000  0.300000   -0.0000001816090160
0.140000  0.300000   -0.0000000250632298
0.180000  0.300000   -0.0000004495532872
0.220000  0.300000   -0.0000002093237223
0.260000  0.300000   -0.0000005312362248
0.300000  0.300000   -0.0000007965037913
0.340000  0.300000   -0.0000010155952365
0.380000  0.300000   -0.0000007002670470
0.420000  0.300000   -0.0000008638241813
0.460000  0.300000   -0.0000009880787680
0.500000  0.300000   -0.0000010688159727
0.540000  0.300000   -0.0000011054284072
0.580000  0.300000   -0.0000010914161138
0.620000  0.300000   -0.0000010204705456
0.660000  0.300000   -0.0000012405032951
0.700000  0.300000   -0.0000010162571831
0.740000  0.300000   -0.0000010030826838
0.780000  0.300000   -0.0000005684947958
0.820000  0.300000   -0.0000002616554094
0.860000  0.300000    0.0000000024830325
0.900000  0.300000    0.0000005830500051
0.940000  0.300000    0.0000011515823468
-.740000  0.340000   -0.0000000724653069
-.700000  0.340000   -0.0000003770656590
-.660000  0.340000   -0.0000004781884457
-.620000  0.340000   -0.0000006436620997
-.580000  0.340000   -0.0000007516989761
-.540000  0.340000   -0.0000007979240629
-.500000  0.340000   -0.0000007835576102
-.460000  0.340000   -0.0000007107511101
-.420000  0.340000   -0.0000005864897744
-.380000  0.340000   -0.0000004152969843
-.340000  0.340000   -0.0000002015109415
-.300000  0.340000   -0.0000005416687955
-.260000  0.340000   -0.0000002618164033
-.220000  0.340000    0.0000000590570026
-.180000  0.340000   -0.0000002287104391
-.140000  0.340000    0.0000001837432923
-.100000  0.340000   -0.0000000292162294
-.060000  0.340000   -0.0000001959420204
-.020000  0.340000   -0.0000003033641477
0.020000  0.340000   -0.0000003429056282
0.060000  0.340000   -0.0000003148078938
0.100000  0.340000   -0.0000002266285026
0.140000  0.340000   -0.0000000870050504
0.180000  0.340000   -0.0000005549195186
0.220000  0.340000   -0.0000003286897437
0.260000  0.340000   -0.0000006881646876
0.300000  0.340000   -0.0000009872440652
0.340000  0.340000   -0.0000006825264452
0.380000  0.340000   -0.0000009103829774
0.420000  0.340000   -0.0000010887033010
0.460000  0.340000   -0.0000012188987767
0.500000  0.340000   -0.0000013001075540
0.540000  0.340000   -0.0000013279379489
0.580000  0.340000   -0.0000012960058357
0.620000  0.340000   -0.0000011959845426
0.660000  0.340000   -0.0000010209292848
0.700000  0.340000   -0.0000011169183269
0.740000  0.340000   -0.0000007291202603
0.780000  0.340000   -0.0000005255886159
0.820000  0.340000   -0.0000001195618442
0.860000  0.340000    0.0000002619300125
0.900000  0.340000    0.0000007842280976
0.940000  0.340000    0.0000013720097054
-.700000  0.380000   -0.0000003541665529
-.660000  0.380000   -0.0000005336925091
-.620000  0.380000   -0.0000007608351434
-.580000  0.380000   -0.0000009202171095
-.540000  0.380000   -0.0000010045200465
-.500000  0.380000   -0.0000010135784847
-.460000  0.380000   -0.0000009509441475
-.420000  0.380000   -0.0000008220960046
-.380000  0.380000   -0.0000006339910203
-.340000  0.380000   -0.0000003943033606
-.300000  0.380000   -0.0000001081024219
-.260000  0.380000   -0.0000004217423934
-.220000  0.380000   -0.0000000548760461
-.180000  0.380000   -0.0000003313429380
-.140000  0.380000    0.0000001290963081
-.100000  0.380000   -0.0000000660174330
-.060000  0.380000   -0.0000002186603179
-.020000  0.380000   -0.0000003167798748
0.020000  0.380000   -0.0000003548854661
0.060000  0.380000   -0.0000003316752678
0.100000  0.380000   -0.0000002552959943
0.140000  0.380000   -0.0000001286703953
0.180000  0.380000   -0.0000006337419350
0.220000  0.380000   -0.0000004189751811
0.260000  0.380000   -0.0000008130657055
0.300000  0.380000   -0.0000005331688489
0.340000  0.380000   -0.0000008361524192
0.380000  0.380000   -0.0000010814747997
0.420000  0.380000   -0.0000012724516008
0.460000  0.380000   -0.0000014062760990
0.500000  0.380000   -0.0000014827862876
0.540000  0.380000   -0.0000014971475300
0.580000  0.380000   -0.0000014421543524
0.620000  0.380000   -0.0000013073640351
0.660000  0.380000   -0.0000010836245726
0.700000  0.380000   -0.0000011352277024
0.740000  0.380000   -0.0000006636203685
0.780000  0.380000   -0.0000003718789103
0.820000  0.380000    0.0000001592376862
0.860000  0.380000    0.0000007066248037
0.900000  0.380000    0.0000012701606298
-.700000  0.420000   -0.0000001970451758
-.660000  0.420000   -0.0000005391497964
-.620000  0.420000   -0.0000008345833329
-.580000  0.420000   -0.0000007169108733
-.540000  0.420000   -0.0000007742244539
-.500000  0.420000   -0.0000007517420410
-.460000  0.420000   -0.0000006530417015
-.420000  0.420000   -0.0000004840135191
-.380000  0.420000   -0.0000008416627009
-.340000  0.420000   -0.0000005774263777
-.300000  0.420000   -0.0000002582272733
-.260000  0.420000   -0.0000005698049824
-.220000  0.420000   -0.0000001597754280
-.180000  0.420000   -0.0000004204297507
-.140000  0.420000    0.0000000834300458
-.100000  0.420000   -0.0000000950563731
-.060000  0.420000   -0.0000002337397264
-.020000  0.420000   -0.0000003223679488
0.020000  0.420000   -0.0000003561383447
0.060000  0.420000   -0.0000003358526073
0.100000  0.420000   -0.0000002645907853
0.140000  0.420000   -0.0000001468068582
0.180000  0.420000   -0.0000006844179005
0.220000  0.420000   -0.0000004772209770
0.260000  0.420000   -0.0000009003326374
0.300000  0.420000   -0.0000006209865113
0.340000  0.420000   -0.0000009444873977
0.380000  0.420000   -0.0000012053114198
0.420000  0.420000   -0.0000008214620110
0.460000  0.420000   -0.0000009819144638
0.500000  0.420000   -0.0000010732806460
0.540000  0.420000   -0.0000010921657518
0.580000  0.420000   -0.0000010287911325
0.620000  0.420000   -0.0000013352408795
0.660000  0.420000   -0.0000010522413493
0.700000  0.420000   -0.0000006451177050
0.740000  0.420000   -0.0000004765180179
0.780000  0.420000   -0.0000000732511284
0.820000  0.420000    0.0000002707368455
0.860000  0.420000    0.0000010702761527
0.900000  0.420000    0.0000018514989408
-.700000  0.460000   -0.0000001086176539
-.660000  0.460000   -0.0000004802513333
-.620000  0.460000   -0.0000008473527342
-.580000  0.460000   -0.0000007940126105
-.540000  0.460000   -0.0000008946056134
-.500000  0.460000   -0.0000009015397494
-.460000  0.460000   -0.0000008181650756
-.420000  0.460000   -0.0000006513581598
-.380000  0.460000   -0.0000010257682250
-.340000  0.460000   -0.0000007415538601
-.300000  0.460000   -0.0000003949351746
-.260000  0.460000   -0.0000006997844405
-.220000  0.460000   -0.0000002499949943
-.180000  0.460000   -0.0000004940438081
-.140000  0.460000    0.0000000498247703
-.100000  0.460000   -0.0000001131900197
-.060000  0.460000   -0.0000002374570311
-.020000  0.460000   -0.0000003157195622
0.020000  0.460000   -0.0000003428760650
0.060000  0.460000   -0.0000003218002067
0.100000  0.460000   -0.0000002520722741
0.140000  0.460000   -0.0000001380339285
0.180000  0.460000   -0.0000007018215832
0.220000  0.460000   -0.0000004973563534
0.260000  0.460000   -0.0000009449003166
0.300000  0.460000   -0.0000006620064478
0.340000  0.460000   -0.0000010004737702
0.380000  0.460000   -0.0000012704856087
0.420000  0.460000   -0.0000008659989822
0.460000  0.460000   -0.0000010210002889
0.500000  0.460000   -0.0000010967972300
0.540000  0.460000   -0.0000010896545846
0.580000  0.460000   -0.0000009877841709
0.620000  0.460000   -0.0000012601413715
0.660000  0.460000   -0.0000009061170501
0.700000  0.460000   -0.0000008305534409
0.740000  0.460000   -0.0000001345531620
0.780000  0.460000    0.0000004115999228
0.820000  0.460000    0.0000009536687536
0.860000  0.460000    0.0000014458317616
-.660000  0.500000   -0.0000003461397018
-.620000  0.500000   -0.0000007838755525
-.580000  0.500000   -0.0000008144215450
-.540000  0.500000   -0.0000009640133464
-.500000  0.500000   -0.0000010075739801
-.460000  0.500000   -0.0000009467927761
-.420000  0.500000   -0.0000007881632248
-.380000  0.500000   -0.0000011762990844
-.340000  0.500000   -0.0000008795363683
-.300000  0.500000   -0.0000005095297232
-.260000  0.500000   -0.0000008054970519
-.220000  0.500000   -0.0000003215640785
-.180000  0.500000   -0.0000005494706901
-.140000  0.500000    0.0000000309389266
-.100000  0.500000   -0.0000001159758806
-.060000  0.500000   -0.0000002256565592
-.020000  0.500000   -0.0000002914635908
0.020000  0.500000   -0.0000003106395901
0.060000  0.500000   -0.0000002848386569
0.100000  0.500000   -0.0000002122377480
0.140000  0.500000   -0.0000000976653514
0.180000  0.500000   -0.0000006807361154
0.220000  0.500000   -0.0000004744443755
0.260000  0.500000   -0.0000009400951292
0.300000  0.500000   -0.0000006483943122
0.340000  0.500000   -0.0000009947574622
0.380000  0.500000   -0.0000012678428110
0.420000  0.500000   -0.0000008367884337
0.460000  0.500000   -0.0000009779204962
0.500000  0.500000   -0.0000010300922475
0.540000  0.500000   -0.0000009868136897
0.580000  0.500000   -0.0000008354044399
0.620000  0.500000   -0.0000010606775357
0.660000  0.500000   -0.0000006190003522
0.700000  0.500000   -0.0000004504679329
0.740000  0.500000   -0.0000000265939869
0.780000  0.500000    0.0000007290130947
0.820000  0.500000    0.0000016039021190
0.860000  0.500000    0.0000021848661260
-.660000  0.540000   -0.0000001387219006
-.620000  0.540000   -0.0000006325880714
-.580000  0.540000   -0.0000007651567448
-.540000  0.540000   -0.0000009696780620
-.500000  0.540000   -0.0000010569507774
-.460000  0.540000   -0.0000010261809486
-.420000  0.540000   -0.0000008842109587
-.380000  0.540000   -0.0000012825295473
-.340000  0.540000   -0.0000009806377377
-.300000  0.540000   -0.0000005953460375
-.260000  0.540000   -0.0000008805062339
-.220000  0.540000   -0.0000003690214033
-.180000  0.540000   -0.0000005809994857
-.140000  0.540000    0.0000000315694942
-.100000  0.540000   -0.0000000977910319
-.060000  0.540000   -0.0000001923171532
-.020000  0.540000   -0.0000002438648159
0.020000  0.540000   -0.0000002532920177
0.060000  0.540000   -0.0000002180305448
0.100000  0.540000   -0.0000001388092201
0.140000  0.540000   -0.0000000186441222
0.180000  0.540000   -0.0000006152889803
0.220000  0.540000   -0.0000004006771085
0.260000  0.540000   -0.0000008763303969
0.300000  0.540000   -0.0000005697049233
0.340000  0.540000   -0.0000009170482678
0.380000  0.540000   -0.0000011844540157
0.420000  0.540000   -0.0000007198157393
0.460000  0.540000   -0.0000008377756416
0.500000  0.540000   -0.0000008560245948
0.540000  0.540000   -0.0000007648393561
0.580000  0.540000   -0.0000005496338834
0.620000  0.540000   -0.0000007108022675
0.660000  0.540000   -0.0000001592615418
0.700000  0.540000    0.0000001325067844
0.740000  0.540000    0.0000007367145850
0.780000  0.540000    0.0000013454743752
0.820000  0.540000    0.0000020370946153
-.620000  0.580000   -0.0000003897195983
-.580000  0.580000   -0.0000008820689079
-.540000  0.580000   -0.0000008998270377
-.500000  0.580000   -0.0000010377622480
-.460000  0.580000   -0.0000010451556665
-.420000  0.580000   -0.0000009281639288
-.380000  0.580000   -0.0000013338543102
-.340000  0.580000   -0.0000010359051221
-.300000  0.580000   -0.0000006435849058
-.260000  0.580000   -0.0000009180231620
-.220000  0.580000   -0.0000003863034984
-.180000  0.580000   -0.0000005813770083
-.140000  0.580000   -0.0000007487432946
-.100000  0.580000   -0.0000000537727637
-.060000  0.580000   -0.0000001308396144
-.020000  0.580000   -0.0000001672438621
0.020000  0.580000   -0.0000001631130899
0.060000  0.580000   -0.0000001152943241
0.100000  0.580000   -0.0000000250545008
0.140000  0.580000   -0.0000006819473561
0.180000  0.580000   -0.0000004952742529
0.220000  0.580000   -0.0000002670880581
0.260000  0.580000   -0.0000007440102498
0.300000  0.580000   -0.0000004158508858
0.340000  0.580000   -0.0000007549085248
0.380000  0.580000   -0.0000010076524914
0.420000  0.580000   -0.0000005003639746
0.460000  0.580000   -0.0000005838331013
0.500000  0.580000   -0.0000005549429515
0.540000  0.580000   -0.0000004003585023
0.580000  0.580000   -0.0000006648992952
0.620000  0.580000   -0.0000001777005530
0.660000  0.580000    0.0000000076123607
0.700000  0.580000    0.0000004915076841
0.740000  0.580000    0.0000013767573193
0.780000  0.580000    0.0000020423741719
-.620000  0.620000   -0.0000001074012751
-.580000  0.620000   -0.0000006059399304
-.540000  0.620000   -0.0000010508087767
-.500000  0.620000   -0.0000013498134558
-.460000  0.620000   -0.0000014904615861
-.420000  0.620000   -0.0000014763346197
-.380000  0.620000   -0.0000013195056298
-.340000  0.620000   -0.0000010366487705
-.300000  0.620000   -0.0000006469300878
-.260000  0.620000   -0.0000009094935615
-.220000  0.620000   -0.0000003661403119
-.180000  0.620000   -0.0000005433930629
-.140000  0.620000   -0.0000006928241757
-.100000  0.620000   -0.0000008032875384
-.060000  0.620000   -0.0000000332151966
-.020000  0.620000   -0.0000000522559418
0.020000  0.620000   -0.0000000314510932
0.060000  0.620000    0.0000000324467507
0.100000  0.620000   -0.0000006769289385
0.140000  0.620000   -0.0000005158669415
0.180000  0.620000   -0.0000003110206062
0.220000  0.620000   -0.0000000623696850
0.260000  0.620000   -0.0000005318161726
0.300000  0.620000   -0.0000001749084625
0.340000  0.620000   -0.0000004943196317
0.380000  0.620000   -0.0000007203347623
0.420000  0.620000   -0.0000008409492284
0.460000  0.620000   -0.0000008485093833
0.500000  0.620000   -0.0000007299558930
0.540000  0.620000   -0.0000004686789273
0.580000  0.620000   -0.0000000429127837
0.620000  0.620000    0.0000000394454569
0.660000  0.620000    0.0000009368248994
0.700000  0.620000    0.0000011675275824
0.740000  0.620000    0.0000020408906057
0.780000  0.620000    0.0000027665445082
-.580000  0.660000   -0.0000003363434975
-.540000  0.660000   -0.0000007403517519
-.500000  0.660000   -0.0000011068154269
-.460000  0.660000   -0.0000013102474386
-.420000  0.660000   -0.0000013481031711
-.380000  0.660000   -0.0000012301870635
-.340000  0.660000   -0.0000009734836873
-.300000  0.660000   -0.0000013038680460
-.260000  0.660000   -0.0000008457535720
-.220000  0.660000   -0.0000010771416927
-.180000  0.660000   -0.0000004584323142
-.140000  0.660000   -0.0000005881744820
-.100000  0.660000   -0.0000006792457516
-.060000  0.660000   -0.0000007291551560
-.020000  0.660000   -0.0000007321812107
0.020000  0.660000   -0.0000006876084463
0.060000  0.660000   -0.0000005974511156
0.100000  0.660000   -0.0000004612429432
0.140000  0.660000   -0.0000002788477846
0.180000  0.660000   -0.0000000510919590
0.220000  0.660000   -0.0000005643696319
0.260000  0.660000   -0.0000002242778912
0.300000  0.660000   -0.0000005859927709
0.340000  0.660000   -0.0000001176462461
0.380000  0.660000   -0.0000003027814070
0.420000  0.660000   -0.0000003714982147
0.460000  0.660000   -0.0000003139932163
0.500000  0.660000   -0.0000001108767292
0.540000  0.660000    0.0000002580462373
0.580000  0.660000    0.0000002416787641
0.620000  0.660000    0.0000010764940842
0.660000  0.660000    0.0000011667284708
0.700000  0.660000    0.0000018606014574
0.740000  0.660000    0.0000031270065944
-.540000  0.700000   -0.0000004825132136
-.500000  0.700000   -0.0000010518445764
-.460000  0.700000   -0.0000014406246084
-.420000  0.700000   -0.0000011282818460
-.380000  0.700000   -0.0000016374681422
-.340000  0.700000   -0.0000014718860254
-.300000  0.700000   -0.0000011574065566
-.260000  0.700000   -0.0000014614926278
-.220000  0.700000   -0.0000009330776245
-.180000  0.700000   -0.0000011163311528
-.140000  0.700000   -0.0000004258777275
-.100000  0.700000   -0.0000004958381630
-.060000  0.700000   -0.0000005249109894
-.020000  0.700000   -0.0000005069545962
0.020000  0.700000   -0.0000004409389406
0.060000  0.700000   -0.0000003280363831
0.100000  0.700000   -0.0000001677048951
0.140000  0.700000    0.0000000411949600
0.180000  0.700000   -0.0000005113421499
0.220000  0.700000   -0.0000001853769463
0.260000  0.700000   -0.0000005867691789
0.300000  0.700000   -0.0000001283332751
0.340000  0.700000   -0.0000003473796535
0.380000  0.700000   -0.0000004496692304
0.420000  0.700000    0.0000002709055107
0.460000  0.700000   -0.0000002475189983
0.500000  0.700000    0.0000000920630167
0.540000  0.700000    0.0000006299520295
0.580000  0.700000    0.0000008224987799
0.620000  0.700000    0.0000013868330965
0.660000  0.700000    0.0000019641939731
0.700000  0.700000    0.0000029490573202
-.500000  0.740000   -0.0000006922962132
-.460000  0.740000   -0.0000009679675961
-.420000  0.740000   -0.0000012353575793
-.380000  0.740000   -0.0000013082620591
-.340000  0.740000   -0.0000011993961997
-.300000  0.740000   -0.0000015920058741
-.260000  0.740000   -0.0000012167625168
-.220000  0.740000   -0.0000014742623575
-.180000  0.740000   -0.0000008778526297
-.140000  0.740000   -0.0000009996906731
-.100000  0.740000   -0.0000010746648217
-.060000  0.740000   -0.0000002473244639
-.020000  0.740000   -0.0000002046081917
0.020000  0.740000   -0.0000001128409158
0.060000  0.740000    0.0000000277605394
0.100000  0.740000   -0.0000006213594907
0.140000  0.740000   -0.0000003650089271
0.180000  0.740000   -0.0000000527512334
0.220000  0.740000   -0.0000004873450640
0.260000  0.740000   -0.0000000381156905
0.300000  0.740000   -0.0000002860356167
0.340000  0.740000    0.0000003261492709
0.380000  0.740000    0.0000003019328557
0.420000  0.740000    0.0000004270700881
0.460000  0.740000    0.0000007209579420
0.500000  0.740000    0.0000005743232538
0.540000  0.740000    0.0000013415982822
0.580000  0.740000    0.0000018500535107
0.620000  0.740000    0.0000023738602705
0.660000  0.740000    0.0000033852226972
-.460000  0.780000   -0.0000006037843218
-.420000  0.780000   -0.0000010712631576
-.380000  0.780000   -0.0000013217662778
-.340000  0.780000   -0.0000013591404053
-.300000  0.780000   -0.0000012037029126
-.260000  0.780000   -0.0000015523626654
-.220000  0.780000   -0.0000011169711893
-.180000  0.780000   -0.0000013109552100
-.140000  0.780000   -0.0000006522180537
-.100000  0.780000   -0.0000007031198374
-.060000  0.780000   -0.0000006996128225
-.020000  0.780000   -0.0000006392095825
0.020000  0.780000   -0.0000005221137154
0.060000  0.780000   -0.0000003462986232
0.100000  0.780000   -0.0000001112143588
0.140000  0.780000    0.0000001833659187
0.180000  0.780000   -0.0000002713719596
0.220000  0.780000    0.0000001666130556
0.260000  0.780000   -0.0000001035399765
0.300000  0.780000    0.0000005054859145
0.340000  0.780000    0.0000004645608592
0.380000  0.780000    0.0000005739931624
0.420000  0.780000    0.0000008580141936
0.460000  0.780000    0.0000013471039179
0.500000  0.780000    0.0000014584356182
0.540000  0.780000    0.0000019779424865
0.580000  0.780000    0.0000025713012758
0.620000  0.780000    0.0000032813800225
-.420000  0.820000   -0.0000007672838613
-.380000  0.820000   -0.0000010233269609
-.340000  0.820000   -0.0000012440201215
-.300000  0.820000   -0.0000012395184076
-.260000  0.820000   -0.0000016524483306
-.220000  0.820000   -0.0000013178858383
-.180000  0.820000   -0.0000015495841498
-.140000  0.820000   -0.0000009438693770
-.100000  0.820000   -0.0000010010458461
-.060000  0.820000   -0.0000009926467818
-.020000  0.820000   -0.0000009176059105
0.020000  0.820000   -0.0000007735011449
0.060000  0.820000   -0.0000005594874561
0.100000  0.820000   -0.0000002762890936
0.140000  0.820000    0.0000000773365624
0.180000  0.820000   -0.0000002976301381
0.220000  0.820000    0.0000002224358371
0.260000  0.820000    0.0000000603328098
0.300000  0.820000    0.0000007813604686
0.340000  0.820000    0.0000008879688566
0.380000  0.820000    0.0000011761166958
0.420000  0.820000    0.0000010100227113
0.460000  0.820000    0.0000018207802986
0.500000  0.820000    0.0000024202911079
0.540000  0.820000    0.0000027161726441
-.380000  0.860000   -0.0000005238409137
-.340000  0.860000   -0.0000011081536384
-.300000  0.860000   -0.0000014049900602
-.260000  0.860000   -0.0000014378684446
-.220000  0.860000   -0.0000012441418865
-.180000  0.860000   -0.0000015145181221
-.140000  0.860000   -0.0000009975964732
-.100000  0.860000   -0.0000010639785628
-.060000  0.860000   -0.0000010544016714
-.020000  0.860000   -0.0000009654016617
0.020000  0.860000   -0.0000007942667950
0.060000  0.860000   -0.0000005411461055
0.100000  0.860000   -0.0000002055462877
0.140000  0.860000    0.0000002136142365
0.180000  0.860000   -0.0000000515765516
0.220000  0.860000    0.0000005641819922
0.260000  0.860000    0.0000005483513487
0.300000  0.860000    0.0000006945684814
0.340000  0.860000    0.0000010356036898
0.380000  0.860000    0.0000016180143473
0.420000  0.860000    0.0000018934814479
0.460000  0.860000    0.0000021795730944
0.500000  0.860000    0.0000031136692290
-.340000  0.900000   -0.0000002198223190
-.300000  0.900000   -0.0000008526388874
-.260000  0.900000   -0.0000012276609554
-.220000  0.900000   -0.0000013017396660
-.180000  0.900000   -0.0000011232475366
-.140000  0.900000   -0.0000013448288638
-.100000  0.900000   -0.0000008104464444
-.060000  0.900000   -0.0000007988188124
-.020000  0.900000   -0.0000006944389432
0.020000  0.900000   -0.0000004948063630
0.060000  0.900000   -0.0000001986094308
0.100000  0.900000    0.0000001954723895
0.140000  0.900000   -0.0000000340741364
0.180000  0.900000    0.0000005818606702
0.220000  0.900000    0.0000006195990067
0.260000  0.900000    0.0000008365406535
0.300000  0.900000    0.0000012759845437
0.340000  0.900000    0.0000013894714231
0.380000  0.900000    0.0000020339552136
0.420000  0.900000    0.0000028406598838
-.260000  0.940000   -0.0000003532341944
-.220000  0.940000   -0.0000008636300477
-.180000  0.940000   -0.0000010936582817
-.140000  0.940000   -0.0000010094143241
-.100000  0.940000   -0.0000012077655414
-.060000  0.940000   -0.0000006949558617
-.020000  0.940000   -0.0000005983648272
0.020000  0.940000   -0.0000003800646340
0.060000  0.940000   -0.0000000372134699
0.100000  0.940000   -0.0000002016100320
0.140000  0.940000    0.0000004143857784
0.180000  0.940000    0.0000005693629491
0.220000  0.940000    0.0000009505206580
0.260000  0.940000    0.0000010828885708
0.300000  0.940000    0.0000018138083186
0.340000  0.940000    0.0000026101084132
-.140000  0.980000   -0.0000004218365752
-.100000  0.980000   -0.0000008306461415
-.060000  0.980000   -0.0000007687667121
-.020000  0.980000   -0.0000003787725414
0.020000  0.980000   -0.0000001606876471
0.060000  0.980000   -0.0000001835988670
0.100000  0.980000    0.0000000270050202
0.140000  0.980000    0.0000005761547634
0.180000  0.980000    0.0000010817853812
