-.180000  -.980000    0.0000008663491049
-.140000  -.980000    0.0000068500506958
-.100000  -.980000    0.0000088072503419
-.060000  -.980000    0.0000096763936442
-.020000  -.980000    0.0000100130991605
0.020000  -.980000    0.0000105655664416
0.060000  -.980000    0.0000114260417695
0.100000  -.980000    0.0000120170153580
0.140000  -.980000    0.0000122528214117
0.180000  -.980000    0.0000129899560687
-.300000  -.940000    0.0000025413538920
-.260000  -.940000    0.0000062944389273
-.220000  -.940000    0.0000076767211048
-.180000  -.940000    0.0000086641231846
-.140000  -.940000    0.0000092445417087
-.100000  -.940000    0.0000099736123965
-.060000  -.940000    0.0000101119110960
-.020000  -.940000    0.0000105344322151
0.020000  -.940000    0.0000108408572056
0.060000  -.940000    0.0000110383666683
0.100000  -.940000    0.0000116394734874
0.140000  -.940000    0.0000116437161075
0.180000  -.940000    0.0000120552015029
0.220000  -.940000    0.0000123252169815
0.260000  -.940000    0.0000129507172749
0.300000  -.940000    0.0000131891588348
0.340000  -.940000    0.0000148559965189
-.380000  -.900000    0.0000029039510514
-.340000  -.900000    0.0000058135094271
-.300000  -.900000    0.0000070989992208
-.260000  -.900000    0.0000080508402161
-.220000  -.900000    0.0000086646802222
-.180000  -.900000    0.0000090528031525
-.140000  -.900000    0.0000096056032322
-.100000  -.900000    0.0000097049372193
-.060000  -.900000    0.0000100604008262
-.020000  -.900000    0.0000103390968593
0.020000  -.900000    0.0000105525975934
0.060000  -.900000    0.0000107018385545
0.100000  -.900000    0.0000107774058756
0.140000  -.900000    0.0000112888611209
0.180000  -.900000    0.0000112408981076
0.220000  -.900000    0.0000116427656147
0.260000  -.900000    0.0000119587856284
0.300000  -.900000    0.0000121534521441
0.340000  -.900000    0.0000127419485551
0.380000  -.900000    0.0000130239756195
0.420000  -.900000    0.0000136196881624
-.460000  -.860000    0.0000010614702969
-.420000  -.860000    0.0000045517736968
-.380000  -.860000    0.0000061257958910
-.340000  -.860000    0.0000072083917868
-.300000  -.860000    0.0000079235764173
-.260000  -.860000    0.0000084174311514
-.220000  -.860000    0.0000087457654552
-.180000  -.860000    0.0000091933678977
-.140000  -.860000    0.0000093035015034
-.100000  -.860000    0.0000096048852475
-.060000  -.860000    0.0000098486473284
-.020000  -.860000    0.0000100495559420
0.020000  -.860000    0.0000102141037516
0.060000  -.860000    0.0000103416687024
0.100000  -.860000    0.0000104237399852
0.140000  -.860000    0.0000104442706830
0.180000  -.860000    0.0000109029031982
0.220000  -.860000    0.0000108280360929
0.260000  -.860000    0.0000112177834765
0.300000  -.860000    0.0000115427213617
0.340000  -.860000    0.0000117776067516
0.380000  -.860000    0.0000118644442657
0.420000  -.860000    0.0000123496906081
0.460000  -.860000    0.0000130512882223
0.500000  -.860000    0.0000137502245921
-.500000  -.820000    0.0000025639283831
-.460000  -.820000    0.0000048538238586
-.420000  -.820000    0.0000062133873756
-.380000  -.820000    0.0000069450124440
-.340000  -.820000    0.0000075646188622
-.300000  -.820000    0.0000080000777334
-.260000  -.820000    0.0000084686137589
-.220000  -.820000    0.0000086862458929
-.180000  -.820000    0.0000089845103063
-.140000  -.820000    0.0000090417164159
-.100000  -.820000    0.0000092508186203
-.060000  -.820000    0.0000094221831426
-.020000  -.820000    0.0000095668780313
0.020000  -.820000    0.0000096896083744
0.060000  -.820000    0.0000097884857547
0.100000  -.820000    0.0000098550782091
0.140000  -.820000    0.0000098751498929
0.180000  -.820000    0.0000103115242204
0.220000  -.820000    0.0000102775867209
0.260000  -.820000    0.0000106884868570
0.300000  -.820000    0.0000105146884387
0.340000  -.820000    0.0000108362855892
0.380000  -.820000    0.0000110682203601
0.420000  -.820000    0.0000118027026820
0.460000  -.820000    0.0000117354823421
0.500000  -.820000    0.0000119896195102
0.540000  -.820000    0.0000129041798037
-.540000  -.780000    0.0000029805507761
-.500000  -.780000    0.0000048342004895
-.460000  -.780000    0.0000058926028180
-.420000  -.780000    0.0000066957983587
-.380000  -.780000    0.0000072700079375
-.340000  -.780000    0.0000076916797585
-.300000  -.780000    0.0000079908226699
-.260000  -.780000    0.0000083147286213
-.220000  -.780000    0.0000084574742623
-.180000  -.780000    0.0000086663273553
-.140000  -.780000    0.0000086657544278
-.100000  -.780000    0.0000088118925979
-.060000  -.780000    0.0000089300126361
-.020000  -.780000    0.0000090287920338
0.020000  -.780000    0.0000091117413700
0.060000  -.780000    0.0000091763734245
0.100000  -.780000    0.0000092147146809
0.140000  -.780000    0.0000092134576187
0.180000  -.780000    0.0000096394358018
0.220000  -.780000    0.0000096038762643
0.260000  -.780000    0.0000100225244279
0.300000  -.780000    0.0000098837156846
0.340000  -.780000    0.0000102551564293
0.380000  -.780000    0.0000105701459301
0.420000  -.780000    0.0000108006793227
0.460000  -.780000    0.0000108967014178
0.500000  -.780000    0.0000114948147138
0.540000  -.780000    0.0000118081774464
0.580000  -.780000    0.0000122728369392
0.620000  -.780000    0.0000133927364819
-.580000  -.740000    0.0000028895442539
-.540000  -.740000    0.0000045786128836
-.500000  -.740000    0.0000056542568891
-.460000  -.740000    0.0000063610106954
-.420000  -.740000    0.0000069200596169
-.380000  -.740000    0.0000073399291310
-.340000  -.740000    0.0000076497315728
-.300000  -.740000    0.0000079235390389
-.260000  -.740000    0.0000080968458579
-.220000  -.740000    0.0000082568332135
-.180000  -.740000    0.0000083198281168
-.140000  -.740000    0.0000084313513052
-.100000  -.740000    0.0000085195103699
-.060000  -.740000    0.0000084254482099
-.020000  -.740000    0.0000084845577025
0.020000  -.740000    0.0000085290339017
0.060000  -.740000    0.0000085560178958
0.100000  -.740000    0.0000089019868720
0.140000  -.740000    0.0000089456926161
0.180000  -.740000    0.0000089473976518
0.220000  -.740000    0.0000093454489269
0.260000  -.740000    0.0000093090451956
0.300000  -.740000    0.0000097167674204
0.340000  -.740000    0.0000095577540926
0.380000  -.740000    0.0000099140514819
0.420000  -.740000    0.0000102111081288
0.460000  -.740000    0.0000104169177924
0.500000  -.740000    0.0000111680264240
0.540000  -.740000    0.0000110763673217
0.580000  -.740000    0.0000113814844714
0.620000  -.740000    0.0000118889485097
0.660000  -.740000    0.0000123621467276
-.620000  -.700000    0.0000026053733554
-.580000  -.700000    0.0000042529401045
-.540000  -.700000    0.0000052721633924
-.500000  -.700000    0.0000059998911476
-.460000  -.700000    0.0000065384474479
-.420000  -.700000    0.0000069939564492
-.380000  -.700000    0.0000073003848101
-.340000  -.700000    0.0000075671645499
-.300000  -.700000    0.0000077577539568
-.260000  -.700000    0.0000078825096493
-.220000  -.700000    0.0000079812008981
-.180000  -.700000    0.0000080570992205
-.140000  -.700000    0.0000080474187872
-.100000  -.700000    0.0000081042271417
-.060000  -.700000    0.0000081506918662
-.020000  -.700000    0.0000081942990816
0.020000  -.700000    0.0000082368953944
0.060000  -.700000    0.0000082749756208
0.100000  -.700000    0.0000083001735075
0.140000  -.700000    0.0000082994628095
0.180000  -.700000    0.0000086616648352
0.220000  -.700000    0.0000086600119572
0.260000  -.700000    0.0000090533760259
0.300000  -.700000    0.0000089941215919
0.340000  -.700000    0.0000093952661777
0.380000  -.700000    0.0000097784209984
0.420000  -.700000    0.0000095123795165
0.460000  -.700000    0.0000104243646328
0.500000  -.700000    0.0000106258749823
0.540000  -.700000    0.0000106779617695
0.580000  -.700000    0.0000112208106093
0.620000  -.700000    0.0000114766091520
0.660000  -.700000    0.0000119173189026
0.700000  -.700000    0.0000123540241763
-.660000  -.660000    0.0000020975346366
-.620000  -.660000    0.0000037879120636
-.580000  -.660000    0.0000048510234102
-.540000  -.660000    0.0000056254754636
-.500000  -.660000    0.0000061924925225
-.460000  -.660000    0.0000066338809007
-.420000  -.660000    0.0000069855698956
-.380000  -.660000    0.0000072621535087
-.340000  -.660000    0.0000074649387437
-.300000  -.660000    0.0000075743222381
-.260000  -.660000    0.0000076899237541
-.220000  -.660000    0.0000077376923361
-.180000  -.660000    0.0000077684260676
-.140000  -.660000    0.0000078004946165
-.100000  -.660000    0.0000078219354648
-.060000  -.660000    0.0000078450907071
-.020000  -.660000    0.0000078775448357
0.020000  -.660000    0.0000079206219977
0.060000  -.660000    0.0000079700054017
0.100000  -.660000    0.0000080164110724
0.140000  -.660000    0.0000080458281753
0.180000  -.660000    0.0000080404507519
0.220000  -.660000    0.0000084018377257
0.260000  -.660000    0.0000083792781593
0.300000  -.660000    0.0000087758114005
0.340000  -.660000    0.0000086642225080
0.380000  -.660000    0.0000090526997695
0.420000  -.660000    0.0000094142917580
0.460000  -.660000    0.0000097301622151
0.500000  -.660000    0.0000099710627482
0.540000  -.660000    0.0000100949574790
0.580000  -.660000    0.0000107810708034
0.620000  -.660000    0.0000105292376368
0.660000  -.660000    0.0000114149363243
0.700000  -.660000    0.0000117188709509
0.740000  -.660000    0.0000118059059199
-.700000  -.620000    0.0000013777841950
-.660000  -.620000    0.0000032683160202
-.620000  -.620000    0.0000043777679393
-.580000  -.620000    0.0000051999512400
-.540000  -.620000    0.0000057730732658
-.500000  -.620000    0.0000062215753504
-.460000  -.620000    0.0000065884629335
-.420000  -.620000    0.0000068939849118
-.380000  -.620000    0.0000071441302018
-.340000  -.620000    0.0000073353058963
-.300000  -.620000    0.0000074584746294
-.260000  -.620000    0.0000074929632471
-.220000  -.620000    0.0000075416959902
-.180000  -.620000    0.0000075515363549
-.140000  -.620000    0.0000075446388018
-.100000  -.620000    0.0000075369422820
-.060000  -.620000    0.0000075094891431
-.020000  -.620000    0.0000075132005684
0.020000  -.620000    0.0000075197652374
0.060000  -.620000    0.0000075251198576
0.100000  -.620000    0.0000077391206951
0.140000  -.620000    0.0000077947440573
0.180000  -.620000    0.0000078212839742
0.220000  -.620000    0.0000077970499193
0.260000  -.620000    0.0000081687095096
0.300000  -.620000    0.0000080984961148
0.340000  -.620000    0.0000084948272564
0.380000  -.620000    0.0000088875409356
0.420000  -.620000    0.0000092670901001
0.460000  -.620000    0.0000096167840409
0.500000  -.620000    0.0000099117978253
0.540000  -.620000    0.0000101175756866
0.580000  -.620000    0.0000101863489361
0.620000  -.620000    0.0000107983487386
0.660000  -.620000    0.0000104304775793
0.700000  -.620000    0.0000111872685982
0.740000  -.620000    0.0000112545725342
0.780000  -.620000    0.0000122642356643
-.740000  -.580000    0.0000003704787423
-.700000  -.580000    0.0000026406106052
-.660000  -.580000    0.0000038677964754
-.620000  -.580000    0.0000047483458863
-.580000  -.580000    0.0000053419564623
-.540000  -.580000    0.0000059677883632
-.500000  -.580000    0.0000063694592350
-.460000  -.580000    0.0000066956111165
-.420000  -.580000    0.0000069564390208
-.380000  -.580000    0.0000070087459566
-.340000  -.580000    0.0000071943206481
-.300000  -.580000    0.0000073215270515
-.260000  -.580000    0.0000072994867147
-.220000  -.580000    0.0000073725637062
-.180000  -.580000    0.0000073429346657
-.140000  -.580000    0.0000073034469911
-.100000  -.580000    0.0000073211538400
-.060000  -.580000    0.0000073085215874
-.020000  -.580000    0.0000073060763649
0.020000  -.580000    0.0000073143526843
0.060000  -.580000    0.0000073284979130
0.100000  -.580000    0.0000073378495400
0.140000  -.580000    0.0000075666360417
0.180000  -.580000    0.0000076194373154
0.220000  -.580000    0.0000076238488979
0.260000  -.580000    0.0000079723463852
0.300000  -.580000    0.0000079374882209
0.340000  -.580000    0.0000083251506897
0.380000  -.580000    0.0000087182721829
0.420000  -.580000    0.0000085398950622
0.460000  -.580000    0.0000088796327249
0.500000  -.580000    0.0000091698135268
0.540000  -.580000    0.0000093815290807
0.580000  -.580000    0.0000102121299767
0.620000  -.580000    0.0000101940768590
0.660000  -.580000    0.0000107115672469
0.700000  -.580000    0.0000109493257279
0.740000  -.580000    0.0000107379976771
0.780000  -.580000    0.0000111696736285
-.740000  -.540000    0.0000018613903687
-.700000  -.540000    0.0000033070945272
-.660000  -.540000    0.0000042758624493
-.620000  -.540000    0.0000049138590281
-.580000  -.540000    0.0000055890017200
-.540000  -.540000    0.0000060174040982
-.500000  -.540000    0.0000063703065165
-.460000  -.540000    0.0000066629792008
-.420000  -.540000    0.0000069019859929
-.380000  -.540000    0.0000068855712961
-.340000  -.540000    0.0000070663867680
-.300000  -.540000    0.0000071969480360
-.260000  -.540000    0.0000071283784570
-.220000  -.540000    0.0000072210426396
-.180000  -.540000    0.0000071579718443
-.140000  -.540000    0.0000071888863688
-.100000  -.540000    0.0000071549235479
-.060000  -.540000    0.0000071306372939
-.020000  -.540000    0.0000071237382213
0.020000  -.540000    0.0000071345910904
0.060000  -.540000    0.0000071571365743
0.100000  -.540000    0.0000071792114382
0.140000  -.540000    0.0000071843293785
0.180000  -.540000    0.0000074465212902
0.220000  -.540000    0.0000074718799123
0.260000  -.540000    0.0000078028432017
0.300000  -.540000    0.0000077907439146
0.340000  -.540000    0.0000081701781215
0.380000  -.540000    0.0000085613810417
0.420000  -.540000    0.0000084124464353
0.460000  -.540000    0.0000087620283547
0.500000  -.540000    0.0000090720024876
0.540000  -.540000    0.0000093166100318
0.580000  -.540000    0.0000094622365545
0.620000  -.540000    0.0000102323779676
0.660000  -.540000    0.0000100900479890
0.700000  -.540000    0.0000104779917022
0.740000  -.540000    0.0000105193802271
0.780000  -.540000    0.0000107818570184
0.820000  -.540000    0.0000112807627425
-.780000  -.500000    0.0000008180067138
-.740000  -.500000    0.0000026066271361
-.700000  -.500000    0.0000036619237100
-.660000  -.500000    0.0000044850218087
-.620000  -.500000    0.0000050082470243
-.580000  -.500000    0.0000056704417199
-.540000  -.500000    0.0000060512923556
-.500000  -.500000    0.0000063709551930
-.460000  -.500000    0.0000066396408811
-.420000  -.500000    0.0000068605931245
-.380000  -.500000    0.0000067916346162
-.340000  -.500000    0.0000069665671442
-.300000  -.500000    0.0000070968957428
-.260000  -.500000    0.0000069907988637
-.220000  -.500000    0.0000070968955119
-.180000  -.500000    0.0000070053636801
-.140000  -.500000    0.0000070656396968
-.100000  -.500000    0.0000070162335821
-.060000  -.500000    0.0000069823202377
-.020000  -.500000    0.0000069722119611
0.020000  -.500000    0.0000069863416711
0.060000  -.500000    0.0000070165695199
0.100000  -.500000    0.0000070493806424
0.140000  -.500000    0.0000070669017626
0.180000  -.500000    0.0000073082881730
0.220000  -.500000    0.0000073474472297
0.260000  -.500000    0.0000076650849731
0.300000  -.500000    0.0000076639315639
0.340000  -.500000    0.0000080354491557
0.380000  -.500000    0.0000084229805935
0.420000  -.500000    0.0000082848050559
0.460000  -.500000    0.0000086373173793
0.500000  -.500000    0.0000089569528412
0.540000  -.500000    0.0000092201714529
0.580000  -.500000    0.0000093973184341
0.620000  -.500000    0.0000102055391673
0.660000  -.500000    0.0000101395868411
0.700000  -.500000    0.0000106268679483
0.740000  -.500000    0.0000108373871885
0.780000  -.500000    0.0000106250320893
0.820000  -.500000    0.0000104443310325
0.860000  -.500000    0.0000114579225679
-.780000  -.460000    0.0000017951692578
-.740000  -.460000    0.0000031080058957
-.700000  -.460000    0.0000038726652171
-.660000  -.460000    0.0000046290251832
-.620000  -.460000    0.0000050842299194
-.580000  -.460000    0.0000057462542825
-.540000  -.460000    0.0000060949143823
-.500000  -.460000    0.0000063903985283
-.460000  -.460000    0.0000066395273665
-.420000  -.460000    0.0000068449303526
-.380000  -.460000    0.0000067361625502
-.340000  -.460000    0.0000069021131273
-.300000  -.460000    0.0000070285148068
-.260000  -.460000    0.0000068920588453
-.220000  -.460000    0.0000070047678281
-.180000  -.460000    0.0000068891699268
-.140000  -.460000    0.0000069708553608
-.100000  -.460000    0.0000069078835483
-.060000  -.460000    0.0000068658277398
-.020000  -.460000    0.0000068534242681
0.020000  -.460000    0.0000068712458135
0.060000  -.460000    0.0000069092624182
0.100000  -.460000    0.0000069514334637
0.140000  -.460000    0.0000069771047526
0.180000  -.460000    0.0000072042059941
0.220000  -.460000    0.0000072492165971
0.260000  -.460000    0.0000075584542914
0.300000  -.460000    0.0000075561798867
0.340000  -.460000    0.0000079200306187
0.380000  -.460000    0.0000083020723695
0.420000  -.460000    0.0000081574248248
0.460000  -.460000    0.0000085071602646
0.500000  -.460000    0.0000088284040055
0.540000  -.460000    0.0000090993496379
0.580000  -.460000    0.0000092937635819
0.620000  -.460000    0.0000101328200451
0.660000  -.460000    0.0000101144774677
0.700000  -.460000    0.0000106732015903
0.740000  -.460000    0.0000102091965768
0.780000  -.460000    0.0000101766722117
0.820000  -.460000    0.0000104043190591
0.860000  -.460000    0.0000110570729573
-.820000  -.420000    0.0000006228508866
-.780000  -.420000    0.0000023572003295
-.740000  -.420000    0.0000034021645972
-.700000  -.420000    0.0000042344503265
-.660000  -.420000    0.0000047558666642
-.620000  -.420000    0.0000051706820501
-.580000  -.420000    0.0000058363886049
-.540000  -.420000    0.0000061622676113
-.500000  -.420000    0.0000064387566178
-.460000  -.420000    0.0000066710552080
-.420000  -.420000    0.0000068615299324
-.380000  -.420000    0.0000067228164013
-.340000  -.420000    0.0000068768176125
-.300000  -.420000    0.0000069949071508
-.260000  -.420000    0.0000068334961085
-.220000  -.420000    0.0000069458946408
-.180000  -.420000    0.0000068102097070
-.140000  -.420000    0.0000069049634773
-.100000  -.420000    0.0000068297021859
-.060000  -.420000    0.0000067805784564
-.020000  -.420000    0.0000067664999655
0.020000  -.420000    0.0000067874593393
0.060000  -.420000    0.0000068326604387
0.100000  -.420000    0.0000068826959574
0.140000  -.420000    0.0000069122547146
0.180000  -.420000    0.0000071322065228
0.220000  -.420000    0.0000071746337818
0.260000  -.420000    0.0000074782146250
0.300000  -.420000    0.0000074623618201
0.340000  -.420000    0.0000078177843633
0.380000  -.420000    0.0000081917657492
0.420000  -.420000    0.0000080247361019
0.460000  -.420000    0.0000083666257813
0.500000  -.420000    0.0000086827618412
0.540000  -.420000    0.0000089534985873
0.580000  -.420000    0.0000091537167964
0.620000  -.420000    0.0000100198083169
0.660000  -.420000    0.0000100294731711
0.700000  -.420000    0.0000098488726279
0.740000  -.420000    0.0000102588714361
0.780000  -.420000    0.0000103625067590
0.820000  -.420000    0.0000108261394335
0.860000  -.420000    0.0000105175728932
0.900000  -.420000    0.0000108667783267
-.820000  -.380000    0.0000014064515988
-.780000  -.380000    0.0000027144127272
-.740000  -.380000    0.0000036234160361
-.700000  -.380000    0.0000041679684546
-.660000  -.380000    0.0000048910036674
-.620000  -.380000    0.0000052829388607
-.580000  -.380000    0.0000056164972287
-.540000  -.380000    0.0000059073846079
-.500000  -.380000    0.0000061627082167
-.460000  -.380000    0.0000063870573602
-.420000  -.380000    0.0000065830381803
-.380000  -.380000    0.0000067512634589
-.340000  -.380000    0.0000068903207016
-.300000  -.380000    0.0000069964431145
-.260000  -.380000    0.0000068145179594
-.220000  -.380000    0.0000069199298174
-.180000  -.380000    0.0000067663735714
-.140000  -.380000    0.0000068658469435
-.100000  -.380000    0.0000067798498207
-.060000  -.380000    0.0000067240829102
-.020000  -.380000    0.0000067087966038
0.020000  -.380000    0.0000067336607173
0.060000  -.380000    0.0000067853153199
0.100000  -.380000    0.0000068400389991
0.140000  -.380000    0.0000068685687691
0.180000  -.380000    0.0000070862207102
0.220000  -.380000    0.0000071162250030
0.260000  -.380000    0.0000074168289790
0.300000  -.380000    0.0000073735741732
0.340000  -.380000    0.0000077187691979
0.380000  -.380000    0.0000080815288735
0.420000  -.380000    0.0000084524353551
0.460000  -.380000    0.0000088186741479
0.500000  -.380000    0.0000091640032493
0.540000  -.380000    0.0000094699605940
0.580000  -.380000    0.0000097122883782
0.620000  -.380000    0.0000098636431693
0.660000  -.380000    0.0000098868671403
0.700000  -.380000    0.0000105453055857
0.740000  -.380000    0.0000102122939105
0.780000  -.380000    0.0000104121595200
0.820000  -.380000    0.0000102206769971
0.860000  -.380000    0.0000102466909992
0.900000  -.380000    0.0000105974295414
-.820000  -.340000    0.0000018910918349
-.780000  -.340000    0.0000029764383227
-.740000  -.340000    0.0000038196858675
-.700000  -.340000    0.0000043221421538
-.660000  -.340000    0.0000050489251132
-.620000  -.340000    0.0000054279208904
-.580000  -.340000    0.0000057519956884
-.540000  -.340000    0.0000060332698904
-.500000  -.340000    0.0000062771351505
-.460000  -.340000    0.0000064878479173
-.420000  -.340000    0.0000066680189138
-.380000  -.340000    0.0000068187537484
-.340000  -.340000    0.0000069403399612
-.300000  -.340000    0.0000067093539988
-.260000  -.340000    0.0000068322461412
-.220000  -.340000    0.0000069243199159
-.180000  -.340000    0.0000067546365856
-.140000  -.340000    0.0000068521146160
-.100000  -.340000    0.0000067554043889
-.060000  -.340000    0.0000066925562347
-.020000  -.340000    0.0000066761468839
0.020000  -.340000    0.0000067051644381
0.060000  -.340000    0.0000067624334088
0.100000  -.340000    0.0000068185051411
0.140000  -.340000    0.0000068398089710
0.180000  -.340000    0.0000070590891602
0.220000  -.340000    0.0000070645901727
0.260000  -.340000    0.0000073609300435
0.300000  -.340000    0.0000076900456325
0.340000  -.340000    0.0000076091681305
0.380000  -.340000    0.0000079564595723
0.420000  -.340000    0.0000083108364439
0.460000  -.340000    0.0000086598769153
0.500000  -.340000    0.0000089882762737
0.540000  -.340000    0.0000092793085007
0.580000  -.340000    0.0000095105477180
0.620000  -.340000    0.0000096557746534
0.660000  -.340000    0.0000096829268803
0.700000  -.340000    0.0000103793422915
0.740000  -.340000    0.0000100772064587
0.780000  -.340000    0.0000103511295230
0.820000  -.340000    0.0000102754892080
0.860000  -.340000    0.0000105170600108
0.900000  -.340000    0.0000106500155526
0.940000  -.340000    0.0000114305712810
-.860000  -.300000    0.0000006885609344
-.820000  -.300000    0.0000022282141269
-.780000  -.300000    0.0000031998767378
-.740000  -.300000    0.0000037617380958
-.700000  -.300000    0.0000045005954665
-.660000  -.300000    0.0000048908853510
-.620000  -.300000    0.0000056079741407
-.580000  -.300000    0.0000059258844811
-.540000  -.300000    0.0000061981444426
-.500000  -.300000    0.0000064310866222
-.460000  -.300000    0.0000066276854027
-.420000  -.300000    0.0000067902485090
-.380000  -.300000    0.0000069222340526
-.340000  -.300000    0.0000066636107207
-.300000  -.300000    0.0000067827488300
-.260000  -.300000    0.0000068830274119
-.220000  -.300000    0.0000069569977407
-.180000  -.300000    0.0000067720399302
-.140000  -.300000    0.0000068594572024
-.100000  -.300000    0.0000067517013789
-.060000  -.300000    0.0000066818237437
-.020000  -.300000    0.0000066640388913
0.020000  -.300000    0.0000066972935922
0.060000  -.300000    0.0000067589086551
0.100000  -.300000    0.0000068122960183
0.140000  -.300000    0.0000068181775709
0.180000  -.300000    0.0000070407609017
0.220000  -.300000    0.0000070077594152
0.260000  -.300000    0.0000072991203672
0.300000  -.300000    0.0000076181323209
0.340000  -.300000    0.0000079632732623
0.380000  -.300000    0.0000078028069156
0.420000  -.300000    0.0000081351626261
0.460000  -.300000    0.0000084615191549
0.500000  -.300000    0.0000087674059479
0.540000  -.300000    0.0000090373710770
0.580000  -.300000    0.0000092522158016
0.620000  -.300000    0.0000093866763655
0.660000  -.300000    0.0000102250571963
0.700000  -.300000    0.0000101399687450
0.740000  -.300000    0.0000106954804938
0.780000  -.300000    0.0000101886518223
0.820000  -.300000    0.0000101978030890
0.860000  -.300000    0.0000105935630633
0.900000  -.300000    0.0000102354627105
0.940000  -.300000    0.0000104050253029
-.860000  -.260000    0.0000011578055268
-.820000  -.260000    0.0000023629844889
-.780000  -.260000    0.0000031989386513
-.740000  -.260000    0.0000039564977288
-.700000  -.260000    0.0000043675889296
-.660000  -.260000    0.0000051021333104
-.620000  -.260000    0.0000054370538154
-.580000  -.260000    0.0000057274931348
-.540000  -.260000    0.0000059803728939
-.500000  -.260000    0.0000061997381653
-.460000  -.260000    0.0000063878919060
-.420000  -.260000    0.0000065472755791
-.380000  -.260000    0.0000066821954539
-.340000  -.260000    0.0000067951729214
-.300000  -.260000    0.0000068890745493
-.260000  -.260000    0.0000069643762245
-.220000  -.260000    0.0000067091782660
-.180000  -.260000    0.0000068157936030
-.140000  -.260000    0.0000066194189520
-.100000  -.260000    0.0000067654925150
-.060000  -.260000    0.0000066873990506
-.020000  -.260000    0.0000066674823949
0.020000  -.260000    0.0000067049910199
0.060000  -.260000    0.0000067696046700
0.100000  -.260000    0.0000068137062448
0.140000  -.260000    0.0000069884442254
0.180000  -.260000    0.0000070184615136
0.220000  -.260000    0.0000072835072389
0.260000  -.260000    0.0000072104160390
0.300000  -.260000    0.0000075089382347
0.340000  -.260000    0.0000078320270093
0.380000  -.260000    0.0000081720174332
0.420000  -.260000    0.0000085168388197
0.460000  -.260000    0.0000088561519227
0.500000  -.260000    0.0000091787596244
0.540000  -.260000    0.0000094671330970
0.580000  -.260000    0.0000096999164753
0.620000  -.260000    0.0000098569851815
0.660000  -.260000    0.0000099083578314
0.700000  -.260000    0.0000106482602648
0.740000  -.260000    0.0000104110049080
0.780000  -.260000    0.0000107817279468
0.820000  -.260000    0.0000108560290141
0.860000  -.260000    0.0000105161663907
0.900000  -.260000    0.0000103720352033
0.940000  -.260000    0.0000105472078328
-.860000  -.220000    0.0000014858139239
-.820000  -.220000    0.0000025768624355
-.780000  -.220000    0.0000034036528746
-.740000  -.220000    0.0000038635168911
-.700000  -.220000    0.0000046009510484
-.660000  -.220000    0.0000049534094388
-.620000  -.220000    0.0000056890569422
-.580000  -.220000    0.0000059797968912
-.540000  -.220000    0.0000062281641248
-.500000  -.220000    0.0000064374158574
-.460000  -.220000    0.0000066121516791
-.420000  -.220000    0.0000067542662983
-.380000  -.220000    0.0000068681303486
-.340000  -.220000    0.0000069573548875
-.300000  -.220000    0.0000070254321523
-.260000  -.220000    0.0000067238172024
-.220000  -.220000    0.0000068079847348
-.180000  -.220000    0.0000068838266567
-.140000  -.220000    0.0000066700453593
-.100000  -.220000    0.0000067943114056
-.060000  -.220000    0.0000067041719871
-.020000  -.220000    0.0000066823134037
0.020000  -.220000    0.0000067238834319
0.060000  -.220000    0.0000067879145221
0.100000  -.220000    0.0000068139091284
0.140000  -.220000    0.0000070022105347
0.180000  -.220000    0.0000069771684654
0.220000  -.220000    0.0000072294247635
0.260000  -.220000    0.0000075124230816
0.300000  -.220000    0.0000073591999612
0.340000  -.220000    0.0000076621422880
0.380000  -.220000    0.0000079698569956
0.420000  -.220000    0.0000082818029517
0.460000  -.220000    0.0000085876242594
0.500000  -.220000    0.0000088704396074
0.540000  -.220000    0.0000091261818500
0.580000  -.220000    0.0000093362164164
0.620000  -.220000    0.0000094709445431
0.660000  -.220000    0.0000103372767410
0.700000  -.220000    0.0000102744127260
0.740000  -.220000    0.0000108814504692
0.780000  -.220000    0.0000104433679834
0.820000  -.220000    0.0000105689673216
0.860000  -.220000    0.0000103020024637
0.900000  -.220000    0.0000103080456807
0.940000  -.220000    0.0000100843663469
-.860000  -.180000    0.0000016579432780
-.820000  -.180000    0.0000026004994718
-.780000  -.180000    0.0000033614621173
-.740000  -.180000    0.0000041066138550
-.700000  -.180000    0.0000044866669518
-.660000  -.180000    0.0000052371015228
-.620000  -.180000    0.0000055528442676
-.580000  -.180000    0.0000058257775801
-.540000  -.180000    0.0000060607058408
-.500000  -.180000    0.0000062597742736
-.460000  -.180000    0.0000064262371632
-.420000  -.180000    0.0000065620072118
-.380000  -.180000    0.0000066707975487
-.340000  -.180000    0.0000067570596323
-.300000  -.180000    0.0000068264081185
-.260000  -.180000    0.0000068840579604
-.220000  -.180000    0.0000069348610395
-.180000  -.180000    0.0000066352323580
-.140000  -.180000    0.0000067427931220
-.100000  -.180000    0.0000068377735396
-.060000  -.180000    0.0000067293539206
-.020000  -.180000    0.0000067019490139
0.020000  -.180000    0.0000067491533422
0.060000  -.180000    0.0000068094641223
0.100000  -.180000    0.0000068013196656
0.140000  -.180000    0.0000069979937152
0.180000  -.180000    0.0000072328663841
0.220000  -.180000    0.0000071196079679
0.260000  -.180000    0.0000073957885265
0.300000  -.180000    0.0000076703966694
0.340000  -.180000    0.0000079426477187
0.380000  -.180000    0.0000082529746131
0.420000  -.180000    0.0000085742308975
0.460000  -.180000    0.0000088927260217
0.500000  -.180000    0.0000092058309067
0.540000  -.180000    0.0000094709397788
0.580000  -.180000    0.0000096833571322
0.620000  -.180000    0.0000098315765705
0.660000  -.180000    0.0000098808496253
0.700000  -.180000    0.0000106541186389
0.740000  -.180000    0.0000104389170456
0.780000  -.180000    0.0000108701060598
0.820000  -.180000    0.0000110295114196
0.860000  -.180000    0.0000108236821331
0.900000  -.180000    0.0000100777242624
0.940000  -.180000    0.0000101167447230
0.980000  -.180000    0.0000106278615775
-.900000  -.140000    0.0000002740364579
-.860000  -.140000    0.0000018585369894
-.820000  -.140000    0.0000028034102053
-.780000  -.140000    0.0000035987339901
-.740000  -.140000    0.0000040325951563
-.700000  -.140000    0.0000047874726158
-.660000  -.140000    0.0000051323129644
-.620000  -.140000    0.0000054302686072
-.580000  -.140000    0.0000056905112271
-.540000  -.140000    0.0000063885267402
-.500000  -.140000    0.0000065795976453
-.460000  -.140000    0.0000067329766190
-.420000  -.140000    0.0000068519052106
-.380000  -.140000    0.0000069404494773
-.340000  -.140000    0.0000070035025576
-.300000  -.140000    0.0000070462408950
-.260000  -.140000    0.0000066794936500
-.220000  -.140000    0.0000067261528516
-.180000  -.140000    0.0000067784444562
-.140000  -.140000    0.0000068411113242
-.100000  -.140000    0.0000066019607396
-.060000  -.140000    0.0000067619914626
-.020000  -.140000    0.0000067231250865
0.020000  -.140000    0.0000067773863472
0.060000  -.140000    0.0000068247521002
0.100000  -.140000    0.0000069973008010
0.140000  -.140000    0.0000069465787106
0.180000  -.140000    0.0000071559321746
0.220000  -.140000    0.0000074096444821
0.260000  -.140000    0.0000076615024021
0.300000  -.140000    0.0000073752857505
0.340000  -.140000    0.0000077017137731
0.380000  -.140000    0.0000080022214598
0.420000  -.140000    0.0000082667949332
0.460000  -.140000    0.0000085143639210
0.500000  -.140000    0.0000087434473101
0.540000  -.140000    0.0000089882200350
0.580000  -.140000    0.0000099704236470
0.620000  -.140000    0.0000101230755656
0.660000  -.140000    0.0000101828980665
0.700000  -.140000    0.0000101180688277
0.740000  -.140000    0.0000107630888100
0.780000  -.140000    0.0000103499295567
0.820000  -.140000    0.0000105431944253
0.860000  -.140000    0.0000103780228825
0.900000  -.140000    0.0000105652558239
0.940000  -.140000    0.0000099119725921
0.980000  -.140000    0.0000102283572725
-.900000  -.100000    0.0000005112759965
-.860000  -.100000    0.0000019244856475
-.820000  -.100000    0.0000028019152492
-.780000  -.100000    0.0000035664295582
-.740000  -.100000    0.0000039686552452
-.700000  -.100000    0.0000047181668366
-.660000  -.100000    0.0000050460189114
-.620000  -.100000    0.0000053324305447
-.580000  -.100000    0.0000060650962552
-.540000  -.100000    0.0000062888588268
-.500000  -.100000    0.0000064728106912
-.460000  -.100000    0.0000066203794699
-.420000  -.100000    0.0000067336222918
-.380000  -.100000    0.0000068159955394
-.340000  -.100000    0.0000068726622418
-.300000  -.100000    0.0000069086029305
-.260000  -.100000    0.0000069303860406
-.220000  -.100000    0.0000069446955818
-.180000  -.100000    0.0000069590053675
-.140000  -.100000    0.0000066118513485
-.100000  -.100000    0.0000066963842041
-.060000  -.100000    0.0000068069047980
-.020000  -.100000    0.0000067418492464
0.020000  -.100000    0.0000068057224143
0.060000  -.100000    0.0000068178648180
0.100000  -.100000    0.0000069938625888
0.140000  -.100000    0.0000071952888606
0.180000  -.100000    0.0000069804652402
0.220000  -.100000    0.0000071913810859
0.260000  -.100000    0.0000073726710920
0.300000  -.100000    0.0000076882129832
0.340000  -.100000    0.0000079029987966
0.380000  -.100000    0.0000080679183674
0.420000  -.100000    0.0000083702157731
0.460000  -.100000    0.0000087055738590
0.500000  -.100000    0.0000089942773964
0.540000  -.100000    0.0000091992226668
0.580000  -.100000    0.0000094008242398
0.620000  -.100000    0.0000103432062472
0.660000  -.100000    0.0000104119211290
0.700000  -.100000    0.0000103552166724
0.740000  -.100000    0.0000110057918100
0.780000  -.100000    0.0000106105605238
0.820000  -.100000    0.0000108221116016
0.860000  -.100000    0.0000106866970202
0.900000  -.100000    0.0000100596710231
0.940000  -.100000    0.0000103773878856
0.980000  -.100000    0.0000104011250292
-.900000  -.060000    0.0000006473055830
-.860000  -.060000    0.0000019585509496
-.820000  -.060000    0.0000027944978546
-.780000  -.060000    0.0000035397253366
-.740000  -.060000    0.0000042974161382
-.700000  -.060000    0.0000046680658449
-.660000  -.060000    0.0000049854801900
-.620000  -.060000    0.0000057408360005
-.580000  -.060000    0.0000059998983868
-.540000  -.060000    0.0000062185375337
-.500000  -.060000    0.0000063976640030
-.460000  -.060000    0.0000065410062751
-.420000  -.060000    0.0000066498124994
-.380000  -.060000    0.0000067269201176
-.340000  -.060000    0.0000067772119917
-.300000  -.060000    0.0000068050127944
-.260000  -.060000    0.0000068163448680
-.220000  -.060000    0.0000068178177757
-.180000  -.060000    0.0000068165845167
-.140000  -.060000    0.0000068219317188
-.100000  -.060000    0.0000068451729647
-.060000  -.060000    0.0000065457242670
-.020000  -.060000    0.0000067543992341
0.020000  -.060000    0.0000068334467646
0.060000  -.060000    0.0000070367614141
0.100000  -.060000    0.0000068794859618
0.140000  -.060000    0.0000070210052389
0.180000  -.060000    0.0000071896946640
0.220000  -.060000    0.0000073671615599
0.260000  -.060000    0.0000075753306476
0.300000  -.060000    0.0000078387968696
0.340000  -.060000    0.0000079597515859
0.380000  -.060000    0.0000084227077126
0.420000  -.060000    0.0000086546819402
0.460000  -.060000    0.0000088577236905
0.500000  -.060000    0.0000091266416314
0.540000  -.060000    0.0000093590422000
0.580000  -.060000    0.0000095477244145
0.620000  -.060000    0.0000096726105580
0.660000  -.060000    0.0000105652355892
0.700000  -.060000    0.0000105145809898
0.740000  -.060000    0.0000103065074691
0.780000  -.060000    0.0000107842633682
0.820000  -.060000    0.0000110066148162
0.860000  -.060000    0.0000108898215384
0.900000  -.060000    0.0000102971186968
0.940000  -.060000    0.0000098145534794
0.980000  -.060000    0.0000101476968556
-.900000  -.020000    0.0000007097800882
-.860000  -.020000    0.0000019728039843
-.820000  -.020000    0.0000027890027202
-.780000  -.020000    0.0000035249491644
-.740000  -.020000    0.0000042785287520
-.700000  -.020000    0.0000046419683193
-.660000  -.020000    0.0000049544668237
-.620000  -.020000    0.0000057106699656
-.580000  -.020000    0.0000059661645181
-.540000  -.020000    0.0000061824369067
-.500000  -.020000    0.0000063591730051
-.460000  -.020000    0.0000065003607356
-.420000  -.020000    0.0000066068580147
-.380000  -.020000    0.0000066811411633
-.340000  -.020000    0.0000067277909347
-.300000  -.020000    0.0000067506616884
-.260000  -.020000    0.0000067550765247
-.220000  -.020000    0.0000067471488855
-.180000  -.020000    0.0000067314528550
-.140000  -.020000    0.0000067149862989
-.100000  -.020000    0.0000067046415584
-.060000  -.020000    0.0000067127185237
-.020000  -.020000    0.0000067764203520
0.020000  -.020000    0.0000068417260848
0.060000  -.020000    0.0000069504913090
0.100000  -.020000    0.0000070488545653
0.140000  -.020000    0.0000071614005951
0.180000  -.020000    0.0000073115427762
0.220000  -.020000    0.0000074705526974
0.260000  -.020000    0.0000076880480364
0.300000  -.020000    0.0000078793697324
0.340000  -.020000    0.0000081660062989
0.380000  -.020000    0.0000084172636705
0.420000  -.020000    0.0000086886105994
0.460000  -.020000    0.0000089163167009
0.500000  -.020000    0.0000091975961813
0.540000  -.020000    0.0000094426975081
0.580000  -.020000    0.0000096200084029
0.620000  -.020000    0.0000097503034786
0.660000  -.020000    0.0000106419771074
0.700000  -.020000    0.0000105946421853
0.740000  -.020000    0.0000103898982866
0.780000  -.020000    0.0000108710421255
0.820000  -.020000    0.0000110983485424
0.860000  -.020000    0.0000109904770877
0.900000  -.020000    0.0000104147465506
0.940000  -.020000    0.0000099634921829
0.980000  -.020000    0.0000095720733985
-.900000  0.020000    0.0000007097800882
-.860000  0.020000    0.0000019728039843
-.820000  0.020000    0.0000027890027202
-.780000  0.020000    0.0000035249491644
-.740000  0.020000    0.0000042785287520
-.700000  0.020000    0.0000046419683193
-.660000  0.020000    0.0000049544668237
-.620000  0.020000    0.0000057106699656
-.580000  0.020000    0.0000059661645181
-.540000  0.020000    0.0000061824369067
-.500000  0.020000    0.0000063591730051
-.460000  0.020000    0.0000065003607356
-.420000  0.020000    0.0000066068580147
-.380000  0.020000    0.0000066811411633
-.340000  0.020000    0.0000067277909347
-.300000  0.020000    0.0000067506616884
-.260000  0.020000    0.0000067550765247
-.220000  0.020000    0.0000067471488855
-.180000  0.020000    0.0000067314528550
-.140000  0.020000    0.0000067149862989
-.100000  0.020000    0.0000067046415584
-.060000  0.020000    0.0000067127185237
-.020000  0.020000    0.0000067764203520
0.020000  0.020000    0.0000068417260848
0.060000  0.020000    0.0000069504913090
0.100000  0.020000    0.0000070488545653
0.140000  0.020000    0.0000071614005951
0.180000  0.020000    0.0000073115427762
0.220000  0.020000    0.0000074705526974
0.260000  0.020000    0.0000076880480364
0.300000  0.020000    0.0000078793697324
0.340000  0.020000    0.0000081660062989
0.380000  0.020000    0.0000084172636705
0.420000  0.020000    0.0000086886105994
0.460000  0.020000    0.0000089163167009
0.500000  0.020000    0.0000091975961813
0.540000  0.020000    0.0000094426975081
0.580000  0.020000    0.0000096200084029
0.620000  0.020000    0.0000097503034786
0.660000  0.020000    0.0000106419771074
0.700000  0.020000    0.0000105946421853
0.740000  0.020000    0.0000103898982866
0.780000  0.020000    0.0000108710421255
0.820000  0.020000    0.0000110983485424
0.860000  0.020000    0.0000109904770877
0.900000  0.020000    0.0000104147465506
0.940000  0.020000    0.0000099634921829
0.980000  0.020000    0.0000095720733985
-.900000  0.060000    0.0000006473055830
-.860000  0.060000    0.0000019585509496
-.820000  0.060000    0.0000027944978546
-.780000  0.060000    0.0000035397253366
-.740000  0.060000    0.0000042974161382
-.700000  0.060000    0.0000046680658449
-.660000  0.060000    0.0000049854801900
-.620000  0.060000    0.0000057408360005
-.580000  0.060000    0.0000059998983868
-.540000  0.060000    0.0000062185375337
-.500000  0.060000    0.0000063976640030
-.460000  0.060000    0.0000065410062751
-.420000  0.060000    0.0000066498124994
-.380000  0.060000    0.0000067269201176
-.340000  0.060000    0.0000067772119917
-.300000  0.060000    0.0000068050127944
-.260000  0.060000    0.0000068163448680
-.220000  0.060000    0.0000068178177757
-.180000  0.060000    0.0000068165845167
-.140000  0.060000    0.0000068219317188
-.100000  0.060000    0.0000068451729647
-.060000  0.060000    0.0000065457242670
-.020000  0.060000    0.0000067543992341
0.020000  0.060000    0.0000068334467646
0.060000  0.060000    0.0000070367614141
0.100000  0.060000    0.0000068794859618
0.140000  0.060000    0.0000070210052389
0.180000  0.060000    0.0000071896946640
0.220000  0.060000    0.0000073671615599
0.260000  0.060000    0.0000075753306476
0.300000  0.060000    0.0000078387968696
0.340000  0.060000    0.0000079597515859
0.380000  0.060000    0.0000084227077126
0.420000  0.060000    0.0000086546819402
0.460000  0.060000    0.0000088577236905
0.500000  0.060000    0.0000091266416314
0.540000  0.060000    0.0000093590422000
0.580000  0.060000    0.0000095477244145
0.620000  0.060000    0.0000096726105580
0.660000  0.060000    0.0000105652355892
0.700000  0.060000    0.0000105145809898
0.740000  0.060000    0.0000103065074691
0.780000  0.060000    0.0000107842633682
0.820000  0.060000    0.0000110066148162
0.860000  0.060000    0.0000108898215384
0.900000  0.060000    0.0000102971186968
0.940000  0.060000    0.0000098145534794
0.980000  0.060000    0.0000101476968556
-.900000  0.100000    0.0000005112759965
-.860000  0.100000    0.0000019244856475
-.820000  0.100000    0.0000028019152492
-.780000  0.100000    0.0000035664295582
-.740000  0.100000    0.0000039686552452
-.700000  0.100000    0.0000047181668366
-.660000  0.100000    0.0000050460189114
-.620000  0.100000    0.0000053324305447
-.580000  0.100000    0.0000060650962552
-.540000  0.100000    0.0000062888588268
-.500000  0.100000    0.0000064728106912
-.460000  0.100000    0.0000066203794699
-.420000  0.100000    0.0000067336222918
-.380000  0.100000    0.0000068159955394
-.340000  0.100000    0.0000068726622418
-.300000  0.100000    0.0000069086029305
-.260000  0.100000    0.0000069303860406
-.220000  0.100000    0.0000069446955818
-.180000  0.100000    0.0000069590053675
-.140000  0.100000    0.0000066118513485
-.100000  0.100000    0.0000066963842041
-.060000  0.100000    0.0000068069047980
-.020000  0.100000    0.0000067418492464
0.020000  0.100000    0.0000068057224143
0.060000  0.100000    0.0000068178648180
0.100000  0.100000    0.0000069938625888
0.140000  0.100000    0.0000071952888606
0.180000  0.100000    0.0000069804652402
0.220000  0.100000    0.0000071913810859
0.260000  0.100000    0.0000073726710920
0.300000  0.100000    0.0000076882129832
0.340000  0.100000    0.0000079029987966
0.380000  0.100000    0.0000080679183674
0.420000  0.100000    0.0000083702157731
0.460000  0.100000    0.0000087055738590
0.500000  0.100000    0.0000089942773964
0.540000  0.100000    0.0000091992226668
0.580000  0.100000    0.0000094008242398
0.620000  0.100000    0.0000103432062472
0.660000  0.100000    0.0000104119211290
0.700000  0.100000    0.0000103552166724
0.740000  0.100000    0.0000110057918100
0.780000  0.100000    0.0000106105605238
0.820000  0.100000    0.0000108221116016
0.860000  0.100000    0.0000106866970202
0.900000  0.100000    0.0000100596710231
0.940000  0.100000    0.0000103773878856
0.980000  0.100000    0.0000104011250292
-.900000  0.140000    0.0000002740364579
-.860000  0.140000    0.0000018585369894
-.820000  0.140000    0.0000028034102053
-.780000  0.140000    0.0000035987339901
-.740000  0.140000    0.0000040325951563
-.700000  0.140000    0.0000047874726158
-.660000  0.140000    0.0000051323129644
-.620000  0.140000    0.0000054302686072
-.580000  0.140000    0.0000056905112271
-.540000  0.140000    0.0000063885267402
-.500000  0.140000    0.0000065795976453
-.460000  0.140000    0.0000067329766190
-.420000  0.140000    0.0000068519052106
-.380000  0.140000    0.0000069404494773
-.340000  0.140000    0.0000070035025576
-.300000  0.140000    0.0000070462408950
-.260000  0.140000    0.0000066794936500
-.220000  0.140000    0.0000067261528516
-.180000  0.140000    0.0000067784444562
-.140000  0.140000    0.0000068411113242
-.100000  0.140000    0.0000066019607396
-.060000  0.140000    0.0000067619914626
-.020000  0.140000    0.0000067231250865
0.020000  0.140000    0.0000067773863472
0.060000  0.140000    0.0000068247521002
0.100000  0.140000    0.0000069973008010
0.140000  0.140000    0.0000069465787106
0.180000  0.140000    0.0000071559321746
0.220000  0.140000    0.0000074096444821
0.260000  0.140000    0.0000076615024021
0.300000  0.140000    0.0000073752857505
0.340000  0.140000    0.0000077017137731
0.380000  0.140000    0.0000080022214598
0.420000  0.140000    0.0000082667949332
0.460000  0.140000    0.0000085143639210
0.500000  0.140000    0.0000087434473101
0.540000  0.140000    0.0000089882200350
0.580000  0.140000    0.0000099704236470
0.620000  0.140000    0.0000101230755656
0.660000  0.140000    0.0000101828980665
0.700000  0.140000    0.0000101180688277
0.740000  0.140000    0.0000107630888100
0.780000  0.140000    0.0000103499295567
0.820000  0.140000    0.0000105431944253
0.860000  0.140000    0.0000103780228825
0.900000  0.140000    0.0000105652558239
0.940000  0.140000    0.0000099119725921
0.980000  0.140000    0.0000102283572725
-.860000  0.180000    0.0000016579432780
-.820000  0.180000    0.0000026004994718
-.780000  0.180000    0.0000033614621173
-.740000  0.180000    0.0000041066138550
-.700000  0.180000    0.0000044866669518
-.660000  0.180000    0.0000052371015228
-.620000  0.180000    0.0000055528442676
-.580000  0.180000    0.0000058257775801
-.540000  0.180000    0.0000060607058408
-.500000  0.180000    0.0000062597742736
-.460000  0.180000    0.0000064262371632
-.420000  0.180000    0.0000065620072118
-.380000  0.180000    0.0000066707975487
-.340000  0.180000    0.0000067570596323
-.300000  0.180000    0.0000068264081185
-.260000  0.180000    0.0000068840579604
-.220000  0.180000    0.0000069348610395
-.180000  0.180000    0.0000066352323580
-.140000  0.180000    0.0000067427931220
-.100000  0.180000    0.0000068377735396
-.060000  0.180000    0.0000067293539206
-.020000  0.180000    0.0000067019490139
0.020000  0.180000    0.0000067491533422
0.060000  0.180000    0.0000068094641223
0.100000  0.180000    0.0000068013196656
0.140000  0.180000    0.0000069979937152
0.180000  0.180000    0.0000072328663841
0.220000  0.180000    0.0000071196079679
0.260000  0.180000    0.0000073957885265
0.300000  0.180000    0.0000076703966694
0.340000  0.180000    0.0000079426477187
0.380000  0.180000    0.0000082529746131
0.420000  0.180000    0.0000085742308975
0.460000  0.180000    0.0000088927260217
0.500000  0.180000    0.0000092058309067
0.540000  0.180000    0.0000094709397788
0.580000  0.180000    0.0000096833571322
0.620000  0.180000    0.0000098315765705
0.660000  0.180000    0.0000098808496253
0.700000  0.180000    0.0000106541186389
0.740000  0.180000    0.0000104389170456
0.780000  0.180000    0.0000108701060598
0.820000  0.180000    0.0000110295114196
0.860000  0.180000    0.0000108236821331
0.900000  0.180000    0.0000100777242624
0.940000  0.180000    0.0000101167447230
0.980000  0.180000    0.0000106278615775
-.860000  0.220000    0.0000014858139239
-.820000  0.220000    0.0000025768624355
-.780000  0.220000    0.0000034036528746
-.740000  0.220000    0.0000038635168911
-.700000  0.220000    0.0000046009510484
-.660000  0.220000    0.0000049534094388
-.620000  0.220000    0.0000056890569422
-.580000  0.220000    0.0000059797968912
-.540000  0.220000    0.0000062281641248
-.500000  0.220000    0.0000064374158574
-.460000  0.220000    0.0000066121516791
-.420000  0.220000    0.0000067542662983
-.380000  0.220000    0.0000068681303486
-.340000  0.220000    0.0000069573548875
-.300000  0.220000    0.0000070254321523
-.260000  0.220000    0.0000067238172024
-.220000  0.220000    0.0000068079847348
-.180000  0.220000    0.0000068838266567
-.140000  0.220000    0.0000066700453593
-.100000  0.220000    0.0000067943114056
-.060000  0.220000    0.0000067041719871
-.020000  0.220000    0.0000066823134037
0.020000  0.220000    0.0000067238834319
0.060000  0.220000    0.0000067879145221
0.100000  0.220000    0.0000068139091284
0.140000  0.220000    0.0000070022105347
0.180000  0.220000    0.0000069771684654
0.220000  0.220000    0.0000072294247635
0.260000  0.220000    0.0000075124230816
0.300000  0.220000    0.0000073591999612
0.340000  0.220000    0.0000076621422880
0.380000  0.220000    0.0000079698569956
0.420000  0.220000    0.0000082818029517
0.460000  0.220000    0.0000085876242594
0.500000  0.220000    0.0000088704396074
0.540000  0.220000    0.0000091261818500
0.580000  0.220000    0.0000093362164164
0.620000  0.220000    0.0000094709445431
0.660000  0.220000    0.0000103372767410
0.700000  0.220000    0.0000102744127260
0.740000  0.220000    0.0000108814504692
0.780000  0.220000    0.0000104433679834
0.820000  0.220000    0.0000105689673216
0.860000  0.220000    0.0000103020024637
0.900000  0.220000    0.0000103080456807
0.940000  0.220000    0.0000100843663469
-.860000  0.260000    0.0000011578055268
-.820000  0.260000    0.0000023629844889
-.780000  0.260000    0.0000031989386513
-.740000  0.260000    0.0000039564977288
-.700000  0.260000    0.0000043675889296
-.660000  0.260000    0.0000051021333104
-.620000  0.260000    0.0000054370538154
-.580000  0.260000    0.0000057274931348
-.540000  0.260000    0.0000059803728939
-.500000  0.260000    0.0000061997381653
-.460000  0.260000    0.0000063878919060
-.420000  0.260000    0.0000065472755791
-.380000  0.260000    0.0000066821954539
-.340000  0.260000    0.0000067951729214
-.300000  0.260000    0.0000068890745493
-.260000  0.260000    0.0000069643762245
-.220000  0.260000    0.0000067091782660
-.180000  0.260000    0.0000068157936030
-.140000  0.260000    0.0000066194189520
-.100000  0.260000    0.0000067654925150
-.060000  0.260000    0.0000066873990506
-.020000  0.260000    0.0000066674823949
0.020000  0.260000    0.0000067049910199
0.060000  0.260000    0.0000067696046700
0.100000  0.260000    0.0000068137062448
0.140000  0.260000    0.0000069884442254
0.180000  0.260000    0.0000070184615136
0.220000  0.260000    0.0000072835072389
0.260000  0.260000    0.0000072104160390
0.300000  0.260000    0.0000075089382347
0.340000  0.260000    0.0000078320270093
0.380000  0.260000    0.0000081720174332
0.420000  0.260000    0.0000085168388197
0.460000  0.260000    0.0000088561519227
0.500000  0.260000    0.0000091787596244
0.540000  0.260000    0.0000094671330970
0.580000  0.260000    0.0000096999164753
0.620000  0.260000    0.0000098569851815
0.660000  0.260000    0.0000099083578314
0.700000  0.260000    0.0000106482602648
0.740000  0.260000    0.0000104110049080
0.780000  0.260000    0.0000107817279468
0.820000  0.260000    0.0000108560290141
0.860000  0.260000    0.0000105161663907
0.900000  0.260000    0.0000103720352033
0.940000  0.260000    0.0000105472078328
-.860000  0.300000    0.0000006885609344
-.820000  0.300000    0.0000022282141269
-.780000  0.300000    0.0000031998767378
-.740000  0.300000    0.0000037617380958
-.700000  0.300000    0.0000045005954665
-.660000  0.300000    0.0000048908853510
-.620000  0.300000    0.0000056079741407
-.580000  0.300000    0.0000059258844811
-.540000  0.300000    0.0000061981444426
-.500000  0.300000    0.0000064310866222
-.460000  0.300000    0.0000066276854027
-.420000  0.300000    0.0000067902485090
-.380000  0.300000    0.0000069222340526
-.340000  0.300000    0.0000066636107207
-.300000  0.300000    0.0000067827488300
-.260000  0.300000    0.0000068830274119
-.220000  0.300000    0.0000069569977407
-.180000  0.300000    0.0000067720399302
-.140000  0.300000    0.0000068594572024
-.100000  0.300000    0.0000067517013789
-.060000  0.300000    0.0000066818237437
-.020000  0.300000    0.0000066640388913
0.020000  0.300000    0.0000066972935922
0.060000  0.300000    0.0000067589086551
0.100000  0.300000    0.0000068122960183
0.140000  0.300000    0.0000068181775709
0.180000  0.300000    0.0000070407609017
0.220000  0.300000    0.0000070077594152
0.260000  0.300000    0.0000072991203672
0.300000  0.300000    0.0000076181323209
0.340000  0.300000    0.0000079632732623
0.380000  0.300000    0.0000078028069156
0.420000  0.300000    0.0000081351626261
0.460000  0.300000    0.0000084615191549
0.500000  0.300000    0.0000087674059479
0.540000  0.300000    0.0000090373710770
0.580000  0.300000    0.0000092522158016
0.620000  0.300000    0.0000093866763655
0.660000  0.300000    0.0000102250571963
0.700000  0.300000    0.0000101399687450
0.740000  0.300000    0.0000106954804938
0.780000  0.300000    0.0000101886518223
0.820000  0.300000    0.0000101978030890
0.860000  0.300000    0.0000105935630633
0.900000  0.300000    0.0000102354627105
0.940000  0.300000    0.0000104050253029
-.820000  0.340000    0.0000018910918349
-.780000  0.340000    0.0000029764383227
-.740000  0.340000    0.0000038196858675
-.700000  0.340000    0.0000043221421538
-.660000  0.340000    0.0000050489251132
-.620000  0.340000    0.0000054279208904
-.580000  0.340000    0.0000057519956884
-.540000  0.340000    0.0000060332698904
-.500000  0.340000    0.0000062771351505
-.460000  0.340000    0.0000064878479173
-.420000  0.340000    0.0000066680189138
-.380000  0.340000    0.0000068187537484
-.340000  0.340000    0.0000069403399612
-.300000  0.340000    0.0000067093539988
-.260000  0.340000    0.0000068322461412
-.220000  0.340000    0.0000069243199159
-.180000  0.340000    0.0000067546365856
-.140000  0.340000    0.0000068521146160
-.100000  0.340000    0.0000067554043889
-.060000  0.340000    0.0000066925562347
-.020000  0.340000    0.0000066761468839
0.020000  0.340000    0.0000067051644381
0.060000  0.340000    0.0000067624334088
0.100000  0.340000    0.0000068185051411
0.140000  0.340000    0.0000068398089710
0.180000  0.340000    0.0000070590891602
0.220000  0.340000    0.0000070645901727
0.260000  0.340000    0.0000073609300435
0.300000  0.340000    0.0000076900456325
0.340000  0.340000    0.0000076091681305
0.380000  0.340000    0.0000079564595723
0.420000  0.340000    0.0000083108364439
0.460000  0.340000    0.0000086598769153
0.500000  0.340000    0.0000089882762737
0.540000  0.340000    0.0000092793085007
0.580000  0.340000    0.0000095105477180
0.620000  0.340000    0.0000096557746534
0.660000  0.340000    0.0000096829268803
0.700000  0.340000    0.0000103793422915
0.740000  0.340000    0.0000100772064587
0.780000  0.340000    0.0000103511295230
0.820000  0.340000    0.0000102754892080
0.860000  0.340000    0.0000105170600108
0.900000  0.340000    0.0000106500155526
0.940000  0.340000    0.0000114305712810
-.820000  0.380000    0.0000014064515988
-.780000  0.380000    0.0000027144127272
-.740000  0.380000    0.0000036234160361
-.700000  0.380000    0.0000041679684546
-.660000  0.380000    0.0000048910036674
-.620000  0.380000    0.0000052829388607
-.580000  0.380000    0.0000056164972287
-.540000  0.380000    0.0000059073846079
-.500000  0.380000    0.0000061627082167
-.460000  0.380000    0.0000063870573602
-.420000  0.380000    0.0000065830381803
-.380000  0.380000    0.0000067512634589
-.340000  0.380000    0.0000068903207016
-.300000  0.380000    0.0000069964431145
-.260000  0.380000    0.0000068145179594
-.220000  0.380000    0.0000069199298174
-.180000  0.380000    0.0000067663735714
-.140000  0.380000    0.0000068658469435
-.100000  0.380000    0.0000067798498207
-.060000  0.380000    0.0000067240829102
-.020000  0.380000    0.0000067087966038
0.020000  0.380000    0.0000067336607173
0.060000  0.380000    0.0000067853153199
0.100000  0.380000    0.0000068400389991
0.140000  0.380000    0.0000068685687691
0.180000  0.380000    0.0000070862207102
0.220000  0.380000    0.0000071162250030
0.260000  0.380000    0.0000074168289790
0.300000  0.380000    0.0000073735741732
0.340000  0.380000    0.0000077187691979
0.380000  0.380000    0.0000080815288735
0.420000  0.380000    0.0000084524353551
0.460000  0.380000    0.0000088186741479
0.500000  0.380000    0.0000091640032493
0.540000  0.380000    0.0000094699605940
0.580000  0.380000    0.0000097122883782
0.620000  0.380000    0.0000098636431693
0.660000  0.380000    0.0000098868671403
0.700000  0.380000    0.0000105453055857
0.740000  0.380000    0.0000102122939105
0.780000  0.380000    0.0000104121595200
0.820000  0.380000    0.0000102206769971
0.860000  0.380000    0.0000102466909992
0.900000  0.380000    0.0000105974295414
-.820000  0.420000    0.0000006228508866
-.780000  0.420000    0.0000023572003295
-.740000  0.420000    0.0000034021645972
-.700000  0.420000    0.0000042344503265
-.660000  0.420000    0.0000047558666642
-.620000  0.420000    0.0000051706820501
-.580000  0.420000    0.0000058363886049
-.540000  0.420000    0.0000061622676113
-.500000  0.420000    0.0000064387566178
-.460000  0.420000    0.0000066710552080
-.420000  0.420000    0.0000068615299324
-.380000  0.420000    0.0000067228164013
-.340000  0.420000    0.0000068768176125
-.300000  0.420000    0.0000069949071508
-.260000  0.420000    0.0000068334961085
-.220000  0.420000    0.0000069458946408
-.180000  0.420000    0.0000068102097070
-.140000  0.420000    0.0000069049634773
-.100000  0.420000    0.0000068297021859
-.060000  0.420000    0.0000067805784564
-.020000  0.420000    0.0000067664999655
0.020000  0.420000    0.0000067874593393
0.060000  0.420000    0.0000068326604387
0.100000  0.420000    0.0000068826959574
0.140000  0.420000    0.0000069122547146
0.180000  0.420000    0.0000071322065228
0.220000  0.420000    0.0000071746337818
0.260000  0.420000    0.0000074782146250
0.300000  0.420000    0.0000074623618201
0.340000  0.420000    0.0000078177843633
0.380000  0.420000    0.0000081917657492
0.420000  0.420000    0.0000080247361019
0.460000  0.420000    0.0000083666257813
0.500000  0.420000    0.0000086827618412
0.540000  0.420000    0.0000089534985873
0.580000  0.420000    0.0000091537167964
0.620000  0.420000    0.0000100198083169
0.660000  0.420000    0.0000100294731711
0.700000  0.420000    0.0000098488726279
0.740000  0.420000    0.0000102588714361
0.780000  0.420000    0.0000103625067590
0.820000  0.420000    0.0000108261394335
0.860000  0.420000    0.0000105175728932
0.900000  0.420000    0.0000108667783267
-.780000  0.460000    0.0000017951692578
-.740000  0.460000    0.0000031080058957
-.700000  0.460000    0.0000038726652171
-.660000  0.460000    0.0000046290251832
-.620000  0.460000    0.0000050842299194
-.580000  0.460000    0.0000057462542825
-.540000  0.460000    0.0000060949143823
-.500000  0.460000    0.0000063903985283
-.460000  0.460000    0.0000066395273665
-.420000  0.460000    0.0000068449303526
-.380000  0.460000    0.0000067361625502
-.340000  0.460000    0.0000069021131273
-.300000  0.460000    0.0000070285148068
-.260000  0.460000    0.0000068920588453
-.220000  0.460000    0.0000070047678281
-.180000  0.460000    0.0000068891699268
-.140000  0.460000    0.0000069708553608
-.100000  0.460000    0.0000069078835483
-.060000  0.460000    0.0000068658277398
-.020000  0.460000    0.0000068534242681
0.020000  0.460000    0.0000068712458135
0.060000  0.460000    0.0000069092624182
0.100000  0.460000    0.0000069514334637
0.140000  0.460000    0.0000069771047526
0.180000  0.460000    0.0000072042059941
0.220000  0.460000    0.0000072492165971
0.260000  0.460000    0.0000075584542914
0.300000  0.460000    0.0000075561798867
0.340000  0.460000    0.0000079200306187
0.380000  0.460000    0.0000083020723695
0.420000  0.460000    0.0000081574248248
0.460000  0.460000    0.0000085071602646
0.500000  0.460000    0.0000088284040055
0.540000  0.460000    0.0000090993496379
0.580000  0.460000    0.0000092937635819
0.620000  0.460000    0.0000101328200451
0.660000  0.460000    0.0000101144774677
0.700000  0.460000    0.0000106732015903
0.740000  0.460000    0.0000102091965768
0.780000  0.460000    0.0000101766722117
0.820000  0.460000    0.0000104043190591
0.860000  0.460000    0.0000110570729573
-.780000  0.500000    0.0000008180067138
-.740000  0.500000    0.0000026066271361
-.700000  0.500000    0.0000036619237100
-.660000  0.500000    0.0000044850218087
-.620000  0.500000    0.0000050082470243
-.580000  0.500000    0.0000056704417199
-.540000  0.500000    0.0000060512923556
-.500000  0.500000    0.0000063709551930
-.460000  0.500000    0.0000066396408811
-.420000  0.500000    0.0000068605931245
-.380000  0.500000    0.0000067916346162
-.340000  0.500000    0.0000069665671442
-.300000  0.500000    0.0000070968957428
-.260000  0.500000    0.0000069907988637
-.220000  0.500000    0.0000070968955119
-.180000  0.500000    0.0000070053636801
-.140000  0.500000    0.0000070656396968
-.100000  0.500000    0.0000070162335821
-.060000  0.500000    0.0000069823202377
-.020000  0.500000    0.0000069722119611
0.020000  0.500000    0.0000069863416711
0.060000  0.500000    0.0000070165695199
0.100000  0.500000    0.0000070493806424
0.140000  0.500000    0.0000070669017626
0.180000  0.500000    0.0000073082881730
0.220000  0.500000    0.0000073474472297
0.260000  0.500000    0.0000076650849731
0.300000  0.500000    0.0000076639315639
0.340000  0.500000    0.0000080354491557
0.380000  0.500000    0.0000084229805935
0.420000  0.500000    0.0000082848050559
0.460000  0.500000    0.0000086373173793
0.500000  0.500000    0.0000089569528412
0.540000  0.500000    0.0000092201714529
0.580000  0.500000    0.0000093973184341
0.620000  0.500000    0.0000102055391673
0.660000  0.500000    0.0000101395868411
0.700000  0.500000    0.0000106268679483
0.740000  0.500000    0.0000108373871885
0.780000  0.500000    0.0000106250320893
0.820000  0.500000    0.0000104443310325
0.860000  0.500000    0.0000114579225679
-.740000  0.540000    0.0000018613903687
-.700000  0.540000    0.0000033070945272
-.660000  0.540000    0.0000042758624493
-.620000  0.540000    0.0000049138590281
-.580000  0.540000    0.0000055890017200
-.540000  0.540000    0.0000060174040982
-.500000  0.540000    0.0000063703065165
-.460000  0.540000    0.0000066629792008
-.420000  0.540000    0.0000069019859929
-.380000  0.540000    0.0000068855712961
-.340000  0.540000    0.0000070663867680
-.300000  0.540000    0.0000071969480360
-.260000  0.540000    0.0000071283784570
-.220000  0.540000    0.0000072210426396
-.180000  0.540000    0.0000071579718443
-.140000  0.540000    0.0000071888863688
-.100000  0.540000    0.0000071549235479
-.060000  0.540000    0.0000071306372939
-.020000  0.540000    0.0000071237382213
0.020000  0.540000    0.0000071345910904
0.060000  0.540000    0.0000071571365743
0.100000  0.540000    0.0000071792114382
0.140000  0.540000    0.0000071843293785
0.180000  0.540000    0.0000074465212902
0.220000  0.540000    0.0000074718799123
0.260000  0.540000    0.0000078028432017
0.300000  0.540000    0.0000077907439146
0.340000  0.540000    0.0000081701781215
0.380000  0.540000    0.0000085613810417
0.420000  0.540000    0.0000084124464353
0.460000  0.540000    0.0000087620283547
0.500000  0.540000    0.0000090720024876
0.540000  0.540000    0.0000093166100318
0.580000  0.540000    0.0000094622365545
0.620000  0.540000    0.0000102323779676
0.660000  0.540000    0.0000100900479890
0.700000  0.540000    0.0000104779917022
0.740000  0.540000    0.0000105193802271
0.780000  0.540000    0.0000107818570184
0.820000  0.540000    0.0000112807627425
-.740000  0.580000    0.0000003704787423
-.700000  0.580000    0.0000026406106052
-.660000  0.580000    0.0000038677964754
-.620000  0.580000    0.0000047483458863
-.580000  0.580000    0.0000053419564623
-.540000  0.580000    0.0000059677883632
-.500000  0.580000    0.0000063694592350
-.460000  0.580000    0.0000066956111165
-.420000  0.580000    0.0000069564390208
-.380000  0.580000    0.0000070087459566
-.340000  0.580000    0.0000071943206481
-.300000  0.580000    0.0000073215270515
-.260000  0.580000    0.0000072994867147
-.220000  0.580000    0.0000073725637062
-.180000  0.580000    0.0000073429346657
-.140000  0.580000    0.0000073034469911
-.100000  0.580000    0.0000073211538400
-.060000  0.580000    0.0000073085215874
-.020000  0.580000    0.0000073060763649
0.020000  0.580000    0.0000073143526843
0.060000  0.580000    0.0000073284979130
0.100000  0.580000    0.0000073378495400
0.140000  0.580000    0.0000075666360417
0.180000  0.580000    0.0000076194373154
0.220000  0.580000    0.0000076238488979
0.260000  0.580000    0.0000079723463852
0.300000  0.580000    0.0000079374882209
0.340000  0.580000    0.0000083251506897
0.380000  0.580000    0.0000087182721829
0.420000  0.580000    0.0000085398950622
0.460000  0.580000    0.0000088796327249
0.500000  0.580000    0.0000091698135268
0.540000  0.580000    0.0000093815290807
0.580000  0.580000    0.0000102121299767
0.620000  0.580000    0.0000101940768590
0.660000  0.580000    0.0000107115672469
0.700000  0.580000    0.0000109493257279
0.740000  0.580000    0.0000107379976771
0.780000  0.580000    0.0000111696736285
-.700000  0.620000    0.0000013777841950
-.660000  0.620000    0.0000032683160202
-.620000  0.620000    0.0000043777679393
-.580000  0.620000    0.0000051999512400
-.540000  0.620000    0.0000057730732658
-.500000  0.620000    0.0000062215753504
-.460000  0.620000    0.0000065884629335
-.420000  0.620000    0.0000068939849118
-.380000  0.620000    0.0000071441302018
-.340000  0.620000    0.0000073353058963
-.300000  0.620000    0.0000074584746294
-.260000  0.620000    0.0000074929632471
-.220000  0.620000    0.0000075416959902
-.180000  0.620000    0.0000075515363549
-.140000  0.620000    0.0000075446388018
-.100000  0.620000    0.0000075369422820
-.060000  0.620000    0.0000075094891431
-.020000  0.620000    0.0000075132005684
0.020000  0.620000    0.0000075197652374
0.060000  0.620000    0.0000075251198576
0.100000  0.620000    0.0000077391206951
0.140000  0.620000    0.0000077947440573
0.180000  0.620000    0.0000078212839742
0.220000  0.620000    0.0000077970499193
0.260000  0.620000    0.0000081687095096
0.300000  0.620000    0.0000080984961148
0.340000  0.620000    0.0000084948272564
0.380000  0.620000    0.0000088875409356
0.420000  0.620000    0.0000092670901001
0.460000  0.620000    0.0000096167840409
0.500000  0.620000    0.0000099117978253
0.540000  0.620000    0.0000101175756866
0.580000  0.620000    0.0000101863489361
0.620000  0.620000    0.0000107983487386
0.660000  0.620000    0.0000104304775793
0.700000  0.620000    0.0000111872685982
0.740000  0.620000    0.0000112545725342
0.780000  0.620000    0.0000122642356643
-.660000  0.660000    0.0000020975346366
-.620000  0.660000    0.0000037879120636
-.580000  0.660000    0.0000048510234102
-.540000  0.660000    0.0000056254754636
-.500000  0.660000    0.0000061924925225
-.460000  0.660000    0.0000066338809007
-.420000  0.660000    0.0000069855698956
-.380000  0.660000    0.0000072621535087
-.340000  0.660000    0.0000074649387437
-.300000  0.660000    0.0000075743222381
-.260000  0.660000    0.0000076899237541
-.220000  0.660000    0.0000077376923361
-.180000  0.660000    0.0000077684260676
-.140000  0.660000    0.0000078004946165
-.100000  0.660000    0.0000078219354648
-.060000  0.660000    0.0000078450907071
-.020000  0.660000    0.0000078775448357
0.020000  0.660000    0.0000079206219977
0.060000  0.660000    0.0000079700054017
0.100000  0.660000    0.0000080164110724
0.140000  0.660000    0.0000080458281753
0.180000  0.660000    0.0000080404507519
0.220000  0.660000    0.0000084018377257
0.260000  0.660000    0.0000083792781593
0.300000  0.660000    0.0000087758114005
0.340000  0.660000    0.0000086642225080
0.380000  0.660000    0.0000090526997695
0.420000  0.660000    0.0000094142917580
0.460000  0.660000    0.0000097301622151
0.500000  0.660000    0.0000099710627482
0.540000  0.660000    0.0000100949574790
0.580000  0.660000    0.0000107810708034
0.620000  0.660000    0.0000105292376368
0.660000  0.660000    0.0000114149363243
0.700000  0.660000    0.0000117188709509
0.740000  0.660000    0.0000118059059199
-.620000  0.700000    0.0000026053733554
-.580000  0.700000    0.0000042529401045
-.540000  0.700000    0.0000052721633924
-.500000  0.700000    0.0000059998911476
-.460000  0.700000    0.0000065384474479
-.420000  0.700000    0.0000069939564492
-.380000  0.700000    0.0000073003848101
-.340000  0.700000    0.0000075671645499
-.300000  0.700000    0.0000077577539568
-.260000  0.700000    0.0000078825096493
-.220000  0.700000    0.0000079812008981
-.180000  0.700000    0.0000080570992205
-.140000  0.700000    0.0000080474187872
-.100000  0.700000    0.0000081042271417
-.060000  0.700000    0.0000081506918662
-.020000  0.700000    0.0000081942990816
0.020000  0.700000    0.0000082368953944
0.060000  0.700000    0.0000082749756208
0.100000  0.700000    0.0000083001735075
0.140000  0.700000    0.0000082994628095
0.180000  0.700000    0.0000086616648352
0.220000  0.700000    0.0000086600119572
0.260000  0.700000    0.0000090533760259
0.300000  0.700000    0.0000089941215919
0.340000  0.700000    0.0000093952661777
0.380000  0.700000    0.0000097784209984
0.420000  0.700000    0.0000095123795165
0.460000  0.700000    0.0000104243646328
0.500000  0.700000    0.0000106258749823
0.540000  0.700000    0.0000106779617695
0.580000  0.700000    0.0000112208106093
0.620000  0.700000    0.0000114766091520
0.660000  0.700000    0.0000119173189026
0.700000  0.700000    0.0000123540241763
-.580000  0.740000    0.0000028895442539
-.540000  0.740000    0.0000045786128836
-.500000  0.740000    0.0000056542568891
-.460000  0.740000    0.0000063610106954
-.420000  0.740000    0.0000069200596169
-.380000  0.740000    0.0000073399291310
-.340000  0.740000    0.0000076497315728
-.300000  0.740000    0.0000079235390389
-.260000  0.740000    0.0000080968458579
-.220000  0.740000    0.0000082568332135
-.180000  0.740000    0.0000083198281168
-.140000  0.740000    0.0000084313513052
-.100000  0.740000    0.0000085195103699
-.060000  0.740000    0.0000084254482099
-.020000  0.740000    0.0000084845577025
0.020000  0.740000    0.0000085290339017
0.060000  0.740000    0.0000085560178958
0.100000  0.740000    0.0000089019868720
0.140000  0.740000    0.0000089456926161
0.180000  0.740000    0.0000089473976518
0.220000  0.740000    0.0000093454489269
0.260000  0.740000    0.0000093090451956
0.300000  0.740000    0.0000097167674204
0.340000  0.740000    0.0000095577540926
0.380000  0.740000    0.0000099140514819
0.420000  0.740000    0.0000102111081288
0.460000  0.740000    0.0000104169177924
0.500000  0.740000    0.0000111680264240
0.540000  0.740000    0.0000110763673217
0.580000  0.740000    0.0000113814844714
0.620000  0.740000    0.0000118889485097
0.660000  0.740000    0.0000123621467276
-.540000  0.780000    0.0000029805507761
-.500000  0.780000    0.0000048342004895
-.460000  0.780000    0.0000058926028180
-.420000  0.780000    0.0000066957983587
-.380000  0.780000    0.0000072700079375
-.340000  0.780000    0.0000076916797585
-.300000  0.780000    0.0000079908226699
-.260000  0.780000    0.0000083147286213
-.220000  0.780000    0.0000084574742623
-.180000  0.780000    0.0000086663273553
-.140000  0.780000    0.0000086657544278
-.100000  0.780000    0.0000088118925979
-.060000  0.780000    0.0000089300126361
-.020000  0.780000    0.0000090287920338
0.020000  0.780000    0.0000091117413700
0.060000  0.780000    0.0000091763734245
0.100000  0.780000    0.0000092147146809
0.140000  0.780000    0.0000092134576187
0.180000  0.780000    0.0000096394358018
0.220000  0.780000    0.0000096038762643
0.260000  0.780000    0.0000100225244279
0.300000  0.780000    0.0000098837156846
0.340000  0.780000    0.0000102551564293
0.380000  0.780000    0.0000105701459301
0.420000  0.780000    0.0000108006793227
0.460000  0.780000    0.0000108967014178
0.500000  0.780000    0.0000114948147138
0.540000  0.780000    0.0000118081774464
0.580000  0.780000    0.0000122728369392
0.620000  0.780000    0.0000133927364819
-.500000  0.820000    0.0000025639283831
-.460000  0.820000    0.0000048538238586
-.420000  0.820000    0.0000062133873756
-.380000  0.820000    0.0000069450124440
-.340000  0.820000    0.0000075646188622
-.300000  0.820000    0.0000080000777334
-.260000  0.820000    0.0000084686137589
-.220000  0.820000    0.0000086862458929
-.180000  0.820000    0.0000089845103063
-.140000  0.820000    0.0000090417164159
-.100000  0.820000    0.0000092508186203
-.060000  0.820000    0.0000094221831426
-.020000  0.820000    0.0000095668780313
0.020000  0.820000    0.0000096896083744
0.060000  0.820000    0.0000097884857547
0.100000  0.820000    0.0000098550782091
0.140000  0.820000    0.0000098751498929
0.180000  0.820000    0.0000103115242204
0.220000  0.820000    0.0000102775867209
0.260000  0.820000    0.0000106884868570
0.300000  0.820000    0.0000105146884387
0.340000  0.820000    0.0000108362855892
0.380000  0.820000    0.0000110682203601
0.420000  0.820000    0.0000118027026820
0.460000  0.820000    0.0000117354823421
0.500000  0.820000    0.0000119896195102
0.540000  0.820000    0.0000129041798037
-.460000  0.860000    0.0000010614702969
-.420000  0.860000    0.0000045517736968
-.380000  0.860000    0.0000061257958910
-.340000  0.860000    0.0000072083917868
-.300000  0.860000    0.0000079235764173
-.260000  0.860000    0.0000084174311514
-.220000  0.860000    0.0000087457654552
-.180000  0.860000    0.0000091933678977
-.140000  0.860000    0.0000093035015034
-.100000  0.860000    0.0000096048852475
-.060000  0.860000    0.0000098486473284
-.020000  0.860000    0.0000100495559420
0.020000  0.860000    0.0000102141037516
0.060000  0.860000    0.0000103416687024
0.100000  0.860000    0.0000104237399852
0.140000  0.860000    0.0000104442706830
0.180000  0.860000    0.0000109029031982
0.220000  0.860000    0.0000108280360929
0.260000  0.860000    0.0000112177834765
0.300000  0.860000    0.0000115427213617
0.340000  0.860000    0.0000117776067516
0.380000  0.860000    0.0000118644442657
0.420000  0.860000    0.0000123496906081
0.460000  0.860000    0.0000130512882223
0.500000  0.860000    0.0000137502245921
-.380000  0.900000    0.0000029039510514
-.340000  0.900000    0.0000058135094271
-.300000  0.900000    0.0000070989992208
-.260000  0.900000    0.0000080508402161
-.220000  0.900000    0.0000086646802222
-.180000  0.900000    0.0000090528031525
-.140000  0.900000    0.0000096056032322
-.100000  0.900000    0.0000097049372193
-.060000  0.900000    0.0000100604008262
-.020000  0.900000    0.0000103390968593
0.020000  0.900000    0.0000105525975934
0.060000  0.900000    0.0000107018385545
0.100000  0.900000    0.0000107774058756
0.140000  0.900000    0.0000112888611209
0.180000  0.900000    0.0000112408981076
0.220000  0.900000    0.0000116427656147
0.260000  0.900000    0.0000119587856284
0.300000  0.900000    0.0000121534521441
0.340000  0.900000    0.0000127419485551
0.380000  0.900000    0.0000130239756195
0.420000  0.900000    0.0000136196881624
-.300000  0.940000    0.0000025413538920
-.260000  0.940000    0.0000062944389273
-.220000  0.940000    0.0000076767211048
-.180000  0.940000    0.0000086641231846
-.140000  0.940000    0.0000092445417087
-.100000  0.940000    0.0000099736123965
-.060000  0.940000    0.0000101119110960
-.020000  0.940000    0.0000105344322151
0.020000  0.940000    0.0000108408572056
0.060000  0.940000    0.0000110383666683
0.100000  0.940000    0.0000116394734874
0.140000  0.940000    0.0000116437161075
0.180000  0.940000    0.0000120552015029
0.220000  0.940000    0.0000123252169815
0.260000  0.940000    0.0000129507172749
0.300000  0.940000    0.0000131891588348
0.340000  0.940000    0.0000148559965189
-.180000  0.980000    0.0000008663491049
-.140000  0.980000    0.0000068500506958
-.100000  0.980000    0.0000088072503419
-.060000  0.980000    0.0000096763936442
-.020000  0.980000    0.0000100130991605
0.020000  0.980000    0.0000105655664416
0.060000  0.980000    0.0000114260417695
0.100000  0.980000    0.0000120170153580
0.140000  0.980000    0.0000122528214117
0.180000  0.980000    0.0000129899560687
