-.180000  -.980000    0.0000002744289022
-.140000  -.980000    0.0000028366268603
-.100000  -.980000    0.0000038860745228
-.060000  -.980000    0.0000044276005851
-.020000  -.980000    0.0000046965175482
0.020000  -.980000    0.0000049948682148
0.060000  -.980000    0.0000053575022909
0.100000  -.980000    0.0000055494633180
0.140000  -.980000    0.0000055194720564
0.180000  -.980000    0.0000054085535974
-.300000  -.940000    0.0000009167469457
-.260000  -.940000    0.0000026761765206
-.220000  -.940000    0.0000035010135711
-.180000  -.940000    0.0000041113308297
-.140000  -.940000    0.0000045010120751
-.100000  -.940000    0.0000049283326281
-.060000  -.940000    0.0000050469767016
-.020000  -.940000    0.0000052815315987
0.020000  -.940000    0.0000054437998157
0.060000  -.940000    0.0000055387508496
0.100000  -.940000    0.0000058257526346
0.140000  -.940000    0.0000057956739338
0.180000  -.940000    0.0000059458523246
0.220000  -.940000    0.0000059918396175
0.260000  -.940000    0.0000061244766638
0.300000  -.940000    0.0000059493740074
0.340000  -.940000    0.0000052323932331
-.380000  -.900000    0.0000010633922141
-.340000  -.900000    0.0000024610904447
-.300000  -.900000    0.0000032163143559
-.260000  -.900000    0.0000037954599269
-.220000  -.900000    0.0000041848227376
-.180000  -.900000    0.0000044313362907
-.140000  -.900000    0.0000047481912299
-.100000  -.900000    0.0000047933068959
-.060000  -.900000    0.0000049752949960
-.020000  -.900000    0.0000051077502613
0.020000  -.900000    0.0000051977957322
0.060000  -.900000    0.0000052482284695
0.100000  -.900000    0.0000052572576470
0.140000  -.900000    0.0000055295584768
0.180000  -.900000    0.0000054634559417
0.220000  -.900000    0.0000056576727645
0.260000  -.900000    0.0000057878275025
0.300000  -.900000    0.0000058255473491
0.340000  -.900000    0.0000060130403559
0.380000  -.900000    0.0000059218002812
0.420000  -.900000    0.0000056261860125
-.460000  -.860000    0.0000003381840415
-.420000  -.860000    0.0000018082724582
-.380000  -.860000    0.0000026539839507
-.340000  -.860000    0.0000032812375778
-.300000  -.860000    0.0000037169760550
-.260000  -.860000    0.0000040120675295
-.220000  -.860000    0.0000041913784778
-.180000  -.860000    0.0000044359855210
-.140000  -.860000    0.0000044471618766
-.100000  -.860000    0.0000045828382618
-.060000  -.860000    0.0000046823315181
-.020000  -.860000    0.0000047520634743
0.020000  -.860000    0.0000047976027163
0.060000  -.860000    0.0000048205552409
0.100000  -.860000    0.0000048185514139
0.140000  -.860000    0.0000047869001821
0.180000  -.860000    0.0000050570166299
0.220000  -.860000    0.0000049714215498
0.260000  -.860000    0.0000051954741862
0.300000  -.860000    0.0000053745082952
0.340000  -.860000    0.0000054787045702
0.380000  -.860000    0.0000054706777437
0.420000  -.860000    0.0000056247541514
0.460000  -.860000    0.0000057363976461
0.500000  -.860000    0.0000053073637771
-.500000  -.820000    0.0000008896045953
-.460000  -.820000    0.0000019384790588
-.420000  -.820000    0.0000026724673857
-.380000  -.820000    0.0000030998961482
-.340000  -.820000    0.0000034569395777
-.300000  -.820000    0.0000036962188285
-.260000  -.820000    0.0000039580411584
-.220000  -.820000    0.0000040247237266
-.180000  -.820000    0.0000041634965169
-.140000  -.820000    0.0000040995014370
-.100000  -.820000    0.0000041601961174
-.060000  -.820000    0.0000041987019900
-.020000  -.820000    0.0000042198178456
0.020000  -.820000    0.0000042273638596
0.060000  -.820000    0.0000042228147343
0.100000  -.820000    0.0000042040169083
0.140000  -.820000    0.0000041666732156
0.180000  -.820000    0.0000044421141157
0.220000  -.820000    0.0000043757367573
0.260000  -.820000    0.0000046466082009
0.300000  -.820000    0.0000045126286135
0.340000  -.820000    0.0000047154850658
0.380000  -.820000    0.0000048565159972
0.420000  -.820000    0.0000052937554169
0.460000  -.820000    0.0000051757203335
0.500000  -.820000    0.0000051906358734
0.540000  -.820000    0.0000052922802172
-.540000  -.780000    0.0000010273145034
-.500000  -.780000    0.0000018848281321
-.460000  -.780000    0.0000024541080794
-.420000  -.780000    0.0000029001740708
-.380000  -.780000    0.0000032227031267
-.340000  -.780000    0.0000034412544478
-.300000  -.780000    0.0000035687099995
-.260000  -.780000    0.0000037225549190
-.220000  -.780000    0.0000037114620527
-.180000  -.780000    0.0000037756210217
-.140000  -.780000    0.0000036559569816
-.100000  -.780000    0.0000036602760256
-.060000  -.780000    0.0000036492515909
-.020000  -.780000    0.0000036307057206
0.020000  -.780000    0.0000036057356047
0.060000  -.780000    0.0000035748969999
0.100000  -.780000    0.0000035372090818
0.140000  -.780000    0.0000034894684768
0.180000  -.780000    0.0000037503013570
0.220000  -.780000    0.0000036921887015
0.260000  -.780000    0.0000039751485399
0.300000  -.780000    0.0000038731758042
0.340000  -.780000    0.0000041254302330
0.380000  -.780000    0.0000043439935695
0.420000  -.780000    0.0000045006116451
0.460000  -.780000    0.0000045661431160
0.500000  -.780000    0.0000048937633137
0.540000  -.780000    0.0000049718735138
0.580000  -.780000    0.0000049725106494
0.620000  -.780000    0.0000045549319540
-.580000  -.740000    0.0000009548206460
-.540000  -.740000    0.0000017092620929
-.500000  -.740000    0.0000022768374841
-.460000  -.740000    0.0000026493942523
-.420000  -.740000    0.0000029532929866
-.380000  -.740000    0.0000031650447086
-.340000  -.740000    0.0000032935352724
-.300000  -.740000    0.0000034198939985
-.260000  -.740000    0.0000034161989269
-.220000  -.740000    0.0000034548566819
-.180000  -.740000    0.0000033542341391
-.140000  -.740000    0.0000033377903442
-.100000  -.740000    0.0000033042903952
-.060000  -.740000    0.0000031074103004
-.020000  -.740000    0.0000030542272908
0.020000  -.740000    0.0000030012675584
0.060000  -.740000    0.0000029477234459
0.100000  -.740000    0.0000031401785987
0.140000  -.740000    0.0000031077599393
0.180000  -.740000    0.0000030658190287
0.220000  -.740000    0.0000033347489739
0.260000  -.740000    0.0000032784668165
0.300000  -.740000    0.0000035744018203
0.340000  -.740000    0.0000034688795922
0.380000  -.740000    0.0000037226537174
0.420000  -.740000    0.0000039431768247
0.460000  -.740000    0.0000041012094837
0.500000  -.740000    0.0000046170877915
0.540000  -.740000    0.0000045057087041
0.580000  -.740000    0.0000046048598397
0.620000  -.740000    0.0000046739407584
0.660000  -.740000    0.0000043053011408
-.620000  -.700000    0.0000008077788492
-.580000  -.700000    0.0000015065768356
-.540000  -.700000    0.0000020028873710
-.500000  -.700000    0.0000024068874321
-.460000  -.700000    0.0000027143371005
-.420000  -.700000    0.0000029018673955
-.380000  -.700000    0.0000030730288249
-.340000  -.700000    0.0000031436169064
-.300000  -.700000    0.0000031523548599
-.260000  -.700000    0.0000031719511573
-.220000  -.700000    0.0000030866926647
-.180000  -.700000    0.0000030504936693
-.140000  -.700000    0.0000028956547598
-.100000  -.700000    0.0000028321793984
-.060000  -.700000    0.0000027627516819
-.020000  -.700000    0.0000026971480608
0.020000  -.700000    0.0000026390752511
0.060000  -.700000    0.0000025870163717
0.100000  -.700000    0.0000025394481194
0.140000  -.700000    0.0000024931859989
0.180000  -.700000    0.0000027094368174
0.220000  -.700000    0.0000026747761304
0.260000  -.700000    0.0000029557987866
0.300000  -.700000    0.0000028989317447
0.340000  -.700000    0.0000031939666806
0.380000  -.700000    0.0000034974651604
0.420000  -.700000    0.0000033332467564
0.460000  -.700000    0.0000040091436394
0.500000  -.700000    0.0000041454406245
0.540000  -.700000    0.0000041631508462
0.580000  -.700000    0.0000045014133806
0.620000  -.700000    0.0000045531034934
0.660000  -.700000    0.0000045793709281
0.700000  -.700000    0.0000041455189232
-.660000  -.660000    0.0000005952491273
-.620000  -.660000    0.0000012410758197
-.580000  -.660000    0.0000017412244376
-.540000  -.660000    0.0000021252159281
-.500000  -.660000    0.0000024272092341
-.460000  -.660000    0.0000026557946219
-.420000  -.660000    0.0000028120825211
-.380000  -.660000    0.0000029016664431
-.340000  -.660000    0.0000029315579160
-.300000  -.660000    0.0000029409149825
-.260000  -.660000    0.0000028724935716
-.220000  -.660000    0.0000028198305443
-.180000  -.660000    0.0000026864774110
-.140000  -.660000    0.0000026042497982
-.100000  -.660000    0.0000025185898127
-.060000  -.660000    0.0000024323797635
-.020000  -.660000    0.0000023578091542
0.020000  -.660000    0.0000022973524105
0.060000  -.660000    0.0000022491126976
0.100000  -.660000    0.0000022103367055
0.140000  -.660000    0.0000021766048894
0.180000  -.660000    0.0000021438015790
0.220000  -.660000    0.0000023673450038
0.260000  -.660000    0.0000023392645692
0.300000  -.660000    0.0000026227324456
0.340000  -.660000    0.0000025684433158
0.380000  -.660000    0.0000028470308630
0.420000  -.660000    0.0000031287440056
0.460000  -.660000    0.0000033835392386
0.500000  -.660000    0.0000035794032870
0.540000  -.660000    0.0000036903952965
0.580000  -.660000    0.0000041666729680
0.620000  -.660000    0.0000039627279012
0.660000  -.660000    0.0000044193470716
0.700000  -.660000    0.0000043224758177
0.740000  -.660000    0.0000036716085412
-.700000  -.620000    0.0000003413853897
-.660000  -.620000    0.0000009742465727
-.620000  -.620000    0.0000014622768081
-.580000  -.620000    0.0000018449234751
-.540000  -.620000    0.0000021611415402
-.500000  -.620000    0.0000024115622339
-.460000  -.620000    0.0000025910671954
-.420000  -.620000    0.0000027033943557
-.380000  -.620000    0.0000027558654652
-.340000  -.620000    0.0000027567395306
-.300000  -.620000    0.0000027135190895
-.260000  -.620000    0.0000026522630346
-.220000  -.620000    0.0000025383825225
-.180000  -.620000    0.0000024402257996
-.140000  -.620000    0.0000023367280986
-.100000  -.620000    0.0000022325119364
-.060000  -.620000    0.0000020724742650
-.020000  -.620000    0.0000019787448767
0.020000  -.620000    0.0000018968171201
0.060000  -.620000    0.0000018299474376
0.100000  -.620000    0.0000019201237530
0.140000  -.620000    0.0000018993129197
0.180000  -.620000    0.0000018806346419
0.220000  -.620000    0.0000018616833378
0.260000  -.620000    0.0000020885316777
0.300000  -.620000    0.0000020697263689
0.340000  -.620000    0.0000023386417046
0.380000  -.620000    0.0000026393560879
0.420000  -.620000    0.0000029535236931
0.460000  -.620000    0.0000032480004824
0.500000  -.620000    0.0000034890575905
0.540000  -.620000    0.0000036470415131
0.580000  -.620000    0.0000036963979491
0.620000  -.620000    0.0000041323617481
0.660000  -.620000    0.0000038182582638
0.700000  -.620000    0.0000041489918214
0.740000  -.620000    0.0000038604737154
0.780000  -.620000    0.0000033474210633
-.740000  -.580000    0.0000000756139179
-.700000  -.580000    0.0000007000295884
-.660000  -.580000    0.0000011692409141
-.620000  -.580000    0.0000015598669403
-.580000  -.580000    0.0000018887314749
-.540000  -.580000    0.0000021841405268
-.500000  -.580000    0.0000023807388299
-.460000  -.580000    0.0000025216501928
-.420000  -.580000    0.0000026073515483
-.380000  -.580000    0.0000026195788758
-.340000  -.580000    0.0000025978187468
-.300000  -.580000    0.0000025405702437
-.260000  -.580000    0.0000024581787008
-.220000  -.580000    0.0000023419111234
-.180000  -.580000    0.0000022264874745
-.140000  -.580000    0.0000021038848027
-.100000  -.580000    0.0000019607095639
-.060000  -.580000    0.0000018524311876
-.020000  -.580000    0.0000017541833258
0.020000  -.580000    0.0000016722721564
0.060000  -.580000    0.0000016098588038
0.100000  -.580000    0.0000015617856636
0.140000  -.580000    0.0000016677382477
0.180000  -.580000    0.0000016621596423
0.220000  -.580000    0.0000016557313617
0.260000  -.580000    0.0000018821676345
0.300000  -.580000    0.0000018732410450
0.340000  -.580000    0.0000021479816477
0.380000  -.580000    0.0000024665272449
0.420000  -.580000    0.0000023835240856
0.460000  -.580000    0.0000026522608228
0.500000  -.580000    0.0000028954753802
0.540000  -.580000    0.0000030907098866
0.580000  -.580000    0.0000037046124331
0.620000  -.580000    0.0000036728065994
0.660000  -.580000    0.0000040137508762
0.700000  -.580000    0.0000040765215311
0.740000  -.580000    0.0000037284292183
0.780000  -.580000    0.0000035760990431
-.740000  -.540000    0.0000004162133963
-.700000  -.540000    0.0000008781898091
-.660000  -.540000    0.0000012802635241
-.620000  -.540000    0.0000016061939766
-.580000  -.540000    0.0000019357962835
-.540000  -.540000    0.0000021537732519
-.500000  -.540000    0.0000023251924272
-.460000  -.540000    0.0000024424052212
-.420000  -.540000    0.0000025076921410
-.380000  -.540000    0.0000025028095760
-.340000  -.540000    0.0000024642936320
-.300000  -.540000    0.0000023960941764
-.260000  -.540000    0.0000022968518751
-.220000  -.540000    0.0000021790844862
-.180000  -.540000    0.0000020500594416
-.140000  -.540000    0.0000019158760750
-.100000  -.540000    0.0000017866710706
-.060000  -.540000    0.0000016717660890
-.020000  -.540000    0.0000015708485280
0.020000  -.540000    0.0000014898699537
0.060000  -.540000    0.0000014322490810
0.100000  -.540000    0.0000013915187317
0.140000  -.540000    0.0000013650542087
0.180000  -.540000    0.0000014897284776
0.220000  -.540000    0.0000014934852227
0.260000  -.540000    0.0000017192627665
0.300000  -.540000    0.0000017173458329
0.340000  -.540000    0.0000019958541933
0.380000  -.540000    0.0000023251292987
0.420000  -.540000    0.0000022426090810
0.460000  -.540000    0.0000025221487293
0.500000  -.540000    0.0000027818350616
0.540000  -.540000    0.0000029988273799
0.580000  -.540000    0.0000031543809638
0.620000  -.540000    0.0000037079741382
0.660000  -.540000    0.0000035890638759
0.700000  -.540000    0.0000037881326962
0.740000  -.540000    0.0000036833362287
0.780000  -.540000    0.0000035794039533
0.820000  -.540000    0.0000032945930785
-.780000  -.500000    0.0000001494609222
-.740000  -.500000    0.0000006051566504
-.700000  -.500000    0.0000009788512330
-.660000  -.500000    0.0000013251258357
-.620000  -.500000    0.0000016300948447
-.580000  -.500000    0.0000019289633436
-.540000  -.500000    0.0000021269681483
-.500000  -.500000    0.0000022786598054
-.460000  -.500000    0.0000023782115307
-.420000  -.500000    0.0000024282874570
-.380000  -.500000    0.0000024101065272
-.340000  -.500000    0.0000023587512950
-.300000  -.500000    0.0000022829658198
-.260000  -.500000    0.0000021715083019
-.220000  -.500000    0.0000020517763396
-.180000  -.500000    0.0000019130123184
-.140000  -.500000    0.0000017875355228
-.100000  -.500000    0.0000016518304516
-.060000  -.500000    0.0000015308350785
-.020000  -.500000    0.0000014286338285
0.020000  -.500000    0.0000013492358709
0.060000  -.500000    0.0000012965893584
0.100000  -.500000    0.0000012634093264
0.140000  -.500000    0.0000012450108487
0.180000  -.500000    0.0000013609569094
0.220000  -.500000    0.0000013724833674
0.260000  -.500000    0.0000015972104260
0.300000  -.500000    0.0000015994296787
0.340000  -.500000    0.0000018766947844
0.380000  -.500000    0.0000022096265336
0.420000  -.500000    0.0000021298803294
0.460000  -.500000    0.0000024127373644
0.500000  -.500000    0.0000026820515314
0.540000  -.500000    0.0000029152226633
0.580000  -.500000    0.0000030907202032
0.620000  -.500000    0.0000037161356365
0.660000  -.500000    0.0000036313028416
0.700000  -.500000    0.0000039570026194
0.740000  -.500000    0.0000040015157154
0.780000  -.500000    0.0000036210694522
0.820000  -.500000    0.0000031570630340
0.860000  -.500000    0.0000027151043403
-.780000  -.460000    0.0000003410288271
-.740000  -.460000    0.0000007090161243
-.700000  -.460000    0.0000010395761961
-.660000  -.460000    0.0000013532094802
-.620000  -.460000    0.0000016412821288
-.580000  -.460000    0.0000019310953284
-.540000  -.460000    0.0000021107676579
-.500000  -.460000    0.0000022464962115
-.460000  -.460000    0.0000023333921566
-.420000  -.460000    0.0000023741281594
-.380000  -.460000    0.0000023404614105
-.340000  -.460000    0.0000022807886860
-.300000  -.460000    0.0000022010667620
-.260000  -.460000    0.0000020811879176
-.220000  -.460000    0.0000019590049040
-.180000  -.460000    0.0000018133256616
-.140000  -.460000    0.0000016942763963
-.100000  -.460000    0.0000015546189033
-.060000  -.460000    0.0000014274059359
-.020000  -.460000    0.0000013249289280
0.020000  -.460000    0.0000012476829552
0.060000  -.460000    0.0000012000347189
0.100000  -.460000    0.0000011734818787
0.140000  -.460000    0.0000011621118578
0.180000  -.460000    0.0000012720312196
0.220000  -.460000    0.0000012887964488
0.260000  -.460000    0.0000015098666394
0.300000  -.460000    0.0000015138481243
0.340000  -.460000    0.0000017845068679
0.380000  -.460000    0.0000021124553309
0.420000  -.460000    0.0000020394592743
0.460000  -.460000    0.0000023191324787
0.500000  -.460000    0.0000025900246073
0.540000  -.460000    0.0000028328779092
0.580000  -.460000    0.0000030261525069
0.620000  -.460000    0.0000036884616382
0.660000  -.460000    0.0000036396254847
0.700000  -.460000    0.0000040647626061
0.740000  -.460000    0.0000036141709164
0.780000  -.460000    0.0000034570926952
0.820000  -.460000    0.0000032989404819
0.860000  -.460000    0.0000031603981005
-.820000  -.420000    0.0000000975915100
-.780000  -.420000    0.0000004370029177
-.740000  -.420000    0.0000007623547426
-.700000  -.420000    0.0000011240935148
-.660000  -.420000    0.0000013770149835
-.620000  -.420000    0.0000016462394071
-.580000  -.420000    0.0000019510922922
-.540000  -.420000    0.0000021138213762
-.500000  -.420000    0.0000022360585643
-.460000  -.420000    0.0000023138293601
-.420000  -.420000    0.0000023479569567
-.380000  -.420000    0.0000022912667068
-.340000  -.420000    0.0000022290726127
-.300000  -.420000    0.0000021477600347
-.260000  -.420000    0.0000020231540585
-.220000  -.420000    0.0000018993093661
-.180000  -.420000    0.0000017480953356
-.140000  -.420000    0.0000016321660535
-.100000  -.420000    0.0000014898957405
-.060000  -.420000    0.0000013589742242
-.020000  -.420000    0.0000012559029214
0.020000  -.420000    0.0000011809248405
0.060000  -.420000    0.0000011374001510
0.100000  -.420000    0.0000011178435281
0.140000  -.420000    0.0000011118076233
0.180000  -.420000    0.0000012168624827
0.220000  -.420000    0.0000012359191373
0.260000  -.420000    0.0000014504226211
0.300000  -.420000    0.0000014547523517
0.340000  -.420000    0.0000017126564659
0.380000  -.420000    0.0000020281700120
0.420000  -.420000    0.0000019695820918
0.460000  -.420000    0.0000022384774937
0.500000  -.420000    0.0000025060877893
0.540000  -.420000    0.0000027522080287
0.580000  -.420000    0.0000029584570879
0.620000  -.420000    0.0000036186821919
0.660000  -.420000    0.0000036077740756
0.700000  -.420000    0.0000035048596839
0.740000  -.420000    0.0000036990629217
0.780000  -.420000    0.0000036419581639
0.820000  -.420000    0.0000037424852940
0.860000  -.420000    0.0000030832796807
0.900000  -.420000    0.0000023282409782
-.820000  -.380000    0.0000002053305816
-.780000  -.380000    0.0000004925064769
-.740000  -.380000    0.0000008040718157
-.700000  -.380000    0.0000010883937803
-.660000  -.380000    0.0000014096939133
-.620000  -.380000    0.0000016568001690
-.580000  -.380000    0.0000018862353748
-.540000  -.380000    0.0000020738770056
-.500000  -.380000    0.0000022043997373
-.460000  -.380000    0.0000022739321163
-.420000  -.380000    0.0000022891717936
-.380000  -.380000    0.0000022602149163
-.340000  -.380000    0.0000021990233711
-.300000  -.380000    0.0000021210333761
-.260000  -.380000    0.0000019903167097
-.220000  -.380000    0.0000018664760565
-.180000  -.380000    0.0000017123112074
-.140000  -.380000    0.0000015977653470
-.100000  -.380000    0.0000014537469463
-.060000  -.380000    0.0000013213778006
-.020000  -.380000    0.0000012162773420
0.020000  -.380000    0.0000011443771041
0.060000  -.380000    0.0000011052881937
0.100000  -.380000    0.0000010907178531
0.140000  -.380000    0.0000010882532670
0.180000  -.380000    0.0000011893584689
0.220000  -.380000    0.0000012072296609
0.260000  -.380000    0.0000014109619554
0.300000  -.380000    0.0000014169132027
0.340000  -.380000    0.0000016554131452
0.380000  -.380000    0.0000019505930053
0.420000  -.380000    0.0000022746804137
0.460000  -.380000    0.0000026043760020
0.500000  -.380000    0.0000029172326615
0.540000  -.380000    0.0000031880811761
0.580000  -.380000    0.0000033923343239
0.620000  -.380000    0.0000035118175336
0.660000  -.380000    0.0000035396444694
0.700000  -.380000    0.0000040528478988
0.740000  -.380000    0.0000037254147374
0.780000  -.380000    0.0000037527351261
0.820000  -.380000    0.0000034351021717
0.860000  -.380000    0.0000030979189205
0.900000  -.380000    0.0000026804347903
-.820000  -.340000    0.0000002670330064
-.780000  -.340000    0.0000005319478002
-.740000  -.340000    0.0000008547139866
-.700000  -.340000    0.0000011043566208
-.660000  -.340000    0.0000014721178608
-.620000  -.340000    0.0000016903875949
-.580000  -.340000    0.0000018970383480
-.540000  -.340000    0.0000020668461450
-.500000  -.340000    0.0000021885696470
-.460000  -.340000    0.0000022563213182
-.420000  -.340000    0.0000022727369975
-.380000  -.340000    0.0000022470920864
-.340000  -.340000    0.0000021914572090
-.300000  -.340000    0.0000021093090130
-.260000  -.340000    0.0000019759404577
-.220000  -.340000    0.0000018554430521
-.180000  -.340000    0.0000017020833850
-.140000  -.340000    0.0000015872945169
-.100000  -.340000    0.0000014405774093
-.060000  -.340000    0.0000013084856930
-.020000  -.340000    0.0000012005009455
0.020000  -.340000    0.0000011325011110
0.060000  -.340000    0.0000010972227831
0.100000  -.340000    0.0000010857117487
0.140000  -.340000    0.0000010861125471
0.180000  -.340000    0.0000011817659083
0.220000  -.340000    0.0000011971838705
0.260000  -.340000    0.0000013832943622
0.300000  -.340000    0.0000016560750160
0.340000  -.340000    0.0000016094214348
0.380000  -.340000    0.0000018758481008
0.420000  -.340000    0.0000021718373917
0.460000  -.340000    0.0000024771833363
0.500000  -.340000    0.0000027722394008
0.540000  -.340000    0.0000030330725583
0.580000  -.340000    0.0000032405097557
0.620000  -.340000    0.0000033823019837
0.660000  -.340000    0.0000034546682529
0.700000  -.340000    0.0000039459221678
0.740000  -.340000    0.0000037041786688
0.780000  -.340000    0.0000037849997775
0.820000  -.340000    0.0000035632022373
0.860000  -.340000    0.0000034149788300
0.900000  -.340000    0.0000029983903407
0.940000  -.340000    0.0000017995741200
-.860000  -.300000    0.0000000754008028
-.820000  -.300000    0.0000003125634965
-.780000  -.300000    0.0000005807937180
-.740000  -.300000    0.0000008189599921
-.700000  -.300000    0.0000011484416241
-.660000  -.300000    0.0000014137938137
-.620000  -.300000    0.0000017746255868
-.580000  -.300000    0.0000019501763854
-.540000  -.300000    0.0000020987676996
-.500000  -.300000    0.0000022060441764
-.460000  -.300000    0.0000022671219270
-.420000  -.300000    0.0000022842955232
-.380000  -.300000    0.0000022635811721
-.340000  -.300000    0.0000022178233052
-.300000  -.300000    0.0000020983342075
-.260000  -.300000    0.0000019747896204
-.220000  -.300000    0.0000018627951289
-.180000  -.300000    0.0000017083924619
-.140000  -.300000    0.0000015937080412
-.100000  -.300000    0.0000014448643026
-.060000  -.300000    0.0000013132273703
-.020000  -.300000    0.0000012052574011
0.020000  -.300000    0.0000011392571741
0.060000  -.300000    0.0000011071063738
0.100000  -.300000    0.0000010975131187
0.140000  -.300000    0.0000010983406932
0.180000  -.300000    0.0000011856934117
0.220000  -.300000    0.0000011990914972
0.260000  -.300000    0.0000013619983957
0.300000  -.300000    0.0000016039235887
0.340000  -.300000    0.0000019073743336
0.380000  -.300000    0.0000018120928257
0.420000  -.300000    0.0000020744619440
0.460000  -.300000    0.0000023507297941
0.500000  -.300000    0.0000026243929788
0.540000  -.300000    0.0000028759342302
0.580000  -.300000    0.0000030899252094
0.620000  -.300000    0.0000032600815747
0.660000  -.300000    0.0000038820988245
0.700000  -.300000    0.0000038034180978
0.740000  -.300000    0.0000042087251124
0.780000  -.300000    0.0000037605972806
0.820000  -.300000    0.0000036104304656
0.860000  -.300000    0.0000035917345368
0.900000  -.300000    0.0000028913134423
0.940000  -.300000    0.0000021488555739
-.860000  -.260000    0.0000001122507602
-.820000  -.260000    0.0000003094972736
-.780000  -.260000    0.0000005478524343
-.740000  -.260000    0.0000008502873829
-.700000  -.260000    0.0000011400744261
-.660000  -.260000    0.0000014700387111
-.620000  -.260000    0.0000017019026247
-.580000  -.260000    0.0000019217481716
-.540000  -.260000    0.0000021037357817
-.500000  -.260000    0.0000022337488475
-.460000  -.260000    0.0000023035038187
-.420000  -.260000    0.0000023158203402
-.380000  -.260000    0.0000022764430801
-.340000  -.260000    0.0000021984234893
-.300000  -.260000    0.0000020971052356
-.260000  -.260000    0.0000019899167872
-.220000  -.260000    0.0000018744582767
-.180000  -.260000    0.0000017227374883
-.140000  -.260000    0.0000015802663576
-.100000  -.260000    0.0000014642091966
-.060000  -.260000    0.0000013313778491
-.020000  -.260000    0.0000012243851685
0.020000  -.260000    0.0000011582501810
0.060000  -.260000    0.0000011311231216
0.100000  -.260000    0.0000011195118372
0.140000  -.260000    0.0000011974472694
0.180000  -.260000    0.0000011943772890
0.220000  -.260000    0.0000013757107834
0.260000  -.260000    0.0000013446251197
0.300000  -.260000    0.0000015459409701
0.340000  -.260000    0.0000018049641522
0.380000  -.260000    0.0000020989378550
0.420000  -.260000    0.0000024087513604
0.460000  -.260000    0.0000027191485261
0.500000  -.260000    0.0000030100931084
0.540000  -.260000    0.0000032638095514
0.580000  -.260000    0.0000034642374138
0.620000  -.260000    0.0000036003516485
0.660000  -.260000    0.0000036664611690
0.700000  -.260000    0.0000042751554001
0.740000  -.260000    0.0000040185141534
0.780000  -.260000    0.0000042365570227
0.820000  -.260000    0.0000041528172365
0.860000  -.260000    0.0000036304999702
0.900000  -.260000    0.0000031247316064
0.940000  -.260000    0.0000025594865149
-.860000  -.220000    0.0000001368483163
-.820000  -.220000    0.0000003214202365
-.780000  -.220000    0.0000005855996138
-.740000  -.220000    0.0000008490838136
-.700000  -.220000    0.0000011728378147
-.660000  -.220000    0.0000014488405480
-.620000  -.220000    0.0000018045760809
-.580000  -.220000    0.0000019754174990
-.540000  -.220000    0.0000021200087533
-.500000  -.220000    0.0000022258991624
-.460000  -.220000    0.0000022855520463
-.420000  -.220000    0.0000022982916090
-.380000  -.220000    0.0000022693281333
-.340000  -.220000    0.0000022074846183
-.300000  -.220000    0.0000021255206280
-.260000  -.220000    0.0000020410158239
-.220000  -.220000    0.0000018798775558
-.180000  -.220000    0.0000017435460111
-.140000  -.220000    0.0000016099529584
-.100000  -.220000    0.0000014893901281
-.060000  -.220000    0.0000013579838636
-.020000  -.220000    0.0000012514676040
0.020000  -.220000    0.0000011869958890
0.060000  -.220000    0.0000011615634494
0.100000  -.220000    0.0000011457660876
0.140000  -.220000    0.0000012186715379
0.180000  -.220000    0.0000012034214148
0.220000  -.220000    0.0000013489911781
0.260000  -.220000    0.0000015733631519
0.300000  -.220000    0.0000014992900919
0.340000  -.220000    0.0000017096212350
0.380000  -.220000    0.0000019523904236
0.420000  -.220000    0.0000022166959589
0.460000  -.220000    0.0000024897652033
0.500000  -.220000    0.0000027525923742
0.540000  -.220000    0.0000029938873328
0.580000  -.220000    0.0000032052404341
0.620000  -.220000    0.0000033780926747
0.660000  -.220000    0.0000040459266379
0.700000  -.220000    0.0000039787472812
0.740000  -.220000    0.0000044674806049
0.780000  -.220000    0.0000040276553381
0.820000  -.220000    0.0000039821268840
0.860000  -.220000    0.0000035771681918
0.900000  -.220000    0.0000031929714313
0.940000  -.220000    0.0000024343670126
-.860000  -.180000    0.0000001418904979
-.820000  -.180000    0.0000003239476669
-.780000  -.180000    0.0000005625836753
-.740000  -.180000    0.0000008858374583
-.700000  -.180000    0.0000011657104709
-.660000  -.180000    0.0000015291077319
-.620000  -.180000    0.0000017455970354
-.580000  -.180000    0.0000019555270684
-.540000  -.180000    0.0000021347475000
-.500000  -.180000    0.0000022674154430
-.460000  -.180000    0.0000023463449803
-.420000  -.180000    0.0000023687624693
-.380000  -.180000    0.0000023375847054
-.340000  -.180000    0.0000022607436153
-.300000  -.180000    0.0000021513197991
-.260000  -.180000    0.0000020229954924
-.220000  -.180000    0.0000018936317522
-.180000  -.180000    0.0000018160981112
-.140000  -.180000    0.0000016347319128
-.100000  -.180000    0.0000015167104047
-.060000  -.180000    0.0000013891606336
-.020000  -.180000    0.0000012804127699
0.020000  -.180000    0.0000012199297458
0.060000  -.180000    0.0000011929945531
0.100000  -.180000    0.0000011714801052
0.140000  -.180000    0.0000012320248969
0.180000  -.180000    0.0000013985991135
0.220000  -.180000    0.0000013102209104
0.260000  -.180000    0.0000014868227636
0.300000  -.180000    0.0000017043015820
0.340000  -.180000    0.0000019550157063
0.380000  -.180000    0.0000022321739311
0.420000  -.180000    0.0000025199432848
0.460000  -.180000    0.0000028026754441
0.500000  -.180000    0.0000030685979319
0.540000  -.180000    0.0000033030257764
0.580000  -.180000    0.0000034938509078
0.620000  -.180000    0.0000036341847640
0.660000  -.180000    0.0000037209216208
0.700000  -.180000    0.0000043336421388
0.740000  -.180000    0.0000041206558129
0.780000  -.180000    0.0000043988399202
0.820000  -.180000    0.0000044174352030
0.860000  -.180000    0.0000040229704612
0.900000  -.180000    0.0000031483998033
0.940000  -.180000    0.0000025894497931
0.980000  -.180000    0.0000016245632044
-.900000  -.140000    0.0000000213684954
-.860000  -.140000    0.0000001550342956
-.820000  -.140000    0.0000003430375908
-.780000  -.140000    0.0000006407988897
-.740000  -.140000    0.0000008654467964
-.700000  -.140000    0.0000012535207679
-.660000  -.140000    0.0000014906912216
-.620000  -.140000    0.0000017507365649
-.580000  -.140000    0.0000020029275086
-.540000  -.140000    0.0000021925912120
-.500000  -.140000    0.0000022788773042
-.460000  -.140000    0.0000023264958531
-.420000  -.140000    0.0000023342150414
-.380000  -.140000    0.0000023034704917
-.340000  -.140000    0.0000022401536614
-.300000  -.140000    0.0000021527873104
-.260000  -.140000    0.0000021572099900
-.220000  -.140000    0.0000019789871799
-.180000  -.140000    0.0000018033545588
-.140000  -.140000    0.0000016542105554
-.100000  -.140000    0.0000015499516857
-.060000  -.140000    0.0000014186864011
-.020000  -.140000    0.0000013122329659
0.020000  -.140000    0.0000012516616271
0.060000  -.140000    0.0000012215828727
0.100000  -.140000    0.0000012869212065
0.140000  -.140000    0.0000012302965342
0.180000  -.140000    0.0000013368378884
0.220000  -.140000    0.0000015268431125
0.260000  -.140000    0.0000017471479387
0.300000  -.140000    0.0000015646961651
0.340000  -.140000    0.0000017705119327
0.380000  -.140000    0.0000019980615479
0.420000  -.140000    0.0000022281380040
0.460000  -.140000    0.0000024718126388
0.500000  -.140000    0.0000027268590399
0.540000  -.140000    0.0000029619323806
0.580000  -.140000    0.0000037936576492
0.620000  -.140000    0.0000039080445782
0.660000  -.140000    0.0000039554582767
0.700000  -.140000    0.0000039449390469
0.740000  -.140000    0.0000044075784789
0.780000  -.140000    0.0000040690807947
0.820000  -.140000    0.0000040693922630
0.860000  -.140000    0.0000037565597824
0.900000  -.140000    0.0000035424083325
0.940000  -.140000    0.0000025657139104
0.980000  -.140000    0.0000017614591965
-.900000  -.100000    0.0000000343710964
-.860000  -.100000    0.0000001426029533
-.820000  -.100000    0.0000003236222832
-.780000  -.100000    0.0000006011739960
-.740000  -.100000    0.0000008782865382
-.700000  -.100000    0.0000012159201418
-.660000  -.100000    0.0000014920938194
-.620000  -.100000    0.0000017928633316
-.580000  -.100000    0.0000020260539924
-.540000  -.100000    0.0000021641095012
-.500000  -.100000    0.0000022690083005
-.460000  -.100000    0.0000023324330055
-.420000  -.100000    0.0000023518135509
-.380000  -.100000    0.0000023278202774
-.340000  -.100000    0.0000022653361447
-.300000  -.100000    0.0000021711518315
-.260000  -.100000    0.0000020549541911
-.220000  -.100000    0.0000019274051490
-.180000  -.100000    0.0000018014679501
-.140000  -.100000    0.0000017674382748
-.100000  -.100000    0.0000015695249274
-.060000  -.100000    0.0000014433615285
-.020000  -.100000    0.0000013403535314
0.020000  -.100000    0.0000012795288296
0.060000  -.100000    0.0000012408166549
0.100000  -.100000    0.0000012881442197
0.140000  -.100000    0.0000014220287333
0.180000  -.100000    0.0000012728078356
0.220000  -.100000    0.0000013793936511
0.260000  -.100000    0.0000015353367964
0.300000  -.100000    0.0000016982949605
0.340000  -.100000    0.0000019240725059
0.380000  -.100000    0.0000021388608742
0.420000  -.100000    0.0000024063884447
0.460000  -.100000    0.0000026545481311
0.500000  -.100000    0.0000028766298302
0.540000  -.100000    0.0000031175718320
0.580000  -.100000    0.0000033182556941
0.620000  -.100000    0.0000041524687146
0.660000  -.100000    0.0000041737488155
0.700000  -.100000    0.0000041212919099
0.740000  -.100000    0.0000046607062353
0.780000  -.100000    0.0000042557734247
0.820000  -.100000    0.0000043012855093
0.860000  -.100000    0.0000040018846368
0.900000  -.100000    0.0000032782329373
0.940000  -.100000    0.0000029540270340
0.980000  -.100000    0.0000020589511388
-.900000  -.060000    0.0000000373595788
-.860000  -.060000    0.0000001421727436
-.820000  -.060000    0.0000003211042792
-.780000  -.060000    0.0000005850023639
-.740000  -.060000    0.0000009651488628
-.700000  -.060000    0.0000012037576933
-.660000  -.060000    0.0000015100956299
-.620000  -.060000    0.0000018310811453
-.580000  -.060000    0.0000020085481040
-.540000  -.060000    0.0000021640335094
-.500000  -.060000    0.0000022853269389
-.460000  -.060000    0.0000023639502983
-.420000  -.060000    0.0000023965161080
-.380000  -.060000    0.0000023836784449
-.340000  -.060000    0.0000023290153449
-.300000  -.060000    0.0000022389298749
-.260000  -.060000    0.0000021207290855
-.220000  -.060000    0.0000019836678217
-.180000  -.060000    0.0000018375245852
-.140000  -.060000    0.0000016933922077
-.100000  -.060000    0.0000015652763535
-.060000  -.060000    0.0000015230522049
-.020000  -.060000    0.0000013606411365
0.020000  -.060000    0.0000013032779405
0.060000  -.060000    0.0000013820959665
0.100000  -.060000    0.0000012483562604
0.140000  -.060000    0.0000012894783198
0.180000  -.060000    0.0000013794448424
0.220000  -.060000    0.0000015154548332
0.260000  -.060000    0.0000016770893197
0.300000  -.060000    0.0000018239754841
0.340000  -.060000    0.0000021144283068
0.380000  -.060000    0.0000023270228914
0.420000  -.060000    0.0000025236242234
0.460000  -.060000    0.0000028286533184
0.500000  -.060000    0.0000030241557951
0.540000  -.060000    0.0000032407149819
0.580000  -.060000    0.0000034303699212
0.620000  -.060000    0.0000035887014834
0.660000  -.060000    0.0000043367864206
0.700000  -.060000    0.0000042602360789
0.740000  -.060000    0.0000041251687531
0.780000  -.060000    0.0000044022890220
0.820000  -.060000    0.0000044781733136
0.860000  -.060000    0.0000041924268934
0.900000  -.060000    0.0000034432844691
0.940000  -.060000    0.0000026386268959
0.980000  -.060000    0.0000019851682770
-.900000  -.020000    0.0000000387315507
-.860000  -.020000    0.0000001448565849
-.820000  -.020000    0.0000003234421623
-.780000  -.020000    0.0000005804225238
-.740000  -.020000    0.0000009487773636
-.700000  -.020000    0.0000012020386777
-.660000  -.020000    0.0000015248115099
-.620000  -.020000    0.0000018177076552
-.580000  -.020000    0.0000020050087807
-.540000  -.020000    0.0000021706046735
-.500000  -.020000    0.0000023014864077
-.460000  -.020000    0.0000023894604145
-.420000  -.020000    0.0000024309041108
-.380000  -.020000    0.0000024266288944
-.340000  -.020000    0.0000023794533999
-.300000  -.020000    0.0000022963592470
-.260000  -.020000    0.0000021834584305
-.220000  -.020000    0.0000020500807245
-.180000  -.020000    0.0000019048487941
-.140000  -.020000    0.0000017565511415
-.100000  -.020000    0.0000016133282961
-.060000  -.020000    0.0000014823069216
-.020000  -.020000    0.0000013745971302
0.020000  -.020000    0.0000013151452837
0.060000  -.020000    0.0000013079200604
0.100000  -.020000    0.0000013363556206
0.140000  -.020000    0.0000013953113642
0.180000  -.020000    0.0000014642844410
0.220000  -.020000    0.0000016441561573
0.260000  -.020000    0.0000017123344386
0.300000  -.020000    0.0000020094170064
0.340000  -.020000    0.0000021425994373
0.380000  -.020000    0.0000023980493226
0.420000  -.020000    0.0000026762814274
0.460000  -.020000    0.0000027438173896
0.500000  -.020000    0.0000031469416742
0.540000  -.020000    0.0000033034705381
0.580000  -.020000    0.0000034943466141
0.620000  -.020000    0.0000036425059797
0.660000  -.020000    0.0000044231718280
0.700000  -.020000    0.0000043353532144
0.740000  -.020000    0.0000041816542359
0.780000  -.020000    0.0000044817886256
0.820000  -.020000    0.0000045728751511
0.860000  -.020000    0.0000042947587733
0.900000  -.020000    0.0000035364478793
0.940000  -.020000    0.0000027409224803
0.980000  -.020000    0.0000017053811510
-.900000  0.020000    0.0000000387315507
-.860000  0.020000    0.0000001448565849
-.820000  0.020000    0.0000003234421623
-.780000  0.020000    0.0000005804225238
-.740000  0.020000    0.0000009487773636
-.700000  0.020000    0.0000012020386777
-.660000  0.020000    0.0000015248115099
-.620000  0.020000    0.0000018177076552
-.580000  0.020000    0.0000020050087807
-.540000  0.020000    0.0000021706046735
-.500000  0.020000    0.0000023014864077
-.460000  0.020000    0.0000023894604145
-.420000  0.020000    0.0000024309041108
-.380000  0.020000    0.0000024266288944
-.340000  0.020000    0.0000023794533999
-.300000  0.020000    0.0000022963592470
-.260000  0.020000    0.0000021834584305
-.220000  0.020000    0.0000020500807245
-.180000  0.020000    0.0000019048487941
-.140000  0.020000    0.0000017565511415
-.100000  0.020000    0.0000016133282961
-.060000  0.020000    0.0000014823069216
-.020000  0.020000    0.0000013745971302
0.020000  0.020000    0.0000013151452837
0.060000  0.020000    0.0000013079200604
0.100000  0.020000    0.0000013363556206
0.140000  0.020000    0.0000013953113642
0.180000  0.020000    0.0000014642844410
0.220000  0.020000    0.0000016441561573
0.260000  0.020000    0.0000017123344386
0.300000  0.020000    0.0000020094170064
0.340000  0.020000    0.0000021425994373
0.380000  0.020000    0.0000023980493226
0.420000  0.020000    0.0000026762814274
0.460000  0.020000    0.0000027438173896
0.500000  0.020000    0.0000031469416742
0.540000  0.020000    0.0000033034705381
0.580000  0.020000    0.0000034943466141
0.620000  0.020000    0.0000036425059797
0.660000  0.020000    0.0000044231718280
0.700000  0.020000    0.0000043353532144
0.740000  0.020000    0.0000041816542359
0.780000  0.020000    0.0000044817886256
0.820000  0.020000    0.0000045728751511
0.860000  0.020000    0.0000042947587733
0.900000  0.020000    0.0000035364478793
0.940000  0.020000    0.0000027409224803
0.980000  0.020000    0.0000017053811510
-.900000  0.060000    0.0000000373595788
-.860000  0.060000    0.0000001421727436
-.820000  0.060000    0.0000003211042792
-.780000  0.060000    0.0000005850023639
-.740000  0.060000    0.0000009651488628
-.700000  0.060000    0.0000012037576933
-.660000  0.060000    0.0000015100956299
-.620000  0.060000    0.0000018310811453
-.580000  0.060000    0.0000020085481040
-.540000  0.060000    0.0000021640335094
-.500000  0.060000    0.0000022853269389
-.460000  0.060000    0.0000023639502983
-.420000  0.060000    0.0000023965161080
-.380000  0.060000    0.0000023836784449
-.340000  0.060000    0.0000023290153449
-.300000  0.060000    0.0000022389298749
-.260000  0.060000    0.0000021207290855
-.220000  0.060000    0.0000019836678217
-.180000  0.060000    0.0000018375245852
-.140000  0.060000    0.0000016933922077
-.100000  0.060000    0.0000015652763535
-.060000  0.060000    0.0000015230522049
-.020000  0.060000    0.0000013606411365
0.020000  0.060000    0.0000013032779405
0.060000  0.060000    0.0000013820959665
0.100000  0.060000    0.0000012483562604
0.140000  0.060000    0.0000012894783198
0.180000  0.060000    0.0000013794448424
0.220000  0.060000    0.0000015154548332
0.260000  0.060000    0.0000016770893197
0.300000  0.060000    0.0000018239754841
0.340000  0.060000    0.0000021144283068
0.380000  0.060000    0.0000023270228914
0.420000  0.060000    0.0000025236242234
0.460000  0.060000    0.0000028286533184
0.500000  0.060000    0.0000030241557951
0.540000  0.060000    0.0000032407149819
0.580000  0.060000    0.0000034303699212
0.620000  0.060000    0.0000035887014834
0.660000  0.060000    0.0000043367864206
0.700000  0.060000    0.0000042602360789
0.740000  0.060000    0.0000041251687531
0.780000  0.060000    0.0000044022890220
0.820000  0.060000    0.0000044781733136
0.860000  0.060000    0.0000041924268934
0.900000  0.060000    0.0000034432844691
0.940000  0.060000    0.0000026386268959
0.980000  0.060000    0.0000019851682770
-.900000  0.100000    0.0000000343710964
-.860000  0.100000    0.0000001426029533
-.820000  0.100000    0.0000003236222832
-.780000  0.100000    0.0000006011739960
-.740000  0.100000    0.0000008782865382
-.700000  0.100000    0.0000012159201418
-.660000  0.100000    0.0000014920938194
-.620000  0.100000    0.0000017928633316
-.580000  0.100000    0.0000020260539924
-.540000  0.100000    0.0000021641095012
-.500000  0.100000    0.0000022690083005
-.460000  0.100000    0.0000023324330055
-.420000  0.100000    0.0000023518135509
-.380000  0.100000    0.0000023278202774
-.340000  0.100000    0.0000022653361447
-.300000  0.100000    0.0000021711518315
-.260000  0.100000    0.0000020549541911
-.220000  0.100000    0.0000019274051490
-.180000  0.100000    0.0000018014679501
-.140000  0.100000    0.0000017674382748
-.100000  0.100000    0.0000015695249274
-.060000  0.100000    0.0000014433615285
-.020000  0.100000    0.0000013403535314
0.020000  0.100000    0.0000012795288296
0.060000  0.100000    0.0000012408166549
0.100000  0.100000    0.0000012881442197
0.140000  0.100000    0.0000014220287333
0.180000  0.100000    0.0000012728078356
0.220000  0.100000    0.0000013793936511
0.260000  0.100000    0.0000015353367964
0.300000  0.100000    0.0000016982949605
0.340000  0.100000    0.0000019240725059
0.380000  0.100000    0.0000021388608742
0.420000  0.100000    0.0000024063884447
0.460000  0.100000    0.0000026545481311
0.500000  0.100000    0.0000028766298302
0.540000  0.100000    0.0000031175718320
0.580000  0.100000    0.0000033182556941
0.620000  0.100000    0.0000041524687146
0.660000  0.100000    0.0000041737488155
0.700000  0.100000    0.0000041212919099
0.740000  0.100000    0.0000046607062353
0.780000  0.100000    0.0000042557734247
0.820000  0.100000    0.0000043012855093
0.860000  0.100000    0.0000040018846368
0.900000  0.100000    0.0000032782329373
0.940000  0.100000    0.0000029540270340
0.980000  0.100000    0.0000020589511388
-.900000  0.140000    0.0000000213684954
-.860000  0.140000    0.0000001550342956
-.820000  0.140000    0.0000003430375908
-.780000  0.140000    0.0000006407988897
-.740000  0.140000    0.0000008654467964
-.700000  0.140000    0.0000012535207679
-.660000  0.140000    0.0000014906912216
-.620000  0.140000    0.0000017507365649
-.580000  0.140000    0.0000020029275086
-.540000  0.140000    0.0000021925912120
-.500000  0.140000    0.0000022788773042
-.460000  0.140000    0.0000023264958531
-.420000  0.140000    0.0000023342150414
-.380000  0.140000    0.0000023034704917
-.340000  0.140000    0.0000022401536614
-.300000  0.140000    0.0000021527873104
-.260000  0.140000    0.0000021572099900
-.220000  0.140000    0.0000019789871799
-.180000  0.140000    0.0000018033545588
-.140000  0.140000    0.0000016542105554
-.100000  0.140000    0.0000015499516857
-.060000  0.140000    0.0000014186864011
-.020000  0.140000    0.0000013122329659
0.020000  0.140000    0.0000012516616271
0.060000  0.140000    0.0000012215828727
0.100000  0.140000    0.0000012869212065
0.140000  0.140000    0.0000012302965342
0.180000  0.140000    0.0000013368378884
0.220000  0.140000    0.0000015268431125
0.260000  0.140000    0.0000017471479387
0.300000  0.140000    0.0000015646961651
0.340000  0.140000    0.0000017705119327
0.380000  0.140000    0.0000019980615479
0.420000  0.140000    0.0000022281380040
0.460000  0.140000    0.0000024718126388
0.500000  0.140000    0.0000027268590399
0.540000  0.140000    0.0000029619323806
0.580000  0.140000    0.0000037936576492
0.620000  0.140000    0.0000039080445782
0.660000  0.140000    0.0000039554582767
0.700000  0.140000    0.0000039449390469
0.740000  0.140000    0.0000044075784789
0.780000  0.140000    0.0000040690807947
0.820000  0.140000    0.0000040693922630
0.860000  0.140000    0.0000037565597824
0.900000  0.140000    0.0000035424083325
0.940000  0.140000    0.0000025657139104
0.980000  0.140000    0.0000017614591965
-.860000  0.180000    0.0000001418904979
-.820000  0.180000    0.0000003239476669
-.780000  0.180000    0.0000005625836753
-.740000  0.180000    0.0000008858374583
-.700000  0.180000    0.0000011657104709
-.660000  0.180000    0.0000015291077319
-.620000  0.180000    0.0000017455970354
-.580000  0.180000    0.0000019555270684
-.540000  0.180000    0.0000021347475000
-.500000  0.180000    0.0000022674154430
-.460000  0.180000    0.0000023463449803
-.420000  0.180000    0.0000023687624693
-.380000  0.180000    0.0000023375847054
-.340000  0.180000    0.0000022607436153
-.300000  0.180000    0.0000021513197991
-.260000  0.180000    0.0000020229954924
-.220000  0.180000    0.0000018936317522
-.180000  0.180000    0.0000018160981112
-.140000  0.180000    0.0000016347319128
-.100000  0.180000    0.0000015167104047
-.060000  0.180000    0.0000013891606336
-.020000  0.180000    0.0000012804127699
0.020000  0.180000    0.0000012199297458
0.060000  0.180000    0.0000011929945531
0.100000  0.180000    0.0000011714801052
0.140000  0.180000    0.0000012320248969
0.180000  0.180000    0.0000013985991135
0.220000  0.180000    0.0000013102209104
0.260000  0.180000    0.0000014868227636
0.300000  0.180000    0.0000017043015820
0.340000  0.180000    0.0000019550157063
0.380000  0.180000    0.0000022321739311
0.420000  0.180000    0.0000025199432848
0.460000  0.180000    0.0000028026754441
0.500000  0.180000    0.0000030685979319
0.540000  0.180000    0.0000033030257764
0.580000  0.180000    0.0000034938509078
0.620000  0.180000    0.0000036341847640
0.660000  0.180000    0.0000037209216208
0.700000  0.180000    0.0000043336421388
0.740000  0.180000    0.0000041206558129
0.780000  0.180000    0.0000043988399202
0.820000  0.180000    0.0000044174352030
0.860000  0.180000    0.0000040229704612
0.900000  0.180000    0.0000031483998033
0.940000  0.180000    0.0000025894497931
0.980000  0.180000    0.0000016245632044
-.860000  0.220000    0.0000001368483163
-.820000  0.220000    0.0000003214202365
-.780000  0.220000    0.0000005855996138
-.740000  0.220000    0.0000008490838136
-.700000  0.220000    0.0000011728378147
-.660000  0.220000    0.0000014488405480
-.620000  0.220000    0.0000018045760809
-.580000  0.220000    0.0000019754174990
-.540000  0.220000    0.0000021200087533
-.500000  0.220000    0.0000022258991624
-.460000  0.220000    0.0000022855520463
-.420000  0.220000    0.0000022982916090
-.380000  0.220000    0.0000022693281333
-.340000  0.220000    0.0000022074846183
-.300000  0.220000    0.0000021255206280
-.260000  0.220000    0.0000020410158239
-.220000  0.220000    0.0000018798775558
-.180000  0.220000    0.0000017435460111
-.140000  0.220000    0.0000016099529584
-.100000  0.220000    0.0000014893901281
-.060000  0.220000    0.0000013579838636
-.020000  0.220000    0.0000012514676040
0.020000  0.220000    0.0000011869958890
0.060000  0.220000    0.0000011615634494
0.100000  0.220000    0.0000011457660876
0.140000  0.220000    0.0000012186715379
0.180000  0.220000    0.0000012034214148
0.220000  0.220000    0.0000013489911781
0.260000  0.220000    0.0000015733631519
0.300000  0.220000    0.0000014992900919
0.340000  0.220000    0.0000017096212350
0.380000  0.220000    0.0000019523904236
0.420000  0.220000    0.0000022166959589
0.460000  0.220000    0.0000024897652033
0.500000  0.220000    0.0000027525923742
0.540000  0.220000    0.0000029938873328
0.580000  0.220000    0.0000032052404341
0.620000  0.220000    0.0000033780926747
0.660000  0.220000    0.0000040459266379
0.700000  0.220000    0.0000039787472812
0.740000  0.220000    0.0000044674806049
0.780000  0.220000    0.0000040276553381
0.820000  0.220000    0.0000039821268840
0.860000  0.220000    0.0000035771681918
0.900000  0.220000    0.0000031929714313
0.940000  0.220000    0.0000024343670126
-.860000  0.260000    0.0000001122507602
-.820000  0.260000    0.0000003094972736
-.780000  0.260000    0.0000005478524343
-.740000  0.260000    0.0000008502873829
-.700000  0.260000    0.0000011400744261
-.660000  0.260000    0.0000014700387111
-.620000  0.260000    0.0000017019026247
-.580000  0.260000    0.0000019217481716
-.540000  0.260000    0.0000021037357817
-.500000  0.260000    0.0000022337488475
-.460000  0.260000    0.0000023035038187
-.420000  0.260000    0.0000023158203402
-.380000  0.260000    0.0000022764430801
-.340000  0.260000    0.0000021984234893
-.300000  0.260000    0.0000020971052356
-.260000  0.260000    0.0000019899167872
-.220000  0.260000    0.0000018744582767
-.180000  0.260000    0.0000017227374883
-.140000  0.260000    0.0000015802663576
-.100000  0.260000    0.0000014642091966
-.060000  0.260000    0.0000013313778491
-.020000  0.260000    0.0000012243851685
0.020000  0.260000    0.0000011582501810
0.060000  0.260000    0.0000011311231216
0.100000  0.260000    0.0000011195118372
0.140000  0.260000    0.0000011974472694
0.180000  0.260000    0.0000011943772890
0.220000  0.260000    0.0000013757107834
0.260000  0.260000    0.0000013446251197
0.300000  0.260000    0.0000015459409701
0.340000  0.260000    0.0000018049641522
0.380000  0.260000    0.0000020989378550
0.420000  0.260000    0.0000024087513604
0.460000  0.260000    0.0000027191485261
0.500000  0.260000    0.0000030100931084
0.540000  0.260000    0.0000032638095514
0.580000  0.260000    0.0000034642374138
0.620000  0.260000    0.0000036003516485
0.660000  0.260000    0.0000036664611690
0.700000  0.260000    0.0000042751554001
0.740000  0.260000    0.0000040185141534
0.780000  0.260000    0.0000042365570227
0.820000  0.260000    0.0000041528172365
0.860000  0.260000    0.0000036304999702
0.900000  0.260000    0.0000031247316064
0.940000  0.260000    0.0000025594865149
-.860000  0.300000    0.0000000754008028
-.820000  0.300000    0.0000003125634965
-.780000  0.300000    0.0000005807937180
-.740000  0.300000    0.0000008189599921
-.700000  0.300000    0.0000011484416241
-.660000  0.300000    0.0000014137938137
-.620000  0.300000    0.0000017746255868
-.580000  0.300000    0.0000019501763854
-.540000  0.300000    0.0000020987676996
-.500000  0.300000    0.0000022060441764
-.460000  0.300000    0.0000022671219270
-.420000  0.300000    0.0000022842955232
-.380000  0.300000    0.0000022635811721
-.340000  0.300000    0.0000022178233052
-.300000  0.300000    0.0000020983342075
-.260000  0.300000    0.0000019747896204
-.220000  0.300000    0.0000018627951289
-.180000  0.300000    0.0000017083924619
-.140000  0.300000    0.0000015937080412
-.100000  0.300000    0.0000014448643026
-.060000  0.300000    0.0000013132273703
-.020000  0.300000    0.0000012052574011
0.020000  0.300000    0.0000011392571741
0.060000  0.300000    0.0000011071063738
0.100000  0.300000    0.0000010975131187
0.140000  0.300000    0.0000010983406932
0.180000  0.300000    0.0000011856934117
0.220000  0.300000    0.0000011990914972
0.260000  0.300000    0.0000013619983957
0.300000  0.300000    0.0000016039235887
0.340000  0.300000    0.0000019073743336
0.380000  0.300000    0.0000018120928257
0.420000  0.300000    0.0000020744619440
0.460000  0.300000    0.0000023507297941
0.500000  0.300000    0.0000026243929788
0.540000  0.300000    0.0000028759342302
0.580000  0.300000    0.0000030899252094
0.620000  0.300000    0.0000032600815747
0.660000  0.300000    0.0000038820988245
0.700000  0.300000    0.0000038034180978
0.740000  0.300000    0.0000042087251124
0.780000  0.300000    0.0000037605972806
0.820000  0.300000    0.0000036104304656
0.860000  0.300000    0.0000035917345368
0.900000  0.300000    0.0000028913134423
0.940000  0.300000    0.0000021488555739
-.820000  0.340000    0.0000002670330064
-.780000  0.340000    0.0000005319478002
-.740000  0.340000    0.0000008547139866
-.700000  0.340000    0.0000011043566208
-.660000  0.340000    0.0000014721178608
-.620000  0.340000    0.0000016903875949
-.580000  0.340000    0.0000018970383480
-.540000  0.340000    0.0000020668461450
-.500000  0.340000    0.0000021885696470
-.460000  0.340000    0.0000022563213182
-.420000  0.340000    0.0000022727369975
-.380000  0.340000    0.0000022470920864
-.340000  0.340000    0.0000021914572090
-.300000  0.340000    0.0000021093090130
-.260000  0.340000    0.0000019759404577
-.220000  0.340000    0.0000018554430521
-.180000  0.340000    0.0000017020833850
-.140000  0.340000    0.0000015872945169
-.100000  0.340000    0.0000014405774093
-.060000  0.340000    0.0000013084856930
-.020000  0.340000    0.0000012005009455
0.020000  0.340000    0.0000011325011110
0.060000  0.340000    0.0000010972227831
0.100000  0.340000    0.0000010857117487
0.140000  0.340000    0.0000010861125471
0.180000  0.340000    0.0000011817659083
0.220000  0.340000    0.0000011971838705
0.260000  0.340000    0.0000013832943622
0.300000  0.340000    0.0000016560750160
0.340000  0.340000    0.0000016094214348
0.380000  0.340000    0.0000018758481008
0.420000  0.340000    0.0000021718373917
0.460000  0.340000    0.0000024771833363
0.500000  0.340000    0.0000027722394008
0.540000  0.340000    0.0000030330725583
0.580000  0.340000    0.0000032405097557
0.620000  0.340000    0.0000033823019837
0.660000  0.340000    0.0000034546682529
0.700000  0.340000    0.0000039459221678
0.740000  0.340000    0.0000037041786688
0.780000  0.340000    0.0000037849997775
0.820000  0.340000    0.0000035632022373
0.860000  0.340000    0.0000034149788300
0.900000  0.340000    0.0000029983903407
0.940000  0.340000    0.0000017995741200
-.820000  0.380000    0.0000002053305816
-.780000  0.380000    0.0000004925064769
-.740000  0.380000    0.0000008040718157
-.700000  0.380000    0.0000010883937803
-.660000  0.380000    0.0000014096939133
-.620000  0.380000    0.0000016568001690
-.580000  0.380000    0.0000018862353748
-.540000  0.380000    0.0000020738770056
-.500000  0.380000    0.0000022043997373
-.460000  0.380000    0.0000022739321163
-.420000  0.380000    0.0000022891717936
-.380000  0.380000    0.0000022602149163
-.340000  0.380000    0.0000021990233711
-.300000  0.380000    0.0000021210333761
-.260000  0.380000    0.0000019903167097
-.220000  0.380000    0.0000018664760565
-.180000  0.380000    0.0000017123112074
-.140000  0.380000    0.0000015977653470
-.100000  0.380000    0.0000014537469463
-.060000  0.380000    0.0000013213778006
-.020000  0.380000    0.0000012162773420
0.020000  0.380000    0.0000011443771041
0.060000  0.380000    0.0000011052881937
0.100000  0.380000    0.0000010907178531
0.140000  0.380000    0.0000010882532670
0.180000  0.380000    0.0000011893584689
0.220000  0.380000    0.0000012072296609
0.260000  0.380000    0.0000014109619554
0.300000  0.380000    0.0000014169132027
0.340000  0.380000    0.0000016554131452
0.380000  0.380000    0.0000019505930053
0.420000  0.380000    0.0000022746804137
0.460000  0.380000    0.0000026043760020
0.500000  0.380000    0.0000029172326615
0.540000  0.380000    0.0000031880811761
0.580000  0.380000    0.0000033923343239
0.620000  0.380000    0.0000035118175336
0.660000  0.380000    0.0000035396444694
0.700000  0.380000    0.0000040528478988
0.740000  0.380000    0.0000037254147374
0.780000  0.380000    0.0000037527351261
0.820000  0.380000    0.0000034351021717
0.860000  0.380000    0.0000030979189205
0.900000  0.380000    0.0000026804347903
-.820000  0.420000    0.0000000975915100
-.780000  0.420000    0.0000004370029177
-.740000  0.420000    0.0000007623547426
-.700000  0.420000    0.0000011240935148
-.660000  0.420000    0.0000013770149835
-.620000  0.420000    0.0000016462394071
-.580000  0.420000    0.0000019510922922
-.540000  0.420000    0.0000021138213762
-.500000  0.420000    0.0000022360585643
-.460000  0.420000    0.0000023138293601
-.420000  0.420000    0.0000023479569567
-.380000  0.420000    0.0000022912667068
-.340000  0.420000    0.0000022290726127
-.300000  0.420000    0.0000021477600347
-.260000  0.420000    0.0000020231540585
-.220000  0.420000    0.0000018993093661
-.180000  0.420000    0.0000017480953356
-.140000  0.420000    0.0000016321660535
-.100000  0.420000    0.0000014898957405
-.060000  0.420000    0.0000013589742242
-.020000  0.420000    0.0000012559029214
0.020000  0.420000    0.0000011809248405
0.060000  0.420000    0.0000011374001510
0.100000  0.420000    0.0000011178435281
0.140000  0.420000    0.0000011118076233
0.180000  0.420000    0.0000012168624827
0.220000  0.420000    0.0000012359191373
0.260000  0.420000    0.0000014504226211
0.300000  0.420000    0.0000014547523517
0.340000  0.420000    0.0000017126564659
0.380000  0.420000    0.0000020281700120
0.420000  0.420000    0.0000019695820918
0.460000  0.420000    0.0000022384774937
0.500000  0.420000    0.0000025060877893
0.540000  0.420000    0.0000027522080287
0.580000  0.420000    0.0000029584570879
0.620000  0.420000    0.0000036186821919
0.660000  0.420000    0.0000036077740756
0.700000  0.420000    0.0000035048596839
0.740000  0.420000    0.0000036990629217
0.780000  0.420000    0.0000036419581639
0.820000  0.420000    0.0000037424852940
0.860000  0.420000    0.0000030832796807
0.900000  0.420000    0.0000023282409782
-.780000  0.460000    0.0000003410288271
-.740000  0.460000    0.0000007090161243
-.700000  0.460000    0.0000010395761961
-.660000  0.460000    0.0000013532094802
-.620000  0.460000    0.0000016412821288
-.580000  0.460000    0.0000019310953284
-.540000  0.460000    0.0000021107676579
-.500000  0.460000    0.0000022464962115
-.460000  0.460000    0.0000023333921566
-.420000  0.460000    0.0000023741281594
-.380000  0.460000    0.0000023404614105
-.340000  0.460000    0.0000022807886860
-.300000  0.460000    0.0000022010667620
-.260000  0.460000    0.0000020811879176
-.220000  0.460000    0.0000019590049040
-.180000  0.460000    0.0000018133256616
-.140000  0.460000    0.0000016942763963
-.100000  0.460000    0.0000015546189033
-.060000  0.460000    0.0000014274059359
-.020000  0.460000    0.0000013249289280
0.020000  0.460000    0.0000012476829552
0.060000  0.460000    0.0000012000347189
0.100000  0.460000    0.0000011734818787
0.140000  0.460000    0.0000011621118578
0.180000  0.460000    0.0000012720312196
0.220000  0.460000    0.0000012887964488
0.260000  0.460000    0.0000015098666394
0.300000  0.460000    0.0000015138481243
0.340000  0.460000    0.0000017845068679
0.380000  0.460000    0.0000021124553309
0.420000  0.460000    0.0000020394592743
0.460000  0.460000    0.0000023191324787
0.500000  0.460000    0.0000025900246073
0.540000  0.460000    0.0000028328779092
0.580000  0.460000    0.0000030261525069
0.620000  0.460000    0.0000036884616382
0.660000  0.460000    0.0000036396254847
0.700000  0.460000    0.0000040647626061
0.740000  0.460000    0.0000036141709164
0.780000  0.460000    0.0000034570926952
0.820000  0.460000    0.0000032989404819
0.860000  0.460000    0.0000031603981005
-.780000  0.500000    0.0000001494609222
-.740000  0.500000    0.0000006051566504
-.700000  0.500000    0.0000009788512330
-.660000  0.500000    0.0000013251258357
-.620000  0.500000    0.0000016300948447
-.580000  0.500000    0.0000019289633436
-.540000  0.500000    0.0000021269681483
-.500000  0.500000    0.0000022786598054
-.460000  0.500000    0.0000023782115307
-.420000  0.500000    0.0000024282874570
-.380000  0.500000    0.0000024101065272
-.340000  0.500000    0.0000023587512950
-.300000  0.500000    0.0000022829658198
-.260000  0.500000    0.0000021715083019
-.220000  0.500000    0.0000020517763396
-.180000  0.500000    0.0000019130123184
-.140000  0.500000    0.0000017875355228
-.100000  0.500000    0.0000016518304516
-.060000  0.500000    0.0000015308350785
-.020000  0.500000    0.0000014286338285
0.020000  0.500000    0.0000013492358709
0.060000  0.500000    0.0000012965893584
0.100000  0.500000    0.0000012634093264
0.140000  0.500000    0.0000012450108487
0.180000  0.500000    0.0000013609569094
0.220000  0.500000    0.0000013724833674
0.260000  0.500000    0.0000015972104260
0.300000  0.500000    0.0000015994296787
0.340000  0.500000    0.0000018766947844
0.380000  0.500000    0.0000022096265336
0.420000  0.500000    0.0000021298803294
0.460000  0.500000    0.0000024127373644
0.500000  0.500000    0.0000026820515314
0.540000  0.500000    0.0000029152226633
0.580000  0.500000    0.0000030907202032
0.620000  0.500000    0.0000037161356365
0.660000  0.500000    0.0000036313028416
0.700000  0.500000    0.0000039570026194
0.740000  0.500000    0.0000040015157154
0.780000  0.500000    0.0000036210694522
0.820000  0.500000    0.0000031570630340
0.860000  0.500000    0.0000027151043403
-.740000  0.540000    0.0000004162133963
-.700000  0.540000    0.0000008781898091
-.660000  0.540000    0.0000012802635241
-.620000  0.540000    0.0000016061939766
-.580000  0.540000    0.0000019357962835
-.540000  0.540000    0.0000021537732519
-.500000  0.540000    0.0000023251924272
-.460000  0.540000    0.0000024424052212
-.420000  0.540000    0.0000025076921410
-.380000  0.540000    0.0000025028095760
-.340000  0.540000    0.0000024642936320
-.300000  0.540000    0.0000023960941764
-.260000  0.540000    0.0000022968518751
-.220000  0.540000    0.0000021790844862
-.180000  0.540000    0.0000020500594416
-.140000  0.540000    0.0000019158760750
-.100000  0.540000    0.0000017866710706
-.060000  0.540000    0.0000016717660890
-.020000  0.540000    0.0000015708485280
0.020000  0.540000    0.0000014898699537
0.060000  0.540000    0.0000014322490810
0.100000  0.540000    0.0000013915187317
0.140000  0.540000    0.0000013650542087
0.180000  0.540000    0.0000014897284776
0.220000  0.540000    0.0000014934852227
0.260000  0.540000    0.0000017192627665
0.300000  0.540000    0.0000017173458329
0.340000  0.540000    0.0000019958541933
0.380000  0.540000    0.0000023251292987
0.420000  0.540000    0.0000022426090810
0.460000  0.540000    0.0000025221487293
0.500000  0.540000    0.0000027818350616
0.540000  0.540000    0.0000029988273799
0.580000  0.540000    0.0000031543809638
0.620000  0.540000    0.0000037079741382
0.660000  0.540000    0.0000035890638759
0.700000  0.540000    0.0000037881326962
0.740000  0.540000    0.0000036833362287
0.780000  0.540000    0.0000035794039533
0.820000  0.540000    0.0000032945930785
-.740000  0.580000    0.0000000756139179
-.700000  0.580000    0.0000007000295884
-.660000  0.580000    0.0000011692409141
-.620000  0.580000    0.0000015598669403
-.580000  0.580000    0.0000018887314749
-.540000  0.580000    0.0000021841405268
-.500000  0.580000    0.0000023807388299
-.460000  0.580000    0.0000025216501928
-.420000  0.580000    0.0000026073515483
-.380000  0.580000    0.0000026195788758
-.340000  0.580000    0.0000025978187468
-.300000  0.580000    0.0000025405702437
-.260000  0.580000    0.0000024581787008
-.220000  0.580000    0.0000023419111234
-.180000  0.580000    0.0000022264874745
-.140000  0.580000    0.0000021038848027
-.100000  0.580000    0.0000019607095639
-.060000  0.580000    0.0000018524311876
-.020000  0.580000    0.0000017541833258
0.020000  0.580000    0.0000016722721564
0.060000  0.580000    0.0000016098588038
0.100000  0.580000    0.0000015617856636
0.140000  0.580000    0.0000016677382477
0.180000  0.580000    0.0000016621596423
0.220000  0.580000    0.0000016557313617
0.260000  0.580000    0.0000018821676345
0.300000  0.580000    0.0000018732410450
0.340000  0.580000    0.0000021479816477
0.380000  0.580000    0.0000024665272449
0.420000  0.580000    0.0000023835240856
0.460000  0.580000    0.0000026522608228
0.500000  0.580000    0.0000028954753802
0.540000  0.580000    0.0000030907098866
0.580000  0.580000    0.0000037046124331
0.620000  0.580000    0.0000036728065994
0.660000  0.580000    0.0000040137508762
0.700000  0.580000    0.0000040765215311
0.740000  0.580000    0.0000037284292183
0.780000  0.580000    0.0000035760990431
-.700000  0.620000    0.0000003413853897
-.660000  0.620000    0.0000009742465727
-.620000  0.620000    0.0000014622768081
-.580000  0.620000    0.0000018449234751
-.540000  0.620000    0.0000021611415402
-.500000  0.620000    0.0000024115622339
-.460000  0.620000    0.0000025910671954
-.420000  0.620000    0.0000027033943557
-.380000  0.620000    0.0000027558654652
-.340000  0.620000    0.0000027567395306
-.300000  0.620000    0.0000027135190895
-.260000  0.620000    0.0000026522630346
-.220000  0.620000    0.0000025383825225
-.180000  0.620000    0.0000024402257996
-.140000  0.620000    0.0000023367280986
-.100000  0.620000    0.0000022325119364
-.060000  0.620000    0.0000020724742650
-.020000  0.620000    0.0000019787448767
0.020000  0.620000    0.0000018968171201
0.060000  0.620000    0.0000018299474376
0.100000  0.620000    0.0000019201237530
0.140000  0.620000    0.0000018993129197
0.180000  0.620000    0.0000018806346419
0.220000  0.620000    0.0000018616833378
0.260000  0.620000    0.0000020885316777
0.300000  0.620000    0.0000020697263689
0.340000  0.620000    0.0000023386417046
0.380000  0.620000    0.0000026393560879
0.420000  0.620000    0.0000029535236931
0.460000  0.620000    0.0000032480004824
0.500000  0.620000    0.0000034890575905
0.540000  0.620000    0.0000036470415131
0.580000  0.620000    0.0000036963979491
0.620000  0.620000    0.0000041323617481
0.660000  0.620000    0.0000038182582638
0.700000  0.620000    0.0000041489918214
0.740000  0.620000    0.0000038604737154
0.780000  0.620000    0.0000033474210633
-.660000  0.660000    0.0000005952491273
-.620000  0.660000    0.0000012410758197
-.580000  0.660000    0.0000017412244376
-.540000  0.660000    0.0000021252159281
-.500000  0.660000    0.0000024272092341
-.460000  0.660000    0.0000026557946219
-.420000  0.660000    0.0000028120825211
-.380000  0.660000    0.0000029016664431
-.340000  0.660000    0.0000029315579160
-.300000  0.660000    0.0000029409149825
-.260000  0.660000    0.0000028724935716
-.220000  0.660000    0.0000028198305443
-.180000  0.660000    0.0000026864774110
-.140000  0.660000    0.0000026042497982
-.100000  0.660000    0.0000025185898127
-.060000  0.660000    0.0000024323797635
-.020000  0.660000    0.0000023578091542
0.020000  0.660000    0.0000022973524105
0.060000  0.660000    0.0000022491126976
0.100000  0.660000    0.0000022103367055
0.140000  0.660000    0.0000021766048894
0.180000  0.660000    0.0000021438015790
0.220000  0.660000    0.0000023673450038
0.260000  0.660000    0.0000023392645692
0.300000  0.660000    0.0000026227324456
0.340000  0.660000    0.0000025684433158
0.380000  0.660000    0.0000028470308630
0.420000  0.660000    0.0000031287440056
0.460000  0.660000    0.0000033835392386
0.500000  0.660000    0.0000035794032870
0.540000  0.660000    0.0000036903952965
0.580000  0.660000    0.0000041666729680
0.620000  0.660000    0.0000039627279012
0.660000  0.660000    0.0000044193470716
0.700000  0.660000    0.0000043224758177
0.740000  0.660000    0.0000036716085412
-.620000  0.700000    0.0000008077788492
-.580000  0.700000    0.0000015065768356
-.540000  0.700000    0.0000020028873710
-.500000  0.700000    0.0000024068874321
-.460000  0.700000    0.0000027143371005
-.420000  0.700000    0.0000029018673955
-.380000  0.700000    0.0000030730288249
-.340000  0.700000    0.0000031436169064
-.300000  0.700000    0.0000031523548599
-.260000  0.700000    0.0000031719511573
-.220000  0.700000    0.0000030866926647
-.180000  0.700000    0.0000030504936693
-.140000  0.700000    0.0000028956547598
-.100000  0.700000    0.0000028321793984
-.060000  0.700000    0.0000027627516819
-.020000  0.700000    0.0000026971480608
0.020000  0.700000    0.0000026390752511
0.060000  0.700000    0.0000025870163717
0.100000  0.700000    0.0000025394481194
0.140000  0.700000    0.0000024931859989
0.180000  0.700000    0.0000027094368174
0.220000  0.700000    0.0000026747761304
0.260000  0.700000    0.0000029557987866
0.300000  0.700000    0.0000028989317447
0.340000  0.700000    0.0000031939666806
0.380000  0.700000    0.0000034974651604
0.420000  0.700000    0.0000033332467564
0.460000  0.700000    0.0000040091436394
0.500000  0.700000    0.0000041454406245
0.540000  0.700000    0.0000041631508462
0.580000  0.700000    0.0000045014133806
0.620000  0.700000    0.0000045531034934
0.660000  0.700000    0.0000045793709281
0.700000  0.700000    0.0000041455189232
-.580000  0.740000    0.0000009548206460
-.540000  0.740000    0.0000017092620929
-.500000  0.740000    0.0000022768374841
-.460000  0.740000    0.0000026493942523
-.420000  0.740000    0.0000029532929866
-.380000  0.740000    0.0000031650447086
-.340000  0.740000    0.0000032935352724
-.300000  0.740000    0.0000034198939985
-.260000  0.740000    0.0000034161989269
-.220000  0.740000    0.0000034548566819
-.180000  0.740000    0.0000033542341391
-.140000  0.740000    0.0000033377903442
-.100000  0.740000    0.0000033042903952
-.060000  0.740000    0.0000031074103004
-.020000  0.740000    0.0000030542272908
0.020000  0.740000    0.0000030012675584
0.060000  0.740000    0.0000029477234459
0.100000  0.740000    0.0000031401785987
0.140000  0.740000    0.0000031077599393
0.180000  0.740000    0.0000030658190287
0.220000  0.740000    0.0000033347489739
0.260000  0.740000    0.0000032784668165
0.300000  0.740000    0.0000035744018203
0.340000  0.740000    0.0000034688795922
0.380000  0.740000    0.0000037226537174
0.420000  0.740000    0.0000039431768247
0.460000  0.740000    0.0000041012094837
0.500000  0.740000    0.0000046170877915
0.540000  0.740000    0.0000045057087041
0.580000  0.740000    0.0000046048598397
0.620000  0.740000    0.0000046739407584
0.660000  0.740000    0.0000043053011408
-.540000  0.780000    0.0000010273145034
-.500000  0.780000    0.0000018848281321
-.460000  0.780000    0.0000024541080794
-.420000  0.780000    0.0000029001740708
-.380000  0.780000    0.0000032227031267
-.340000  0.780000    0.0000034412544478
-.300000  0.780000    0.0000035687099995
-.260000  0.780000    0.0000037225549190
-.220000  0.780000    0.0000037114620527
-.180000  0.780000    0.0000037756210217
-.140000  0.780000    0.0000036559569816
-.100000  0.780000    0.0000036602760256
-.060000  0.780000    0.0000036492515909
-.020000  0.780000    0.0000036307057206
0.020000  0.780000    0.0000036057356047
0.060000  0.780000    0.0000035748969999
0.100000  0.780000    0.0000035372090818
0.140000  0.780000    0.0000034894684768
0.180000  0.780000    0.0000037503013570
0.220000  0.780000    0.0000036921887015
0.260000  0.780000    0.0000039751485399
0.300000  0.780000    0.0000038731758042
0.340000  0.780000    0.0000041254302330
0.380000  0.780000    0.0000043439935695
0.420000  0.780000    0.0000045006116451
0.460000  0.780000    0.0000045661431160
0.500000  0.780000    0.0000048937633137
0.540000  0.780000    0.0000049718735138
0.580000  0.780000    0.0000049725106494
0.620000  0.780000    0.0000045549319540
-.500000  0.820000    0.0000008896045953
-.460000  0.820000    0.0000019384790588
-.420000  0.820000    0.0000026724673857
-.380000  0.820000    0.0000030998961482
-.340000  0.820000    0.0000034569395777
-.300000  0.820000    0.0000036962188285
-.260000  0.820000    0.0000039580411584
-.220000  0.820000    0.0000040247237266
-.180000  0.820000    0.0000041634965169
-.140000  0.820000    0.0000040995014370
-.100000  0.820000    0.0000041601961174
-.060000  0.820000    0.0000041987019900
-.020000  0.820000    0.0000042198178456
0.020000  0.820000    0.0000042273638596
0.060000  0.820000    0.0000042228147343
0.100000  0.820000    0.0000042040169083
0.140000  0.820000    0.0000041666732156
0.180000  0.820000    0.0000044421141157
0.220000  0.820000    0.0000043757367573
0.260000  0.820000    0.0000046466082009
0.300000  0.820000    0.0000045126286135
0.340000  0.820000    0.0000047154850658
0.380000  0.820000    0.0000048565159972
0.420000  0.820000    0.0000052937554169
0.460000  0.820000    0.0000051757203335
0.500000  0.820000    0.0000051906358734
0.540000  0.820000    0.0000052922802172
-.460000  0.860000    0.0000003381840415
-.420000  0.860000    0.0000018082724582
-.380000  0.860000    0.0000026539839507
-.340000  0.860000    0.0000032812375778
-.300000  0.860000    0.0000037169760550
-.260000  0.860000    0.0000040120675295
-.220000  0.860000    0.0000041913784778
-.180000  0.860000    0.0000044359855210
-.140000  0.860000    0.0000044471618766
-.100000  0.860000    0.0000045828382618
-.060000  0.860000    0.0000046823315181
-.020000  0.860000    0.0000047520634743
0.020000  0.860000    0.0000047976027163
0.060000  0.860000    0.0000048205552409
0.100000  0.860000    0.0000048185514139
0.140000  0.860000    0.0000047869001821
0.180000  0.860000    0.0000050570166299
0.220000  0.860000    0.0000049714215498
0.260000  0.860000    0.0000051954741862
0.300000  0.860000    0.0000053745082952
0.340000  0.860000    0.0000054787045702
0.380000  0.860000    0.0000054706777437
0.420000  0.860000    0.0000056247541514
0.460000  0.860000    0.0000057363976461
0.500000  0.860000    0.0000053073637771
-.380000  0.900000    0.0000010633922141
-.340000  0.900000    0.0000024610904447
-.300000  0.900000    0.0000032163143559
-.260000  0.900000    0.0000037954599269
-.220000  0.900000    0.0000041848227376
-.180000  0.900000    0.0000044313362907
-.140000  0.900000    0.0000047481912299
-.100000  0.900000    0.0000047933068959
-.060000  0.900000    0.0000049752949960
-.020000  0.900000    0.0000051077502613
0.020000  0.900000    0.0000051977957322
0.060000  0.900000    0.0000052482284695
0.100000  0.900000    0.0000052572576470
0.140000  0.900000    0.0000055295584768
0.180000  0.900000    0.0000054634559417
0.220000  0.900000    0.0000056576727645
0.260000  0.900000    0.0000057878275025
0.300000  0.900000    0.0000058255473491
0.340000  0.900000    0.0000060130403559
0.380000  0.900000    0.0000059218002812
0.420000  0.900000    0.0000056261860125
-.300000  0.940000    0.0000009167469457
-.260000  0.940000    0.0000026761765206
-.220000  0.940000    0.0000035010135711
-.180000  0.940000    0.0000041113308297
-.140000  0.940000    0.0000045010120751
-.100000  0.940000    0.0000049283326281
-.060000  0.940000    0.0000050469767016
-.020000  0.940000    0.0000052815315987
0.020000  0.940000    0.0000054437998157
0.060000  0.940000    0.0000055387508496
0.100000  0.940000    0.0000058257526346
0.140000  0.940000    0.0000057956739338
0.180000  0.940000    0.0000059458523246
0.220000  0.940000    0.0000059918396175
0.260000  0.940000    0.0000061244766638
0.300000  0.940000    0.0000059493740074
0.340000  0.940000    0.0000052323932331
-.180000  0.980000    0.0000002744289022
-.140000  0.980000    0.0000028366268603
-.100000  0.980000    0.0000038860745228
-.060000  0.980000    0.0000044276005851
-.020000  0.980000    0.0000046965175482
0.020000  0.980000    0.0000049948682148
0.060000  0.980000    0.0000053575022909
0.100000  0.980000    0.0000055494633180
0.140000  0.980000    0.0000055194720564
0.180000  0.980000    0.0000054085535974
