-.140000  -.980000    0.0000005399442993
-.100000  -.980000    0.0000009008607808
-.060000  -.980000    0.0000007989805835
-.020000  -.980000    0.0000003639079133
0.020000  -.980000    0.0000001422783009
0.060000  -.980000    0.0000002017951494
0.100000  -.980000    0.0000000108988986
0.140000  -.980000   -0.0000005423510700
0.180000  -.980000   -0.0000010192440028
-.260000  -.940000    0.0000006464941147
-.220000  -.940000    0.0000010078877831
-.180000  -.940000    0.0000011815838046
-.140000  -.940000    0.0000010442671558
-.100000  -.940000    0.0000012542945383
-.060000  -.940000    0.0000006853241668
-.020000  -.940000    0.0000005925224587
0.020000  -.940000    0.0000003714967827
0.060000  -.940000    0.0000000195532216
0.100000  -.940000    0.0000002278865207
0.140000  -.940000   -0.0000004156267736
0.180000  -.940000   -0.0000005515793782
0.220000  -.940000   -0.0000009289714977
0.260000  -.940000   -0.0000010255334276
0.300000  -.940000   -0.0000017616901516
0.340000  -.940000   -0.0000025275940306
-.340000  -.900000    0.0000005944298944
-.300000  -.900000    0.0000010696644787
-.260000  -.900000    0.0000013809814120
-.220000  -.900000    0.0000013947273781
-.180000  -.900000    0.0000011584081239
-.140000  -.900000    0.0000013951842284
-.100000  -.900000    0.0000008027093052
-.060000  -.900000    0.0000007998808721
-.020000  -.900000    0.0000007007039684
0.020000  -.900000    0.0000005009681847
0.060000  -.900000    0.0000001986539431
0.100000  -.900000   -0.0000002077925624
0.140000  -.900000    0.0000000642513429
0.180000  -.900000   -0.0000005828109096
0.220000  -.900000   -0.0000006006721478
0.260000  -.900000   -0.0000008111595974
0.300000  -.900000   -0.0000012597433248
0.340000  -.900000   -0.0000013460778775
0.380000  -.900000   -0.0000019957899604
0.420000  -.900000   -0.0000027931499155
-.420000  -.860000    0.0000000796321946
-.380000  -.860000    0.0000008221371622
-.340000  -.860000    0.0000013447438756
-.300000  -.860000    0.0000015753006825
-.260000  -.860000    0.0000015444247314
-.220000  -.860000    0.0000012900487635
-.180000  -.860000    0.0000015791724083
-.140000  -.860000    0.0000010038377874
-.100000  -.860000    0.0000010861400509
-.060000  -.860000    0.0000010877611555
-.020000  -.860000    0.0000010055645256
0.020000  -.860000    0.0000008366564859
0.060000  -.860000    0.0000005799180116
0.100000  -.860000    0.0000002347402535
0.140000  -.860000   -0.0000002012763336
0.180000  -.860000    0.0000001011141559
0.220000  -.860000   -0.0000005513189182
0.260000  -.860000   -0.0000005189475847
0.300000  -.860000   -0.0000006625134534
0.340000  -.860000   -0.0000010149487704
0.380000  -.860000   -0.0000016223401384
0.420000  -.860000   -0.0000018871855580
0.460000  -.860000   -0.0000021504511511
0.500000  -.860000   -0.0000030832247461
-.460000  -.820000    0.0000003181113696
-.420000  -.820000    0.0000011386146937
-.380000  -.820000    0.0000012291973298
-.340000  -.820000    0.0000013857842214
-.300000  -.820000    0.0000013180706525
-.260000  -.820000    0.0000017531859563
-.220000  -.820000    0.0000013583754630
-.180000  -.820000    0.0000016104841389
-.140000  -.820000    0.0000009481774402
-.100000  -.820000    0.0000010241928744
-.060000  -.820000    0.0000010307578126
-.020000  -.820000    0.0000009653108180
0.020000  -.820000    0.0000008262383524
0.060000  -.820000    0.0000006113280055
0.100000  -.820000    0.0000003206817028
0.140000  -.820000   -0.0000000470060317
0.180000  -.820000    0.0000003706574501
0.220000  -.820000   -0.0000001835130846
0.260000  -.820000    0.0000000012882571
0.300000  -.820000   -0.0000007723228838
0.340000  -.820000   -0.0000008825646927
0.380000  -.820000   -0.0000011847493593
0.420000  -.820000   -0.0000009890276645
0.460000  -.820000   -0.0000018447644900
0.500000  -.820000   -0.0000024595731822
0.540000  -.820000   -0.0000027241639719
-.500000  -.780000    0.0000004063394675
-.460000  -.780000    0.0000008974879332
-.420000  -.780000    0.0000013080597233
-.380000  -.780000    0.0000014935170962
-.340000  -.780000    0.0000014657866924
-.300000  -.780000    0.0000012488004567
-.260000  -.780000    0.0000016216957899
-.220000  -.780000    0.0000011294032683
-.180000  -.780000    0.0000013475144537
-.140000  -.780000    0.0000006358959118
-.100000  -.780000    0.0000007080259293
-.060000  -.780000    0.0000007232094582
-.020000  -.780000    0.0000006761750214
0.020000  -.780000    0.0000005661250113
0.060000  -.780000    0.0000003915552826
0.100000  -.780000    0.0000001512126518
0.140000  -.780000   -0.0000001551771111
0.180000  -.780000    0.0000003470026709
0.220000  -.780000   -0.0000001228536244
0.260000  -.780000    0.0000001752434889
0.300000  -.780000   -0.0000004828515139
0.340000  -.780000   -0.0000004393512495
0.380000  -.780000   -0.0000005576112721
0.420000  -.780000   -0.0000008605105259
0.460000  -.780000   -0.0000013824850460
0.500000  -.780000   -0.0000014893536537
0.540000  -.780000   -0.0000020238392349
0.580000  -.780000   -0.0000026191910243
0.620000  -.780000   -0.0000033144841510
-.540000  -.740000    0.0000003410052527
-.500000  -.740000    0.0000010972202341
-.460000  -.740000    0.0000012091665640
-.420000  -.740000    0.0000014141547662
-.380000  -.740000    0.0000014227257501
-.340000  -.740000    0.0000012519755145
-.300000  -.740000    0.0000016704356106
-.260000  -.740000    0.0000012390153567
-.220000  -.740000    0.0000015229620087
-.180000  -.740000    0.0000008769061988
-.140000  -.740000    0.0000010241723962
-.100000  -.740000    0.0000011221196541
-.060000  -.740000    0.0000002427405219
-.020000  -.740000    0.0000002169867845
0.020000  -.740000    0.0000001359952137
0.060000  -.740000   -0.0000000012172020
0.100000  -.740000    0.0000007137028830
0.140000  -.740000    0.0000004468349136
0.180000  -.740000    0.0000001162235816
0.220000  -.740000    0.0000005901384807
0.260000  -.740000    0.0000001019709284
0.300000  -.740000    0.0000003707535449
0.340000  -.740000   -0.0000002983642764
0.380000  -.740000   -0.0000002799365085
0.420000  -.740000   -0.0000004181353562
0.460000  -.740000   -0.0000007376512517
0.500000  -.740000   -0.0000005762986730
0.540000  -.740000   -0.0000013970989611
0.580000  -.740000   -0.0000019249392754
0.620000  -.740000   -0.0000024507553034
0.660000  -.740000   -0.0000034694408053
-.580000  -.700000    0.0000002573973220
-.540000  -.700000    0.0000008556183294
-.500000  -.700000    0.0000013796489594
-.460000  -.700000    0.0000017045326115
-.420000  -.700000    0.0000012318421484
-.380000  -.700000    0.0000017694838132
-.340000  -.700000    0.0000015433869895
-.300000  -.700000    0.0000011736537766
-.260000  -.700000    0.0000015063915611
-.220000  -.700000    0.0000009307611019
-.180000  -.700000    0.0000011431155916
-.140000  -.700000    0.0000004073681968
-.100000  -.700000    0.0000005034011767
-.060000  -.700000    0.0000005549366697
-.020000  -.700000    0.0000005555288667
0.020000  -.700000    0.0000005015953300
0.060000  -.700000    0.0000003934215112
0.100000  -.700000    0.0000002306551980
0.140000  -.700000    0.0000000120927931
0.180000  -.700000    0.0000006190877814
0.220000  -.700000    0.0000002645455108
0.260000  -.700000    0.0000006999546129
0.300000  -.700000    0.0000001952027162
0.340000  -.700000    0.0000004257974647
0.380000  -.700000    0.0000005275936138
0.420000  -.700000   -0.0000002656644641
0.460000  -.700000    0.0000002906550768
0.500000  -.700000   -0.0000000863191743
0.540000  -.700000   -0.0000006697036363
0.580000  -.700000   -0.0000008697174365
0.620000  -.700000   -0.0000014605353152
0.660000  -.700000   -0.0000020462114246
0.700000  -.700000   -0.0000030437444500
-.620000  -.660000    0.0000000445297103
-.580000  -.660000    0.0000007635045199
-.540000  -.660000    0.0000010271515596
-.500000  -.660000    0.0000013399488404
-.460000  -.660000    0.0000014819627617
-.420000  -.660000    0.0000014576201092
-.380000  -.660000    0.0000012812126527
-.340000  -.660000    0.0000009706375117
-.300000  -.660000    0.0000013316174458
-.260000  -.660000    0.0000008282366743
-.220000  -.660000    0.0000010919008121
-.180000  -.660000    0.0000004325924627
-.140000  -.660000    0.0000005925462615
-.100000  -.660000    0.0000007112318964
-.060000  -.660000    0.0000007854646066
-.020000  -.660000    0.0000008087324043
0.020000  -.660000    0.0000007778215891
0.060000  -.660000    0.0000006939546132
0.100000  -.660000    0.0000005567919938
0.140000  -.660000    0.0000003655169606
0.180000  -.660000    0.0000001210547514
0.220000  -.660000    0.0000006802406476
0.260000  -.660000    0.0000003037787947
0.300000  -.660000    0.0000006921399585
0.340000  -.660000    0.0000001710097477
0.380000  -.660000    0.0000003586615006
0.420000  -.660000    0.0000004215684734
0.460000  -.660000    0.0000003455510138
0.500000  -.660000    0.0000001117448736
0.540000  -.660000   -0.0000002971379668
0.580000  -.660000   -0.0000002805613606
0.620000  -.660000   -0.0000011788512786
0.660000  -.660000   -0.0000012546115287
0.700000  -.660000   -0.0000019646300997
0.740000  -.660000   -0.0000032575481319
-.620000  -.620000    0.0000005504915514
-.580000  -.620000    0.0000009364533352
-.540000  -.620000    0.0000013360549238
-.500000  -.620000    0.0000015759936091
-.460000  -.620000    0.0000016543216867
-.420000  -.620000    0.0000015803585213
-.380000  -.620000    0.0000013688386657
-.340000  -.620000    0.0000010364238377
-.300000  -.620000    0.0000006036983267
-.260000  -.620000    0.0000009009785874
-.220000  -.620000    0.0000003207480005
-.180000  -.620000    0.0000005319708058
-.140000  -.620000    0.0000007130284707
-.100000  -.620000    0.0000008521340946
-.060000  -.620000    0.0000000391882597
-.020000  -.620000    0.0000000790430614
0.020000  -.620000    0.0000000730522675
0.060000  -.620000    0.0000000174136273
0.100000  -.620000    0.0000007974573305
0.140000  -.620000    0.0000006286494343
0.180000  -.620000    0.0000004076558418
0.220000  -.620000    0.0000001343035685
0.260000  -.620000    0.0000006389328025
0.300000  -.620000    0.0000002394681665
0.340000  -.620000    0.0000005773735456
0.380000  -.620000    0.0000008084069213
0.420000  -.620000    0.0000009260286105
0.460000  -.620000    0.0000009185013924
0.500000  -.620000    0.0000007713028450
0.540000  -.620000    0.0000004732652729
0.580000  -.620000   -0.0000000009107459
0.620000  -.620000   -0.0000000909026182
0.660000  -.620000   -0.0000010567201920
0.700000  -.620000   -0.0000012820269594
0.740000  -.620000   -0.0000021805314609
0.780000  -.620000   -0.0000028975785023
-.660000  -.580000    0.0000002601865388
-.620000  -.580000    0.0000007390142415
-.580000  -.580000    0.0000012018345726
-.540000  -.580000    0.0000010713981373
-.500000  -.580000    0.0000011548239209
-.460000  -.580000    0.0000011074160668
-.420000  -.580000    0.0000009388948523
-.380000  -.580000    0.0000013744684396
-.340000  -.580000    0.0000010333428588
-.300000  -.580000    0.0000006030580456
-.260000  -.580000    0.0000009132634035
-.220000  -.580000    0.0000003496961738
-.180000  -.580000    0.0000005796088254
-.140000  -.580000    0.0000007799797083
-.100000  -.580000    0.0000000492863665
-.060000  -.580000    0.0000001519481847
-.020000  -.580000    0.0000002102696568
0.020000  -.580000    0.0000002217676366
0.060000  -.580000    0.0000001824686031
0.100000  -.580000    0.0000000920975496
0.140000  -.580000    0.0000008145599169
0.180000  -.580000    0.0000006107962432
0.220000  -.580000    0.0000003567753013
0.260000  -.580000    0.0000008727213314
0.300000  -.580000    0.0000005008300832
0.340000  -.580000    0.0000008598487695
0.380000  -.580000    0.0000011199222553
0.420000  -.580000    0.0000005455248380
0.460000  -.580000    0.0000006177721872
0.500000  -.580000    0.0000005679321976
0.540000  -.580000    0.0000003825969191
0.580000  -.580000    0.0000006583538629
0.620000  -.580000    0.0000001161016937
0.660000  -.580000   -0.0000000835629138
0.700000  -.580000   -0.0000005963530526
0.740000  -.580000   -0.0000015274773473
0.780000  -.580000   -0.0000021962462650
-.660000  -.540000    0.0000004729909619
-.620000  -.540000    0.0000009660209304
-.580000  -.540000    0.0000009625113669
-.540000  -.540000    0.0000011184126716
-.500000  -.540000    0.0000011530174340
-.460000  -.540000    0.0000010709206847
-.420000  -.540000    0.0000008817160765
-.380000  -.540000    0.0000013108034717
-.340000  -.540000    0.0000009715365235
-.300000  -.540000    0.0000005538041911
-.260000  -.540000    0.0000008752126279
-.220000  -.540000    0.0000003373150410
-.180000  -.540000    0.0000005848486287
-.140000  -.540000   -0.0000000564644753
-.100000  -.540000    0.0000001035245227
-.060000  -.540000    0.0000002250776942
-.020000  -.540000    0.0000002988740834
0.020000  -.540000    0.0000003244745381
0.060000  -.540000    0.0000002978326955
0.100000  -.540000    0.0000002187835005
0.140000  -.540000    0.0000000898661762
0.180000  -.540000    0.0000007442898357
0.220000  -.540000    0.0000005033875018
0.260000  -.540000    0.0000010180899851
0.300000  -.540000    0.0000006671020970
0.340000  -.540000    0.0000010357638351
0.380000  -.540000    0.0000013123712015
0.420000  -.540000    0.0000007805680635
0.460000  -.540000    0.0000008899214660
0.500000  -.540000    0.0000008895110054
0.540000  -.540000    0.0000007697148613
0.580000  -.540000    0.0000005174465347
0.620000  -.540000    0.0000006804208568
0.660000  -.540000    0.0000000722173289
0.700000  -.540000   -0.0000002415449757
0.740000  -.540000   -0.0000008798581998
0.780000  -.540000   -0.0000015042896413
0.820000  -.540000   -0.0000021934560247
-.700000  -.500000    0.0000002606914438
-.660000  -.500000    0.0000006682028705
-.620000  -.500000    0.0000010844171078
-.580000  -.500000    0.0000009813606644
-.540000  -.500000    0.0000010834025923
-.500000  -.500000    0.0000010777820251
-.460000  -.500000    0.0000009700579107
-.420000  -.500000    0.0000007703991937
-.380000  -.500000    0.0000011898543620
-.340000  -.500000    0.0000008618147682
-.300000  -.500000    0.0000004651893426
-.260000  -.500000    0.0000007970025286
-.220000  -.500000    0.0000002912462734
-.180000  -.500000    0.0000005562811678
-.140000  -.500000   -0.0000000499108542
-.100000  -.500000    0.0000001277076755
-.060000  -.500000    0.0000002656007116
-.020000  -.500000    0.0000003536007059
0.020000  -.500000    0.0000003896548673
0.060000  -.500000    0.0000003725559169
0.100000  -.500000    0.0000002999207048
0.140000  -.500000    0.0000001757526273
0.180000  -.500000    0.0000008180219135
0.220000  -.500000    0.0000005840201424
0.260000  -.500000    0.0000010882235122
0.300000  -.500000    0.0000007514425732
0.340000  -.500000    0.0000011193592398
0.380000  -.500000    0.0000014024433141
0.420000  -.500000    0.0000009055831456
0.460000  -.500000    0.0000010394643307
0.500000  -.500000    0.0000010757870931
0.540000  -.500000    0.0000010070834647
0.580000  -.500000    0.0000008209160705
0.620000  -.500000    0.0000010528759478
0.660000  -.500000    0.0000005575599342
0.700000  -.500000    0.0000003723048661
0.740000  -.500000   -0.0000000824767625
0.780000  -.500000   -0.0000008813650957
0.820000  -.500000   -0.0000017818580064
0.860000  -.500000   -0.0000023464735406
-.700000  -.460000    0.0000004817452222
-.660000  -.460000    0.0000007676751582
-.620000  -.460000    0.0000011052990545
-.580000  -.460000    0.0000009249721560
-.540000  -.460000    0.0000009806308381
-.500000  -.460000    0.0000009432647992
-.460000  -.460000    0.0000008189002691
-.420000  -.460000    0.0000006165986671
-.380000  -.460000    0.0000010233542562
-.340000  -.460000    0.0000007139287739
-.300000  -.460000    0.0000003455500420
-.260000  -.460000    0.0000006865718889
-.220000  -.460000    0.0000002192128245
-.180000  -.460000    0.0000005006844498
-.140000  -.460000   -0.0000000657375920
-.100000  -.460000    0.0000001291630578
-.060000  -.460000    0.0000002815554824
-.020000  -.460000    0.0000003825769552
0.020000  -.460000    0.0000004265688941
0.060000  -.460000    0.0000004140255604
0.100000  -.460000    0.0000003436344426
0.140000  -.460000    0.0000002192278090
0.180000  -.460000    0.0000008410377631
0.220000  -.460000    0.0000006080472570
0.260000  -.460000    0.0000010937453266
0.300000  -.460000    0.0000007651337513
0.340000  -.460000    0.0000011239985630
0.380000  -.460000    0.0000014046110848
0.420000  -.460000    0.0000009354280235
0.460000  -.460000    0.0000010841298476
0.500000  -.460000    0.0000011468492906
0.540000  -.460000    0.0000011166617415
0.580000  -.460000    0.0000009833029286
0.620000  -.460000    0.0000012657495522
0.660000  -.460000    0.0000008629238650
0.700000  -.460000    0.0000007738159112
0.740000  -.460000    0.0000000141544621
0.780000  -.460000   -0.0000005656464076
0.820000  -.460000   -0.0000011229957896
0.860000  -.460000   -0.0000016056758908
-.740000  -.420000    0.0000001286498775
-.700000  -.420000    0.0000004466445509
-.660000  -.420000    0.0000007816627242
-.620000  -.420000    0.0000010451828618
-.580000  -.420000    0.0000008095053885
-.540000  -.420000    0.0000008262114696
-.500000  -.420000    0.0000007648077373
-.460000  -.420000    0.0000006314054662
-.420000  -.420000    0.0000004334709054
-.380000  -.420000    0.0000008231214470
-.340000  -.420000    0.0000005388085347
-.300000  -.420000    0.0000002032663420
-.260000  -.420000    0.0000005509779086
-.220000  -.420000    0.0000001274147430
-.180000  -.420000    0.0000004245887725
-.140000  -.420000   -0.0000000984105920
-.100000  -.420000    0.0000001131125737
-.060000  -.420000    0.0000002796113036
-.020000  -.420000    0.0000003917335080
0.020000  -.420000    0.0000004412876346
0.060000  -.420000    0.0000004293825864
0.100000  -.420000    0.0000003560650477
0.140000  -.420000    0.0000002265732460
0.180000  -.420000    0.0000008201339187
0.220000  -.420000    0.0000005835492473
0.260000  -.420000    0.0000010432078491
0.300000  -.420000    0.0000007179078518
0.340000  -.420000    0.0000010604212303
0.380000  -.420000    0.0000013308750804
0.420000  -.420000    0.0000008840492397
0.460000  -.420000    0.0000010404118509
0.500000  -.420000    0.0000011203489412
0.540000  -.420000    0.0000011191359778
0.580000  -.420000    0.0000010277801969
0.620000  -.420000    0.0000013465558856
0.660000  -.420000    0.0000010198261001
0.700000  -.420000    0.0000005640254452
0.740000  -.420000    0.0000003746191675
0.780000  -.420000   -0.0000000566641078
0.820000  -.420000   -0.0000004096639006
0.860000  -.420000   -0.0000012386142256
0.900000  -.420000   -0.0000020176603992
-.740000  -.380000    0.0000002437711537
-.700000  -.380000    0.0000006426179069
-.660000  -.380000    0.0000007266228716
-.620000  -.380000    0.0000009228974760
-.580000  -.380000    0.0000010439744522
-.540000  -.380000    0.0000010882510430
-.500000  -.380000    0.0000010598591734
-.460000  -.380000    0.0000009649696388
-.420000  -.380000    0.0000008102739331
-.380000  -.380000    0.0000006017694070
-.340000  -.380000    0.0000003455705064
-.300000  -.380000    0.0000000472177085
-.260000  -.380000    0.0000003974520617
-.220000  -.380000    0.0000000201190590
-.180000  -.380000    0.0000003328438823
-.140000  -.380000   -0.0000001436745617
-.100000  -.380000    0.0000000837533857
-.060000  -.380000    0.0000002649547553
-.020000  -.380000    0.0000003862885368
0.020000  -.380000    0.0000004395781939
0.060000  -.380000    0.0000004233415012
0.100000  -.380000    0.0000003434675086
0.140000  -.380000    0.0000002032624406
0.180000  -.380000    0.0000007616660776
0.220000  -.380000    0.0000005152698565
0.260000  -.380000    0.0000009431796701
0.300000  -.380000    0.0000006180227106
0.340000  -.380000    0.0000009371824551
0.380000  -.380000    0.0000011932529030
0.420000  -.380000    0.0000013849526742
0.460000  -.380000    0.0000015131740788
0.500000  -.380000    0.0000015767694850
0.540000  -.380000    0.0000015698208030
0.580000  -.380000    0.0000014861869502
0.620000  -.380000    0.0000013181556866
0.660000  -.380000    0.0000010554255107
0.700000  -.380000    0.0000011019271539
0.740000  -.380000    0.0000005772151345
0.780000  -.380000    0.0000002605122003
0.820000  -.380000   -0.0000003062067275
0.860000  -.380000   -0.0000008704671771
0.900000  -.380000   -0.0000014307515694
-.740000  -.340000    0.0000002931209519
-.700000  -.340000    0.0000006089708705
-.660000  -.340000    0.0000006210591957
-.620000  -.340000    0.0000007575959033
-.580000  -.340000    0.0000008322883594
-.540000  -.340000    0.0000008452587387
-.500000  -.340000    0.0000007994606962
-.460000  -.340000    0.0000007013260867
-.420000  -.340000    0.0000005558515354
-.380000  -.340000    0.0000003695276560
-.340000  -.340000    0.0000001447327006
-.300000  -.340000    0.0000005172501404
-.260000  -.340000    0.0000002310566636
-.220000  -.340000   -0.0000000977258298
-.180000  -.340000    0.0000002279750012
-.140000  -.340000   -0.0000001997525734
-.100000  -.340000    0.0000000447310816
-.060000  -.340000    0.0000002408009570
-.020000  -.340000    0.0000003707904976
0.020000  -.340000    0.0000004256014576
0.060000  -.340000    0.0000004017670297
0.100000  -.340000    0.0000003085490112
0.140000  -.340000    0.0000001528881376
0.180000  -.340000    0.0000006698056628
0.220000  -.340000    0.0000004106251852
0.260000  -.340000    0.0000008001501650
0.300000  -.340000    0.0000011232953621
0.340000  -.340000    0.0000007661012846
0.380000  -.340000    0.0000010015634436
0.420000  -.340000    0.0000011813700737
0.460000  -.340000    0.0000013071433191
0.500000  -.340000    0.0000013767901656
0.540000  -.340000    0.0000013861536879
0.580000  -.340000    0.0000013294449106
0.620000  -.340000    0.0000012014225412
0.660000  -.340000    0.0000009932112274
0.700000  -.340000    0.0000010856960395
0.740000  -.340000    0.0000006517466483
0.780000  -.340000    0.0000004269293205
0.820000  -.340000   -0.0000000082029771
0.860000  -.340000   -0.0000004016923479
0.900000  -.340000   -0.0000009307680128
0.940000  -.340000   -0.0000015105467442
-.780000  -.300000    0.0000000733249549
-.740000  -.300000    0.0000003974642071
-.700000  -.300000    0.0000005253798564
-.660000  -.300000    0.0000007243555809
-.620000  -.300000    0.0000005692700492
-.580000  -.300000    0.0000006047735999
-.540000  -.300000    0.0000005917371339
-.500000  -.300000    0.0000005338676162
-.460000  -.300000    0.0000004356737539
-.420000  -.300000    0.0000003025074084
-.380000  -.300000    0.0000001374570696
-.340000  -.300000    0.0000005055033981
-.300000  -.300000    0.0000002996712940
-.260000  -.300000    0.0000000590010953
-.220000  -.300000   -0.0000002200374738
-.180000  -.300000    0.0000001120022502
-.140000  -.300000   -0.0000002636881510
-.100000  -.300000   -0.0000000024134585
-.060000  -.300000    0.0000002095526265
-.020000  -.300000    0.0000003492135817
0.020000  -.300000    0.0000004023497496
0.060000  -.300000    0.0000003675825951
0.100000  -.300000    0.0000002541477315
0.140000  -.300000    0.0000000793222833
0.180000  -.300000    0.0000005486207430
0.220000  -.300000    0.0000002738183103
0.260000  -.300000    0.0000006211087955
0.300000  -.300000    0.0000009073450478
0.340000  -.300000    0.0000011382334410
0.380000  -.300000    0.0000007686407412
0.420000  -.300000    0.0000009339600055
0.460000  -.300000    0.0000010527699259
0.500000  -.300000    0.0000011246630069
0.540000  -.300000    0.0000011459884376
0.580000  -.300000    0.0000011115421336
0.620000  -.300000    0.0000010178266283
0.660000  -.300000    0.0000012431295200
0.700000  -.300000    0.0000009818646475
0.740000  -.300000    0.0000009599873684
0.780000  -.300000    0.0000004784078000
0.820000  -.300000    0.0000001491716204
0.860000  -.300000   -0.0000001255182565
0.900000  -.300000   -0.0000007256364209
0.940000  -.300000   -0.0000012928296851
-.780000  -.260000    0.0000001459553515
-.740000  -.260000    0.0000003514701159
-.700000  -.260000    0.0000005843971551
-.660000  -.260000    0.0000005470337473
-.620000  -.260000    0.0000006407442313
-.580000  -.260000    0.0000006908680956
-.540000  -.260000    0.0000006988662441
-.500000  -.260000    0.0000006690456824
-.460000  -.260000    0.0000006056782355
-.420000  -.260000    0.0000005131647011
-.380000  -.260000    0.0000003948106666
-.340000  -.260000    0.0000002518178658
-.300000  -.260000    0.0000000840140380
-.260000  -.260000   -0.0000001122451547
-.220000  -.260000    0.0000002501918953
-.180000  -.260000   -0.0000000114364119
-.140000  -.260000    0.0000003323494468
-.100000  -.260000   -0.0000000573505368
-.060000  -.260000    0.0000001733119226
-.020000  -.260000    0.0000003232899655
0.020000  -.260000    0.0000003731731831
0.060000  -.260000    0.0000003220805988
0.100000  -.260000    0.0000001834337613
0.140000  -.260000    0.0000006623793275
0.180000  -.260000    0.0000003993992021
0.220000  -.260000    0.0000007308833452
0.260000  -.260000    0.0000004130757046
0.300000  -.260000    0.0000006609261666
0.340000  -.260000    0.0000008613675910
0.380000  -.260000    0.0000010210178333
0.420000  -.260000    0.0000011441806381
0.460000  -.260000    0.0000012305830881
0.500000  -.260000    0.0000012800874723
0.540000  -.260000    0.0000012872365215
0.580000  -.260000    0.0000012506760837
0.620000  -.260000    0.0000011652656171
0.660000  -.260000    0.0000010222821913
0.700000  -.260000    0.0000011348958955
0.740000  -.260000    0.0000008361517558
0.780000  -.260000    0.0000007199284585
0.820000  -.260000    0.0000004551201072
0.860000  -.260000    0.0000000188061168
0.900000  -.260000   -0.0000004227262897
0.940000  -.260000   -0.0000008587190594
-.780000  -.220000    0.0000001482901895
-.740000  -.220000    0.0000003825102830
-.700000  -.220000    0.0000004365380528
-.660000  -.220000    0.0000005671727323
-.620000  -.220000    0.0000004187049841
-.580000  -.220000    0.0000004360745160
-.540000  -.220000    0.0000004234186264
-.500000  -.220000    0.0000003827237226
-.460000  -.220000    0.0000003191891964
-.420000  -.220000    0.0000002362403753
-.380000  -.220000    0.0000001352531629
-.340000  -.220000    0.0000000177848978
-.300000  -.220000   -0.0000001172808570
-.260000  -.220000    0.0000002323752074
-.220000  -.220000    0.0000000679361901
-.180000  -.220000   -0.0000001400532315
-.140000  -.220000    0.0000002116591568
-.100000  -.220000   -0.0000001204245007
-.060000  -.220000    0.0000001309382429
-.020000  -.220000    0.0000002951981705
0.020000  -.220000    0.0000003401322046
0.060000  -.220000    0.0000002656695761
0.100000  -.220000    0.0000000965682458
0.140000  -.220000    0.0000005127853485
0.180000  -.220000    0.0000002254535904
0.220000  -.220000    0.0000005041525984
0.260000  -.220000    0.0000007231594894
0.300000  -.220000    0.0000003966232230
0.340000  -.220000    0.0000005671722042
0.380000  -.220000    0.0000007055734627
0.420000  -.220000    0.0000008142903717
0.460000  -.220000    0.0000008884682006
0.500000  -.220000    0.0000009336153518
0.540000  -.220000    0.0000009489069318
0.580000  -.220000    0.0000009295801190
0.620000  -.220000    0.0000008728033142
0.660000  -.220000    0.0000010730015874
0.700000  -.220000    0.0000008975099921
0.740000  -.220000    0.0000009189574929
0.780000  -.220000    0.0000005964981464
0.820000  -.220000    0.0000004041387467
0.860000  -.220000    0.0000000683016804
0.900000  -.220000   -0.0000002547904549
0.940000  -.220000   -0.0000007015228873
-.780000  -.180000    0.0000001686150166
-.740000  -.180000    0.0000002793536095
-.700000  -.180000    0.0000004235083422
-.660000  -.180000    0.0000003673133611
-.620000  -.180000    0.0000004192309959
-.580000  -.180000    0.0000004440026146
-.540000  -.180000    0.0000004452833293
-.500000  -.180000    0.0000004250662574
-.460000  -.180000    0.0000003873770553
-.420000  -.180000    0.0000003364583315
-.380000  -.180000    0.0000002729752258
-.340000  -.180000    0.0000001990618000
-.300000  -.180000    0.0000001138561546
-.260000  -.180000    0.0000000137334762
-.220000  -.180000   -0.0000001092072712
-.180000  -.180000    0.0000002585509589
-.140000  -.180000    0.0000000768303594
-.100000  -.180000   -0.0000001914439041
-.060000  -.180000    0.0000000812965904
-.020000  -.180000    0.0000002656546490
0.020000  -.180000    0.0000003038881811
0.060000  -.180000    0.0000001978061468
0.100000  -.180000   -0.0000000085938831
0.140000  -.180000    0.0000003385629402
0.180000  -.180000    0.0000005809359368
0.220000  -.180000    0.0000002608136427
0.260000  -.180000    0.0000004371594139
0.300000  -.180000    0.0000005765862848
0.340000  -.180000    0.0000006895789572
0.380000  -.180000    0.0000007811944872
0.420000  -.180000    0.0000008465561871
0.460000  -.180000    0.0000009002322865
0.500000  -.180000    0.0000009466761806
0.540000  -.180000    0.0000009544081443
0.580000  -.180000    0.0000009299451390
0.620000  -.180000    0.0000008657738604
0.660000  -.180000    0.0000007685492197
0.700000  -.180000    0.0000008782508653
0.740000  -.180000    0.0000006857755612
0.780000  -.180000    0.0000006363910057
0.820000  -.180000    0.0000004877037030
0.860000  -.180000    0.0000002276123260
0.900000  -.180000   -0.0000001754428953
0.940000  -.180000   -0.0000004771357443
0.980000  -.180000   -0.0000008103009513
-.820000  -.140000    0.0000000027388387
-.780000  -.140000    0.0000001211864228
-.740000  -.140000    0.0000002539124876
-.700000  -.140000    0.0000002624882664
-.660000  -.140000    0.0000003299359331
-.620000  -.140000    0.0000003777945274
-.580000  -.140000    0.0000004042927695
-.540000  -.140000    0.0000002033903511
-.500000  -.140000    0.0000001750743905
-.460000  -.140000    0.0000001360844537
-.420000  -.140000    0.0000000891290608
-.380000  -.140000    0.0000000351197690
-.340000  -.140000   -0.0000000244366768
-.300000  -.140000   -0.0000000909958738
-.260000  -.140000    0.0000001988456611
-.220000  -.140000    0.0000001397027851
-.180000  -.140000    0.0000000581467248
-.140000  -.140000   -0.0000000668081993
-.100000  -.140000    0.0000003070658120
-.060000  -.140000    0.0000000212017106
-.020000  -.140000    0.0000002328215009
0.020000  -.140000    0.0000002653786929
0.060000  -.140000    0.0000001145164606
0.100000  -.140000    0.0000004585925559
0.140000  -.140000    0.0000001410077777
0.180000  -.140000    0.0000003214667249
0.220000  -.140000    0.0000004489453997
0.260000  -.140000    0.0000005453520941
0.300000  -.140000    0.0000002708944109
0.340000  -.140000    0.0000003646680365
0.380000  -.140000    0.0000004369962055
0.420000  -.140000    0.0000004986966276
0.460000  -.140000    0.0000005602728404
0.500000  -.140000    0.0000005441604574
0.540000  -.140000    0.0000005290405143
0.580000  -.140000    0.0000007580038876
0.620000  -.140000    0.0000007576614743
0.660000  -.140000    0.0000006980613572
0.700000  -.140000    0.0000005866957732
0.740000  -.140000    0.0000006239127641
0.780000  -.140000    0.0000004316971872
0.820000  -.140000    0.0000003342851823
0.860000  -.140000    0.0000001498812192
0.900000  -.140000   -0.0000000162184414
0.940000  -.140000   -0.0000003487862029
0.980000  -.140000   -0.0000006067395398
-.820000  -.100000    0.0000000122997751
-.780000  -.100000    0.0000001020748986
-.740000  -.100000    0.0000002022979472
-.700000  -.100000    0.0000002088621451
-.660000  -.100000    0.0000002608150979
-.620000  -.100000    0.0000002991659343
-.580000  -.100000    0.0000001846356423
-.540000  -.100000    0.0000001786805818
-.500000  -.100000    0.0000001630910444
-.460000  -.100000    0.0000001411481867
-.420000  -.100000    0.0000001146077012
-.380000  -.100000    0.0000000846046163
-.340000  -.100000    0.0000000527751221
-.300000  -.100000    0.0000000188824376
-.260000  -.100000   -0.0000000172425064
-.220000  -.100000   -0.0000000600572561
-.180000  -.100000   -0.0000001155127918
-.140000  -.100000    0.0000002137447501
-.100000  -.100000    0.0000001373340089
-.060000  -.100000   -0.0000000569196836
-.020000  -.100000    0.0000001974792232
0.020000  -.100000    0.0000002214388669
0.060000  -.100000    0.0000000105697499
0.100000  -.100000    0.0000002520361431
0.140000  -.100000    0.0000003665138254
0.180000  -.100000    0.0000000689904746
0.220000  -.100000    0.0000001616754283
0.260000  -.100000    0.0000002343851662
0.300000  -.100000    0.0000002937519489
0.340000  -.100000    0.0000003472008568
0.380000  -.100000    0.0000003861628389
0.420000  -.100000    0.0000004355281394
0.460000  -.100000    0.0000004227610338
0.500000  -.100000    0.0000004722168337
0.540000  -.100000    0.0000005955388352
0.580000  -.100000    0.0000005665219240
0.620000  -.100000    0.0000005709947670
0.660000  -.100000    0.0000005415429169
0.700000  -.100000    0.0000004674038650
0.740000  -.100000    0.0000004939246372
0.780000  -.100000    0.0000003569394037
0.820000  -.100000    0.0000002907199946
0.860000  -.100000    0.0000001634265828
0.900000  -.100000   -0.0000000411463744
0.940000  -.100000   -0.0000001714947299
0.980000  -.100000   -0.0000003735880928
-.820000  -.060000    0.0000000121530584
-.780000  -.060000    0.0000000678107590
-.740000  -.060000    0.0000000937842779
-.700000  -.060000    0.0000001342819658
-.660000  -.060000    0.0000001669850924
-.620000  -.060000    0.0000001183145920
-.580000  -.060000    0.0000001229296824
-.540000  -.060000    0.0000001213803128
-.500000  -.060000    0.0000001140222619
-.460000  -.060000    0.0000001034502767
-.420000  -.060000    0.0000000907209793
-.380000  -.060000    0.0000000768064876
-.340000  -.060000    0.0000000629672243
-.300000  -.060000    0.0000000497661994
-.260000  -.060000    0.0000000381250232
-.220000  -.060000    0.0000000265512738
-.180000  -.060000    0.0000000151614636
-.140000  -.060000   -0.0000000022627470
-.100000  -.060000   -0.0000000408954672
-.060000  -.060000    0.0000003404206912
-.020000  -.060000    0.0000001496988170
0.020000  -.060000    0.0000001639822607
0.060000  -.060000    0.0000003725591007
0.100000  -.060000    0.0000000264920973
0.140000  -.060000    0.0000000921122872
0.180000  -.060000    0.0000001329091599
0.220000  -.060000    0.0000001658411072
0.260000  -.060000    0.0000001944674475
0.300000  -.060000    0.0000002209900207
0.340000  -.060000    0.0000002450562731
0.380000  -.060000    0.0000002651786880
0.420000  -.060000    0.0000002865875735
0.460000  -.060000    0.0000002757046932
0.500000  -.060000    0.0000003934283649
0.540000  -.060000    0.0000001198804553
0.580000  -.060000    0.0000001497845971
0.620000  -.060000    0.0000003536558891
0.660000  -.060000    0.0000003250584584
0.700000  -.060000    0.0000003031960491
0.740000  -.060000    0.0000002406060315
0.780000  -.060000    0.0000002334906836
0.820000  -.060000    0.0000001951518352
0.860000  -.060000    0.0000001200553524
0.900000  -.060000    0.0000000001788483
0.940000  -.060000   -0.0000001266247113
0.980000  -.060000   -0.0000002260149224
-.820000  -.020000    0.0000000049063248
-.780000  -.020000    0.0000000237333900
-.740000  -.020000    0.0000000325196539
-.700000  -.020000    0.0000000462960729
-.660000  -.020000    0.0000000574573372
-.620000  -.020000    0.0000000412370199
-.580000  -.020000    0.0000000430639963
-.540000  -.020000    0.0000000429059045
-.500000  -.020000    0.0000000408022300
-.460000  -.020000    0.0000000377306283
-.420000  -.020000    0.0000000340644119
-.380000  -.020000    0.0000000301817642
-.340000  -.020000    0.0000000265578583
-.300000  -.020000    0.0000000235548611
-.260000  -.020000    0.0000000217258315
-.220000  -.020000    0.0000000209359606
-.180000  -.020000    0.0000000224508601
-.140000  -.020000    0.0000000264131271
-.100000  -.020000    0.0000000341654723
-.060000  -.020000    0.0000000467429322
-.020000  -.020000    0.0000000397925245
0.020000  -.020000    0.0000000454145524
0.060000  -.020000    0.0000000610282610
0.100000  -.020000    0.0000000565629881
0.140000  -.020000    0.0000000580708112
0.180000  -.020000    0.0000000628013089
0.220000  -.020000    0.0000000685975415
0.260000  -.020000    0.0000000746694458
0.300000  -.020000    0.0000000819475974
0.340000  -.020000    0.0000000871036103
0.380000  -.020000    0.0000000939843399
0.420000  -.020000    0.0000000980854459
0.460000  -.020000    0.0000001090081235
0.500000  -.020000    0.0000000832363444
0.540000  -.020000    0.0000001415352036
0.580000  -.020000    0.0000001153927864
0.620000  -.020000    0.0000001000681862
0.660000  -.020000    0.0000001126819964
0.700000  -.020000    0.0000001046080973
0.740000  -.020000    0.0000000831874580
0.780000  -.020000    0.0000000810689525
0.820000  -.020000    0.0000000684815451
0.860000  -.020000    0.0000000436062346
0.900000  -.020000    0.0000000041681933
0.940000  -.020000   -0.0000000371804499
0.980000  -.020000   -0.0000000860218864
-.820000  0.020000   -0.0000000049063248
-.780000  0.020000   -0.0000000237333900
-.740000  0.020000   -0.0000000325196539
-.700000  0.020000   -0.0000000462960729
-.660000  0.020000   -0.0000000574573372
-.620000  0.020000   -0.0000000412370199
-.580000  0.020000   -0.0000000430639963
-.540000  0.020000   -0.0000000429059045
-.500000  0.020000   -0.0000000408022300
-.460000  0.020000   -0.0000000377306283
-.420000  0.020000   -0.0000000340644119
-.380000  0.020000   -0.0000000301817642
-.340000  0.020000   -0.0000000265578583
-.300000  0.020000   -0.0000000235548611
-.260000  0.020000   -0.0000000217258315
-.220000  0.020000   -0.0000000209359606
-.180000  0.020000   -0.0000000224508601
-.140000  0.020000   -0.0000000264131271
-.100000  0.020000   -0.0000000341654723
-.060000  0.020000   -0.0000000467429322
-.020000  0.020000   -0.0000000397925245
0.020000  0.020000   -0.0000000454145524
0.060000  0.020000   -0.0000000610282610
0.100000  0.020000   -0.0000000565629881
0.140000  0.020000   -0.0000000580708112
0.180000  0.020000   -0.0000000628013089
0.220000  0.020000   -0.0000000685975415
0.260000  0.020000   -0.0000000746694458
0.300000  0.020000   -0.0000000819475974
0.340000  0.020000   -0.0000000871036103
0.380000  0.020000   -0.0000000939843399
0.420000  0.020000   -0.0000000980854459
0.460000  0.020000   -0.0000001090081235
0.500000  0.020000   -0.0000000832363444
0.540000  0.020000   -0.0000001415352036
0.580000  0.020000   -0.0000001153927864
0.620000  0.020000   -0.0000001000681862
0.660000  0.020000   -0.0000001126819964
0.700000  0.020000   -0.0000001046080973
0.740000  0.020000   -0.0000000831874580
0.780000  0.020000   -0.0000000810689525
0.820000  0.020000   -0.0000000684815451
0.860000  0.020000   -0.0000000436062346
0.900000  0.020000   -0.0000000041681933
0.940000  0.020000    0.0000000371804499
0.980000  0.020000    0.0000000860218864
-.820000  0.060000   -0.0000000121530584
-.780000  0.060000   -0.0000000678107590
-.740000  0.060000   -0.0000000937842779
-.700000  0.060000   -0.0000001342819658
-.660000  0.060000   -0.0000001669850924
-.620000  0.060000   -0.0000001183145920
-.580000  0.060000   -0.0000001229296824
-.540000  0.060000   -0.0000001213803128
-.500000  0.060000   -0.0000001140222619
-.460000  0.060000   -0.0000001034502767
-.420000  0.060000   -0.0000000907209793
-.380000  0.060000   -0.0000000768064876
-.340000  0.060000   -0.0000000629672243
-.300000  0.060000   -0.0000000497661994
-.260000  0.060000   -0.0000000381250232
-.220000  0.060000   -0.0000000265512738
-.180000  0.060000   -0.0000000151614636
-.140000  0.060000    0.0000000022627470
-.100000  0.060000    0.0000000408954672
-.060000  0.060000   -0.0000003404206912
-.020000  0.060000   -0.0000001496988170
0.020000  0.060000   -0.0000001639822607
0.060000  0.060000   -0.0000003725591007
0.100000  0.060000   -0.0000000264920973
0.140000  0.060000   -0.0000000921122872
0.180000  0.060000   -0.0000001329091599
0.220000  0.060000   -0.0000001658411072
0.260000  0.060000   -0.0000001944674475
0.300000  0.060000   -0.0000002209900207
0.340000  0.060000   -0.0000002450562731
0.380000  0.060000   -0.0000002651786880
0.420000  0.060000   -0.0000002865875735
0.460000  0.060000   -0.0000002757046932
0.500000  0.060000   -0.0000003934283649
0.540000  0.060000   -0.0000001198804553
0.580000  0.060000   -0.0000001497845971
0.620000  0.060000   -0.0000003536558891
0.660000  0.060000   -0.0000003250584584
0.700000  0.060000   -0.0000003031960491
0.740000  0.060000   -0.0000002406060315
0.780000  0.060000   -0.0000002334906836
0.820000  0.060000   -0.0000001951518352
0.860000  0.060000   -0.0000001200553524
0.900000  0.060000   -0.0000000001788483
0.940000  0.060000    0.0000001266247113
0.980000  0.060000    0.0000002260149224
-.820000  0.100000   -0.0000000122997751
-.780000  0.100000   -0.0000001020748986
-.740000  0.100000   -0.0000002022979472
-.700000  0.100000   -0.0000002088621451
-.660000  0.100000   -0.0000002608150979
-.620000  0.100000   -0.0000002991659343
-.580000  0.100000   -0.0000001846356423
-.540000  0.100000   -0.0000001786805818
-.500000  0.100000   -0.0000001630910444
-.460000  0.100000   -0.0000001411481867
-.420000  0.100000   -0.0000001146077012
-.380000  0.100000   -0.0000000846046163
-.340000  0.100000   -0.0000000527751221
-.300000  0.100000   -0.0000000188824376
-.260000  0.100000    0.0000000172425064
-.220000  0.100000    0.0000000600572561
-.180000  0.100000    0.0000001155127918
-.140000  0.100000   -0.0000002137447501
-.100000  0.100000   -0.0000001373340089
-.060000  0.100000    0.0000000569196836
-.020000  0.100000   -0.0000001974792232
0.020000  0.100000   -0.0000002214388669
0.060000  0.100000   -0.0000000105697499
0.100000  0.100000   -0.0000002520361431
0.140000  0.100000   -0.0000003665138254
0.180000  0.100000   -0.0000000689904746
0.220000  0.100000   -0.0000001616754283
0.260000  0.100000   -0.0000002343851662
0.300000  0.100000   -0.0000002937519489
0.340000  0.100000   -0.0000003472008568
0.380000  0.100000   -0.0000003861628389
0.420000  0.100000   -0.0000004355281394
0.460000  0.100000   -0.0000004227610338
0.500000  0.100000   -0.0000004722168337
0.540000  0.100000   -0.0000005955388352
0.580000  0.100000   -0.0000005665219240
0.620000  0.100000   -0.0000005709947670
0.660000  0.100000   -0.0000005415429169
0.700000  0.100000   -0.0000004674038650
0.740000  0.100000   -0.0000004939246372
0.780000  0.100000   -0.0000003569394037
0.820000  0.100000   -0.0000002907199946
0.860000  0.100000   -0.0000001634265828
0.900000  0.100000    0.0000000411463744
0.940000  0.100000    0.0000001714947299
0.980000  0.100000    0.0000003735880928
-.820000  0.140000   -0.0000000027388387
-.780000  0.140000   -0.0000001211864228
-.740000  0.140000   -0.0000002539124876
-.700000  0.140000   -0.0000002624882664
-.660000  0.140000   -0.0000003299359331
-.620000  0.140000   -0.0000003777945274
-.580000  0.140000   -0.0000004042927695
-.540000  0.140000   -0.0000002033903511
-.500000  0.140000   -0.0000001750743905
-.460000  0.140000   -0.0000001360844537
-.420000  0.140000   -0.0000000891290608
-.380000  0.140000   -0.0000000351197690
-.340000  0.140000    0.0000000244366768
-.300000  0.140000    0.0000000909958738
-.260000  0.140000   -0.0000001988456611
-.220000  0.140000   -0.0000001397027851
-.180000  0.140000   -0.0000000581467248
-.140000  0.140000    0.0000000668081993
-.100000  0.140000   -0.0000003070658120
-.060000  0.140000   -0.0000000212017106
-.020000  0.140000   -0.0000002328215009
0.020000  0.140000   -0.0000002653786929
0.060000  0.140000   -0.0000001145164606
0.100000  0.140000   -0.0000004585925559
0.140000  0.140000   -0.0000001410077777
0.180000  0.140000   -0.0000003214667249
0.220000  0.140000   -0.0000004489453997
0.260000  0.140000   -0.0000005453520941
0.300000  0.140000   -0.0000002708944109
0.340000  0.140000   -0.0000003646680365
0.380000  0.140000   -0.0000004369962055
0.420000  0.140000   -0.0000004986966276
0.460000  0.140000   -0.0000005602728404
0.500000  0.140000   -0.0000005441604574
0.540000  0.140000   -0.0000005290405143
0.580000  0.140000   -0.0000007580038876
0.620000  0.140000   -0.0000007576614743
0.660000  0.140000   -0.0000006980613572
0.700000  0.140000   -0.0000005866957732
0.740000  0.140000   -0.0000006239127641
0.780000  0.140000   -0.0000004316971872
0.820000  0.140000   -0.0000003342851823
0.860000  0.140000   -0.0000001498812192
0.900000  0.140000    0.0000000162184414
0.940000  0.140000    0.0000003487862029
0.980000  0.140000    0.0000006067395398
-.780000  0.180000   -0.0000001686150166
-.740000  0.180000   -0.0000002793536095
-.700000  0.180000   -0.0000004235083422
-.660000  0.180000   -0.0000003673133611
-.620000  0.180000   -0.0000004192309959
-.580000  0.180000   -0.0000004440026146
-.540000  0.180000   -0.0000004452833293
-.500000  0.180000   -0.0000004250662574
-.460000  0.180000   -0.0000003873770553
-.420000  0.180000   -0.0000003364583315
-.380000  0.180000   -0.0000002729752258
-.340000  0.180000   -0.0000001990618000
-.300000  0.180000   -0.0000001138561546
-.260000  0.180000   -0.0000000137334762
-.220000  0.180000    0.0000001092072712
-.180000  0.180000   -0.0000002585509589
-.140000  0.180000   -0.0000000768303594
-.100000  0.180000    0.0000001914439041
-.060000  0.180000   -0.0000000812965904
-.020000  0.180000   -0.0000002656546490
0.020000  0.180000   -0.0000003038881811
0.060000  0.180000   -0.0000001978061468
0.100000  0.180000    0.0000000085938831
0.140000  0.180000   -0.0000003385629402
0.180000  0.180000   -0.0000005809359368
0.220000  0.180000   -0.0000002608136427
0.260000  0.180000   -0.0000004371594139
0.300000  0.180000   -0.0000005765862848
0.340000  0.180000   -0.0000006895789572
0.380000  0.180000   -0.0000007811944872
0.420000  0.180000   -0.0000008465561871
0.460000  0.180000   -0.0000009002322865
0.500000  0.180000   -0.0000009466761806
0.540000  0.180000   -0.0000009544081443
0.580000  0.180000   -0.0000009299451390
0.620000  0.180000   -0.0000008657738604
0.660000  0.180000   -0.0000007685492197
0.700000  0.180000   -0.0000008782508653
0.740000  0.180000   -0.0000006857755612
0.780000  0.180000   -0.0000006363910057
0.820000  0.180000   -0.0000004877037030
0.860000  0.180000   -0.0000002276123260
0.900000  0.180000    0.0000001754428953
0.940000  0.180000    0.0000004771357443
0.980000  0.180000    0.0000008103009513
-.780000  0.220000   -0.0000001482901895
-.740000  0.220000   -0.0000003825102830
-.700000  0.220000   -0.0000004365380528
-.660000  0.220000   -0.0000005671727323
-.620000  0.220000   -0.0000004187049841
-.580000  0.220000   -0.0000004360745160
-.540000  0.220000   -0.0000004234186264
-.500000  0.220000   -0.0000003827237226
-.460000  0.220000   -0.0000003191891964
-.420000  0.220000   -0.0000002362403753
-.380000  0.220000   -0.0000001352531629
-.340000  0.220000   -0.0000000177848978
-.300000  0.220000    0.0000001172808570
-.260000  0.220000   -0.0000002323752074
-.220000  0.220000   -0.0000000679361901
-.180000  0.220000    0.0000001400532315
-.140000  0.220000   -0.0000002116591568
-.100000  0.220000    0.0000001204245007
-.060000  0.220000   -0.0000001309382429
-.020000  0.220000   -0.0000002951981705
0.020000  0.220000   -0.0000003401322046
0.060000  0.220000   -0.0000002656695761
0.100000  0.220000   -0.0000000965682458
0.140000  0.220000   -0.0000005127853485
0.180000  0.220000   -0.0000002254535904
0.220000  0.220000   -0.0000005041525984
0.260000  0.220000   -0.0000007231594894
0.300000  0.220000   -0.0000003966232230
0.340000  0.220000   -0.0000005671722042
0.380000  0.220000   -0.0000007055734627
0.420000  0.220000   -0.0000008142903717
0.460000  0.220000   -0.0000008884682006
0.500000  0.220000   -0.0000009336153518
0.540000  0.220000   -0.0000009489069318
0.580000  0.220000   -0.0000009295801190
0.620000  0.220000   -0.0000008728033142
0.660000  0.220000   -0.0000010730015874
0.700000  0.220000   -0.0000008975099921
0.740000  0.220000   -0.0000009189574929
0.780000  0.220000   -0.0000005964981464
0.820000  0.220000   -0.0000004041387467
0.860000  0.220000   -0.0000000683016804
0.900000  0.220000    0.0000002547904549
0.940000  0.220000    0.0000007015228873
-.780000  0.260000   -0.0000001459553515
-.740000  0.260000   -0.0000003514701159
-.700000  0.260000   -0.0000005843971551
-.660000  0.260000   -0.0000005470337473
-.620000  0.260000   -0.0000006407442313
-.580000  0.260000   -0.0000006908680956
-.540000  0.260000   -0.0000006988662441
-.500000  0.260000   -0.0000006690456824
-.460000  0.260000   -0.0000006056782355
-.420000  0.260000   -0.0000005131647011
-.380000  0.260000   -0.0000003948106666
-.340000  0.260000   -0.0000002518178658
-.300000  0.260000   -0.0000000840140380
-.260000  0.260000    0.0000001122451547
-.220000  0.260000   -0.0000002501918953
-.180000  0.260000    0.0000000114364119
-.140000  0.260000   -0.0000003323494468
-.100000  0.260000    0.0000000573505368
-.060000  0.260000   -0.0000001733119226
-.020000  0.260000   -0.0000003232899655
0.020000  0.260000   -0.0000003731731831
0.060000  0.260000   -0.0000003220805988
0.100000  0.260000   -0.0000001834337613
0.140000  0.260000   -0.0000006623793275
0.180000  0.260000   -0.0000003993992021
0.220000  0.260000   -0.0000007308833452
0.260000  0.260000   -0.0000004130757046
0.300000  0.260000   -0.0000006609261666
0.340000  0.260000   -0.0000008613675910
0.380000  0.260000   -0.0000010210178333
0.420000  0.260000   -0.0000011441806381
0.460000  0.260000   -0.0000012305830881
0.500000  0.260000   -0.0000012800874723
0.540000  0.260000   -0.0000012872365215
0.580000  0.260000   -0.0000012506760837
0.620000  0.260000   -0.0000011652656171
0.660000  0.260000   -0.0000010222821913
0.700000  0.260000   -0.0000011348958955
0.740000  0.260000   -0.0000008361517558
0.780000  0.260000   -0.0000007199284585
0.820000  0.260000   -0.0000004551201072
0.860000  0.260000   -0.0000000188061168
0.900000  0.260000    0.0000004227262897
0.940000  0.260000    0.0000008587190594
-.780000  0.300000   -0.0000000733249549
-.740000  0.300000   -0.0000003974642071
-.700000  0.300000   -0.0000005253798564
-.660000  0.300000   -0.0000007243555809
-.620000  0.300000   -0.0000005692700492
-.580000  0.300000   -0.0000006047735999
-.540000  0.300000   -0.0000005917371339
-.500000  0.300000   -0.0000005338676162
-.460000  0.300000   -0.0000004356737539
-.420000  0.300000   -0.0000003025074084
-.380000  0.300000   -0.0000001374570696
-.340000  0.300000   -0.0000005055033981
-.300000  0.300000   -0.0000002996712940
-.260000  0.300000   -0.0000000590010953
-.220000  0.300000    0.0000002200374738
-.180000  0.300000   -0.0000001120022502
-.140000  0.300000    0.0000002636881510
-.100000  0.300000    0.0000000024134585
-.060000  0.300000   -0.0000002095526265
-.020000  0.300000   -0.0000003492135817
0.020000  0.300000   -0.0000004023497496
0.060000  0.300000   -0.0000003675825951
0.100000  0.300000   -0.0000002541477315
0.140000  0.300000   -0.0000000793222833
0.180000  0.300000   -0.0000005486207430
0.220000  0.300000   -0.0000002738183103
0.260000  0.300000   -0.0000006211087955
0.300000  0.300000   -0.0000009073450478
0.340000  0.300000   -0.0000011382334410
0.380000  0.300000   -0.0000007686407412
0.420000  0.300000   -0.0000009339600055
0.460000  0.300000   -0.0000010527699259
0.500000  0.300000   -0.0000011246630069
0.540000  0.300000   -0.0000011459884376
0.580000  0.300000   -0.0000011115421336
0.620000  0.300000   -0.0000010178266283
0.660000  0.300000   -0.0000012431295200
0.700000  0.300000   -0.0000009818646475
0.740000  0.300000   -0.0000009599873684
0.780000  0.300000   -0.0000004784078000
0.820000  0.300000   -0.0000001491716204
0.860000  0.300000    0.0000001255182565
0.900000  0.300000    0.0000007256364209
0.940000  0.300000    0.0000012928296851
-.740000  0.340000   -0.0000002931209519
-.700000  0.340000   -0.0000006089708705
-.660000  0.340000   -0.0000006210591957
-.620000  0.340000   -0.0000007575959033
-.580000  0.340000   -0.0000008322883594
-.540000  0.340000   -0.0000008452587387
-.500000  0.340000   -0.0000007994606962
-.460000  0.340000   -0.0000007013260867
-.420000  0.340000   -0.0000005558515354
-.380000  0.340000   -0.0000003695276560
-.340000  0.340000   -0.0000001447327006
-.300000  0.340000   -0.0000005172501404
-.260000  0.340000   -0.0000002310566636
-.220000  0.340000    0.0000000977258298
-.180000  0.340000   -0.0000002279750012
-.140000  0.340000    0.0000001997525734
-.100000  0.340000   -0.0000000447310816
-.060000  0.340000   -0.0000002408009570
-.020000  0.340000   -0.0000003707904976
0.020000  0.340000   -0.0000004256014576
0.060000  0.340000   -0.0000004017670297
0.100000  0.340000   -0.0000003085490112
0.140000  0.340000   -0.0000001528881376
0.180000  0.340000   -0.0000006698056628
0.220000  0.340000   -0.0000004106251852
0.260000  0.340000   -0.0000008001501650
0.300000  0.340000   -0.0000011232953621
0.340000  0.340000   -0.0000007661012846
0.380000  0.340000   -0.0000010015634436
0.420000  0.340000   -0.0000011813700737
0.460000  0.340000   -0.0000013071433191
0.500000  0.340000   -0.0000013767901656
0.540000  0.340000   -0.0000013861536879
0.580000  0.340000   -0.0000013294449106
0.620000  0.340000   -0.0000012014225412
0.660000  0.340000   -0.0000009932112274
0.700000  0.340000   -0.0000010856960395
0.740000  0.340000   -0.0000006517466483
0.780000  0.340000   -0.0000004269293205
0.820000  0.340000    0.0000000082029771
0.860000  0.340000    0.0000004016923479
0.900000  0.340000    0.0000009307680128
0.940000  0.340000    0.0000015105467442
-.740000  0.380000   -0.0000002437711537
-.700000  0.380000   -0.0000006426179069
-.660000  0.380000   -0.0000007266228716
-.620000  0.380000   -0.0000009228974760
-.580000  0.380000   -0.0000010439744522
-.540000  0.380000   -0.0000010882510430
-.500000  0.380000   -0.0000010598591734
-.460000  0.380000   -0.0000009649696388
-.420000  0.380000   -0.0000008102739331
-.380000  0.380000   -0.0000006017694070
-.340000  0.380000   -0.0000003455705064
-.300000  0.380000   -0.0000000472177085
-.260000  0.380000   -0.0000003974520617
-.220000  0.380000   -0.0000000201190590
-.180000  0.380000   -0.0000003328438823
-.140000  0.380000    0.0000001436745617
-.100000  0.380000   -0.0000000837533857
-.060000  0.380000   -0.0000002649547553
-.020000  0.380000   -0.0000003862885368
0.020000  0.380000   -0.0000004395781939
0.060000  0.380000   -0.0000004233415012
0.100000  0.380000   -0.0000003434675086
0.140000  0.380000   -0.0000002032624406
0.180000  0.380000   -0.0000007616660776
0.220000  0.380000   -0.0000005152698565
0.260000  0.380000   -0.0000009431796701
0.300000  0.380000   -0.0000006180227106
0.340000  0.380000   -0.0000009371824551
0.380000  0.380000   -0.0000011932529030
0.420000  0.380000   -0.0000013849526742
0.460000  0.380000   -0.0000015131740788
0.500000  0.380000   -0.0000015767694850
0.540000  0.380000   -0.0000015698208030
0.580000  0.380000   -0.0000014861869502
0.620000  0.380000   -0.0000013181556866
0.660000  0.380000   -0.0000010554255107
0.700000  0.380000   -0.0000011019271539
0.740000  0.380000   -0.0000005772151345
0.780000  0.380000   -0.0000002605122003
0.820000  0.380000    0.0000003062067275
0.860000  0.380000    0.0000008704671771
0.900000  0.380000    0.0000014307515694
-.740000  0.420000   -0.0000001286498775
-.700000  0.420000   -0.0000004466445509
-.660000  0.420000   -0.0000007816627242
-.620000  0.420000   -0.0000010451828618
-.580000  0.420000   -0.0000008095053885
-.540000  0.420000   -0.0000008262114696
-.500000  0.420000   -0.0000007648077373
-.460000  0.420000   -0.0000006314054662
-.420000  0.420000   -0.0000004334709054
-.380000  0.420000   -0.0000008231214470
-.340000  0.420000   -0.0000005388085347
-.300000  0.420000   -0.0000002032663420
-.260000  0.420000   -0.0000005509779086
-.220000  0.420000   -0.0000001274147430
-.180000  0.420000   -0.0000004245887725
-.140000  0.420000    0.0000000984105920
-.100000  0.420000   -0.0000001131125737
-.060000  0.420000   -0.0000002796113036
-.020000  0.420000   -0.0000003917335080
0.020000  0.420000   -0.0000004412876346
0.060000  0.420000   -0.0000004293825864
0.100000  0.420000   -0.0000003560650477
0.140000  0.420000   -0.0000002265732460
0.180000  0.420000   -0.0000008201339187
0.220000  0.420000   -0.0000005835492473
0.260000  0.420000   -0.0000010432078491
0.300000  0.420000   -0.0000007179078518
0.340000  0.420000   -0.0000010604212303
0.380000  0.420000   -0.0000013308750804
0.420000  0.420000   -0.0000008840492397
0.460000  0.420000   -0.0000010404118509
0.500000  0.420000   -0.0000011203489412
0.540000  0.420000   -0.0000011191359778
0.580000  0.420000   -0.0000010277801969
0.620000  0.420000   -0.0000013465558856
0.660000  0.420000   -0.0000010198261001
0.700000  0.420000   -0.0000005640254452
0.740000  0.420000   -0.0000003746191675
0.780000  0.420000    0.0000000566641078
0.820000  0.420000    0.0000004096639006
0.860000  0.420000    0.0000012386142256
0.900000  0.420000    0.0000020176603992
-.700000  0.460000   -0.0000004817452222
-.660000  0.460000   -0.0000007676751582
-.620000  0.460000   -0.0000011052990545
-.580000  0.460000   -0.0000009249721560
-.540000  0.460000   -0.0000009806308381
-.500000  0.460000   -0.0000009432647992
-.460000  0.460000   -0.0000008189002691
-.420000  0.460000   -0.0000006165986671
-.380000  0.460000   -0.0000010233542562
-.340000  0.460000   -0.0000007139287739
-.300000  0.460000   -0.0000003455500420
-.260000  0.460000   -0.0000006865718889
-.220000  0.460000   -0.0000002192128245
-.180000  0.460000   -0.0000005006844498
-.140000  0.460000    0.0000000657375920
-.100000  0.460000   -0.0000001291630578
-.060000  0.460000   -0.0000002815554824
-.020000  0.460000   -0.0000003825769552
0.020000  0.460000   -0.0000004265688941
0.060000  0.460000   -0.0000004140255604
0.100000  0.460000   -0.0000003436344426
0.140000  0.460000   -0.0000002192278090
0.180000  0.460000   -0.0000008410377631
0.220000  0.460000   -0.0000006080472570
0.260000  0.460000   -0.0000010937453266
0.300000  0.460000   -0.0000007651337513
0.340000  0.460000   -0.0000011239985630
0.380000  0.460000   -0.0000014046110848
0.420000  0.460000   -0.0000009354280235
0.460000  0.460000   -0.0000010841298476
0.500000  0.460000   -0.0000011468492906
0.540000  0.460000   -0.0000011166617415
0.580000  0.460000   -0.0000009833029286
0.620000  0.460000   -0.0000012657495522
0.660000  0.460000   -0.0000008629238650
0.700000  0.460000   -0.0000007738159112
0.740000  0.460000   -0.0000000141544621
0.780000  0.460000    0.0000005656464076
0.820000  0.460000    0.0000011229957896
0.860000  0.460000    0.0000016056758908
-.700000  0.500000   -0.0000002606914438
-.660000  0.500000   -0.0000006682028705
-.620000  0.500000   -0.0000010844171078
-.580000  0.500000   -0.0000009813606644
-.540000  0.500000   -0.0000010834025923
-.500000  0.500000   -0.0000010777820251
-.460000  0.500000   -0.0000009700579107
-.420000  0.500000   -0.0000007703991937
-.380000  0.500000   -0.0000011898543620
-.340000  0.500000   -0.0000008618147682
-.300000  0.500000   -0.0000004651893426
-.260000  0.500000   -0.0000007970025286
-.220000  0.500000   -0.0000002912462734
-.180000  0.500000   -0.0000005562811678
-.140000  0.500000    0.0000000499108542
-.100000  0.500000   -0.0000001277076755
-.060000  0.500000   -0.0000002656007116
-.020000  0.500000   -0.0000003536007059
0.020000  0.500000   -0.0000003896548673
0.060000  0.500000   -0.0000003725559169
0.100000  0.500000   -0.0000002999207048
0.140000  0.500000   -0.0000001757526273
0.180000  0.500000   -0.0000008180219135
0.220000  0.500000   -0.0000005840201424
0.260000  0.500000   -0.0000010882235122
0.300000  0.500000   -0.0000007514425732
0.340000  0.500000   -0.0000011193592398
0.380000  0.500000   -0.0000014024433141
0.420000  0.500000   -0.0000009055831456
0.460000  0.500000   -0.0000010394643307
0.500000  0.500000   -0.0000010757870931
0.540000  0.500000   -0.0000010070834647
0.580000  0.500000   -0.0000008209160705
0.620000  0.500000   -0.0000010528759478
0.660000  0.500000   -0.0000005575599342
0.700000  0.500000   -0.0000003723048661
0.740000  0.500000    0.0000000824767625
0.780000  0.500000    0.0000008813650957
0.820000  0.500000    0.0000017818580064
0.860000  0.500000    0.0000023464735406
-.660000  0.540000   -0.0000004729909619
-.620000  0.540000   -0.0000009660209304
-.580000  0.540000   -0.0000009625113669
-.540000  0.540000   -0.0000011184126716
-.500000  0.540000   -0.0000011530174340
-.460000  0.540000   -0.0000010709206847
-.420000  0.540000   -0.0000008817160765
-.380000  0.540000   -0.0000013108034717
-.340000  0.540000   -0.0000009715365235
-.300000  0.540000   -0.0000005538041911
-.260000  0.540000   -0.0000008752126279
-.220000  0.540000   -0.0000003373150410
-.180000  0.540000   -0.0000005848486287
-.140000  0.540000    0.0000000564644753
-.100000  0.540000   -0.0000001035245227
-.060000  0.540000   -0.0000002250776942
-.020000  0.540000   -0.0000002988740834
0.020000  0.540000   -0.0000003244745381
0.060000  0.540000   -0.0000002978326955
0.100000  0.540000   -0.0000002187835005
0.140000  0.540000   -0.0000000898661762
0.180000  0.540000   -0.0000007442898357
0.220000  0.540000   -0.0000005033875018
0.260000  0.540000   -0.0000010180899851
0.300000  0.540000   -0.0000006671020970
0.340000  0.540000   -0.0000010357638351
0.380000  0.540000   -0.0000013123712015
0.420000  0.540000   -0.0000007805680635
0.460000  0.540000   -0.0000008899214660
0.500000  0.540000   -0.0000008895110054
0.540000  0.540000   -0.0000007697148613
0.580000  0.540000   -0.0000005174465347
0.620000  0.540000   -0.0000006804208568
0.660000  0.540000   -0.0000000722173289
0.700000  0.540000    0.0000002415449757
0.740000  0.540000    0.0000008798581998
0.780000  0.540000    0.0000015042896413
0.820000  0.540000    0.0000021934560247
-.660000  0.580000   -0.0000002601865388
-.620000  0.580000   -0.0000007390142415
-.580000  0.580000   -0.0000012018345726
-.540000  0.580000   -0.0000010713981373
-.500000  0.580000   -0.0000011548239209
-.460000  0.580000   -0.0000011074160668
-.420000  0.580000   -0.0000009388948523
-.380000  0.580000   -0.0000013744684396
-.340000  0.580000   -0.0000010333428588
-.300000  0.580000   -0.0000006030580456
-.260000  0.580000   -0.0000009132634035
-.220000  0.580000   -0.0000003496961738
-.180000  0.580000   -0.0000005796088254
-.140000  0.580000   -0.0000007799797083
-.100000  0.580000   -0.0000000492863665
-.060000  0.580000   -0.0000001519481847
-.020000  0.580000   -0.0000002102696568
0.020000  0.580000   -0.0000002217676366
0.060000  0.580000   -0.0000001824686031
0.100000  0.580000   -0.0000000920975496
0.140000  0.580000   -0.0000008145599169
0.180000  0.580000   -0.0000006107962432
0.220000  0.580000   -0.0000003567753013
0.260000  0.580000   -0.0000008727213314
0.300000  0.580000   -0.0000005008300832
0.340000  0.580000   -0.0000008598487695
0.380000  0.580000   -0.0000011199222553
0.420000  0.580000   -0.0000005455248380
0.460000  0.580000   -0.0000006177721872
0.500000  0.580000   -0.0000005679321976
0.540000  0.580000   -0.0000003825969191
0.580000  0.580000   -0.0000006583538629
0.620000  0.580000   -0.0000001161016937
0.660000  0.580000    0.0000000835629138
0.700000  0.580000    0.0000005963530526
0.740000  0.580000    0.0000015274773473
0.780000  0.580000    0.0000021962462650
-.620000  0.620000   -0.0000005504915514
-.580000  0.620000   -0.0000009364533352
-.540000  0.620000   -0.0000013360549238
-.500000  0.620000   -0.0000015759936091
-.460000  0.620000   -0.0000016543216867
-.420000  0.620000   -0.0000015803585213
-.380000  0.620000   -0.0000013688386657
-.340000  0.620000   -0.0000010364238377
-.300000  0.620000   -0.0000006036983267
-.260000  0.620000   -0.0000009009785874
-.220000  0.620000   -0.0000003207480005
-.180000  0.620000   -0.0000005319708058
-.140000  0.620000   -0.0000007130284707
-.100000  0.620000   -0.0000008521340946
-.060000  0.620000   -0.0000000391882597
-.020000  0.620000   -0.0000000790430614
0.020000  0.620000   -0.0000000730522675
0.060000  0.620000   -0.0000000174136273
0.100000  0.620000   -0.0000007974573305
0.140000  0.620000   -0.0000006286494343
0.180000  0.620000   -0.0000004076558418
0.220000  0.620000   -0.0000001343035685
0.260000  0.620000   -0.0000006389328025
0.300000  0.620000   -0.0000002394681665
0.340000  0.620000   -0.0000005773735456
0.380000  0.620000   -0.0000008084069213
0.420000  0.620000   -0.0000009260286105
0.460000  0.620000   -0.0000009185013924
0.500000  0.620000   -0.0000007713028450
0.540000  0.620000   -0.0000004732652729
0.580000  0.620000    0.0000000009107459
0.620000  0.620000    0.0000000909026182
0.660000  0.620000    0.0000010567201920
0.700000  0.620000    0.0000012820269594
0.740000  0.620000    0.0000021805314609
0.780000  0.620000    0.0000028975785023
-.620000  0.660000   -0.0000000445297103
-.580000  0.660000   -0.0000007635045199
-.540000  0.660000   -0.0000010271515596
-.500000  0.660000   -0.0000013399488404
-.460000  0.660000   -0.0000014819627617
-.420000  0.660000   -0.0000014576201092
-.380000  0.660000   -0.0000012812126527
-.340000  0.660000   -0.0000009706375117
-.300000  0.660000   -0.0000013316174458
-.260000  0.660000   -0.0000008282366743
-.220000  0.660000   -0.0000010919008121
-.180000  0.660000   -0.0000004325924627
-.140000  0.660000   -0.0000005925462615
-.100000  0.660000   -0.0000007112318964
-.060000  0.660000   -0.0000007854646066
-.020000  0.660000   -0.0000008087324043
0.020000  0.660000   -0.0000007778215891
0.060000  0.660000   -0.0000006939546132
0.100000  0.660000   -0.0000005567919938
0.140000  0.660000   -0.0000003655169606
0.180000  0.660000   -0.0000001210547514
0.220000  0.660000   -0.0000006802406476
0.260000  0.660000   -0.0000003037787947
0.300000  0.660000   -0.0000006921399585
0.340000  0.660000   -0.0000001710097477
0.380000  0.660000   -0.0000003586615006
0.420000  0.660000   -0.0000004215684734
0.460000  0.660000   -0.0000003455510138
0.500000  0.660000   -0.0000001117448736
0.540000  0.660000    0.0000002971379668
0.580000  0.660000    0.0000002805613606
0.620000  0.660000    0.0000011788512786
0.660000  0.660000    0.0000012546115287
0.700000  0.660000    0.0000019646300997
0.740000  0.660000    0.0000032575481319
-.580000  0.700000   -0.0000002573973220
-.540000  0.700000   -0.0000008556183294
-.500000  0.700000   -0.0000013796489594
-.460000  0.700000   -0.0000017045326115
-.420000  0.700000   -0.0000012318421484
-.380000  0.700000   -0.0000017694838132
-.340000  0.700000   -0.0000015433869895
-.300000  0.700000   -0.0000011736537766
-.260000  0.700000   -0.0000015063915611
-.220000  0.700000   -0.0000009307611019
-.180000  0.700000   -0.0000011431155916
-.140000  0.700000   -0.0000004073681968
-.100000  0.700000   -0.0000005034011767
-.060000  0.700000   -0.0000005549366697
-.020000  0.700000   -0.0000005555288667
0.020000  0.700000   -0.0000005015953300
0.060000  0.700000   -0.0000003934215112
0.100000  0.700000   -0.0000002306551980
0.140000  0.700000   -0.0000000120927931
0.180000  0.700000   -0.0000006190877814
0.220000  0.700000   -0.0000002645455108
0.260000  0.700000   -0.0000006999546129
0.300000  0.700000   -0.0000001952027162
0.340000  0.700000   -0.0000004257974647
0.380000  0.700000   -0.0000005275936138
0.420000  0.700000    0.0000002656644641
0.460000  0.700000   -0.0000002906550768
0.500000  0.700000    0.0000000863191743
0.540000  0.700000    0.0000006697036363
0.580000  0.700000    0.0000008697174365
0.620000  0.700000    0.0000014605353152
0.660000  0.700000    0.0000020462114246
0.700000  0.700000    0.0000030437444500
-.540000  0.740000   -0.0000003410052527
-.500000  0.740000   -0.0000010972202341
-.460000  0.740000   -0.0000012091665640
-.420000  0.740000   -0.0000014141547662
-.380000  0.740000   -0.0000014227257501
-.340000  0.740000   -0.0000012519755145
-.300000  0.740000   -0.0000016704356106
-.260000  0.740000   -0.0000012390153567
-.220000  0.740000   -0.0000015229620087
-.180000  0.740000   -0.0000008769061988
-.140000  0.740000   -0.0000010241723962
-.100000  0.740000   -0.0000011221196541
-.060000  0.740000   -0.0000002427405219
-.020000  0.740000   -0.0000002169867845
0.020000  0.740000   -0.0000001359952137
0.060000  0.740000    0.0000000012172020
0.100000  0.740000   -0.0000007137028830
0.140000  0.740000   -0.0000004468349136
0.180000  0.740000   -0.0000001162235816
0.220000  0.740000   -0.0000005901384807
0.260000  0.740000   -0.0000001019709284
0.300000  0.740000   -0.0000003707535449
0.340000  0.740000    0.0000002983642764
0.380000  0.740000    0.0000002799365085
0.420000  0.740000    0.0000004181353562
0.460000  0.740000    0.0000007376512517
0.500000  0.740000    0.0000005762986730
0.540000  0.740000    0.0000013970989611
0.580000  0.740000    0.0000019249392754
0.620000  0.740000    0.0000024507553034
0.660000  0.740000    0.0000034694408053
-.500000  0.780000   -0.0000004063394675
-.460000  0.780000   -0.0000008974879332
-.420000  0.780000   -0.0000013080597233
-.380000  0.780000   -0.0000014935170962
-.340000  0.780000   -0.0000014657866924
-.300000  0.780000   -0.0000012488004567
-.260000  0.780000   -0.0000016216957899
-.220000  0.780000   -0.0000011294032683
-.180000  0.780000   -0.0000013475144537
-.140000  0.780000   -0.0000006358959118
-.100000  0.780000   -0.0000007080259293
-.060000  0.780000   -0.0000007232094582
-.020000  0.780000   -0.0000006761750214
0.020000  0.780000   -0.0000005661250113
0.060000  0.780000   -0.0000003915552826
0.100000  0.780000   -0.0000001512126518
0.140000  0.780000    0.0000001551771111
0.180000  0.780000   -0.0000003470026709
0.220000  0.780000    0.0000001228536244
0.260000  0.780000   -0.0000001752434889
0.300000  0.780000    0.0000004828515139
0.340000  0.780000    0.0000004393512495
0.380000  0.780000    0.0000005576112721
0.420000  0.780000    0.0000008605105259
0.460000  0.780000    0.0000013824850460
0.500000  0.780000    0.0000014893536537
0.540000  0.780000    0.0000020238392349
0.580000  0.780000    0.0000026191910243
0.620000  0.780000    0.0000033144841510
-.460000  0.820000   -0.0000003181113696
-.420000  0.820000   -0.0000011386146937
-.380000  0.820000   -0.0000012291973298
-.340000  0.820000   -0.0000013857842214
-.300000  0.820000   -0.0000013180706525
-.260000  0.820000   -0.0000017531859563
-.220000  0.820000   -0.0000013583754630
-.180000  0.820000   -0.0000016104841389
-.140000  0.820000   -0.0000009481774402
-.100000  0.820000   -0.0000010241928744
-.060000  0.820000   -0.0000010307578126
-.020000  0.820000   -0.0000009653108180
0.020000  0.820000   -0.0000008262383524
0.060000  0.820000   -0.0000006113280055
0.100000  0.820000   -0.0000003206817028
0.140000  0.820000    0.0000000470060317
0.180000  0.820000   -0.0000003706574501
0.220000  0.820000    0.0000001835130846
0.260000  0.820000   -0.0000000012882571
0.300000  0.820000    0.0000007723228838
0.340000  0.820000    0.0000008825646927
0.380000  0.820000    0.0000011847493593
0.420000  0.820000    0.0000009890276645
0.460000  0.820000    0.0000018447644900
0.500000  0.820000    0.0000024595731822
0.540000  0.820000    0.0000027241639719
-.420000  0.860000   -0.0000000796321946
-.380000  0.860000   -0.0000008221371622
-.340000  0.860000   -0.0000013447438756
-.300000  0.860000   -0.0000015753006825
-.260000  0.860000   -0.0000015444247314
-.220000  0.860000   -0.0000012900487635
-.180000  0.860000   -0.0000015791724083
-.140000  0.860000   -0.0000010038377874
-.100000  0.860000   -0.0000010861400509
-.060000  0.860000   -0.0000010877611555
-.020000  0.860000   -0.0000010055645256
0.020000  0.860000   -0.0000008366564859
0.060000  0.860000   -0.0000005799180116
0.100000  0.860000   -0.0000002347402535
0.140000  0.860000    0.0000002012763336
0.180000  0.860000   -0.0000001011141559
0.220000  0.860000    0.0000005513189182
0.260000  0.860000    0.0000005189475847
0.300000  0.860000    0.0000006625134534
0.340000  0.860000    0.0000010149487704
0.380000  0.860000    0.0000016223401384
0.420000  0.860000    0.0000018871855580
0.460000  0.860000    0.0000021504511511
0.500000  0.860000    0.0000030832247461
-.340000  0.900000   -0.0000005944298944
-.300000  0.900000   -0.0000010696644787
-.260000  0.900000   -0.0000013809814120
-.220000  0.900000   -0.0000013947273781
-.180000  0.900000   -0.0000011584081239
-.140000  0.900000   -0.0000013951842284
-.100000  0.900000   -0.0000008027093052
-.060000  0.900000   -0.0000007998808721
-.020000  0.900000   -0.0000007007039684
0.020000  0.900000   -0.0000005009681847
0.060000  0.900000   -0.0000001986539431
0.100000  0.900000    0.0000002077925624
0.140000  0.900000   -0.0000000642513429
0.180000  0.900000    0.0000005828109096
0.220000  0.900000    0.0000006006721478
0.260000  0.900000    0.0000008111595974
0.300000  0.900000    0.0000012597433248
0.340000  0.900000    0.0000013460778775
0.380000  0.900000    0.0000019957899604
0.420000  0.900000    0.0000027931499155
-.260000  0.940000   -0.0000006464941147
-.220000  0.940000   -0.0000010078877831
-.180000  0.940000   -0.0000011815838046
-.140000  0.940000   -0.0000010442671558
-.100000  0.940000   -0.0000012542945383
-.060000  0.940000   -0.0000006853241668
-.020000  0.940000   -0.0000005925224587
0.020000  0.940000   -0.0000003714967827
0.060000  0.940000   -0.0000000195532216
0.100000  0.940000   -0.0000002278865207
0.140000  0.940000    0.0000004156267736
0.180000  0.940000    0.0000005515793782
0.220000  0.940000    0.0000009289714977
0.260000  0.940000    0.0000010255334276
0.300000  0.940000    0.0000017616901516
0.340000  0.940000    0.0000025275940306
-.140000  0.980000   -0.0000005399442993
-.100000  0.980000   -0.0000009008607808
-.060000  0.980000   -0.0000007989805835
-.020000  0.980000   -0.0000003639079133
0.020000  0.980000   -0.0000001422783009
0.060000  0.980000   -0.0000002017951494
0.100000  0.980000   -0.0000000108988986
0.140000  0.980000    0.0000005423510700
0.180000  0.980000    0.0000010192440028
