-.140000  -.980000    0.0000001661617141
-.100000  -.980000    0.0000003042675881
-.060000  -.980000    0.0000002396710785
-.020000  -.980000    0.0000000141083453
0.020000  -.980000   -0.0000001056157410
0.060000  -.980000   -0.0000000791230463
0.100000  -.980000   -0.0000001510655539
0.140000  -.980000   -0.0000003623512917
0.180000  -.980000   -0.0000004183779702
-.260000  -.940000    0.0000002785263166
-.220000  -.940000    0.0000003795700122
-.180000  -.940000    0.0000003986611421
-.140000  -.940000    0.0000002586707613
-.100000  -.940000    0.0000003026546063
-.060000  -.940000   -0.0000000282322703
-.020000  -.940000   -0.0000000937276723
0.020000  -.940000   -0.0000001960723430
0.060000  -.940000   -0.0000003365118457
0.100000  -.940000   -0.0000002001415568
0.140000  -.940000   -0.0000004449650226
0.180000  -.940000   -0.0000004622210846
0.220000  -.940000   -0.0000005995349574
0.260000  -.940000   -0.0000006265129743
0.300000  -.940000   -0.0000009194433698
0.340000  -.940000   -0.0000008403743813
-.340000  -.900000    0.0000002966862734
-.300000  -.900000    0.0000004167669657
-.260000  -.900000    0.0000004696206823
-.220000  -.900000    0.0000003590265567
-.180000  -.900000    0.0000001227868599
-.140000  -.900000    0.0000001544054264
-.100000  -.900000   -0.0000002093013724
-.060000  -.900000   -0.0000002332155157
-.020000  -.900000   -0.0000002658507742
0.020000  -.900000   -0.0000003102584998
0.060000  -.900000   -0.0000003679166291
0.100000  -.900000   -0.0000004433521675
0.140000  -.900000   -0.0000002130299483
0.180000  -.900000   -0.0000003676333287
0.220000  -.900000   -0.0000002758831588
0.260000  -.900000   -0.0000002922701222
0.300000  -.900000   -0.0000004440772598
0.340000  -.900000   -0.0000005248915194
0.380000  -.900000   -0.0000008676988440
0.420000  -.900000   -0.0000012239158701
-.420000  -.860000    0.0000001197054417
-.380000  -.860000    0.0000003424077022
-.340000  -.860000    0.0000004840844871
-.300000  -.860000    0.0000004546175056
-.260000  -.860000    0.0000002739506301
-.220000  -.860000   -0.0000000124346835
-.180000  -.860000    0.0000000163960491
-.140000  -.860000   -0.0000003604927324
-.100000  -.860000   -0.0000003573260911
-.060000  -.860000   -0.0000003496705109
-.020000  -.860000   -0.0000003369388791
0.020000  -.860000   -0.0000003209996770
0.060000  -.860000   -0.0000003031377875
0.100000  -.860000   -0.0000002865589930
0.140000  -.860000   -0.0000002791506926
0.180000  -.860000    0.0000000171274726
0.220000  -.860000   -0.0000000458768964
0.260000  -.860000    0.0000001167681382
0.300000  -.860000    0.0000001738301762
0.340000  -.860000    0.0000001012189695
0.380000  -.860000   -0.0000001375723846
0.420000  -.860000   -0.0000003788881408
0.460000  -.860000   -0.0000007086860607
0.500000  -.860000   -0.0000012130791685
-.460000  -.820000    0.0000001937411200
-.420000  -.820000    0.0000004799635294
-.380000  -.820000    0.0000003464496837
-.340000  -.820000    0.0000002401374399
-.300000  -.820000    0.0000000043434415
-.260000  -.820000    0.0000000508088004
-.220000  -.820000   -0.0000003126776880
-.180000  -.820000   -0.0000003015891623
-.140000  -.820000   -0.0000006826635590
-.100000  -.820000   -0.0000006579774359
-.060000  -.820000   -0.0000006152409661
-.020000  -.820000   -0.0000005547314062
0.020000  -.820000   -0.0000004768325869
0.060000  -.820000   -0.0000003850895624
0.100000  -.820000   -0.0000002835818705
0.140000  -.820000   -0.0000001784947694
0.180000  -.820000    0.0000002039832468
0.220000  -.820000    0.0000002659733068
0.260000  -.820000    0.0000005502541845
0.300000  -.820000    0.0000005106183267
0.340000  -.820000    0.0000006221556375
0.380000  -.820000    0.0000006032092773
0.420000  -.820000    0.0000006087563528
0.460000  -.820000    0.0000002060606549
0.500000  -.820000   -0.0000003018671813
0.540000  -.820000   -0.0000008224502722
-.500000  -.780000    0.0000002307954287
-.460000  -.780000    0.0000003086615117
-.420000  -.780000    0.0000003448021648
-.380000  -.780000    0.0000002249997883
-.340000  -.780000   -0.0000000245401995
-.300000  -.780000   -0.0000003591180952
-.260000  -.780000   -0.0000003586414909
-.220000  -.780000   -0.0000007429279002
-.180000  -.780000   -0.0000007369961856
-.140000  -.780000   -0.0000010782173186
-.100000  -.780000   -0.0000010274678736
-.060000  -.780000   -0.0000009476050716
-.020000  -.780000   -0.0000008371432964
0.020000  -.780000   -0.0000007014360164
0.060000  -.780000   -0.0000005420956626
0.100000  -.780000   -0.0000003626641638
0.140000  -.780000   -0.0000001716073971
0.180000  -.780000    0.0000002706409273
0.220000  -.780000    0.0000004387670471
0.260000  -.780000    0.0000008124558340
0.300000  -.780000    0.0000009056118724
0.340000  -.780000    0.0000011448679424
0.380000  -.780000    0.0000012772335540
0.420000  -.780000    0.0000012762471692
0.460000  -.780000    0.0000011129972612
0.500000  -.780000    0.0000008816595116
0.540000  -.780000    0.0000003653717019
0.580000  -.780000   -0.0000003666577292
0.620000  -.780000   -0.0000010777537743
-.540000  -.740000    0.0000001955663131
-.500000  -.740000    0.0000004387147411
-.460000  -.740000    0.0000002742607481
-.420000  -.740000    0.0000001442971135
-.380000  -.740000   -0.0000001124733307
-.340000  -.740000   -0.0000004510449341
-.300000  -.740000   -0.0000004626979597
-.260000  -.740000   -0.0000008526507671
-.220000  -.740000   -0.0000008594411688
-.180000  -.740000   -0.0000012044575839
-.140000  -.740000   -0.0000011647472981
-.100000  -.740000   -0.0000010903774007
-.060000  -.740000   -0.0000012758315676
-.020000  -.740000   -0.0000011203403903
0.020000  -.740000   -0.0000009298037034
0.060000  -.740000   -0.0000007095156313
0.100000  -.740000   -0.0000002333591016
0.140000  -.740000    0.0000000149755828
0.180000  -.740000    0.0000002722037514
0.220000  -.740000    0.0000007343574724
0.260000  -.740000    0.0000009633651429
0.300000  -.740000    0.0000013537611053
0.340000  -.740000    0.0000014974993165
0.380000  -.740000    0.0000017463271725
0.420000  -.740000    0.0000018872582979
0.460000  -.740000    0.0000018916907242
0.500000  -.740000    0.0000018456906163
0.540000  -.740000    0.0000014594242730
0.580000  -.740000    0.0000009016435235
0.620000  -.740000    0.0000000924054334
0.660000  -.740000   -0.0000009880515579
-.580000  -.700000    0.0000001947260619
-.540000  -.700000    0.0000003188185901
-.500000  -.700000    0.0000004011603620
-.460000  -.700000    0.0000003234770704
-.420000  -.700000   -0.0000002283581418
-.380000  -.700000   -0.0000002203822692
-.340000  -.700000   -0.0000005989692241
-.300000  -.700000   -0.0000009866170787
-.260000  -.700000   -0.0000010144514987
-.220000  -.700000   -0.0000013594869263
-.180000  -.700000   -0.0000013397009648
-.140000  -.700000   -0.0000015675013226
-.100000  -.700000   -0.0000014679093207
-.060000  -.700000   -0.0000013256419169
-.020000  -.700000   -0.0000011429440446
0.020000  -.700000   -0.0000009197654586
0.060000  -.700000   -0.0000006632477182
0.100000  -.700000   -0.0000003776198200
0.140000  -.700000   -0.0000000703220240
0.180000  -.700000    0.0000004266449650
0.220000  -.700000    0.0000007413437246
0.260000  -.700000    0.0000012150961897
0.300000  -.700000    0.0000014892814529
0.340000  -.700000    0.0000018848408316
0.380000  -.700000    0.0000022149486720
0.420000  -.700000    0.0000023070955471
0.460000  -.700000    0.0000025688785485
0.500000  -.700000    0.0000025456330809
0.540000  -.700000    0.0000023539181773
0.580000  -.700000    0.0000020183029504
0.620000  -.700000    0.0000013964210472
0.660000  -.700000    0.0000004997789029
0.700000  -.700000   -0.0000006507156857
-.620000  -.660000    0.0000000876935676
-.580000  -.660000    0.0000003228214340
-.540000  -.660000    0.0000002397036632
-.500000  -.660000    0.0000001588007336
-.460000  -.660000   -0.0000000562177954
-.420000  -.660000   -0.0000003702293071
-.380000  -.660000   -0.0000007381626808
-.340000  -.660000   -0.0000011180170731
-.300000  -.660000   -0.0000011716526270
-.260000  -.660000   -0.0000015130696614
-.220000  -.660000   -0.0000015206824638
-.180000  -.660000   -0.0000017483381983
-.140000  -.660000   -0.0000016771746547
-.100000  -.660000   -0.0000015613564372
-.060000  -.660000   -0.0000014011421227
-.020000  -.660000   -0.0000011963485462
0.020000  -.660000   -0.0000009483493469
0.060000  -.660000   -0.0000006624296229
0.100000  -.660000   -0.0000003426179114
0.140000  -.660000    0.0000000038844842
0.180000  -.660000    0.0000003653512882
0.220000  -.660000    0.0000008701810528
0.260000  -.660000    0.0000012251655364
0.300000  -.660000    0.0000017024335244
0.340000  -.660000    0.0000019997480634
0.380000  -.660000    0.0000023926130474
0.420000  -.660000    0.0000027128394649
0.460000  -.660000    0.0000029356600058
0.500000  -.660000    0.0000030381984931
0.540000  -.660000    0.0000029954549163
0.580000  -.660000    0.0000028363557839
0.620000  -.660000    0.0000023763058262
0.660000  -.660000    0.0000017159955217
0.700000  -.660000    0.0000007024694950
0.740000  -.660000   -0.0000006764335091
-.660000  -.620000    0.0000000256590771
-.620000  -.620000    0.0000002692493602
-.580000  -.620000    0.0000002632735329
-.540000  -.620000    0.0000002421387156
-.500000  -.620000    0.0000000800860278
-.460000  -.620000   -0.0000001956626247
-.420000  -.620000   -0.0000005481862643
-.380000  -.620000   -0.0000009305680698
-.340000  -.620000   -0.0000013049860229
-.300000  -.620000   -0.0000016366847176
-.260000  -.620000   -0.0000016777310972
-.220000  -.620000   -0.0000019027569080
-.180000  -.620000   -0.0000018679819789
-.140000  -.620000   -0.0000017890735887
-.100000  -.620000   -0.0000016632419627
-.060000  -.620000   -0.0000016176528835
-.020000  -.620000   -0.0000013845443113
0.020000  -.620000   -0.0000011066113703
0.060000  -.620000   -0.0000007865190175
0.100000  -.620000   -0.0000003449662912
0.140000  -.620000    0.0000000327469595
0.180000  -.620000    0.0000004258431826
0.220000  -.620000    0.0000008214625365
0.260000  -.620000    0.0000013297108346
0.300000  -.620000    0.0000017019638218
0.340000  -.620000    0.0000021735210599
0.380000  -.620000    0.0000026048195290
0.420000  -.620000    0.0000029743649113
0.460000  -.620000    0.0000032610525064
0.500000  -.620000    0.0000034477746238
0.540000  -.620000    0.0000035100923431
0.580000  -.620000    0.0000034166842250
0.620000  -.620000    0.0000031751178972
0.660000  -.620000    0.0000026533022698
0.700000  -.620000    0.0000018712469496
0.740000  -.620000    0.0000007054577565
0.780000  -.620000   -0.0000005602918669
-.660000  -.580000    0.0000001732081438
-.620000  -.580000    0.0000002363104529
-.580000  -.580000    0.0000002734253875
-.540000  -.580000   -0.0000000921430425
-.500000  -.580000   -0.0000003509420550
-.460000  -.580000   -0.0000006810170921
-.420000  -.580000   -0.0000010408206359
-.380000  -.580000   -0.0000011264347725
-.340000  -.580000   -0.0000014864557463
-.300000  -.580000   -0.0000017873859002
-.260000  -.580000   -0.0000018287176135
-.220000  -.580000   -0.0000020126942279
-.180000  -.580000   -0.0000019742381568
-.140000  -.580000   -0.0000018916544251
-.100000  -.580000   -0.0000018506157263
-.060000  -.580000   -0.0000016590208445
-.020000  -.580000   -0.0000014157136110
0.020000  -.580000   -0.0000011240285399
0.060000  -.580000   -0.0000007894076268
0.100000  -.580000   -0.0000004215745256
0.140000  -.580000    0.0000000287781041
0.180000  -.580000    0.0000004471851645
0.220000  -.580000    0.0000008689182711
0.260000  -.580000    0.0000013743071970
0.300000  -.580000    0.0000017783640295
0.340000  -.580000    0.0000022630254360
0.380000  -.580000    0.0000027187135743
0.420000  -.580000    0.0000030067411284
0.460000  -.580000    0.0000033502183336
0.500000  -.580000    0.0000036096710017
0.540000  -.580000    0.0000037618838509
0.580000  -.580000    0.0000038492202035
0.620000  -.580000    0.0000037021588401
0.660000  -.580000    0.0000033743797467
0.700000  -.580000    0.0000027748476672
0.740000  -.580000    0.0000018548214821
0.780000  -.580000    0.0000005637424954
-.700000  -.540000    0.0000000641236940
-.660000  -.540000    0.0000001708988795
-.620000  -.540000    0.0000002535751446
-.580000  -.540000   -0.0000000189003088
-.540000  -.540000   -0.0000002271412822
-.500000  -.540000   -0.0000005199195971
-.460000  -.540000   -0.0000008616574115
-.420000  -.540000   -0.0000012166693825
-.380000  -.540000   -0.0000013121636240
-.340000  -.540000   -0.0000016448573870
-.300000  -.540000   -0.0000019133047425
-.260000  -.540000   -0.0000019555418028
-.220000  -.540000   -0.0000020943773777
-.180000  -.540000   -0.0000020578125994
-.140000  -.540000   -0.0000020261552439
-.100000  -.540000   -0.0000018839345417
-.060000  -.540000   -0.0000016900569307
-.020000  -.540000   -0.0000014415431105
0.020000  -.540000   -0.0000011456650501
0.060000  -.540000   -0.0000008007674122
0.100000  -.540000   -0.0000004215502555
0.140000  -.540000   -0.0000000135702390
0.180000  -.540000    0.0000004388631512
0.220000  -.540000    0.0000008785214144
0.260000  -.540000    0.0000013728840238
0.300000  -.540000    0.0000017980097504
0.340000  -.540000    0.0000022864295236
0.380000  -.540000    0.0000027510893435
0.420000  -.540000    0.0000030712153569
0.460000  -.540000    0.0000034444652597
0.500000  -.540000    0.0000037435989521
0.540000  -.540000    0.0000039517934314
0.580000  -.540000    0.0000040475769851
0.620000  -.540000    0.0000040610199230
0.660000  -.540000    0.0000038447924536
0.700000  -.540000    0.0000034291314045
0.740000  -.540000    0.0000027245416402
0.780000  -.540000    0.0000016621883478
0.820000  -.540000    0.0000002645729113
-.700000  -.500000    0.0000001588037776
-.660000  -.500000    0.0000001934921305
-.620000  -.500000    0.0000002100129958
-.580000  -.500000   -0.0000001350103870
-.540000  -.500000   -0.0000003809350288
-.500000  -.500000   -0.0000006911081589
-.460000  -.500000   -0.0000010299979796
-.420000  -.500000   -0.0000013676315954
-.380000  -.500000   -0.0000014719703323
-.340000  -.500000   -0.0000017715864292
-.300000  -.500000   -0.0000019979787892
-.260000  -.500000   -0.0000020466540371
-.220000  -.500000   -0.0000021434209395
-.180000  -.500000   -0.0000021113423377
-.140000  -.500000   -0.0000020337554994
-.100000  -.500000   -0.0000018969756527
-.060000  -.500000   -0.0000017067853435
-.020000  -.500000   -0.0000014597032214
0.020000  -.500000   -0.0000011588000933
0.060000  -.500000   -0.0000008110947867
0.100000  -.500000   -0.0000004256114585
0.140000  -.500000   -0.0000000138214874
0.180000  -.500000    0.0000004120438674
0.220000  -.500000    0.0000008604996201
0.260000  -.500000    0.0000013382778075
0.300000  -.500000    0.0000017739200705
0.340000  -.500000    0.0000022554252247
0.380000  -.500000    0.0000027187829127
0.420000  -.500000    0.0000030572184224
0.460000  -.500000    0.0000034444818973
0.500000  -.500000    0.0000037697709805
0.540000  -.500000    0.0000040163778421
0.580000  -.500000    0.0000041677049243
0.620000  -.500000    0.0000042547073084
0.660000  -.500000    0.0000041385921409
0.700000  -.500000    0.0000038473208922
0.740000  -.500000    0.0000033106565088
0.780000  -.500000    0.0000024859396905
0.820000  -.500000    0.0000012609360585
0.860000  -.500000   -0.0000001751703947
-.740000  -.460000    0.0000000426143803
-.700000  -.460000    0.0000002116835231
-.660000  -.460000    0.0000001658870039
-.620000  -.460000    0.0000001192695793
-.580000  -.460000   -0.0000002706726997
-.540000  -.460000   -0.0000005374690301
-.500000  -.460000   -0.0000008486250707
-.460000  -.460000   -0.0000011731477848
-.420000  -.460000   -0.0000014824569587
-.380000  -.460000   -0.0000015947150237
-.340000  -.460000   -0.0000018582118955
-.300000  -.460000   -0.0000020437528779
-.260000  -.460000   -0.0000020985255049
-.220000  -.460000   -0.0000021520277365
-.180000  -.460000   -0.0000021303972750
-.140000  -.460000   -0.0000020129177311
-.100000  -.460000   -0.0000018855784061
-.060000  -.460000   -0.0000017013915268
-.020000  -.460000   -0.0000014603074983
0.020000  -.460000   -0.0000011626818820
0.060000  -.460000   -0.0000008159131936
0.100000  -.460000   -0.0000004310771638
0.140000  -.460000   -0.0000000198472401
0.180000  -.460000    0.0000003747050833
0.220000  -.460000    0.0000008246085758
0.260000  -.460000    0.0000012794378743
0.300000  -.460000    0.0000017144142838
0.340000  -.460000    0.0000021813367227
0.380000  -.460000    0.0000026349266171
0.420000  -.460000    0.0000029750585564
0.460000  -.460000    0.0000033642504742
0.500000  -.460000    0.0000037018301280
0.540000  -.460000    0.0000039713612611
0.580000  -.460000    0.0000041598143023
0.620000  -.460000    0.0000043072824882
0.660000  -.460000    0.0000042661171568
0.700000  -.460000    0.0000040780618601
0.740000  -.460000    0.0000036967967438
0.780000  -.460000    0.0000030563308981
0.820000  -.460000    0.0000020660409409
0.860000  -.460000    0.0000007258826229
-.740000  -.420000    0.0000000854181969
-.700000  -.420000    0.0000001005690590
-.660000  -.420000    0.0000000990043773
-.620000  -.420000    0.0000000004345042
-.580000  -.420000   -0.0000004073896692
-.540000  -.420000   -0.0000006787317905
-.500000  -.420000   -0.0000009773985590
-.460000  -.420000   -0.0000012771750443
-.420000  -.420000   -0.0000015539407725
-.380000  -.420000   -0.0000016743149202
-.340000  -.420000   -0.0000018952018772
-.300000  -.420000   -0.0000020387773472
-.260000  -.420000   -0.0000021014974070
-.220000  -.420000   -0.0000021182821290
-.180000  -.420000   -0.0000021056500710
-.140000  -.420000   -0.0000019545146085
-.100000  -.420000   -0.0000018398489922
-.060000  -.420000   -0.0000016695676935
-.020000  -.420000   -0.0000014397878879
0.020000  -.420000   -0.0000011538020856
0.060000  -.420000   -0.0000008109129977
0.100000  -.420000   -0.0000004307096799
0.140000  -.420000   -0.0000000251349971
0.180000  -.420000    0.0000003335960783
0.220000  -.420000    0.0000007764845361
0.260000  -.420000    0.0000012028173939
0.300000  -.420000    0.0000016273560938
0.340000  -.420000    0.0000020730866044
0.380000  -.420000    0.0000025082343757
0.420000  -.420000    0.0000028372021444
0.460000  -.420000    0.0000032169039428
0.500000  -.420000    0.0000035556458016
0.540000  -.420000    0.0000038354464850
0.580000  -.420000    0.0000040450001150
0.620000  -.420000    0.0000042412197707
0.660000  -.420000    0.0000042538446475
0.700000  -.420000    0.0000041387572731
0.740000  -.420000    0.0000038784753689
0.780000  -.420000    0.0000033840005139
0.820000  -.420000    0.0000025793020768
0.860000  -.420000    0.0000014528349486
0.900000  -.420000    0.0000000041234811
-.780000  -.380000    0.0000000129093516
-.740000  -.380000    0.0000000978240348
-.700000  -.380000    0.0000001776415619
-.660000  -.380000    0.0000000076421132
-.620000  -.380000   -0.0000001277953594
-.580000  -.380000   -0.0000003380054155
-.540000  -.380000   -0.0000006000786184
-.500000  -.380000   -0.0000008897007211
-.460000  -.380000   -0.0000011840760186
-.420000  -.380000   -0.0000014596081728
-.380000  -.380000   -0.0000017000261370
-.340000  -.380000   -0.0000018776922999
-.300000  -.380000   -0.0000019806192075
-.260000  -.380000   -0.0000020543906909
-.220000  -.380000   -0.0000020359230808
-.180000  -.380000   -0.0000020424342152
-.140000  -.380000   -0.0000018618242051
-.100000  -.380000   -0.0000017689789205
-.060000  -.380000   -0.0000016154881720
-.020000  -.380000   -0.0000014007110389
0.020000  -.380000   -0.0000011261091305
0.060000  -.380000   -0.0000007938431239
0.100000  -.380000   -0.0000004213337037
0.140000  -.380000   -0.0000000283345526
0.180000  -.380000    0.0000002933283863
0.220000  -.380000    0.0000007210873532
0.260000  -.380000    0.0000011155040476
0.300000  -.380000    0.0000015184380655
0.340000  -.380000    0.0000019348911410
0.380000  -.380000    0.0000023469276921
0.420000  -.380000    0.0000027401184456
0.460000  -.380000    0.0000031027212843
0.500000  -.380000    0.0000034317159901
0.540000  -.380000    0.0000037106787924
0.580000  -.380000    0.0000039290634499
0.620000  -.380000    0.0000040714641646
0.660000  -.380000    0.0000041243365308
0.700000  -.380000    0.0000040952456343
0.740000  -.380000    0.0000038985879822
0.780000  -.380000    0.0000035271133662
0.820000  -.380000    0.0000029169730288
0.860000  -.380000    0.0000019782855433
0.900000  -.380000    0.0000006928711468
-.780000  -.340000    0.0000000411913207
-.740000  -.340000    0.0000000818469831
-.700000  -.340000    0.0000001117662252
-.660000  -.340000   -0.0000000901693208
-.620000  -.340000   -0.0000002485223065
-.580000  -.340000   -0.0000004617597799
-.540000  -.340000   -0.0000007132740869
-.500000  -.340000   -0.0000009776884854
-.460000  -.340000   -0.0000012363491063
-.420000  -.340000   -0.0000014727693572
-.380000  -.340000   -0.0000016669537661
-.340000  -.340000   -0.0000018040703525
-.300000  -.340000   -0.0000019082662911
-.260000  -.340000   -0.0000019540965582
-.220000  -.340000   -0.0000019061305462
-.180000  -.340000   -0.0000019309558450
-.140000  -.340000   -0.0000017321227094
-.100000  -.340000   -0.0000016607652883
-.060000  -.340000   -0.0000015318669031
-.020000  -.340000   -0.0000013376903560
0.020000  -.340000   -0.0000010789129066
0.060000  -.340000   -0.0000007633683476
0.100000  -.340000   -0.0000004032457401
0.140000  -.340000   -0.0000000246358284
0.180000  -.340000    0.0000002586267382
0.220000  -.340000    0.0000006630242302
0.260000  -.340000    0.0000010209510284
0.300000  -.340000    0.0000014045986527
0.340000  -.340000    0.0000017732126948
0.380000  -.340000    0.0000021545219895
0.420000  -.340000    0.0000025186869286
0.460000  -.340000    0.0000028601940780
0.500000  -.340000    0.0000031697441580
0.540000  -.340000    0.0000034386856386
0.580000  -.340000    0.0000036555606783
0.620000  -.340000    0.0000038096599215
0.660000  -.340000    0.0000038853237962
0.700000  -.340000    0.0000039185841922
0.740000  -.340000    0.0000037814588737
0.780000  -.340000    0.0000035129218724
0.820000  -.340000    0.0000030352365874
0.860000  -.340000    0.0000022709948555
0.900000  -.340000    0.0000011976161692
0.940000  -.340000   -0.0000001111439463
-.780000  -.300000    0.0000000473811803
-.740000  -.300000    0.0000001257743152
-.700000  -.300000    0.0000000337274007
-.660000  -.300000   -0.0000000458089991
-.620000  -.300000   -0.0000003463522001
-.580000  -.300000   -0.0000005525508144
-.540000  -.300000   -0.0000007801676083
-.500000  -.300000   -0.0000010117979611
-.460000  -.300000   -0.0000012331321269
-.420000  -.300000   -0.0000014254413318
-.380000  -.300000   -0.0000015771248560
-.340000  -.300000   -0.0000016929783989
-.300000  -.300000   -0.0000017840297142
-.260000  -.300000   -0.0000017997762629
-.220000  -.300000   -0.0000017281751800
-.180000  -.300000   -0.0000017771625747
-.140000  -.300000   -0.0000015650799775
-.100000  -.300000   -0.0000015240890567
-.060000  -.300000   -0.0000014216966568
-.020000  -.300000   -0.0000012547886727
0.020000  -.300000   -0.0000010150110330
0.060000  -.300000   -0.0000007152339998
0.100000  -.300000   -0.0000003717421786
0.140000  -.300000   -0.0000000141823758
0.180000  -.300000    0.0000002307056596
0.220000  -.300000    0.0000006027396738
0.260000  -.300000    0.0000009221639409
0.300000  -.300000    0.0000012655724878
0.340000  -.300000    0.0000016211080395
0.380000  -.300000    0.0000019320258938
0.420000  -.300000    0.0000022622427140
0.460000  -.300000    0.0000025722548819
0.500000  -.300000    0.0000028575369678
0.540000  -.300000    0.0000031092779840
0.580000  -.300000    0.0000033161867382
0.620000  -.300000    0.0000034699963588
0.660000  -.300000    0.0000036271853095
0.700000  -.300000    0.0000036380755320
0.740000  -.300000    0.0000035713237198
0.780000  -.300000    0.0000033638426181
0.820000  -.300000    0.0000029971751910
0.860000  -.300000    0.0000023822735893
0.900000  -.300000    0.0000015102967042
0.940000  -.300000    0.0000003401743434
-.780000  -.260000    0.0000000763943445
-.740000  -.260000    0.0000000736836749
-.700000  -.260000    0.0000000656944052
-.660000  -.260000   -0.0000001410120283
-.620000  -.260000   -0.0000002911854398
-.580000  -.260000   -0.0000004752869558
-.540000  -.260000   -0.0000006824770716
-.500000  -.260000   -0.0000008960175905
-.460000  -.260000   -0.0000011013139258
-.420000  -.260000   -0.0000012869181378
-.380000  -.260000   -0.0000014392708236
-.340000  -.260000   -0.0000015488815358
-.300000  -.260000   -0.0000016039463913
-.260000  -.260000   -0.0000015918542906
-.220000  -.260000   -0.0000016849188065
-.180000  -.260000   -0.0000015722676618
-.140000  -.260000   -0.0000016104936178
-.100000  -.260000   -0.0000013524508322
-.060000  -.260000   -0.0000012860427516
-.020000  -.260000   -0.0000011472543827
0.020000  -.260000   -0.0000009349880050
0.060000  -.260000   -0.0000006533115090
0.100000  -.260000   -0.0000003271295939
0.140000  -.260000   -0.0000001642106846
0.180000  -.260000    0.0000002111396686
0.220000  -.260000    0.0000004692396899
0.260000  -.260000    0.0000008177090958
0.300000  -.260000    0.0000011160196631
0.340000  -.260000    0.0000014295477174
0.380000  -.260000    0.0000017406797449
0.420000  -.260000    0.0000020366738123
0.460000  -.260000    0.0000023177611395
0.500000  -.260000    0.0000025770321539
0.540000  -.260000    0.0000028068020887
0.580000  -.260000    0.0000030002100818
0.620000  -.260000    0.0000031502461632
0.660000  -.260000    0.0000032444315165
0.700000  -.260000    0.0000033092653726
0.740000  -.260000    0.0000032566791721
0.780000  -.260000    0.0000031082896516
0.820000  -.260000    0.0000028139816947
0.860000  -.260000    0.0000023464611525
0.900000  -.260000    0.0000016417480474
0.940000  -.260000    0.0000006655481953
-.820000  -.220000    0.0000000114035053
-.780000  -.220000    0.0000000528055071
-.740000  -.220000    0.0000000926173251
-.700000  -.220000   -0.0000000170317097
-.660000  -.220000   -0.0000001034924793
-.620000  -.220000   -0.0000003491281063
-.580000  -.220000   -0.0000005142912364
-.540000  -.220000   -0.0000006892325421
-.500000  -.220000   -0.0000008630177109
-.460000  -.220000   -0.0000010264387710
-.420000  -.220000   -0.0000011661969130
-.380000  -.220000   -0.0000012762105042
-.340000  -.220000   -0.0000013483498124
-.300000  -.220000   -0.0000013696411800
-.260000  -.220000   -0.0000014830708463
-.220000  -.220000   -0.0000014443140742
-.180000  -.220000   -0.0000013307857204
-.140000  -.220000   -0.0000013959667607
-.100000  -.220000   -0.0000011512157561
-.060000  -.220000   -0.0000011230235211
-.020000  -.220000   -0.0000010196321285
0.020000  -.220000   -0.0000008345378193
0.060000  -.220000   -0.0000005718941334
0.100000  -.220000   -0.0000002702246871
0.140000  -.220000   -0.0000001368850760
0.180000  -.220000    0.0000002006345543
0.220000  -.220000    0.0000004151132772
0.260000  -.220000    0.0000006676753999
0.300000  -.220000    0.0000009572055621
0.340000  -.220000    0.0000012223109662
0.380000  -.220000    0.0000014843748977
0.420000  -.220000    0.0000017377558296
0.460000  -.220000    0.0000019790924772
0.500000  -.220000    0.0000022029206829
0.540000  -.220000    0.0000024046724773
0.580000  -.220000    0.0000025736124168
0.620000  -.220000    0.0000026963907804
0.660000  -.220000    0.0000028502864411
0.700000  -.220000    0.0000028862331308
0.740000  -.220000    0.0000028768328442
0.780000  -.220000    0.0000027665474703
0.820000  -.220000    0.0000025506192431
0.860000  -.220000    0.0000021899268112
0.900000  -.220000    0.0000016293149369
0.940000  -.220000    0.0000008248119126
-.820000  -.180000    0.0000000231927618
-.780000  -.180000    0.0000000627518472
-.740000  -.180000    0.0000000316138647
-.700000  -.180000    0.0000000016870230
-.660000  -.180000   -0.0000001654454705
-.620000  -.180000   -0.0000002844888052
-.580000  -.180000   -0.0000004220724429
-.540000  -.180000   -0.0000005709672551
-.500000  -.180000   -0.0000007188718061
-.460000  -.180000   -0.0000008621456192
-.420000  -.180000   -0.0000009879362913
-.380000  -.180000   -0.0000010918533806
-.340000  -.180000   -0.0000011681281356
-.300000  -.180000   -0.0000012094208676
-.260000  -.180000   -0.0000012092986941
-.220000  -.180000   -0.0000011589875131
-.180000  -.180000   -0.0000012692443664
-.140000  -.180000   -0.0000011418704637
-.100000  -.180000   -0.0000009202502116
-.060000  -.180000   -0.0000009372911243
-.020000  -.180000   -0.0000008761611302
0.020000  -.180000   -0.0000007214733689
0.060000  -.180000   -0.0000004771776243
0.100000  -.180000   -0.0000001982344267
0.140000  -.180000   -0.0000000961425861
0.180000  -.180000    0.0000000637769777
0.220000  -.180000    0.0000003642147485
0.260000  -.180000    0.0000005681238671
0.300000  -.180000    0.0000007907878610
0.340000  -.180000    0.0000010199691687
0.380000  -.180000    0.0000012442344928
0.420000  -.180000    0.0000014566742127
0.460000  -.180000    0.0000016569902430
0.500000  -.180000    0.0000018374358365
0.540000  -.180000    0.0000020031978551
0.580000  -.180000    0.0000021525107027
0.620000  -.180000    0.0000022871368342
0.660000  -.180000    0.0000023576422949
0.700000  -.180000    0.0000024391222055
0.740000  -.180000    0.0000024202813155
0.780000  -.180000    0.0000023550098088
0.820000  -.180000    0.0000021854931295
0.860000  -.180000    0.0000019057798974
0.900000  -.180000    0.0000014943912593
0.940000  -.180000    0.0000008571419979
0.980000  -.180000    0.0000000818863821
-.820000  -.140000    0.0000000167032088
-.780000  -.140000    0.0000000279970217
-.740000  -.140000    0.0000000358527266
-.700000  -.140000   -0.0000000534998932
-.660000  -.140000   -0.0000001243950392
-.620000  -.140000   -0.0000002184266064
-.580000  -.140000   -0.0000003279193486
-.540000  -.140000   -0.0000005088321840
-.500000  -.140000   -0.0000006149664380
-.460000  -.140000   -0.0000007137759498
-.420000  -.140000   -0.0000007982530441
-.380000  -.140000   -0.0000008619997308
-.340000  -.140000   -0.0000009029833040
-.300000  -.140000   -0.0000009169469294
-.260000  -.140000   -0.0000010206085407
-.220000  -.140000   -0.0000010102518357
-.180000  -.140000   -0.0000009571730789
-.140000  -.140000   -0.0000008483345911
-.100000  -.140000   -0.0000009564404943
-.060000  -.140000   -0.0000007249998859
-.020000  -.140000   -0.0000007151794286
0.020000  -.140000   -0.0000005906895017
0.060000  -.140000   -0.0000003666550029
0.100000  -.140000   -0.0000003409746899
0.140000  -.140000   -0.0000000405841593
0.180000  -.140000    0.0000000825200133
0.220000  -.140000    0.0000002344747371
0.260000  -.140000    0.0000004174033799
0.300000  -.140000    0.0000006173677884
0.340000  -.140000    0.0000007981299990
0.380000  -.140000    0.0000009665859229
0.420000  -.140000    0.0000011278949288
0.460000  -.140000    0.0000012852586560
0.500000  -.140000    0.0000014545147922
0.540000  -.140000    0.0000015991758438
0.580000  -.140000    0.0000017494174009
0.620000  -.140000    0.0000017986519772
0.660000  -.140000    0.0000018901624429
0.700000  -.140000    0.0000019131299470
0.740000  -.140000    0.0000019354157645
0.780000  -.140000    0.0000018797824652
0.820000  -.140000    0.0000017712646148
0.860000  -.140000    0.0000015723041362
0.900000  -.140000    0.0000012441461727
0.940000  -.140000    0.0000007850012500
0.980000  -.140000    0.0000001668258868
-.820000  -.100000    0.0000000168810948
-.780000  -.100000    0.0000000257479304
-.740000  -.100000    0.0000000322631278
-.700000  -.100000   -0.0000000355129627
-.660000  -.100000   -0.0000000861259261
-.620000  -.100000   -0.0000001536434936
-.580000  -.100000   -0.0000002841576916
-.540000  -.100000   -0.0000003673588278
-.500000  -.100000   -0.0000004464215551
-.460000  -.100000   -0.0000005205635445
-.420000  -.100000   -0.0000005847277433
-.380000  -.100000   -0.0000006374324949
-.340000  -.100000   -0.0000006723414452
-.300000  -.100000   -0.0000006928853254
-.260000  -.100000   -0.0000006939182787
-.220000  -.100000   -0.0000006699831386
-.180000  -.100000   -0.0000006186609079
-.140000  -.100000   -0.0000007435426192
-.100000  -.100000   -0.0000006598896527
-.060000  -.100000   -0.0000004849347165
-.020000  -.100000   -0.0000005364590297
0.020000  -.100000   -0.0000004473228657
0.060000  -.100000   -0.0000002351870785
0.100000  -.100000   -0.0000002181524417
0.140000  -.100000   -0.0000001285493174
0.180000  -.100000    0.0000000993387314
0.220000  -.100000    0.0000001970771752
0.260000  -.100000    0.0000003263788396
0.300000  -.100000    0.0000004348086518
0.340000  -.100000    0.0000005853176477
0.380000  -.100000    0.0000006991392745
0.420000  -.100000    0.0000008180681353
0.460000  -.100000    0.0000009376241485
0.500000  -.100000    0.0000009928304934
0.540000  -.100000    0.0000010484453647
0.580000  -.100000    0.0000012039358245
0.620000  -.100000    0.0000013484858111
0.660000  -.100000    0.0000013583577184
0.700000  -.100000    0.0000013978088186
0.740000  -.100000    0.0000014101689529
0.780000  -.100000    0.0000013740597348
0.820000  -.100000    0.0000012979052494
0.860000  -.100000    0.0000011604302025
0.900000  -.100000    0.0000009483201181
0.940000  -.100000    0.0000006140165539
0.980000  -.100000    0.0000001875817276
-.820000  -.060000    0.0000000122856197
-.780000  -.060000    0.0000000177771972
-.740000  -.060000   -0.0000000021658270
-.700000  -.060000   -0.0000000197701712
-.660000  -.060000   -0.0000000503243301
-.620000  -.060000   -0.0000001229011667
-.580000  -.060000   -0.0000001712660163
-.540000  -.060000   -0.0000002211837293
-.500000  -.060000   -0.0000002707754606
-.460000  -.060000   -0.0000003164254029
-.420000  -.060000   -0.0000003574624644
-.380000  -.060000   -0.0000003898750204
-.340000  -.060000   -0.0000004170498164
-.300000  -.060000   -0.0000004318265004
-.260000  -.060000   -0.0000004387585105
-.220000  -.060000   -0.0000004352803155
-.180000  -.060000   -0.0000004182917871
-.140000  -.060000   -0.0000003885241506
-.100000  -.060000   -0.0000003324214221
-.060000  -.060000   -0.0000004878534058
-.020000  -.060000   -0.0000003422362141
0.020000  -.060000   -0.0000002905749590
0.060000  -.060000   -0.0000003329391656
0.100000  -.060000   -0.0000000809668254
0.140000  -.060000   -0.0000000297154191
0.180000  -.060000    0.0000000353751378
0.220000  -.060000    0.0000001049240991
0.260000  -.060000    0.0000001874631790
0.300000  -.060000    0.0000002601109522
0.340000  -.060000    0.0000003529686849
0.380000  -.060000    0.0000004222545376
0.420000  -.060000    0.0000004931807594
0.460000  -.060000    0.0000005564262045
0.500000  -.060000    0.0000006763700363
0.540000  -.060000    0.0000008239660424
0.580000  -.060000    0.0000006787590331
0.620000  -.060000    0.0000007955143560
0.660000  -.060000    0.0000008223504599
0.700000  -.060000    0.0000008510077079
0.740000  -.060000    0.0000008472354552
0.780000  -.060000    0.0000008359776507
0.820000  -.060000    0.0000007911174505
0.860000  -.060000    0.0000007109972835
0.900000  -.060000    0.0000005867131232
0.940000  -.060000    0.0000003989229451
0.980000  -.060000    0.0000001347629024
-.820000  -.020000    0.0000000045577990
-.780000  -.020000    0.0000000064281399
-.740000  -.020000    0.0000000000483830
-.700000  -.020000   -0.0000000060420289
-.660000  -.020000   -0.0000000162935353
-.620000  -.020000   -0.0000000406541350
-.580000  -.020000   -0.0000000571587304
-.540000  -.020000   -0.0000000737450784
-.500000  -.020000   -0.0000000908001911
-.460000  -.020000   -0.0000001052960426
-.420000  -.020000   -0.0000001207885588
-.380000  -.020000   -0.0000001308477659
-.340000  -.020000   -0.0000001422142852
-.300000  -.020000   -0.0000001479370399
-.260000  -.020000   -0.0000001492125985
-.220000  -.020000   -0.0000001513578815
-.180000  -.020000   -0.0000001481528184
-.140000  -.020000   -0.0000001443190103
-.100000  -.020000   -0.0000001370631627
-.060000  -.020000   -0.0000001309214351
-.020000  -.020000   -0.0000001077789056
0.020000  -.020000   -0.0000000931349575
0.060000  -.020000   -0.0000000774282813
0.100000  -.020000   -0.0000000482856682
0.140000  -.020000   -0.0000000205799964
0.180000  -.020000    0.0000000063363020
0.220000  -.020000    0.0000000328197425
0.260000  -.020000    0.0000000596203087
0.300000  -.020000    0.0000000867482463
0.340000  -.020000    0.0000001174550407
0.380000  -.020000    0.0000001425341489
0.420000  -.020000    0.0000001639546799
0.460000  -.020000    0.0000001877227926
0.500000  -.020000    0.0000002309969862
0.540000  -.020000    0.0000001530001554
0.580000  -.020000    0.0000003019191584
0.620000  -.020000    0.0000002497494844
0.660000  -.020000    0.0000002776021519
0.700000  -.020000    0.0000002840687139
0.740000  -.020000    0.0000002833995709
0.780000  -.020000    0.0000002807642545
0.820000  -.020000    0.0000002647914098
0.860000  -.020000    0.0000002393506936
0.900000  -.020000    0.0000001980387684
0.940000  -.020000    0.0000001382652113
0.980000  -.020000    0.0000000488382854
-.820000  0.020000   -0.0000000045577990
-.780000  0.020000   -0.0000000064281399
-.740000  0.020000   -0.0000000000483830
-.700000  0.020000    0.0000000060420289
-.660000  0.020000    0.0000000162935353
-.620000  0.020000    0.0000000406541350
-.580000  0.020000    0.0000000571587304
-.540000  0.020000    0.0000000737450784
-.500000  0.020000    0.0000000908001911
-.460000  0.020000    0.0000001052960426
-.420000  0.020000    0.0000001207885588
-.380000  0.020000    0.0000001308477659
-.340000  0.020000    0.0000001422142852
-.300000  0.020000    0.0000001479370399
-.260000  0.020000    0.0000001492125985
-.220000  0.020000    0.0000001513578815
-.180000  0.020000    0.0000001481528184
-.140000  0.020000    0.0000001443190103
-.100000  0.020000    0.0000001370631627
-.060000  0.020000    0.0000001309214351
-.020000  0.020000    0.0000001077789056
0.020000  0.020000    0.0000000931349575
0.060000  0.020000    0.0000000774282813
0.100000  0.020000    0.0000000482856682
0.140000  0.020000    0.0000000205799964
0.180000  0.020000   -0.0000000063363020
0.220000  0.020000   -0.0000000328197425
0.260000  0.020000   -0.0000000596203087
0.300000  0.020000   -0.0000000867482463
0.340000  0.020000   -0.0000001174550407
0.380000  0.020000   -0.0000001425341489
0.420000  0.020000   -0.0000001639546799
0.460000  0.020000   -0.0000001877227926
0.500000  0.020000   -0.0000002309969862
0.540000  0.020000   -0.0000001530001554
0.580000  0.020000   -0.0000003019191584
0.620000  0.020000   -0.0000002497494844
0.660000  0.020000   -0.0000002776021519
0.700000  0.020000   -0.0000002840687139
0.740000  0.020000   -0.0000002833995709
0.780000  0.020000   -0.0000002807642545
0.820000  0.020000   -0.0000002647914098
0.860000  0.020000   -0.0000002393506936
0.900000  0.020000   -0.0000001980387684
0.940000  0.020000   -0.0000001382652113
0.980000  0.020000   -0.0000000488382854
-.820000  0.060000   -0.0000000122856197
-.780000  0.060000   -0.0000000177771972
-.740000  0.060000    0.0000000021658270
-.700000  0.060000    0.0000000197701712
-.660000  0.060000    0.0000000503243301
-.620000  0.060000    0.0000001229011667
-.580000  0.060000    0.0000001712660163
-.540000  0.060000    0.0000002211837293
-.500000  0.060000    0.0000002707754606
-.460000  0.060000    0.0000003164254029
-.420000  0.060000    0.0000003574624644
-.380000  0.060000    0.0000003898750204
-.340000  0.060000    0.0000004170498164
-.300000  0.060000    0.0000004318265004
-.260000  0.060000    0.0000004387585105
-.220000  0.060000    0.0000004352803155
-.180000  0.060000    0.0000004182917871
-.140000  0.060000    0.0000003885241506
-.100000  0.060000    0.0000003324214221
-.060000  0.060000    0.0000004878534058
-.020000  0.060000    0.0000003422362141
0.020000  0.060000    0.0000002905749590
0.060000  0.060000    0.0000003329391656
0.100000  0.060000    0.0000000809668254
0.140000  0.060000    0.0000000297154191
0.180000  0.060000   -0.0000000353751378
0.220000  0.060000   -0.0000001049240991
0.260000  0.060000   -0.0000001874631790
0.300000  0.060000   -0.0000002601109522
0.340000  0.060000   -0.0000003529686849
0.380000  0.060000   -0.0000004222545376
0.420000  0.060000   -0.0000004931807594
0.460000  0.060000   -0.0000005564262045
0.500000  0.060000   -0.0000006763700363
0.540000  0.060000   -0.0000008239660424
0.580000  0.060000   -0.0000006787590331
0.620000  0.060000   -0.0000007955143560
0.660000  0.060000   -0.0000008223504599
0.700000  0.060000   -0.0000008510077079
0.740000  0.060000   -0.0000008472354552
0.780000  0.060000   -0.0000008359776507
0.820000  0.060000   -0.0000007911174505
0.860000  0.060000   -0.0000007109972835
0.900000  0.060000   -0.0000005867131232
0.940000  0.060000   -0.0000003989229451
0.980000  0.060000   -0.0000001347629024
-.820000  0.100000   -0.0000000168810948
-.780000  0.100000   -0.0000000257479304
-.740000  0.100000   -0.0000000322631278
-.700000  0.100000    0.0000000355129627
-.660000  0.100000    0.0000000861259261
-.620000  0.100000    0.0000001536434936
-.580000  0.100000    0.0000002841576916
-.540000  0.100000    0.0000003673588278
-.500000  0.100000    0.0000004464215551
-.460000  0.100000    0.0000005205635445
-.420000  0.100000    0.0000005847277433
-.380000  0.100000    0.0000006374324949
-.340000  0.100000    0.0000006723414452
-.300000  0.100000    0.0000006928853254
-.260000  0.100000    0.0000006939182787
-.220000  0.100000    0.0000006699831386
-.180000  0.100000    0.0000006186609079
-.140000  0.100000    0.0000007435426192
-.100000  0.100000    0.0000006598896527
-.060000  0.100000    0.0000004849347165
-.020000  0.100000    0.0000005364590297
0.020000  0.100000    0.0000004473228657
0.060000  0.100000    0.0000002351870785
0.100000  0.100000    0.0000002181524417
0.140000  0.100000    0.0000001285493174
0.180000  0.100000   -0.0000000993387314
0.220000  0.100000   -0.0000001970771752
0.260000  0.100000   -0.0000003263788396
0.300000  0.100000   -0.0000004348086518
0.340000  0.100000   -0.0000005853176477
0.380000  0.100000   -0.0000006991392745
0.420000  0.100000   -0.0000008180681353
0.460000  0.100000   -0.0000009376241485
0.500000  0.100000   -0.0000009928304934
0.540000  0.100000   -0.0000010484453647
0.580000  0.100000   -0.0000012039358245
0.620000  0.100000   -0.0000013484858111
0.660000  0.100000   -0.0000013583577184
0.700000  0.100000   -0.0000013978088186
0.740000  0.100000   -0.0000014101689529
0.780000  0.100000   -0.0000013740597348
0.820000  0.100000   -0.0000012979052494
0.860000  0.100000   -0.0000011604302025
0.900000  0.100000   -0.0000009483201181
0.940000  0.100000   -0.0000006140165539
0.980000  0.100000   -0.0000001875817276
-.820000  0.140000   -0.0000000167032088
-.780000  0.140000   -0.0000000279970217
-.740000  0.140000   -0.0000000358527266
-.700000  0.140000    0.0000000534998932
-.660000  0.140000    0.0000001243950392
-.620000  0.140000    0.0000002184266064
-.580000  0.140000    0.0000003279193486
-.540000  0.140000    0.0000005088321840
-.500000  0.140000    0.0000006149664380
-.460000  0.140000    0.0000007137759498
-.420000  0.140000    0.0000007982530441
-.380000  0.140000    0.0000008619997308
-.340000  0.140000    0.0000009029833040
-.300000  0.140000    0.0000009169469294
-.260000  0.140000    0.0000010206085407
-.220000  0.140000    0.0000010102518357
-.180000  0.140000    0.0000009571730789
-.140000  0.140000    0.0000008483345911
-.100000  0.140000    0.0000009564404943
-.060000  0.140000    0.0000007249998859
-.020000  0.140000    0.0000007151794286
0.020000  0.140000    0.0000005906895017
0.060000  0.140000    0.0000003666550029
0.100000  0.140000    0.0000003409746899
0.140000  0.140000    0.0000000405841593
0.180000  0.140000   -0.0000000825200133
0.220000  0.140000   -0.0000002344747371
0.260000  0.140000   -0.0000004174033799
0.300000  0.140000   -0.0000006173677884
0.340000  0.140000   -0.0000007981299990
0.380000  0.140000   -0.0000009665859229
0.420000  0.140000   -0.0000011278949288
0.460000  0.140000   -0.0000012852586560
0.500000  0.140000   -0.0000014545147922
0.540000  0.140000   -0.0000015991758438
0.580000  0.140000   -0.0000017494174009
0.620000  0.140000   -0.0000017986519772
0.660000  0.140000   -0.0000018901624429
0.700000  0.140000   -0.0000019131299470
0.740000  0.140000   -0.0000019354157645
0.780000  0.140000   -0.0000018797824652
0.820000  0.140000   -0.0000017712646148
0.860000  0.140000   -0.0000015723041362
0.900000  0.140000   -0.0000012441461727
0.940000  0.140000   -0.0000007850012500
0.980000  0.140000   -0.0000001668258868
-.820000  0.180000   -0.0000000231927618
-.780000  0.180000   -0.0000000627518472
-.740000  0.180000   -0.0000000316138647
-.700000  0.180000   -0.0000000016870230
-.660000  0.180000    0.0000001654454705
-.620000  0.180000    0.0000002844888052
-.580000  0.180000    0.0000004220724429
-.540000  0.180000    0.0000005709672551
-.500000  0.180000    0.0000007188718061
-.460000  0.180000    0.0000008621456192
-.420000  0.180000    0.0000009879362913
-.380000  0.180000    0.0000010918533806
-.340000  0.180000    0.0000011681281356
-.300000  0.180000    0.0000012094208676
-.260000  0.180000    0.0000012092986941
-.220000  0.180000    0.0000011589875131
-.180000  0.180000    0.0000012692443664
-.140000  0.180000    0.0000011418704637
-.100000  0.180000    0.0000009202502116
-.060000  0.180000    0.0000009372911243
-.020000  0.180000    0.0000008761611302
0.020000  0.180000    0.0000007214733689
0.060000  0.180000    0.0000004771776243
0.100000  0.180000    0.0000001982344267
0.140000  0.180000    0.0000000961425861
0.180000  0.180000   -0.0000000637769777
0.220000  0.180000   -0.0000003642147485
0.260000  0.180000   -0.0000005681238671
0.300000  0.180000   -0.0000007907878610
0.340000  0.180000   -0.0000010199691687
0.380000  0.180000   -0.0000012442344928
0.420000  0.180000   -0.0000014566742127
0.460000  0.180000   -0.0000016569902430
0.500000  0.180000   -0.0000018374358365
0.540000  0.180000   -0.0000020031978551
0.580000  0.180000   -0.0000021525107027
0.620000  0.180000   -0.0000022871368342
0.660000  0.180000   -0.0000023576422949
0.700000  0.180000   -0.0000024391222055
0.740000  0.180000   -0.0000024202813155
0.780000  0.180000   -0.0000023550098088
0.820000  0.180000   -0.0000021854931295
0.860000  0.180000   -0.0000019057798974
0.900000  0.180000   -0.0000014943912593
0.940000  0.180000   -0.0000008571419979
0.980000  0.180000   -0.0000000818863821
-.820000  0.220000   -0.0000000114035053
-.780000  0.220000   -0.0000000528055071
-.740000  0.220000   -0.0000000926173251
-.700000  0.220000    0.0000000170317097
-.660000  0.220000    0.0000001034924793
-.620000  0.220000    0.0000003491281063
-.580000  0.220000    0.0000005142912364
-.540000  0.220000    0.0000006892325421
-.500000  0.220000    0.0000008630177109
-.460000  0.220000    0.0000010264387710
-.420000  0.220000    0.0000011661969130
-.380000  0.220000    0.0000012762105042
-.340000  0.220000    0.0000013483498124
-.300000  0.220000    0.0000013696411800
-.260000  0.220000    0.0000014830708463
-.220000  0.220000    0.0000014443140742
-.180000  0.220000    0.0000013307857204
-.140000  0.220000    0.0000013959667607
-.100000  0.220000    0.0000011512157561
-.060000  0.220000    0.0000011230235211
-.020000  0.220000    0.0000010196321285
0.020000  0.220000    0.0000008345378193
0.060000  0.220000    0.0000005718941334
0.100000  0.220000    0.0000002702246871
0.140000  0.220000    0.0000001368850760
0.180000  0.220000   -0.0000002006345543
0.220000  0.220000   -0.0000004151132772
0.260000  0.220000   -0.0000006676753999
0.300000  0.220000   -0.0000009572055621
0.340000  0.220000   -0.0000012223109662
0.380000  0.220000   -0.0000014843748977
0.420000  0.220000   -0.0000017377558296
0.460000  0.220000   -0.0000019790924772
0.500000  0.220000   -0.0000022029206829
0.540000  0.220000   -0.0000024046724773
0.580000  0.220000   -0.0000025736124168
0.620000  0.220000   -0.0000026963907804
0.660000  0.220000   -0.0000028502864411
0.700000  0.220000   -0.0000028862331308
0.740000  0.220000   -0.0000028768328442
0.780000  0.220000   -0.0000027665474703
0.820000  0.220000   -0.0000025506192431
0.860000  0.220000   -0.0000021899268112
0.900000  0.220000   -0.0000016293149369
0.940000  0.220000   -0.0000008248119126
-.780000  0.260000   -0.0000000763943445
-.740000  0.260000   -0.0000000736836749
-.700000  0.260000   -0.0000000656944052
-.660000  0.260000    0.0000001410120283
-.620000  0.260000    0.0000002911854398
-.580000  0.260000    0.0000004752869558
-.540000  0.260000    0.0000006824770716
-.500000  0.260000    0.0000008960175905
-.460000  0.260000    0.0000011013139258
-.420000  0.260000    0.0000012869181378
-.380000  0.260000    0.0000014392708236
-.340000  0.260000    0.0000015488815358
-.300000  0.260000    0.0000016039463913
-.260000  0.260000    0.0000015918542906
-.220000  0.260000    0.0000016849188065
-.180000  0.260000    0.0000015722676618
-.140000  0.260000    0.0000016104936178
-.100000  0.260000    0.0000013524508322
-.060000  0.260000    0.0000012860427516
-.020000  0.260000    0.0000011472543827
0.020000  0.260000    0.0000009349880050
0.060000  0.260000    0.0000006533115090
0.100000  0.260000    0.0000003271295939
0.140000  0.260000    0.0000001642106846
0.180000  0.260000   -0.0000002111396686
0.220000  0.260000   -0.0000004692396899
0.260000  0.260000   -0.0000008177090958
0.300000  0.260000   -0.0000011160196631
0.340000  0.260000   -0.0000014295477174
0.380000  0.260000   -0.0000017406797449
0.420000  0.260000   -0.0000020366738123
0.460000  0.260000   -0.0000023177611395
0.500000  0.260000   -0.0000025770321539
0.540000  0.260000   -0.0000028068020887
0.580000  0.260000   -0.0000030002100818
0.620000  0.260000   -0.0000031502461632
0.660000  0.260000   -0.0000032444315165
0.700000  0.260000   -0.0000033092653726
0.740000  0.260000   -0.0000032566791721
0.780000  0.260000   -0.0000031082896516
0.820000  0.260000   -0.0000028139816947
0.860000  0.260000   -0.0000023464611525
0.900000  0.260000   -0.0000016417480474
0.940000  0.260000   -0.0000006655481953
-.780000  0.300000   -0.0000000473811803
-.740000  0.300000   -0.0000001257743152
-.700000  0.300000   -0.0000000337274007
-.660000  0.300000    0.0000000458089991
-.620000  0.300000    0.0000003463522001
-.580000  0.300000    0.0000005525508144
-.540000  0.300000    0.0000007801676083
-.500000  0.300000    0.0000010117979611
-.460000  0.300000    0.0000012331321269
-.420000  0.300000    0.0000014254413318
-.380000  0.300000    0.0000015771248560
-.340000  0.300000    0.0000016929783989
-.300000  0.300000    0.0000017840297142
-.260000  0.300000    0.0000017997762629
-.220000  0.300000    0.0000017281751800
-.180000  0.300000    0.0000017771625747
-.140000  0.300000    0.0000015650799775
-.100000  0.300000    0.0000015240890567
-.060000  0.300000    0.0000014216966568
-.020000  0.300000    0.0000012547886727
0.020000  0.300000    0.0000010150110330
0.060000  0.300000    0.0000007152339998
0.100000  0.300000    0.0000003717421786
0.140000  0.300000    0.0000000141823758
0.180000  0.300000   -0.0000002307056596
0.220000  0.300000   -0.0000006027396738
0.260000  0.300000   -0.0000009221639409
0.300000  0.300000   -0.0000012655724878
0.340000  0.300000   -0.0000016211080395
0.380000  0.300000   -0.0000019320258938
0.420000  0.300000   -0.0000022622427140
0.460000  0.300000   -0.0000025722548819
0.500000  0.300000   -0.0000028575369678
0.540000  0.300000   -0.0000031092779840
0.580000  0.300000   -0.0000033161867382
0.620000  0.300000   -0.0000034699963588
0.660000  0.300000   -0.0000036271853095
0.700000  0.300000   -0.0000036380755320
0.740000  0.300000   -0.0000035713237198
0.780000  0.300000   -0.0000033638426181
0.820000  0.300000   -0.0000029971751910
0.860000  0.300000   -0.0000023822735893
0.900000  0.300000   -0.0000015102967042
0.940000  0.300000   -0.0000003401743434
-.780000  0.340000   -0.0000000411913207
-.740000  0.340000   -0.0000000818469831
-.700000  0.340000   -0.0000001117662252
-.660000  0.340000    0.0000000901693208
-.620000  0.340000    0.0000002485223065
-.580000  0.340000    0.0000004617597799
-.540000  0.340000    0.0000007132740869
-.500000  0.340000    0.0000009776884854
-.460000  0.340000    0.0000012363491063
-.420000  0.340000    0.0000014727693572
-.380000  0.340000    0.0000016669537661
-.340000  0.340000    0.0000018040703525
-.300000  0.340000    0.0000019082662911
-.260000  0.340000    0.0000019540965582
-.220000  0.340000    0.0000019061305462
-.180000  0.340000    0.0000019309558450
-.140000  0.340000    0.0000017321227094
-.100000  0.340000    0.0000016607652883
-.060000  0.340000    0.0000015318669031
-.020000  0.340000    0.0000013376903560
0.020000  0.340000    0.0000010789129066
0.060000  0.340000    0.0000007633683476
0.100000  0.340000    0.0000004032457401
0.140000  0.340000    0.0000000246358284
0.180000  0.340000   -0.0000002586267382
0.220000  0.340000   -0.0000006630242302
0.260000  0.340000   -0.0000010209510284
0.300000  0.340000   -0.0000014045986527
0.340000  0.340000   -0.0000017732126948
0.380000  0.340000   -0.0000021545219895
0.420000  0.340000   -0.0000025186869286
0.460000  0.340000   -0.0000028601940780
0.500000  0.340000   -0.0000031697441580
0.540000  0.340000   -0.0000034386856386
0.580000  0.340000   -0.0000036555606783
0.620000  0.340000   -0.0000038096599215
0.660000  0.340000   -0.0000038853237962
0.700000  0.340000   -0.0000039185841922
0.740000  0.340000   -0.0000037814588737
0.780000  0.340000   -0.0000035129218724
0.820000  0.340000   -0.0000030352365874
0.860000  0.340000   -0.0000022709948555
0.900000  0.340000   -0.0000011976161692
0.940000  0.340000    0.0000001111439463
-.780000  0.380000   -0.0000000129093516
-.740000  0.380000   -0.0000000978240348
-.700000  0.380000   -0.0000001776415619
-.660000  0.380000   -0.0000000076421132
-.620000  0.380000    0.0000001277953594
-.580000  0.380000    0.0000003380054155
-.540000  0.380000    0.0000006000786184
-.500000  0.380000    0.0000008897007211
-.460000  0.380000    0.0000011840760186
-.420000  0.380000    0.0000014596081728
-.380000  0.380000    0.0000017000261370
-.340000  0.380000    0.0000018776922999
-.300000  0.380000    0.0000019806192075
-.260000  0.380000    0.0000020543906909
-.220000  0.380000    0.0000020359230808
-.180000  0.380000    0.0000020424342152
-.140000  0.380000    0.0000018618242051
-.100000  0.380000    0.0000017689789205
-.060000  0.380000    0.0000016154881720
-.020000  0.380000    0.0000014007110389
0.020000  0.380000    0.0000011261091305
0.060000  0.380000    0.0000007938431239
0.100000  0.380000    0.0000004213337037
0.140000  0.380000    0.0000000283345526
0.180000  0.380000   -0.0000002933283863
0.220000  0.380000   -0.0000007210873532
0.260000  0.380000   -0.0000011155040476
0.300000  0.380000   -0.0000015184380655
0.340000  0.380000   -0.0000019348911410
0.380000  0.380000   -0.0000023469276921
0.420000  0.380000   -0.0000027401184456
0.460000  0.380000   -0.0000031027212843
0.500000  0.380000   -0.0000034317159901
0.540000  0.380000   -0.0000037106787924
0.580000  0.380000   -0.0000039290634499
0.620000  0.380000   -0.0000040714641646
0.660000  0.380000   -0.0000041243365308
0.700000  0.380000   -0.0000040952456343
0.740000  0.380000   -0.0000038985879822
0.780000  0.380000   -0.0000035271133662
0.820000  0.380000   -0.0000029169730288
0.860000  0.380000   -0.0000019782855433
0.900000  0.380000   -0.0000006928711468
-.740000  0.420000   -0.0000000854181969
-.700000  0.420000   -0.0000001005690590
-.660000  0.420000   -0.0000000990043773
-.620000  0.420000   -0.0000000004345042
-.580000  0.420000    0.0000004073896692
-.540000  0.420000    0.0000006787317905
-.500000  0.420000    0.0000009773985590
-.460000  0.420000    0.0000012771750443
-.420000  0.420000    0.0000015539407725
-.380000  0.420000    0.0000016743149202
-.340000  0.420000    0.0000018952018772
-.300000  0.420000    0.0000020387773472
-.260000  0.420000    0.0000021014974070
-.220000  0.420000    0.0000021182821290
-.180000  0.420000    0.0000021056500710
-.140000  0.420000    0.0000019545146085
-.100000  0.420000    0.0000018398489922
-.060000  0.420000    0.0000016695676935
-.020000  0.420000    0.0000014397878879
0.020000  0.420000    0.0000011538020856
0.060000  0.420000    0.0000008109129977
0.100000  0.420000    0.0000004307096799
0.140000  0.420000    0.0000000251349971
0.180000  0.420000   -0.0000003335960783
0.220000  0.420000   -0.0000007764845361
0.260000  0.420000   -0.0000012028173939
0.300000  0.420000   -0.0000016273560938
0.340000  0.420000   -0.0000020730866044
0.380000  0.420000   -0.0000025082343757
0.420000  0.420000   -0.0000028372021444
0.460000  0.420000   -0.0000032169039428
0.500000  0.420000   -0.0000035556458016
0.540000  0.420000   -0.0000038354464850
0.580000  0.420000   -0.0000040450001150
0.620000  0.420000   -0.0000042412197707
0.660000  0.420000   -0.0000042538446475
0.700000  0.420000   -0.0000041387572731
0.740000  0.420000   -0.0000038784753689
0.780000  0.420000   -0.0000033840005139
0.820000  0.420000   -0.0000025793020768
0.860000  0.420000   -0.0000014528349486
0.900000  0.420000   -0.0000000041234811
-.740000  0.460000   -0.0000000426143803
-.700000  0.460000   -0.0000002116835231
-.660000  0.460000   -0.0000001658870039
-.620000  0.460000   -0.0000001192695793
-.580000  0.460000    0.0000002706726997
-.540000  0.460000    0.0000005374690301
-.500000  0.460000    0.0000008486250707
-.460000  0.460000    0.0000011731477848
-.420000  0.460000    0.0000014824569587
-.380000  0.460000    0.0000015947150237
-.340000  0.460000    0.0000018582118955
-.300000  0.460000    0.0000020437528779
-.260000  0.460000    0.0000020985255049
-.220000  0.460000    0.0000021520277365
-.180000  0.460000    0.0000021303972750
-.140000  0.460000    0.0000020129177311
-.100000  0.460000    0.0000018855784061
-.060000  0.460000    0.0000017013915268
-.020000  0.460000    0.0000014603074983
0.020000  0.460000    0.0000011626818820
0.060000  0.460000    0.0000008159131936
0.100000  0.460000    0.0000004310771638
0.140000  0.460000    0.0000000198472401
0.180000  0.460000   -0.0000003747050833
0.220000  0.460000   -0.0000008246085758
0.260000  0.460000   -0.0000012794378743
0.300000  0.460000   -0.0000017144142838
0.340000  0.460000   -0.0000021813367227
0.380000  0.460000   -0.0000026349266171
0.420000  0.460000   -0.0000029750585564
0.460000  0.460000   -0.0000033642504742
0.500000  0.460000   -0.0000037018301280
0.540000  0.460000   -0.0000039713612611
0.580000  0.460000   -0.0000041598143023
0.620000  0.460000   -0.0000043072824882
0.660000  0.460000   -0.0000042661171568
0.700000  0.460000   -0.0000040780618601
0.740000  0.460000   -0.0000036967967438
0.780000  0.460000   -0.0000030563308981
0.820000  0.460000   -0.0000020660409409
0.860000  0.460000   -0.0000007258826229
-.700000  0.500000   -0.0000001588037776
-.660000  0.500000   -0.0000001934921305
-.620000  0.500000   -0.0000002100129958
-.580000  0.500000    0.0000001350103870
-.540000  0.500000    0.0000003809350288
-.500000  0.500000    0.0000006911081589
-.460000  0.500000    0.0000010299979796
-.420000  0.500000    0.0000013676315954
-.380000  0.500000    0.0000014719703323
-.340000  0.500000    0.0000017715864292
-.300000  0.500000    0.0000019979787892
-.260000  0.500000    0.0000020466540371
-.220000  0.500000    0.0000021434209395
-.180000  0.500000    0.0000021113423377
-.140000  0.500000    0.0000020337554994
-.100000  0.500000    0.0000018969756527
-.060000  0.500000    0.0000017067853435
-.020000  0.500000    0.0000014597032214
0.020000  0.500000    0.0000011588000933
0.060000  0.500000    0.0000008110947867
0.100000  0.500000    0.0000004256114585
0.140000  0.500000    0.0000000138214874
0.180000  0.500000   -0.0000004120438674
0.220000  0.500000   -0.0000008604996201
0.260000  0.500000   -0.0000013382778075
0.300000  0.500000   -0.0000017739200705
0.340000  0.500000   -0.0000022554252247
0.380000  0.500000   -0.0000027187829127
0.420000  0.500000   -0.0000030572184224
0.460000  0.500000   -0.0000034444818973
0.500000  0.500000   -0.0000037697709805
0.540000  0.500000   -0.0000040163778421
0.580000  0.500000   -0.0000041677049243
0.620000  0.500000   -0.0000042547073084
0.660000  0.500000   -0.0000041385921409
0.700000  0.500000   -0.0000038473208922
0.740000  0.500000   -0.0000033106565088
0.780000  0.500000   -0.0000024859396905
0.820000  0.500000   -0.0000012609360585
0.860000  0.500000    0.0000001751703947
-.700000  0.540000   -0.0000000641236940
-.660000  0.540000   -0.0000001708988795
-.620000  0.540000   -0.0000002535751446
-.580000  0.540000    0.0000000189003088
-.540000  0.540000    0.0000002271412822
-.500000  0.540000    0.0000005199195971
-.460000  0.540000    0.0000008616574115
-.420000  0.540000    0.0000012166693825
-.380000  0.540000    0.0000013121636240
-.340000  0.540000    0.0000016448573870
-.300000  0.540000    0.0000019133047425
-.260000  0.540000    0.0000019555418028
-.220000  0.540000    0.0000020943773777
-.180000  0.540000    0.0000020578125994
-.140000  0.540000    0.0000020261552439
-.100000  0.540000    0.0000018839345417
-.060000  0.540000    0.0000016900569307
-.020000  0.540000    0.0000014415431105
0.020000  0.540000    0.0000011456650501
0.060000  0.540000    0.0000008007674122
0.100000  0.540000    0.0000004215502555
0.140000  0.540000    0.0000000135702390
0.180000  0.540000   -0.0000004388631512
0.220000  0.540000   -0.0000008785214144
0.260000  0.540000   -0.0000013728840238
0.300000  0.540000   -0.0000017980097504
0.340000  0.540000   -0.0000022864295236
0.380000  0.540000   -0.0000027510893435
0.420000  0.540000   -0.0000030712153569
0.460000  0.540000   -0.0000034444652597
0.500000  0.540000   -0.0000037435989521
0.540000  0.540000   -0.0000039517934314
0.580000  0.540000   -0.0000040475769851
0.620000  0.540000   -0.0000040610199230
0.660000  0.540000   -0.0000038447924536
0.700000  0.540000   -0.0000034291314045
0.740000  0.540000   -0.0000027245416402
0.780000  0.540000   -0.0000016621883478
0.820000  0.540000   -0.0000002645729113
-.660000  0.580000   -0.0000001732081438
-.620000  0.580000   -0.0000002363104529
-.580000  0.580000   -0.0000002734253875
-.540000  0.580000    0.0000000921430425
-.500000  0.580000    0.0000003509420550
-.460000  0.580000    0.0000006810170921
-.420000  0.580000    0.0000010408206359
-.380000  0.580000    0.0000011264347725
-.340000  0.580000    0.0000014864557463
-.300000  0.580000    0.0000017873859002
-.260000  0.580000    0.0000018287176135
-.220000  0.580000    0.0000020126942279
-.180000  0.580000    0.0000019742381568
-.140000  0.580000    0.0000018916544251
-.100000  0.580000    0.0000018506157263
-.060000  0.580000    0.0000016590208445
-.020000  0.580000    0.0000014157136110
0.020000  0.580000    0.0000011240285399
0.060000  0.580000    0.0000007894076268
0.100000  0.580000    0.0000004215745256
0.140000  0.580000   -0.0000000287781041
0.180000  0.580000   -0.0000004471851645
0.220000  0.580000   -0.0000008689182711
0.260000  0.580000   -0.0000013743071970
0.300000  0.580000   -0.0000017783640295
0.340000  0.580000   -0.0000022630254360
0.380000  0.580000   -0.0000027187135743
0.420000  0.580000   -0.0000030067411284
0.460000  0.580000   -0.0000033502183336
0.500000  0.580000   -0.0000036096710017
0.540000  0.580000   -0.0000037618838509
0.580000  0.580000   -0.0000038492202035
0.620000  0.580000   -0.0000037021588401
0.660000  0.580000   -0.0000033743797467
0.700000  0.580000   -0.0000027748476672
0.740000  0.580000   -0.0000018548214821
0.780000  0.580000   -0.0000005637424954
-.660000  0.620000   -0.0000000256590771
-.620000  0.620000   -0.0000002692493602
-.580000  0.620000   -0.0000002632735329
-.540000  0.620000   -0.0000002421387156
-.500000  0.620000   -0.0000000800860278
-.460000  0.620000    0.0000001956626247
-.420000  0.620000    0.0000005481862643
-.380000  0.620000    0.0000009305680698
-.340000  0.620000    0.0000013049860229
-.300000  0.620000    0.0000016366847176
-.260000  0.620000    0.0000016777310972
-.220000  0.620000    0.0000019027569080
-.180000  0.620000    0.0000018679819789
-.140000  0.620000    0.0000017890735887
-.100000  0.620000    0.0000016632419627
-.060000  0.620000    0.0000016176528835
-.020000  0.620000    0.0000013845443113
0.020000  0.620000    0.0000011066113703
0.060000  0.620000    0.0000007865190175
0.100000  0.620000    0.0000003449662912
0.140000  0.620000   -0.0000000327469595
0.180000  0.620000   -0.0000004258431826
0.220000  0.620000   -0.0000008214625365
0.260000  0.620000   -0.0000013297108346
0.300000  0.620000   -0.0000017019638218
0.340000  0.620000   -0.0000021735210599
0.380000  0.620000   -0.0000026048195290
0.420000  0.620000   -0.0000029743649113
0.460000  0.620000   -0.0000032610525064
0.500000  0.620000   -0.0000034477746238
0.540000  0.620000   -0.0000035100923431
0.580000  0.620000   -0.0000034166842250
0.620000  0.620000   -0.0000031751178972
0.660000  0.620000   -0.0000026533022698
0.700000  0.620000   -0.0000018712469496
0.740000  0.620000   -0.0000007054577565
0.780000  0.620000    0.0000005602918669
-.620000  0.660000   -0.0000000876935676
-.580000  0.660000   -0.0000003228214340
-.540000  0.660000   -0.0000002397036632
-.500000  0.660000   -0.0000001588007336
-.460000  0.660000    0.0000000562177954
-.420000  0.660000    0.0000003702293071
-.380000  0.660000    0.0000007381626808
-.340000  0.660000    0.0000011180170731
-.300000  0.660000    0.0000011716526270
-.260000  0.660000    0.0000015130696614
-.220000  0.660000    0.0000015206824638
-.180000  0.660000    0.0000017483381983
-.140000  0.660000    0.0000016771746547
-.100000  0.660000    0.0000015613564372
-.060000  0.660000    0.0000014011421227
-.020000  0.660000    0.0000011963485462
0.020000  0.660000    0.0000009483493469
0.060000  0.660000    0.0000006624296229
0.100000  0.660000    0.0000003426179114
0.140000  0.660000   -0.0000000038844842
0.180000  0.660000   -0.0000003653512882
0.220000  0.660000   -0.0000008701810528
0.260000  0.660000   -0.0000012251655364
0.300000  0.660000   -0.0000017024335244
0.340000  0.660000   -0.0000019997480634
0.380000  0.660000   -0.0000023926130474
0.420000  0.660000   -0.0000027128394649
0.460000  0.660000   -0.0000029356600058
0.500000  0.660000   -0.0000030381984931
0.540000  0.660000   -0.0000029954549163
0.580000  0.660000   -0.0000028363557839
0.620000  0.660000   -0.0000023763058262
0.660000  0.660000   -0.0000017159955217
0.700000  0.660000   -0.0000007024694950
0.740000  0.660000    0.0000006764335091
-.580000  0.700000   -0.0000001947260619
-.540000  0.700000   -0.0000003188185901
-.500000  0.700000   -0.0000004011603620
-.460000  0.700000   -0.0000003234770704
-.420000  0.700000    0.0000002283581418
-.380000  0.700000    0.0000002203822692
-.340000  0.700000    0.0000005989692241
-.300000  0.700000    0.0000009866170787
-.260000  0.700000    0.0000010144514987
-.220000  0.700000    0.0000013594869263
-.180000  0.700000    0.0000013397009648
-.140000  0.700000    0.0000015675013226
-.100000  0.700000    0.0000014679093207
-.060000  0.700000    0.0000013256419169
-.020000  0.700000    0.0000011429440446
0.020000  0.700000    0.0000009197654586
0.060000  0.700000    0.0000006632477182
0.100000  0.700000    0.0000003776198200
0.140000  0.700000    0.0000000703220240
0.180000  0.700000   -0.0000004266449650
0.220000  0.700000   -0.0000007413437246
0.260000  0.700000   -0.0000012150961897
0.300000  0.700000   -0.0000014892814529
0.340000  0.700000   -0.0000018848408316
0.380000  0.700000   -0.0000022149486720
0.420000  0.700000   -0.0000023070955471
0.460000  0.700000   -0.0000025688785485
0.500000  0.700000   -0.0000025456330809
0.540000  0.700000   -0.0000023539181773
0.580000  0.700000   -0.0000020183029504
0.620000  0.700000   -0.0000013964210472
0.660000  0.700000   -0.0000004997789029
0.700000  0.700000    0.0000006507156857
-.540000  0.740000   -0.0000001955663131
-.500000  0.740000   -0.0000004387147411
-.460000  0.740000   -0.0000002742607481
-.420000  0.740000   -0.0000001442971135
-.380000  0.740000    0.0000001124733307
-.340000  0.740000    0.0000004510449341
-.300000  0.740000    0.0000004626979597
-.260000  0.740000    0.0000008526507671
-.220000  0.740000    0.0000008594411688
-.180000  0.740000    0.0000012044575839
-.140000  0.740000    0.0000011647472981
-.100000  0.740000    0.0000010903774007
-.060000  0.740000    0.0000012758315676
-.020000  0.740000    0.0000011203403903
0.020000  0.740000    0.0000009298037034
0.060000  0.740000    0.0000007095156313
0.100000  0.740000    0.0000002333591016
0.140000  0.740000   -0.0000000149755828
0.180000  0.740000   -0.0000002722037514
0.220000  0.740000   -0.0000007343574724
0.260000  0.740000   -0.0000009633651429
0.300000  0.740000   -0.0000013537611053
0.340000  0.740000   -0.0000014974993165
0.380000  0.740000   -0.0000017463271725
0.420000  0.740000   -0.0000018872582979
0.460000  0.740000   -0.0000018916907242
0.500000  0.740000   -0.0000018456906163
0.540000  0.740000   -0.0000014594242730
0.580000  0.740000   -0.0000009016435235
0.620000  0.740000   -0.0000000924054334
0.660000  0.740000    0.0000009880515579
-.500000  0.780000   -0.0000002307954287
-.460000  0.780000   -0.0000003086615117
-.420000  0.780000   -0.0000003448021648
-.380000  0.780000   -0.0000002249997883
-.340000  0.780000    0.0000000245401995
-.300000  0.780000    0.0000003591180952
-.260000  0.780000    0.0000003586414909
-.220000  0.780000    0.0000007429279002
-.180000  0.780000    0.0000007369961856
-.140000  0.780000    0.0000010782173186
-.100000  0.780000    0.0000010274678736
-.060000  0.780000    0.0000009476050716
-.020000  0.780000    0.0000008371432964
0.020000  0.780000    0.0000007014360164
0.060000  0.780000    0.0000005420956626
0.100000  0.780000    0.0000003626641638
0.140000  0.780000    0.0000001716073971
0.180000  0.780000   -0.0000002706409273
0.220000  0.780000   -0.0000004387670471
0.260000  0.780000   -0.0000008124558340
0.300000  0.780000   -0.0000009056118724
0.340000  0.780000   -0.0000011448679424
0.380000  0.780000   -0.0000012772335540
0.420000  0.780000   -0.0000012762471692
0.460000  0.780000   -0.0000011129972612
0.500000  0.780000   -0.0000008816595116
0.540000  0.780000   -0.0000003653717019
0.580000  0.780000    0.0000003666577292
0.620000  0.780000    0.0000010777537743
-.460000  0.820000   -0.0000001937411200
-.420000  0.820000   -0.0000004799635294
-.380000  0.820000   -0.0000003464496837
-.340000  0.820000   -0.0000002401374399
-.300000  0.820000   -0.0000000043434415
-.260000  0.820000   -0.0000000508088004
-.220000  0.820000    0.0000003126776880
-.180000  0.820000    0.0000003015891623
-.140000  0.820000    0.0000006826635590
-.100000  0.820000    0.0000006579774359
-.060000  0.820000    0.0000006152409661
-.020000  0.820000    0.0000005547314062
0.020000  0.820000    0.0000004768325869
0.060000  0.820000    0.0000003850895624
0.100000  0.820000    0.0000002835818705
0.140000  0.820000    0.0000001784947694
0.180000  0.820000   -0.0000002039832468
0.220000  0.820000   -0.0000002659733068
0.260000  0.820000   -0.0000005502541845
0.300000  0.820000   -0.0000005106183267
0.340000  0.820000   -0.0000006221556375
0.380000  0.820000   -0.0000006032092773
0.420000  0.820000   -0.0000006087563528
0.460000  0.820000   -0.0000002060606549
0.500000  0.820000    0.0000003018671813
0.540000  0.820000    0.0000008224502722
-.420000  0.860000   -0.0000001197054417
-.380000  0.860000   -0.0000003424077022
-.340000  0.860000   -0.0000004840844871
-.300000  0.860000   -0.0000004546175056
-.260000  0.860000   -0.0000002739506301
-.220000  0.860000    0.0000000124346835
-.180000  0.860000   -0.0000000163960491
-.140000  0.860000    0.0000003604927324
-.100000  0.860000    0.0000003573260911
-.060000  0.860000    0.0000003496705109
-.020000  0.860000    0.0000003369388791
0.020000  0.860000    0.0000003209996770
0.060000  0.860000    0.0000003031377875
0.100000  0.860000    0.0000002865589930
0.140000  0.860000    0.0000002791506926
0.180000  0.860000   -0.0000000171274726
0.220000  0.860000    0.0000000458768964
0.260000  0.860000   -0.0000001167681382
0.300000  0.860000   -0.0000001738301762
0.340000  0.860000   -0.0000001012189695
0.380000  0.860000    0.0000001375723846
0.420000  0.860000    0.0000003788881408
0.460000  0.860000    0.0000007086860607
0.500000  0.860000    0.0000012130791685
-.340000  0.900000   -0.0000002966862734
-.300000  0.900000   -0.0000004167669657
-.260000  0.900000   -0.0000004696206823
-.220000  0.900000   -0.0000003590265567
-.180000  0.900000   -0.0000001227868599
-.140000  0.900000   -0.0000001544054264
-.100000  0.900000    0.0000002093013724
-.060000  0.900000    0.0000002332155157
-.020000  0.900000    0.0000002658507742
0.020000  0.900000    0.0000003102584998
0.060000  0.900000    0.0000003679166291
0.100000  0.900000    0.0000004433521675
0.140000  0.900000    0.0000002130299483
0.180000  0.900000    0.0000003676333287
0.220000  0.900000    0.0000002758831588
0.260000  0.900000    0.0000002922701222
0.300000  0.900000    0.0000004440772598
0.340000  0.900000    0.0000005248915194
0.380000  0.900000    0.0000008676988440
0.420000  0.900000    0.0000012239158701
-.260000  0.940000   -0.0000002785263166
-.220000  0.940000   -0.0000003795700122
-.180000  0.940000   -0.0000003986611421
-.140000  0.940000   -0.0000002586707613
-.100000  0.940000   -0.0000003026546063
-.060000  0.940000    0.0000000282322703
-.020000  0.940000    0.0000000937276723
0.020000  0.940000    0.0000001960723430
0.060000  0.940000    0.0000003365118457
0.100000  0.940000    0.0000002001415568
0.140000  0.940000    0.0000004449650226
0.180000  0.940000    0.0000004622210846
0.220000  0.940000    0.0000005995349574
0.260000  0.940000    0.0000006265129743
0.300000  0.940000    0.0000009194433698
0.340000  0.940000    0.0000008403743813
-.140000  0.980000   -0.0000001661617141
-.100000  0.980000   -0.0000003042675881
-.060000  0.980000   -0.0000002396710785
-.020000  0.980000   -0.0000000141083453
0.020000  0.980000    0.0000001056157410
0.060000  0.980000    0.0000000791230463
0.100000  0.980000    0.0000001510655539
0.140000  0.980000    0.0000003623512917
0.180000  0.980000    0.0000004183779702
