-.140000  -.980000    0.0000391920294826
-.100000  -.980000    0.0000628516051114
-.060000  -.980000    0.0000781288015639
-.020000  -.980000    0.0000887097161367
0.020000  -.980000    0.0000975743622996
0.060000  -.980000    0.0001043668867481
0.100000  -.980000    0.0001070769038551
0.140000  -.980000    0.0001050104301873
0.180000  -.980000    0.0000958770669294
-.300000  -.940000    0.0000016113974341
-.260000  -.940000    0.0000413087717970
-.220000  -.940000    0.0000658904703894
-.180000  -.940000    0.0000861721817407
-.140000  -.940000    0.0001025014008725
-.100000  -.940000    0.0001177985469482
-.060000  -.940000    0.0001290451795025
-.020000  -.940000    0.0001397140076738
0.020000  -.940000    0.0001483123254383
0.060000  -.940000    0.0001549671381131
0.100000  -.940000    0.0001599155897906
0.140000  -.940000    0.0001625327909652
0.180000  -.940000    0.0001627361483534
0.220000  -.940000    0.0001601335604182
0.260000  -.940000    0.0001532779956059
0.300000  -.940000    0.0001411560634315
0.340000  -.940000    0.0001040960275397
-.380000  -.900000    0.0000054960439228
-.340000  -.900000    0.0000423963492008
-.300000  -.900000    0.0000680984559784
-.260000  -.900000    0.0000904188723973
-.220000  -.900000    0.0001091639794466
-.180000  -.900000    0.0001253752720061
-.140000  -.900000    0.0001412286940516
-.100000  -.900000    0.0001537067146971
-.060000  -.900000    0.0001658552462412
-.020000  -.900000    0.0001762564540351
0.020000  -.900000    0.0001850394550972
0.060000  -.900000    0.0001922862400839
0.100000  -.900000    0.0001980300858503
0.140000  -.900000    0.0002016042282026
0.180000  -.900000    0.0002041153626261
0.220000  -.900000    0.0002037712122321
0.260000  -.900000    0.0002011938006585
0.300000  -.900000    0.0001962132833332
0.340000  -.900000    0.0001863459796611
0.380000  -.900000    0.0001723687727442
0.420000  -.900000    0.0001458948848856
-.420000  -.860000    0.0000290225423625
-.380000  -.860000    0.0000583750434531
-.340000  -.860000    0.0000837885928167
-.300000  -.860000    0.0001053612329844
-.260000  -.860000    0.0001242082013804
-.220000  -.860000    0.0001410121873181
-.180000  -.860000    0.0001577478657730
-.140000  -.860000    0.0001713627462212
-.100000  -.860000    0.0001847749275821
-.060000  -.860000    0.0001965715317537
-.020000  -.860000    0.0002068737071505
0.020000  -.860000    0.0002157820244319
0.060000  -.860000    0.0002233655492319
0.100000  -.860000    0.0002296618384312
0.140000  -.860000    0.0002346744724413
0.180000  -.860000    0.0002369236793253
0.220000  -.860000    0.0002391284736179
0.260000  -.860000    0.0002378894743231
0.300000  -.860000    0.0002346653247690
0.340000  -.860000    0.0002293822795018
0.380000  -.860000    0.0002217958954595
0.420000  -.860000    0.0002084296807134
0.460000  -.860000    0.0001877523552553
0.500000  -.860000    0.0001518741876584
-.500000  -.820000    0.0000050633572634
-.460000  -.820000    0.0000396580790700
-.420000  -.820000    0.0000692294285718
-.380000  -.820000    0.0000917389127586
-.340000  -.820000    0.0001135580566332
-.300000  -.820000    0.0001330659956414
-.260000  -.820000    0.0001526762112495
-.220000  -.820000    0.0001686841251699
-.180000  -.820000    0.0001847470625547
-.140000  -.820000    0.0001982325971505
-.100000  -.820000    0.0002114584278578
-.060000  -.820000    0.0002232352751792
-.020000  -.820000    0.0002336586610224
0.020000  -.820000    0.0002428116267113
0.060000  -.820000    0.0002507588342519
0.100000  -.820000    0.0002575374108664
0.140000  -.820000    0.0002631602734536
0.180000  -.820000    0.0002657856312164
0.220000  -.820000    0.0002688984810477
0.260000  -.820000    0.0002682993967019
0.300000  -.820000    0.0002687789535447
0.340000  -.820000    0.0002649171424870
0.380000  -.820000    0.0002591197341196
0.420000  -.820000    0.0002476295719369
0.460000  -.820000    0.0002372472022411
0.500000  -.820000    0.0002199260158125
0.540000  -.820000    0.0001898716645543
-.540000  -.780000    0.0000116040424137
-.500000  -.780000    0.0000448704187416
-.460000  -.780000    0.0000716714232537
-.420000  -.780000    0.0000968332421470
-.380000  -.780000    0.0001192108288529
-.340000  -.780000    0.0001394451942700
-.300000  -.780000    0.0001579782454032
-.260000  -.780000    0.0001768786458693
-.220000  -.780000    0.0001925934783096
-.180000  -.780000    0.0002084263120612
-.140000  -.780000    0.0002219630612946
-.100000  -.780000    0.0002352380706104
-.060000  -.780000    0.0002471641542381
-.020000  -.780000    0.0002578245047907
0.020000  -.780000    0.0002672895814660
0.060000  -.780000    0.0002756188417248
0.100000  -.780000    0.0002828531064752
0.140000  -.780000    0.0002890102383140
0.180000  -.780000    0.0002921017133097
0.220000  -.780000    0.0002959206670761
0.260000  -.780000    0.0002959246817148
0.300000  -.780000    0.0002973746693389
0.340000  -.780000    0.0002943554531350
0.380000  -.780000    0.0002895764558809
0.420000  -.780000    0.0002829906058741
0.460000  -.780000    0.0002744515129681
0.500000  -.780000    0.0002593458199962
0.540000  -.780000    0.0002413006069403
0.580000  -.780000    0.0002147691744139
0.620000  -.780000    0.0001610987309371
-.580000  -.740000    0.0000123421176595
-.540000  -.740000    0.0000449943722001
-.500000  -.740000    0.0000745010397557
-.460000  -.740000    0.0000977447463813
-.420000  -.740000    0.0001209034209448
-.380000  -.740000    0.0001420159618367
-.340000  -.740000    0.0001614754891395
-.300000  -.740000    0.0001814879675074
-.260000  -.740000    0.0001981669394344
-.220000  -.740000    0.0002151312622665
-.180000  -.740000    0.0002296455895791
-.140000  -.740000    0.0002440364728543
-.100000  -.740000    0.0002570637216988
-.060000  -.740000    0.0002689124241231
-.020000  -.740000    0.0002798721264573
0.020000  -.740000    0.0002896872639708
0.060000  -.740000    0.0002984117187878
0.100000  -.740000    0.0003045811787839
0.140000  -.740000    0.0003109755716472
0.180000  -.740000    0.0003163928000746
0.220000  -.740000    0.0003181964444604
0.260000  -.740000    0.0003214666986544
0.300000  -.740000    0.0003203932292977
0.340000  -.740000    0.0003214366700307
0.380000  -.740000    0.0003175024050733
0.420000  -.740000    0.0003118793652455
0.460000  -.740000    0.0003045133297904
0.500000  -.740000    0.0002903979692325
0.540000  -.740000    0.0002789711474712
0.580000  -.740000    0.0002598802557975
0.620000  -.740000    0.0002321018648589
0.660000  -.740000    0.0001876465633218
-.620000  -.700000    0.0000094533603200
-.580000  -.700000    0.0000430735373884
-.540000  -.700000    0.0000710307816500
-.500000  -.700000    0.0000977238786356
-.460000  -.700000    0.0001217742900811
-.420000  -.700000    0.0001411910714879
-.380000  -.700000    0.0001639961847538
-.340000  -.700000    0.0001828659448199
-.300000  -.700000    0.0002005420243881
-.260000  -.700000    0.0002187234871893
-.220000  -.700000    0.0002341939020666
-.180000  -.700000    0.0002497553862805
-.140000  -.700000    0.0002633995218715
-.100000  -.700000    0.0002766964651020
-.060000  -.700000    0.0002887611316690
-.020000  -.700000    0.0002996669576947
0.020000  -.700000    0.0003094853144369
0.060000  -.700000    0.0003182752333955
0.100000  -.700000    0.0003260849837049
0.140000  -.700000    0.0003329449646241
0.180000  -.700000    0.0003365364346793
0.220000  -.700000    0.0003413274003462
0.260000  -.700000    0.0003420540749197
0.300000  -.700000    0.0003448335407905
0.340000  -.700000    0.0003428437058604
0.380000  -.700000    0.0003392690277770
0.420000  -.700000    0.0003387280080708
0.460000  -.700000    0.0003274079267629
0.500000  -.700000    0.0003190485560915
0.540000  -.700000    0.0003089139550505
0.580000  -.700000    0.0002911118530549
0.620000  -.700000    0.0002707270419033
0.660000  -.700000    0.0002413102084331
0.700000  -.700000    0.0001950553038299
-.660000  -.660000    0.0000029075281107
-.620000  -.660000    0.0000356353038299
-.580000  -.660000    0.0000667188940385
-.540000  -.660000    0.0000917874370883
-.500000  -.660000    0.0001168591473980
-.460000  -.660000    0.0001398956165502
-.420000  -.660000    0.0001612504103622
-.380000  -.660000    0.0001811873600655
-.340000  -.660000    0.0001999011871292
-.300000  -.660000    0.0002193772848599
-.260000  -.660000    0.0002358196976518
-.220000  -.660000    0.0002526244781172
-.180000  -.660000    0.0002671754756199
-.140000  -.660000    0.0002816390785059
-.100000  -.660000    0.0002948261851513
-.060000  -.660000    0.0003068147290538
-.020000  -.660000    0.0003176842904549
0.020000  -.660000    0.0003275116083657
0.060000  -.660000    0.0003363612289806
0.100000  -.660000    0.0003442882123949
0.140000  -.660000    0.0003513271411892
0.180000  -.660000    0.0003574944705040
0.220000  -.660000    0.0003599961221114
0.260000  -.660000    0.0003642451998065
0.300000  -.660000    0.0003640620442982
0.340000  -.660000    0.0003663917330525
0.380000  -.660000    0.0003636060257147
0.420000  -.660000    0.0003592790755073
0.460000  -.660000    0.0003534074650738
0.500000  -.660000    0.0003459580347302
0.540000  -.660000    0.0003368466028927
0.580000  -.660000    0.0003199944816221
0.620000  -.660000    0.0003069418870673
0.660000  -.660000    0.0002789927013843
0.700000  -.660000    0.0002478065309359
0.740000  -.660000    0.0001989440236390
-.660000  -.620000    0.0000269593463851
-.620000  -.620000    0.0000592317925493
-.580000  -.620000    0.0000855677648206
-.540000  -.620000    0.0001117853988907
-.500000  -.620000    0.0001358900633337
-.460000  -.620000    0.0001582360376797
-.420000  -.620000    0.0001791001977976
-.380000  -.620000    0.0001986895953594
-.340000  -.620000    0.0002171560895675
-.300000  -.620000    0.0002346109875601
-.260000  -.620000    0.0002527303477269
-.220000  -.620000    0.0002682007988388
-.180000  -.620000    0.0002838954192800
-.140000  -.620000    0.0002982644606515
-.100000  -.620000    0.0003113750015198
-.060000  -.620000    0.0003235940881210
-.020000  -.620000    0.0003348630015252
0.020000  -.620000    0.0003450992275161
0.060000  -.620000    0.0003543670542288
0.100000  -.620000    0.0003609327576090
0.140000  -.620000    0.0003681294798066
0.180000  -.620000    0.0003745135466351
0.220000  -.620000    0.0003800916154691
0.260000  -.620000    0.0003816740627809
0.300000  -.620000    0.0003854483170964
0.340000  -.620000    0.0003844844816372
0.380000  -.620000    0.0003820163463058
0.420000  -.620000    0.0003780761872671
0.460000  -.620000    0.0003726660748541
0.500000  -.620000    0.0003657672040690
0.540000  -.620000    0.0003573293167686
0.580000  -.620000    0.0003472583871753
0.620000  -.620000    0.0003289225383433
0.660000  -.620000    0.0003149220610985
0.700000  -.620000    0.0002850657360663
0.740000  -.620000    0.0002519594599326
0.780000  -.620000    0.0001805484802268
-.700000  -.580000    0.0000164912935924
-.660000  -.580000    0.0000486960044130
-.620000  -.580000    0.0000764836073539
-.580000  -.580000    0.0001039530907298
-.540000  -.580000    0.0001262766863998
-.500000  -.580000    0.0001497818043420
-.460000  -.580000    0.0001718067183666
-.420000  -.580000    0.0001925316806288
-.380000  -.580000    0.0002144492484950
-.340000  -.580000    0.0002327479496557
-.300000  -.580000    0.0002500800073036
-.260000  -.580000    0.0002681030730313
-.220000  -.580000    0.0002835128193937
-.180000  -.580000    0.0002991446391460
-.140000  -.580000    0.0003134552291862
-.100000  -.580000    0.0003264239877732
-.060000  -.580000    0.0003387811068054
-.020000  -.580000    0.0003500498347225
0.020000  -.580000    0.0003603135264761
0.060000  -.580000    0.0003696438975642
0.100000  -.580000    0.0003781037784978
0.140000  -.580000    0.0003835198372586
0.180000  -.580000    0.0003901007980901
0.220000  -.580000    0.0003959342586629
0.260000  -.580000    0.0003976690456841
0.300000  -.580000    0.0004018123870603
0.340000  -.580000    0.0004011088382181
0.380000  -.580000    0.0003989607757805
0.420000  -.580000    0.0004004078185954
0.460000  -.580000    0.0003958391965705
0.500000  -.580000    0.0003897982171124
0.540000  -.580000    0.0003822437930055
0.580000  -.580000    0.0003667551418030
0.620000  -.580000    0.0003557186120554
0.660000  -.580000    0.0003359478790114
0.700000  -.580000    0.0003138174132067
0.740000  -.580000    0.0002891053965325
0.780000  -.580000    0.0002468187197444
-.740000  -.540000    0.0000024939135722
-.700000  -.540000    0.0000353109769498
-.660000  -.540000    0.0000646205534643
-.620000  -.540000    0.0000933912835069
-.580000  -.540000    0.0001168982809768
-.540000  -.540000    0.0001415189653313
-.500000  -.540000    0.0001646038345127
-.460000  -.540000    0.0001863331088005
-.420000  -.540000    0.0002068500647087
-.380000  -.540000    0.0002286604117341
-.340000  -.540000    0.0002468464109040
-.300000  -.540000    0.0002640942208955
-.260000  -.540000    0.0002820861805838
-.220000  -.540000    0.0002974432942862
-.180000  -.540000    0.0003130547451107
-.140000  -.540000    0.0003267883158409
-.100000  -.540000    0.0003403000992346
-.060000  -.540000    0.0003526523925858
-.020000  -.540000    0.0003639266263348
0.020000  -.540000    0.0003742176787282
0.060000  -.540000    0.0003836069040689
0.100000  -.540000    0.0003921648667808
0.140000  -.540000    0.0003999444545803
0.180000  -.540000    0.0004043836445041
0.220000  -.540000    0.0004104567529498
0.260000  -.540000    0.0004123653660481
0.300000  -.540000    0.0004168512768619
0.340000  -.540000    0.0004164223599810
0.380000  -.540000    0.0004146048149281
0.420000  -.540000    0.0004165522867192
0.460000  -.540000    0.0004124130297376
0.500000  -.540000    0.0004068581668591
0.540000  -.540000    0.0003998526583405
0.580000  -.540000    0.0003913382374502
0.620000  -.540000    0.0003744392352420
0.660000  -.540000    0.0003624078155590
0.700000  -.540000    0.0003412040445562
0.740000  -.540000    0.0003175669198267
0.780000  -.540000    0.0002836767418093
0.820000  -.540000    0.0002315252760940
-.740000  -.500000    0.0000207690576181
-.700000  -.500000    0.0000524256891816
-.660000  -.500000    0.0000801456999671
-.620000  -.500000    0.0001080107752785
-.580000  -.500000    0.0001307477110765
-.540000  -.500000    0.0001549508340438
-.500000  -.500000    0.0001777477639651
-.460000  -.500000    0.0001992815687746
-.420000  -.500000    0.0002196652312077
-.380000  -.500000    0.0002414504989586
-.340000  -.500000    0.0002595679152977
-.300000  -.500000    0.0002767612838734
-.260000  -.500000    0.0002947794176315
-.220000  -.500000    0.0003100907642196
-.180000  -.500000    0.0003257209916823
-.140000  -.500000    0.0003394203261248
-.100000  -.500000    0.0003529426330500
-.060000  -.500000    0.0003653001451721
-.020000  -.500000    0.0003765843754525
0.020000  -.500000    0.0003869019387018
0.060000  -.500000    0.0003963463453976
0.100000  -.500000    0.0004049977676413
0.140000  -.500000    0.0004129171221496
0.180000  -.500000    0.0004174541762619
0.220000  -.500000    0.0004237601381749
0.260000  -.500000    0.0004258632684727
0.300000  -.500000    0.0004306781038455
0.340000  -.500000    0.0004305390374702
0.380000  -.500000    0.0004290627806809
0.420000  -.500000    0.0004314748543243
0.460000  -.500000    0.0004277609173071
0.500000  -.500000    0.0004226776174953
0.540000  -.500000    0.0004161904629337
0.580000  -.500000    0.0004082505670624
0.620000  -.500000    0.0003918353443269
0.660000  -.500000    0.0003805058943541
0.700000  -.500000    0.0003598903058944
0.740000  -.500000    0.0003369743492466
0.780000  -.500000    0.0003116668094300
0.820000  -.500000    0.0002756451583291
0.860000  -.500000    0.0001981983215520
-.780000  -.460000    0.0000030464402738
-.740000  -.460000    0.0000350955616770
-.700000  -.460000    0.0000669881861115
-.660000  -.460000    0.0000934652492909
-.620000  -.460000    0.0001206555980525
-.580000  -.460000    0.0001428391773998
-.540000  -.460000    0.0001667511010872
-.500000  -.460000    0.0001893574229875
-.460000  -.460000    0.0002107702381376
-.420000  -.460000    0.0002310766240446
-.380000  -.460000    0.0002529035116700
-.340000  -.460000    0.0002709887817874
-.300000  -.460000    0.0002881536862117
-.260000  -.460000    0.0003062516128453
-.220000  -.460000    0.0003215253623085
-.180000  -.460000    0.0003372133315686
-.140000  -.460000    0.0003508688362615
-.100000  -.460000    0.0003644224012106
-.060000  -.460000    0.0003767956928290
-.020000  -.460000    0.0003880938984002
0.020000  -.460000    0.0003984353242203
0.060000  -.460000    0.0004079318724162
0.100000  -.460000    0.0004166738705749
0.140000  -.460000    0.0004247314865425
0.180000  -.460000    0.0004293861487428
0.220000  -.460000    0.0004359249134047
0.260000  -.460000    0.0004382414831839
0.300000  -.460000    0.0004433834394662
0.340000  -.460000    0.0004435494690754
0.380000  -.460000    0.0004424243085149
0.420000  -.460000    0.0004452842485205
0.460000  -.460000    0.0004419962037701
0.500000  -.460000    0.0004373766962075
0.540000  -.460000    0.0004313931983622
0.580000  -.460000    0.0004239984404306
0.620000  -.460000    0.0004080792389480
0.660000  -.460000    0.0003973745249628
0.700000  -.460000    0.0003773060329453
0.740000  -.460000    0.0003629785614092
0.780000  -.460000    0.0003385253940529
0.820000  -.460000    0.0003033317576887
0.860000  -.460000    0.0002491166729218
-.780000  -.420000    0.0000170742112179
-.740000  -.420000    0.0000483821754561
-.700000  -.420000    0.0000764247574662
-.660000  -.420000    0.0001048512669685
-.620000  -.420000    0.0001315405550062
-.580000  -.420000    0.0001533325186990
-.540000  -.420000    0.0001770440262096
-.500000  -.420000    0.0001995303339386
-.460000  -.420000    0.0002208758612758
-.420000  -.420000    0.0002411483421215
-.380000  -.420000    0.0002630686654137
-.340000  -.420000    0.0002811540643595
-.300000  -.420000    0.0002983172849839
-.260000  -.420000    0.0003165463217202
-.220000  -.420000    0.0003317948992675
-.180000  -.420000    0.0003475821438988
-.140000  -.420000    0.0003611874733327
-.100000  -.420000    0.0003747950686716
-.060000  -.420000    0.0003871953095260
-.020000  -.420000    0.0003985104796340
0.020000  -.420000    0.0004088731318244
0.060000  -.420000    0.0004184176957391
0.100000  -.420000    0.0004272506661289
0.140000  -.420000    0.0004354509434360
0.180000  -.420000    0.0004402378848137
0.220000  -.420000    0.0004470188963813
0.260000  -.420000    0.0004495678256473
0.300000  -.420000    0.0004550454851961
0.340000  -.420000    0.0004555290655545
0.380000  -.420000    0.0004547675591320
0.420000  -.420000    0.0004580724932136
0.460000  -.420000    0.0004552106483622
0.500000  -.420000    0.0004510523424374
0.540000  -.420000    0.0004455624281345
0.580000  -.420000    0.0004386954917148
0.620000  -.420000    0.0004232784324166
0.660000  -.420000    0.0004131616208887
0.700000  -.420000    0.0004014550101354
0.740000  -.420000    0.0003799944890881
0.780000  -.420000    0.0003561871473397
0.820000  -.420000    0.0003215124927310
0.860000  -.420000    0.0002842155382382
0.900000  -.420000    0.0002116929436156
-.780000  -.380000    0.0000294247402341
-.740000  -.380000    0.0000595511889464
-.700000  -.380000    0.0000896573631889
-.660000  -.380000    0.0001145042385083
-.620000  -.380000    0.0001408177679895
-.580000  -.380000    0.0001656908763551
-.540000  -.380000    0.0001892432916085
-.500000  -.380000    0.0002115746913611
-.460000  -.380000    0.0002327666557790
-.420000  -.380000    0.0002528804578635
-.380000  -.380000    0.0002719718418501
-.340000  -.380000    0.0002900878376322
-.300000  -.380000    0.0003072746670187
-.260000  -.380000    0.0003256865392270
-.220000  -.380000    0.0003409267477073
-.180000  -.380000    0.0003568599281458
-.140000  -.380000    0.0003704140025247
-.100000  -.380000    0.0003841017377437
-.060000  -.380000    0.0003965434736346
-.020000  -.380000    0.0004078759664513
0.020000  -.380000    0.0004182570681002
0.060000  -.380000    0.0004278474871248
0.100000  -.380000    0.0004367742264719
0.140000  -.380000    0.0004451276047608
0.180000  -.380000    0.0004500632273311
0.220000  -.380000    0.0004571053854778
0.260000  -.380000    0.0004599031472618
0.300000  -.380000    0.0004657368321223
0.340000  -.380000    0.0004665528775337
0.380000  -.380000    0.0004661628716603
0.420000  -.380000    0.0004645678683042
0.460000  -.380000    0.0004617525302934
0.500000  -.380000    0.0004576809053495
0.540000  -.380000    0.0004523166107732
0.580000  -.380000    0.0004456151288085
0.620000  -.380000    0.0004375176728482
0.660000  -.380000    0.0004279633001426
0.700000  -.380000    0.0004089682058865
0.740000  -.380000    0.0003959576892867
0.780000  -.380000    0.0003727221364267
0.820000  -.380000    0.0003471287816840
0.860000  -.380000    0.0003103533124444
0.900000  -.380000    0.0002538987415027
-.820000  -.340000    0.0000079996602147
-.780000  -.340000    0.0000397686268394
-.740000  -.340000    0.0000688092822899
-.700000  -.340000    0.0000982372749726
-.660000  -.340000    0.0001225763047224
-.620000  -.340000    0.0001486035444711
-.580000  -.340000    0.0001733096040915
-.540000  -.340000    0.0001967830158854
-.500000  -.340000    0.0002190980305991
-.460000  -.340000    0.0002403115647890
-.420000  -.340000    0.0002604730399715
-.380000  -.340000    0.0002796218984217
-.340000  -.340000    0.0002977959182634
-.300000  -.340000    0.0003175679651293
-.260000  -.340000    0.0003336745193779
-.220000  -.340000    0.0003489319994062
-.180000  -.340000    0.0003650630638725
-.140000  -.340000    0.0003785740954264
-.100000  -.340000    0.0003923736571233
-.060000  -.340000    0.0004048750259831
-.020000  -.340000    0.0004162261502123
0.020000  -.340000    0.0004266236306846
0.060000  -.340000    0.0004362570054287
0.100000  -.340000    0.0004452854925423
0.140000  -.340000    0.0004538117540309
0.180000  -.340000    0.0004589116236419
0.220000  -.340000    0.0004662466702603
0.260000  -.340000    0.0004693136499237
0.300000  -.340000    0.0004711968041388
0.340000  -.340000    0.0004766960698716
0.380000  -.340000    0.0004766876066768
0.420000  -.340000    0.0004755048979261
0.460000  -.340000    0.0004731274904247
0.500000  -.340000    0.0004695179685806
0.540000  -.340000    0.0004646381342311
0.580000  -.340000    0.0004584396095111
0.620000  -.340000    0.0004508682008264
0.660000  -.340000    0.0004418593223036
0.700000  -.340000    0.0004233942355734
0.740000  -.340000    0.0004109704550319
0.780000  -.340000    0.0003882780444072
0.820000  -.340000    0.0003632450172945
0.860000  -.340000    0.0003269041807538
0.900000  -.340000    0.0002792403009368
0.940000  -.340000    0.0001682576764639
-.820000  -.300000    0.0000173193037449
-.780000  -.300000    0.0000482074541935
-.740000  -.300000    0.0000792673481951
-.700000  -.300000    0.0001052114198362
-.660000  -.300000    0.0001325850980008
-.620000  -.300000    0.0001549878789094
-.580000  -.300000    0.0001795678539105
-.540000  -.300000    0.0002029910601112
-.500000  -.300000    0.0002253088107884
-.460000  -.300000    0.0002465639966018
-.420000  -.300000    0.0002667916134289
-.380000  -.300000    0.0002860193302046
-.340000  -.300000    0.0003072067521178
-.300000  -.300000    0.0003243126739587
-.260000  -.300000    0.0003404935384423
-.220000  -.300000    0.0003558004835840
-.180000  -.300000    0.0003721919388931
-.140000  -.300000    0.0003856775518878
-.100000  -.300000    0.0003996323588587
-.060000  -.300000    0.0004122169970347
-.020000  -.300000    0.0004235923834094
0.020000  -.300000    0.0004339988885185
0.060000  -.300000    0.0004436767947241
0.100000  -.300000    0.0004528224843316
0.140000  -.300000    0.0004615526689165
0.180000  -.300000    0.0004668385347610
0.220000  -.300000    0.0004745137691995
0.260000  -.300000    0.0004778710770964
0.300000  -.300000    0.0004800927554732
0.340000  -.300000    0.0004812153884650
0.380000  -.300000    0.0004864276985602
0.420000  -.300000    0.0004856608772798
0.460000  -.300000    0.0004837201968812
0.500000  -.300000    0.0004805688148569
0.540000  -.300000    0.0004761650527644
0.580000  -.300000    0.0004704597227248
0.620000  -.300000    0.0004633985271777
0.660000  -.300000    0.0004472688909541
0.700000  -.300000    0.0004369702973323
0.740000  -.300000    0.0004167539819432
0.780000  -.300000    0.0004029440946934
0.820000  -.300000    0.0003784317681574
0.860000  -.300000    0.0003424671168612
0.900000  -.300000    0.0003039716054132
0.940000  -.300000    0.0002369463610202
-.820000  -.260000    0.0000264521572052
-.780000  -.260000    0.0000573960411221
-.740000  -.260000    0.0000852541080514
-.700000  -.260000    0.0001140997000588
-.660000  -.260000    0.0001377703782671
-.620000  -.260000    0.0001635385447831
-.580000  -.260000    0.0001880902634002
-.540000  -.260000    0.0002114881235313
-.500000  -.260000    0.0002337820654920
-.460000  -.260000    0.0002550122631615
-.420000  -.260000    0.0002752090534899
-.380000  -.260000    0.0002943953328722
-.340000  -.260000    0.0003125932067505
-.300000  -.260000    0.0003298242116718
-.260000  -.260000    0.0003461165816763
-.220000  -.260000    0.0003639630746679
-.180000  -.260000    0.0003782217594438
-.140000  -.260000    0.0003933820733052
-.100000  -.260000    0.0004058864783760
-.060000  -.260000    0.0004185908489994
-.020000  -.260000    0.0004299973046826
0.020000  -.260000    0.0004404058728287
0.060000  -.260000    0.0004501334530152
0.100000  -.260000    0.0004594231954776
0.140000  -.260000    0.0004655919301032
0.180000  -.260000    0.0004739105857517
0.220000  -.260000    0.0004782084414357
0.260000  -.260000    0.0004856672960133
0.300000  -.260000    0.0004882469834542
0.340000  -.260000    0.0004897539782453
0.380000  -.260000    0.0004901766413476
0.420000  -.260000    0.0004894886283403
0.460000  -.260000    0.0004876446503024
0.500000  -.260000    0.0004846054022392
0.540000  -.260000    0.0004803251991530
0.580000  -.260000    0.0004747552134601
0.620000  -.260000    0.0004678399428132
0.660000  -.260000    0.0004595296703182
0.700000  -.260000    0.0004416933068143
0.740000  -.260000    0.0004300481813262
0.780000  -.260000    0.0004080493670874
0.820000  -.260000    0.0003837554841598
0.860000  -.260000    0.0003571722121637
0.900000  -.260000    0.0003189861595961
0.940000  -.260000    0.0002604877842445
-.860000  -.220000    0.0000009572274883
-.820000  -.220000    0.0000326467698590
-.780000  -.220000    0.0000625587959640
-.740000  -.220000    0.0000929565167521
-.700000  -.220000    0.0001181562354686
-.660000  -.220000    0.0001452019308122
-.620000  -.220000    0.0001672489884707
-.580000  -.220000    0.0001917201142111
-.540000  -.220000    0.0002151042564644
-.500000  -.220000    0.0002374352830738
-.460000  -.220000    0.0002587397904920
-.420000  -.220000    0.0002790409135786
-.380000  -.220000    0.0002983530729615
-.340000  -.220000    0.0003166910215573
-.300000  -.220000    0.0003340671714218
-.260000  -.220000    0.0003534727514567
-.220000  -.220000    0.0003687408541988
-.180000  -.220000    0.0003831044075836
-.140000  -.220000    0.0003986589181352
-.100000  -.220000    0.0004111272074055
-.060000  -.220000    0.0004240105628568
-.020000  -.220000    0.0004354628805414
0.020000  -.220000    0.0004458638252689
0.060000  -.220000    0.0004556509754851
0.100000  -.220000    0.0004651375962100
0.140000  -.220000    0.0004714836251388
0.180000  -.220000    0.0004802178447348
0.220000  -.220000    0.0004848361948428
0.260000  -.220000    0.0004884331419776
0.300000  -.220000    0.0004957721113662
0.340000  -.220000    0.0004976739649473
0.380000  -.220000    0.0004985123094103
0.420000  -.220000    0.0004982530576461
0.460000  -.220000    0.0004968479802008
0.500000  -.220000    0.0004942605381186
0.540000  -.220000    0.0004904309128291
0.580000  -.220000    0.0004853156665283
0.620000  -.220000    0.0004788930493128
0.660000  -.220000    0.0004633336654365
0.700000  -.220000    0.0004537155341433
0.740000  -.220000    0.0004341284401891
0.780000  -.220000    0.0004210742089546
0.820000  -.220000    0.0003972424081710
0.860000  -.220000    0.0003710853731452
0.900000  -.220000    0.0003331708830501
0.940000  -.220000    0.0002836498824366
-.860000  -.180000    0.0000066921618122
-.820000  -.180000    0.0000391888953307
-.780000  -.180000    0.0000689980335081
-.740000  -.180000    0.0000960044217307
-.700000  -.180000    0.0001244119751669
-.660000  -.180000    0.0001477046292007
-.620000  -.180000    0.0001733135037764
-.580000  -.180000    0.0001977993852690
-.540000  -.180000    0.0002212038530411
-.500000  -.180000    0.0002435609082859
-.460000  -.180000    0.0002648971478308
-.420000  -.180000    0.0002852341510776
-.380000  -.180000    0.0003045821083862
-.340000  -.180000    0.0003229508635394
-.300000  -.180000    0.0003403438588422
-.260000  -.180000    0.0003567663626318
-.220000  -.180000    0.0003722289137357
-.180000  -.180000    0.0003895248607645
-.140000  -.180000    0.0004028141437174
-.100000  -.180000    0.0004153120022392
-.060000  -.180000    0.0004284792645199
-.020000  -.180000    0.0004400049173198
0.020000  -.180000    0.0004503867704529
0.060000  -.180000    0.0004602587563850
0.100000  -.180000    0.0004700369534011
0.140000  -.180000    0.0004766149341507
0.180000  -.180000    0.0004821117925050
0.220000  -.180000    0.0004908759410383
0.260000  -.180000    0.0004948712348144
0.300000  -.180000    0.0004978775067456
0.340000  -.180000    0.0004998632439703
0.380000  -.180000    0.0005008208947654
0.420000  -.180000    0.0005006545162455
0.460000  -.180000    0.0004993414672680
0.500000  -.180000    0.0004968486152126
0.540000  -.180000    0.0004931641952184
0.580000  -.180000    0.0004882045769668
0.620000  -.180000    0.0004818669660996
0.660000  -.180000    0.0004741815163707
0.700000  -.180000    0.0004569165658836
0.740000  -.180000    0.0004459298600027
0.780000  -.180000    0.0004245375468129
0.820000  -.180000    0.0004008463017008
0.860000  -.180000    0.0003748648362572
0.900000  -.180000    0.0003465929745301
0.940000  -.180000    0.0002970951013216
0.980000  -.180000    0.0002031934696887
-.860000  -.140000    0.0000108827536955
-.820000  -.140000    0.0000422498440062
-.780000  -.140000    0.0000712244786350
-.740000  -.140000    0.0001010358702165
-.700000  -.140000    0.0001257957090889
-.660000  -.140000    0.0001525949328251
-.620000  -.140000    0.0001782231183508
-.580000  -.140000    0.0002027333049065
-.540000  -.140000    0.0002222856729278
-.500000  -.140000    0.0002446632110396
-.460000  -.140000    0.0002660592592481
-.420000  -.140000    0.0002864870605215
-.380000  -.140000    0.0003059562759716
-.340000  -.140000    0.0003244733751177
-.300000  -.140000    0.0003420405264316
-.260000  -.140000    0.0003621909076599
-.220000  -.140000    0.0003776906222759
-.180000  -.140000    0.0003921914743074
-.140000  -.140000    0.0004057120399058
-.100000  -.140000    0.0004206155464384
-.060000  -.140000    0.0004319706523286
-.020000  -.140000    0.0004436418848181
0.020000  -.140000    0.0004539838954806
0.060000  -.140000    0.0004640056559701
0.100000  -.140000    0.0004712862379960
0.140000  -.140000    0.0004811499033640
0.180000  -.140000    0.0004870524612256
0.220000  -.140000    0.0004920652748472
0.260000  -.140000    0.0004961762159601
0.300000  -.140000    0.0005043178303675
0.340000  -.140000    0.0005067669806360
0.380000  -.140000    0.0005080925268525
0.420000  -.140000    0.0005083088442611
0.460000  -.140000    0.0005075020749669
0.500000  -.140000    0.0005054881621174
0.540000  -.140000    0.0005020784960032
0.580000  -.140000    0.0004903874292539
0.620000  -.140000    0.0004842070436168
0.660000  -.140000    0.0004765910166892
0.700000  -.140000    0.0004675747126379
0.740000  -.140000    0.0004485407150085
0.780000  -.140000    0.0004361085731020
0.820000  -.140000    0.0004128433064671
0.860000  -.140000    0.0003872457537363
0.900000  -.140000    0.0003497228424040
0.940000  -.140000    0.0003097954577671
0.980000  -.140000    0.0002317407573509
-.860000  -.100000    0.0000145133547949
-.820000  -.100000    0.0000460864187494
-.780000  -.100000    0.0000749898179851
-.740000  -.100000    0.0001048333810340
-.700000  -.100000    0.0001294754967319
-.660000  -.100000    0.0001562936609573
-.620000  -.100000    0.0001819436305183
-.580000  -.100000    0.0002025143564545
-.540000  -.100000    0.0002259211473800
-.500000  -.100000    0.0002483348522638
-.460000  -.100000    0.0002697744140399
-.420000  -.100000    0.0002902549150907
-.380000  -.100000    0.0003097875444905
-.340000  -.100000    0.0003283786360099
-.300000  -.100000    0.0003460300317332
-.260000  -.100000    0.0003627399979961
-.220000  -.100000    0.0003785011978021
-.180000  -.100000    0.0003933008215790
-.140000  -.100000    0.0004104567513970
-.100000  -.100000    0.0004229094560878
-.060000  -.100000    0.0004343943556995
-.020000  -.100000    0.0004463884792155
0.020000  -.100000    0.0004566576418798
0.060000  -.100000    0.0004669990570612
0.100000  -.100000    0.0004746095942911
0.140000  -.100000    0.0004813869087237
0.180000  -.100000    0.0004917480618144
0.220000  -.100000    0.0004972280256404
0.260000  -.100000    0.0005017364790636
0.300000  -.100000    0.0005052964030536
0.340000  -.100000    0.0005078693067493
0.380000  -.100000    0.0005090932457555
0.420000  -.100000    0.0005097080437786
0.460000  -.100000    0.0005087565700964
0.500000  -.100000    0.0005066237206983
0.540000  -.100000    0.0005037756197397
0.580000  -.100000    0.0004991477947811
0.620000  -.100000    0.0004859050686305
0.660000  -.100000    0.0004783720261114
0.700000  -.100000    0.0004694287055699
0.740000  -.100000    0.0004504695107774
0.780000  -.100000    0.0004381249508387
0.820000  -.100000    0.0004149435887525
0.860000  -.100000    0.0003894449508636
0.900000  -.100000    0.0003616272496515
0.940000  -.100000    0.0003122248309560
0.980000  -.100000    0.0002429976054997
-.860000  -.060000    0.0000169933314321
-.820000  -.060000    0.0000486635760407
-.780000  -.060000    0.0000775128802985
-.740000  -.060000    0.0001038946884656
-.700000  -.060000    0.0001319420152715
-.660000  -.060000    0.0001587753714821
-.620000  -.060000    0.0001804970637425
-.580000  -.060000    0.0002049408633314
-.540000  -.060000    0.0002283729057288
-.500000  -.060000    0.0002508187165851
-.460000  -.060000    0.0002722972399134
-.420000  -.060000    0.0002928267871580
-.380000  -.060000    0.0003124201041802
-.340000  -.060000    0.0003310869467974
-.300000  -.060000    0.0003488325928620
-.260000  -.060000    0.0003656575295182
-.220000  -.060000    0.0003815567693199
-.180000  -.060000    0.0003965160421945
-.140000  -.060000    0.0004105071232290
-.100000  -.060000    0.0004234836191735
-.060000  -.060000    0.0004383744805430
-.020000  -.060000    0.0004482653089895
0.020000  -.060000    0.0004584057992544
0.060000  -.060000    0.0004663134866519
0.100000  -.060000    0.0004778146969516
0.140000  -.060000    0.0004852304112022
0.180000  -.060000    0.0004917934899316
0.220000  -.060000    0.0004974758076769
0.260000  -.060000    0.0005021166263867
0.300000  -.060000    0.0005059180201093
0.340000  -.060000    0.0005082923495887
0.380000  -.060000    0.0005102197624252
0.420000  -.060000    0.0005106006784153
0.460000  -.060000    0.0005096768657615
0.500000  -.060000    0.0005080914752029
0.540000  -.060000    0.0005042571306521
0.580000  -.060000    0.0005003997308111
0.620000  -.060000    0.0004944397541559
0.660000  -.060000    0.0004795562073839
0.700000  -.060000    0.0004706481125459
0.740000  -.060000    0.0004602791802301
0.780000  -.060000    0.0004394521467583
0.820000  -.060000    0.0004163256564962
0.860000  -.060000    0.0003908883991700
0.900000  -.060000    0.0003631605674917
0.940000  -.060000    0.0003234126541056
0.980000  -.060000    0.0002536606638982
-.860000  -.020000    0.0000182494057767
-.820000  -.020000    0.0000499577152921
-.780000  -.020000    0.0000787783451805
-.740000  -.020000    0.0001051235503051
-.700000  -.020000    0.0001331794435828
-.660000  -.020000    0.0001600212165416
-.620000  -.020000    0.0001817067359439
-.580000  -.020000    0.0002061611983574
-.540000  -.020000    0.0002296078381493
-.500000  -.020000    0.0002520724007456
-.460000  -.020000    0.0002735738231941
-.420000  -.020000    0.0002941328870490
-.380000  -.020000    0.0003137632819972
-.340000  -.020000    0.0003324781314984
-.300000  -.020000    0.0003502864998650
-.260000  -.020000    0.0003671934427435
-.220000  -.020000    0.0003832023287560
-.180000  -.020000    0.0003983144224802
-.140000  -.020000    0.0004125235209078
-.100000  -.020000    0.0004258118866238
-.060000  -.020000    0.0004381177084767
-.020000  -.020000    0.0004491190990651
0.020000  -.020000    0.0004593909685343
0.060000  -.020000    0.0004685403494437
0.100000  -.020000    0.0004771500320601
0.140000  -.020000    0.0004848943346763
0.180000  -.020000    0.0004916813962224
0.220000  -.020000    0.0004975222047270
0.260000  -.020000    0.0005022664253655
0.300000  -.020000    0.0005061961391622
0.340000  -.020000    0.0005084503539353
0.380000  -.020000    0.0005110970209154
0.420000  -.020000    0.0005097443057992
0.460000  -.020000    0.0005104709637677
0.500000  -.020000    0.0005086635305165
0.540000  -.020000    0.0005048599516069
0.580000  -.020000    0.0005009127838373
0.620000  -.020000    0.0004949834499007
0.660000  -.020000    0.0004801446238842
0.700000  -.020000    0.0004712532024817
0.740000  -.020000    0.0004609125163124
0.780000  -.020000    0.0004401108539341
0.820000  -.020000    0.0004170117409353
0.860000  -.020000    0.0003916043333701
0.900000  -.020000    0.0003639177122707
0.940000  -.020000    0.0003242180887809
0.980000  -.020000    0.0002636390770888
-.860000  0.020000    0.0000182494057767
-.820000  0.020000    0.0000499577152921
-.780000  0.020000    0.0000787783451805
-.740000  0.020000    0.0001051235503051
-.700000  0.020000    0.0001331794435828
-.660000  0.020000    0.0001600212165416
-.620000  0.020000    0.0001817067359439
-.580000  0.020000    0.0002061611983574
-.540000  0.020000    0.0002296078381493
-.500000  0.020000    0.0002520724007456
-.460000  0.020000    0.0002735738231941
-.420000  0.020000    0.0002941328870490
-.380000  0.020000    0.0003137632819972
-.340000  0.020000    0.0003324781314984
-.300000  0.020000    0.0003502864998650
-.260000  0.020000    0.0003671934427435
-.220000  0.020000    0.0003832023287560
-.180000  0.020000    0.0003983144224802
-.140000  0.020000    0.0004125235209078
-.100000  0.020000    0.0004258118866238
-.060000  0.020000    0.0004381177084767
-.020000  0.020000    0.0004491190990651
0.020000  0.020000    0.0004593909685343
0.060000  0.020000    0.0004685403494437
0.100000  0.020000    0.0004771500320601
0.140000  0.020000    0.0004848943346763
0.180000  0.020000    0.0004916813962224
0.220000  0.020000    0.0004975222047270
0.260000  0.020000    0.0005022664253655
0.300000  0.020000    0.0005061961391622
0.340000  0.020000    0.0005084503539353
0.380000  0.020000    0.0005110970209154
0.420000  0.020000    0.0005097443057992
0.460000  0.020000    0.0005104709637677
0.500000  0.020000    0.0005086635305165
0.540000  0.020000    0.0005048599516069
0.580000  0.020000    0.0005009127838373
0.620000  0.020000    0.0004949834499007
0.660000  0.020000    0.0004801446238842
0.700000  0.020000    0.0004712532024817
0.740000  0.020000    0.0004609125163124
0.780000  0.020000    0.0004401108539341
0.820000  0.020000    0.0004170117409353
0.860000  0.020000    0.0003916043333701
0.900000  0.020000    0.0003639177122707
0.940000  0.020000    0.0003242180887809
0.980000  0.020000    0.0002636390770888
-.860000  0.060000    0.0000169933314321
-.820000  0.060000    0.0000486635760407
-.780000  0.060000    0.0000775128802985
-.740000  0.060000    0.0001038946884656
-.700000  0.060000    0.0001319420152715
-.660000  0.060000    0.0001587753714821
-.620000  0.060000    0.0001804970637425
-.580000  0.060000    0.0002049408633314
-.540000  0.060000    0.0002283729057288
-.500000  0.060000    0.0002508187165851
-.460000  0.060000    0.0002722972399134
-.420000  0.060000    0.0002928267871580
-.380000  0.060000    0.0003124201041802
-.340000  0.060000    0.0003310869467974
-.300000  0.060000    0.0003488325928620
-.260000  0.060000    0.0003656575295182
-.220000  0.060000    0.0003815567693199
-.180000  0.060000    0.0003965160421945
-.140000  0.060000    0.0004105071232290
-.100000  0.060000    0.0004234836191735
-.060000  0.060000    0.0004383744805430
-.020000  0.060000    0.0004482653089895
0.020000  0.060000    0.0004584057992544
0.060000  0.060000    0.0004663134866519
0.100000  0.060000    0.0004778146969516
0.140000  0.060000    0.0004852304112022
0.180000  0.060000    0.0004917934899316
0.220000  0.060000    0.0004974758076769
0.260000  0.060000    0.0005021166263867
0.300000  0.060000    0.0005059180201093
0.340000  0.060000    0.0005082923495887
0.380000  0.060000    0.0005102197624252
0.420000  0.060000    0.0005106006784153
0.460000  0.060000    0.0005096768657615
0.500000  0.060000    0.0005080914752029
0.540000  0.060000    0.0005042571306521
0.580000  0.060000    0.0005003997308111
0.620000  0.060000    0.0004944397541559
0.660000  0.060000    0.0004795562073839
0.700000  0.060000    0.0004706481125459
0.740000  0.060000    0.0004602791802301
0.780000  0.060000    0.0004394521467583
0.820000  0.060000    0.0004163256564962
0.860000  0.060000    0.0003908883991700
0.900000  0.060000    0.0003631605674917
0.940000  0.060000    0.0003234126541056
0.980000  0.060000    0.0002536606638982
-.860000  0.100000    0.0000145133547949
-.820000  0.100000    0.0000460864187494
-.780000  0.100000    0.0000749898179851
-.740000  0.100000    0.0001048333810340
-.700000  0.100000    0.0001294754967319
-.660000  0.100000    0.0001562936609573
-.620000  0.100000    0.0001819436305183
-.580000  0.100000    0.0002025143564545
-.540000  0.100000    0.0002259211473800
-.500000  0.100000    0.0002483348522638
-.460000  0.100000    0.0002697744140399
-.420000  0.100000    0.0002902549150907
-.380000  0.100000    0.0003097875444905
-.340000  0.100000    0.0003283786360099
-.300000  0.100000    0.0003460300317332
-.260000  0.100000    0.0003627399979961
-.220000  0.100000    0.0003785011978021
-.180000  0.100000    0.0003933008215790
-.140000  0.100000    0.0004104567513970
-.100000  0.100000    0.0004229094560878
-.060000  0.100000    0.0004343943556995
-.020000  0.100000    0.0004463884792155
0.020000  0.100000    0.0004566576418798
0.060000  0.100000    0.0004669990570612
0.100000  0.100000    0.0004746095942911
0.140000  0.100000    0.0004813869087237
0.180000  0.100000    0.0004917480618144
0.220000  0.100000    0.0004972280256404
0.260000  0.100000    0.0005017364790636
0.300000  0.100000    0.0005052964030536
0.340000  0.100000    0.0005078693067493
0.380000  0.100000    0.0005090932457555
0.420000  0.100000    0.0005097080437786
0.460000  0.100000    0.0005087565700964
0.500000  0.100000    0.0005066237206983
0.540000  0.100000    0.0005037756197397
0.580000  0.100000    0.0004991477947811
0.620000  0.100000    0.0004859050686305
0.660000  0.100000    0.0004783720261114
0.700000  0.100000    0.0004694287055699
0.740000  0.100000    0.0004504695107774
0.780000  0.100000    0.0004381249508387
0.820000  0.100000    0.0004149435887525
0.860000  0.100000    0.0003894449508636
0.900000  0.100000    0.0003616272496515
0.940000  0.100000    0.0003122248309560
0.980000  0.100000    0.0002429976054997
-.860000  0.140000    0.0000108827536955
-.820000  0.140000    0.0000422498440062
-.780000  0.140000    0.0000712244786350
-.740000  0.140000    0.0001010358702165
-.700000  0.140000    0.0001257957090889
-.660000  0.140000    0.0001525949328251
-.620000  0.140000    0.0001782231183508
-.580000  0.140000    0.0002027333049065
-.540000  0.140000    0.0002222856729278
-.500000  0.140000    0.0002446632110396
-.460000  0.140000    0.0002660592592481
-.420000  0.140000    0.0002864870605215
-.380000  0.140000    0.0003059562759716
-.340000  0.140000    0.0003244733751177
-.300000  0.140000    0.0003420405264316
-.260000  0.140000    0.0003621909076599
-.220000  0.140000    0.0003776906222759
-.180000  0.140000    0.0003921914743074
-.140000  0.140000    0.0004057120399058
-.100000  0.140000    0.0004206155464384
-.060000  0.140000    0.0004319706523286
-.020000  0.140000    0.0004436418848181
0.020000  0.140000    0.0004539838954806
0.060000  0.140000    0.0004640056559701
0.100000  0.140000    0.0004712862379960
0.140000  0.140000    0.0004811499033640
0.180000  0.140000    0.0004870524612256
0.220000  0.140000    0.0004920652748472
0.260000  0.140000    0.0004961762159601
0.300000  0.140000    0.0005043178303675
0.340000  0.140000    0.0005067669806360
0.380000  0.140000    0.0005080925268525
0.420000  0.140000    0.0005083088442611
0.460000  0.140000    0.0005075020749669
0.500000  0.140000    0.0005054881621174
0.540000  0.140000    0.0005020784960032
0.580000  0.140000    0.0004903874292539
0.620000  0.140000    0.0004842070436168
0.660000  0.140000    0.0004765910166892
0.700000  0.140000    0.0004675747126379
0.740000  0.140000    0.0004485407150085
0.780000  0.140000    0.0004361085731020
0.820000  0.140000    0.0004128433064671
0.860000  0.140000    0.0003872457537363
0.900000  0.140000    0.0003497228424040
0.940000  0.140000    0.0003097954577671
0.980000  0.140000    0.0002317407573509
-.860000  0.180000    0.0000066921618122
-.820000  0.180000    0.0000391888953307
-.780000  0.180000    0.0000689980335081
-.740000  0.180000    0.0000960044217307
-.700000  0.180000    0.0001244119751669
-.660000  0.180000    0.0001477046292007
-.620000  0.180000    0.0001733135037764
-.580000  0.180000    0.0001977993852690
-.540000  0.180000    0.0002212038530411
-.500000  0.180000    0.0002435609082859
-.460000  0.180000    0.0002648971478308
-.420000  0.180000    0.0002852341510776
-.380000  0.180000    0.0003045821083862
-.340000  0.180000    0.0003229508635394
-.300000  0.180000    0.0003403438588422
-.260000  0.180000    0.0003567663626318
-.220000  0.180000    0.0003722289137357
-.180000  0.180000    0.0003895248607645
-.140000  0.180000    0.0004028141437174
-.100000  0.180000    0.0004153120022392
-.060000  0.180000    0.0004284792645199
-.020000  0.180000    0.0004400049173198
0.020000  0.180000    0.0004503867704529
0.060000  0.180000    0.0004602587563850
0.100000  0.180000    0.0004700369534011
0.140000  0.180000    0.0004766149341507
0.180000  0.180000    0.0004821117925050
0.220000  0.180000    0.0004908759410383
0.260000  0.180000    0.0004948712348144
0.300000  0.180000    0.0004978775067456
0.340000  0.180000    0.0004998632439703
0.380000  0.180000    0.0005008208947654
0.420000  0.180000    0.0005006545162455
0.460000  0.180000    0.0004993414672680
0.500000  0.180000    0.0004968486152126
0.540000  0.180000    0.0004931641952184
0.580000  0.180000    0.0004882045769668
0.620000  0.180000    0.0004818669660996
0.660000  0.180000    0.0004741815163707
0.700000  0.180000    0.0004569165658836
0.740000  0.180000    0.0004459298600027
0.780000  0.180000    0.0004245375468129
0.820000  0.180000    0.0004008463017008
0.860000  0.180000    0.0003748648362572
0.900000  0.180000    0.0003465929745301
0.940000  0.180000    0.0002970951013216
0.980000  0.180000    0.0002031934696887
-.860000  0.220000    0.0000009572274883
-.820000  0.220000    0.0000326467698590
-.780000  0.220000    0.0000625587959640
-.740000  0.220000    0.0000929565167521
-.700000  0.220000    0.0001181562354686
-.660000  0.220000    0.0001452019308122
-.620000  0.220000    0.0001672489884707
-.580000  0.220000    0.0001917201142111
-.540000  0.220000    0.0002151042564644
-.500000  0.220000    0.0002374352830738
-.460000  0.220000    0.0002587397904920
-.420000  0.220000    0.0002790409135786
-.380000  0.220000    0.0002983530729615
-.340000  0.220000    0.0003166910215573
-.300000  0.220000    0.0003340671714218
-.260000  0.220000    0.0003534727514567
-.220000  0.220000    0.0003687408541988
-.180000  0.220000    0.0003831044075836
-.140000  0.220000    0.0003986589181352
-.100000  0.220000    0.0004111272074055
-.060000  0.220000    0.0004240105628568
-.020000  0.220000    0.0004354628805414
0.020000  0.220000    0.0004458638252689
0.060000  0.220000    0.0004556509754851
0.100000  0.220000    0.0004651375962100
0.140000  0.220000    0.0004714836251388
0.180000  0.220000    0.0004802178447348
0.220000  0.220000    0.0004848361948428
0.260000  0.220000    0.0004884331419776
0.300000  0.220000    0.0004957721113662
0.340000  0.220000    0.0004976739649473
0.380000  0.220000    0.0004985123094103
0.420000  0.220000    0.0004982530576461
0.460000  0.220000    0.0004968479802008
0.500000  0.220000    0.0004942605381186
0.540000  0.220000    0.0004904309128291
0.580000  0.220000    0.0004853156665283
0.620000  0.220000    0.0004788930493128
0.660000  0.220000    0.0004633336654365
0.700000  0.220000    0.0004537155341433
0.740000  0.220000    0.0004341284401891
0.780000  0.220000    0.0004210742089546
0.820000  0.220000    0.0003972424081710
0.860000  0.220000    0.0003710853731452
0.900000  0.220000    0.0003331708830501
0.940000  0.220000    0.0002836498824366
-.820000  0.260000    0.0000264521572052
-.780000  0.260000    0.0000573960411221
-.740000  0.260000    0.0000852541080514
-.700000  0.260000    0.0001140997000588
-.660000  0.260000    0.0001377703782671
-.620000  0.260000    0.0001635385447831
-.580000  0.260000    0.0001880902634002
-.540000  0.260000    0.0002114881235313
-.500000  0.260000    0.0002337820654920
-.460000  0.260000    0.0002550122631615
-.420000  0.260000    0.0002752090534899
-.380000  0.260000    0.0002943953328722
-.340000  0.260000    0.0003125932067505
-.300000  0.260000    0.0003298242116718
-.260000  0.260000    0.0003461165816763
-.220000  0.260000    0.0003639630746679
-.180000  0.260000    0.0003782217594438
-.140000  0.260000    0.0003933820733052
-.100000  0.260000    0.0004058864783760
-.060000  0.260000    0.0004185908489994
-.020000  0.260000    0.0004299973046826
0.020000  0.260000    0.0004404058728287
0.060000  0.260000    0.0004501334530152
0.100000  0.260000    0.0004594231954776
0.140000  0.260000    0.0004655919301032
0.180000  0.260000    0.0004739105857517
0.220000  0.260000    0.0004782084414357
0.260000  0.260000    0.0004856672960133
0.300000  0.260000    0.0004882469834542
0.340000  0.260000    0.0004897539782453
0.380000  0.260000    0.0004901766413476
0.420000  0.260000    0.0004894886283403
0.460000  0.260000    0.0004876446503024
0.500000  0.260000    0.0004846054022392
0.540000  0.260000    0.0004803251991530
0.580000  0.260000    0.0004747552134601
0.620000  0.260000    0.0004678399428132
0.660000  0.260000    0.0004595296703182
0.700000  0.260000    0.0004416933068143
0.740000  0.260000    0.0004300481813262
0.780000  0.260000    0.0004080493670874
0.820000  0.260000    0.0003837554841598
0.860000  0.260000    0.0003571722121637
0.900000  0.260000    0.0003189861595961
0.940000  0.260000    0.0002604877842445
-.820000  0.300000    0.0000173193037449
-.780000  0.300000    0.0000482074541935
-.740000  0.300000    0.0000792673481951
-.700000  0.300000    0.0001052114198362
-.660000  0.300000    0.0001325850980008
-.620000  0.300000    0.0001549878789094
-.580000  0.300000    0.0001795678539105
-.540000  0.300000    0.0002029910601112
-.500000  0.300000    0.0002253088107884
-.460000  0.300000    0.0002465639966018
-.420000  0.300000    0.0002667916134289
-.380000  0.300000    0.0002860193302046
-.340000  0.300000    0.0003072067521178
-.300000  0.300000    0.0003243126739587
-.260000  0.300000    0.0003404935384423
-.220000  0.300000    0.0003558004835840
-.180000  0.300000    0.0003721919388931
-.140000  0.300000    0.0003856775518878
-.100000  0.300000    0.0003996323588587
-.060000  0.300000    0.0004122169970347
-.020000  0.300000    0.0004235923834094
0.020000  0.300000    0.0004339988885185
0.060000  0.300000    0.0004436767947241
0.100000  0.300000    0.0004528224843316
0.140000  0.300000    0.0004615526689165
0.180000  0.300000    0.0004668385347610
0.220000  0.300000    0.0004745137691995
0.260000  0.300000    0.0004778710770964
0.300000  0.300000    0.0004800927554732
0.340000  0.300000    0.0004812153884650
0.380000  0.300000    0.0004864276985602
0.420000  0.300000    0.0004856608772798
0.460000  0.300000    0.0004837201968812
0.500000  0.300000    0.0004805688148569
0.540000  0.300000    0.0004761650527644
0.580000  0.300000    0.0004704597227248
0.620000  0.300000    0.0004633985271777
0.660000  0.300000    0.0004472688909541
0.700000  0.300000    0.0004369702973323
0.740000  0.300000    0.0004167539819432
0.780000  0.300000    0.0004029440946934
0.820000  0.300000    0.0003784317681574
0.860000  0.300000    0.0003424671168612
0.900000  0.300000    0.0003039716054132
0.940000  0.300000    0.0002369463610202
-.820000  0.340000    0.0000079996602147
-.780000  0.340000    0.0000397686268394
-.740000  0.340000    0.0000688092822899
-.700000  0.340000    0.0000982372749726
-.660000  0.340000    0.0001225763047224
-.620000  0.340000    0.0001486035444711
-.580000  0.340000    0.0001733096040915
-.540000  0.340000    0.0001967830158854
-.500000  0.340000    0.0002190980305991
-.460000  0.340000    0.0002403115647890
-.420000  0.340000    0.0002604730399715
-.380000  0.340000    0.0002796218984217
-.340000  0.340000    0.0002977959182633
-.300000  0.340000    0.0003175679651293
-.260000  0.340000    0.0003336745193779
-.220000  0.340000    0.0003489319994062
-.180000  0.340000    0.0003650630638725
-.140000  0.340000    0.0003785740954264
-.100000  0.340000    0.0003923736571233
-.060000  0.340000    0.0004048750259831
-.020000  0.340000    0.0004162261502123
0.020000  0.340000    0.0004266236306846
0.060000  0.340000    0.0004362570054287
0.100000  0.340000    0.0004452854925423
0.140000  0.340000    0.0004538117540309
0.180000  0.340000    0.0004589116236419
0.220000  0.340000    0.0004662466702603
0.260000  0.340000    0.0004693136499237
0.300000  0.340000    0.0004711968041388
0.340000  0.340000    0.0004766960698716
0.380000  0.340000    0.0004766876066768
0.420000  0.340000    0.0004755048979261
0.460000  0.340000    0.0004731274904247
0.500000  0.340000    0.0004695179685806
0.540000  0.340000    0.0004646381342311
0.580000  0.340000    0.0004584396095111
0.620000  0.340000    0.0004508682008264
0.660000  0.340000    0.0004418593223036
0.700000  0.340000    0.0004233942355734
0.740000  0.340000    0.0004109704550319
0.780000  0.340000    0.0003882780444072
0.820000  0.340000    0.0003632450172945
0.860000  0.340000    0.0003269041807538
0.900000  0.340000    0.0002792403009368
0.940000  0.340000    0.0001682576764639
-.780000  0.380000    0.0000294247402341
-.740000  0.380000    0.0000595511889464
-.700000  0.380000    0.0000896573631889
-.660000  0.380000    0.0001145042385083
-.620000  0.380000    0.0001408177679895
-.580000  0.380000    0.0001656908763551
-.540000  0.380000    0.0001892432916085
-.500000  0.380000    0.0002115746913611
-.460000  0.380000    0.0002327666557790
-.420000  0.380000    0.0002528804578635
-.380000  0.380000    0.0002719718418501
-.340000  0.380000    0.0002900878376322
-.300000  0.380000    0.0003072746670187
-.260000  0.380000    0.0003256865392270
-.220000  0.380000    0.0003409267477073
-.180000  0.380000    0.0003568599281458
-.140000  0.380000    0.0003704140025247
-.100000  0.380000    0.0003841017377437
-.060000  0.380000    0.0003965434736346
-.020000  0.380000    0.0004078759664513
0.020000  0.380000    0.0004182570681002
0.060000  0.380000    0.0004278474871248
0.100000  0.380000    0.0004367742264719
0.140000  0.380000    0.0004451276047608
0.180000  0.380000    0.0004500632273311
0.220000  0.380000    0.0004571053854778
0.260000  0.380000    0.0004599031472618
0.300000  0.380000    0.0004657368321223
0.340000  0.380000    0.0004665528775337
0.380000  0.380000    0.0004661628716603
0.420000  0.380000    0.0004645678683042
0.460000  0.380000    0.0004617525302934
0.500000  0.380000    0.0004576809053495
0.540000  0.380000    0.0004523166107732
0.580000  0.380000    0.0004456151288085
0.620000  0.380000    0.0004375176728482
0.660000  0.380000    0.0004279633001426
0.700000  0.380000    0.0004089682058865
0.740000  0.380000    0.0003959576892867
0.780000  0.380000    0.0003727221364267
0.820000  0.380000    0.0003471287816840
0.860000  0.380000    0.0003103533124444
0.900000  0.380000    0.0002538987415027
-.780000  0.420000    0.0000170742112179
-.740000  0.420000    0.0000483821754561
-.700000  0.420000    0.0000764247574662
-.660000  0.420000    0.0001048512669685
-.620000  0.420000    0.0001315405550062
-.580000  0.420000    0.0001533325186990
-.540000  0.420000    0.0001770440262096
-.500000  0.420000    0.0001995303339386
-.460000  0.420000    0.0002208758612758
-.420000  0.420000    0.0002411483421215
-.380000  0.420000    0.0002630686654137
-.340000  0.420000    0.0002811540643595
-.300000  0.420000    0.0002983172849839
-.260000  0.420000    0.0003165463217202
-.220000  0.420000    0.0003317948992675
-.180000  0.420000    0.0003475821438988
-.140000  0.420000    0.0003611874733327
-.100000  0.420000    0.0003747950686716
-.060000  0.420000    0.0003871953095260
-.020000  0.420000    0.0003985104796340
0.020000  0.420000    0.0004088731318244
0.060000  0.420000    0.0004184176957391
0.100000  0.420000    0.0004272506661289
0.140000  0.420000    0.0004354509434360
0.180000  0.420000    0.0004402378848137
0.220000  0.420000    0.0004470188963813
0.260000  0.420000    0.0004495678256473
0.300000  0.420000    0.0004550454851961
0.340000  0.420000    0.0004555290655545
0.380000  0.420000    0.0004547675591320
0.420000  0.420000    0.0004580724932136
0.460000  0.420000    0.0004552106483622
0.500000  0.420000    0.0004510523424374
0.540000  0.420000    0.0004455624281345
0.580000  0.420000    0.0004386954917148
0.620000  0.420000    0.0004232784324166
0.660000  0.420000    0.0004131616208887
0.700000  0.420000    0.0004014550101354
0.740000  0.420000    0.0003799944890881
0.780000  0.420000    0.0003561871473397
0.820000  0.420000    0.0003215124927310
0.860000  0.420000    0.0002842155382382
0.900000  0.420000    0.0002116929436156
-.780000  0.460000    0.0000030464402738
-.740000  0.460000    0.0000350955616770
-.700000  0.460000    0.0000669881861115
-.660000  0.460000    0.0000934652492909
-.620000  0.460000    0.0001206555980525
-.580000  0.460000    0.0001428391773998
-.540000  0.460000    0.0001667511010872
-.500000  0.460000    0.0001893574229875
-.460000  0.460000    0.0002107702381376
-.420000  0.460000    0.0002310766240446
-.380000  0.460000    0.0002529035116700
-.340000  0.460000    0.0002709887817874
-.300000  0.460000    0.0002881536862117
-.260000  0.460000    0.0003062516128453
-.220000  0.460000    0.0003215253623085
-.180000  0.460000    0.0003372133315686
-.140000  0.460000    0.0003508688362615
-.100000  0.460000    0.0003644224012106
-.060000  0.460000    0.0003767956928290
-.020000  0.460000    0.0003880938984002
0.020000  0.460000    0.0003984353242203
0.060000  0.460000    0.0004079318724162
0.100000  0.460000    0.0004166738705749
0.140000  0.460000    0.0004247314865425
0.180000  0.460000    0.0004293861487428
0.220000  0.460000    0.0004359249134047
0.260000  0.460000    0.0004382414831839
0.300000  0.460000    0.0004433834394662
0.340000  0.460000    0.0004435494690754
0.380000  0.460000    0.0004424243085149
0.420000  0.460000    0.0004452842485205
0.460000  0.460000    0.0004419962037701
0.500000  0.460000    0.0004373766962075
0.540000  0.460000    0.0004313931983622
0.580000  0.460000    0.0004239984404306
0.620000  0.460000    0.0004080792389480
0.660000  0.460000    0.0003973745249628
0.700000  0.460000    0.0003773060329453
0.740000  0.460000    0.0003629785614092
0.780000  0.460000    0.0003385253940529
0.820000  0.460000    0.0003033317576887
0.860000  0.460000    0.0002491166729218
-.740000  0.500000    0.0000207690576181
-.700000  0.500000    0.0000524256891816
-.660000  0.500000    0.0000801456999671
-.620000  0.500000    0.0001080107752785
-.580000  0.500000    0.0001307477110765
-.540000  0.500000    0.0001549508340438
-.500000  0.500000    0.0001777477639651
-.460000  0.500000    0.0001992815687746
-.420000  0.500000    0.0002196652312077
-.380000  0.500000    0.0002414504989586
-.340000  0.500000    0.0002595679152977
-.300000  0.500000    0.0002767612838734
-.260000  0.500000    0.0002947794176315
-.220000  0.500000    0.0003100907642196
-.180000  0.500000    0.0003257209916823
-.140000  0.500000    0.0003394203261248
-.100000  0.500000    0.0003529426330500
-.060000  0.500000    0.0003653001451721
-.020000  0.500000    0.0003765843754525
0.020000  0.500000    0.0003869019387018
0.060000  0.500000    0.0003963463453976
0.100000  0.500000    0.0004049977676413
0.140000  0.500000    0.0004129171221496
0.180000  0.500000    0.0004174541762619
0.220000  0.500000    0.0004237601381749
0.260000  0.500000    0.0004258632684727
0.300000  0.500000    0.0004306781038455
0.340000  0.500000    0.0004305390374702
0.380000  0.500000    0.0004290627806809
0.420000  0.500000    0.0004314748543243
0.460000  0.500000    0.0004277609173071
0.500000  0.500000    0.0004226776174953
0.540000  0.500000    0.0004161904629337
0.580000  0.500000    0.0004082505670624
0.620000  0.500000    0.0003918353443269
0.660000  0.500000    0.0003805058943541
0.700000  0.500000    0.0003598903058944
0.740000  0.500000    0.0003369743492466
0.780000  0.500000    0.0003116668094300
0.820000  0.500000    0.0002756451583291
0.860000  0.500000    0.0001981983215520
-.740000  0.540000    0.0000024939135722
-.700000  0.540000    0.0000353109769498
-.660000  0.540000    0.0000646205534643
-.620000  0.540000    0.0000933912835069
-.580000  0.540000    0.0001168982809768
-.540000  0.540000    0.0001415189653313
-.500000  0.540000    0.0001646038345127
-.460000  0.540000    0.0001863331088005
-.420000  0.540000    0.0002068500647087
-.380000  0.540000    0.0002286604117341
-.340000  0.540000    0.0002468464109040
-.300000  0.540000    0.0002640942208955
-.260000  0.540000    0.0002820861805838
-.220000  0.540000    0.0002974432942862
-.180000  0.540000    0.0003130547451107
-.140000  0.540000    0.0003267883158409
-.100000  0.540000    0.0003403000992346
-.060000  0.540000    0.0003526523925858
-.020000  0.540000    0.0003639266263348
0.020000  0.540000    0.0003742176787282
0.060000  0.540000    0.0003836069040689
0.100000  0.540000    0.0003921648667808
0.140000  0.540000    0.0003999444545803
0.180000  0.540000    0.0004043836445041
0.220000  0.540000    0.0004104567529498
0.260000  0.540000    0.0004123653660481
0.300000  0.540000    0.0004168512768619
0.340000  0.540000    0.0004164223599810
0.380000  0.540000    0.0004146048149281
0.420000  0.540000    0.0004165522867192
0.460000  0.540000    0.0004124130297376
0.500000  0.540000    0.0004068581668591
0.540000  0.540000    0.0003998526583405
0.580000  0.540000    0.0003913382374502
0.620000  0.540000    0.0003744392352420
0.660000  0.540000    0.0003624078155590
0.700000  0.540000    0.0003412040445562
0.740000  0.540000    0.0003175669198267
0.780000  0.540000    0.0002836767418093
0.820000  0.540000    0.0002315252760940
-.700000  0.580000    0.0000164912935924
-.660000  0.580000    0.0000486960044130
-.620000  0.580000    0.0000764836073539
-.580000  0.580000    0.0001039530907298
-.540000  0.580000    0.0001262766863998
-.500000  0.580000    0.0001497818043420
-.460000  0.580000    0.0001718067183666
-.420000  0.580000    0.0001925316806288
-.380000  0.580000    0.0002144492484950
-.340000  0.580000    0.0002327479496557
-.300000  0.580000    0.0002500800073036
-.260000  0.580000    0.0002681030730313
-.220000  0.580000    0.0002835128193937
-.180000  0.580000    0.0002991446391460
-.140000  0.580000    0.0003134552291862
-.100000  0.580000    0.0003264239877732
-.060000  0.580000    0.0003387811068054
-.020000  0.580000    0.0003500498347225
0.020000  0.580000    0.0003603135264761
0.060000  0.580000    0.0003696438975642
0.100000  0.580000    0.0003781037784978
0.140000  0.580000    0.0003835198372586
0.180000  0.580000    0.0003901007980901
0.220000  0.580000    0.0003959342586629
0.260000  0.580000    0.0003976690456841
0.300000  0.580000    0.0004018123870603
0.340000  0.580000    0.0004011088382181
0.380000  0.580000    0.0003989607757805
0.420000  0.580000    0.0004004078185954
0.460000  0.580000    0.0003958391965705
0.500000  0.580000    0.0003897982171124
0.540000  0.580000    0.0003822437930055
0.580000  0.580000    0.0003667551418030
0.620000  0.580000    0.0003557186120554
0.660000  0.580000    0.0003359478790114
0.700000  0.580000    0.0003138174132067
0.740000  0.580000    0.0002891053965325
0.780000  0.580000    0.0002468187197444
-.660000  0.620000    0.0000269593463851
-.620000  0.620000    0.0000592317925493
-.580000  0.620000    0.0000855677648206
-.540000  0.620000    0.0001117853988907
-.500000  0.620000    0.0001358900633337
-.460000  0.620000    0.0001582360376797
-.420000  0.620000    0.0001791001977976
-.380000  0.620000    0.0001986895953594
-.340000  0.620000    0.0002171560895675
-.300000  0.620000    0.0002346109875601
-.260000  0.620000    0.0002527303477269
-.220000  0.620000    0.0002682007988388
-.180000  0.620000    0.0002838954192800
-.140000  0.620000    0.0002982644606515
-.100000  0.620000    0.0003113750015198
-.060000  0.620000    0.0003235940881210
-.020000  0.620000    0.0003348630015252
0.020000  0.620000    0.0003450992275161
0.060000  0.620000    0.0003543670542288
0.100000  0.620000    0.0003609327576090
0.140000  0.620000    0.0003681294798066
0.180000  0.620000    0.0003745135466351
0.220000  0.620000    0.0003800916154691
0.260000  0.620000    0.0003816740627809
0.300000  0.620000    0.0003854483170964
0.340000  0.620000    0.0003844844816372
0.380000  0.620000    0.0003820163463058
0.420000  0.620000    0.0003780761872671
0.460000  0.620000    0.0003726660748541
0.500000  0.620000    0.0003657672040690
0.540000  0.620000    0.0003573293167686
0.580000  0.620000    0.0003472583871753
0.620000  0.620000    0.0003289225383433
0.660000  0.620000    0.0003149220610985
0.700000  0.620000    0.0002850657360663
0.740000  0.620000    0.0002519594599326
0.780000  0.620000    0.0001805484802268
-.660000  0.660000    0.0000029075281106
-.620000  0.660000    0.0000356353038299
-.580000  0.660000    0.0000667188940385
-.540000  0.660000    0.0000917874370883
-.500000  0.660000    0.0001168591473980
-.460000  0.660000    0.0001398956165502
-.420000  0.660000    0.0001612504103622
-.380000  0.660000    0.0001811873600655
-.340000  0.660000    0.0001999011871292
-.300000  0.660000    0.0002193772848599
-.260000  0.660000    0.0002358196976518
-.220000  0.660000    0.0002526244781172
-.180000  0.660000    0.0002671754756199
-.140000  0.660000    0.0002816390785059
-.100000  0.660000    0.0002948261851513
-.060000  0.660000    0.0003068147290538
-.020000  0.660000    0.0003176842904549
0.020000  0.660000    0.0003275116083657
0.060000  0.660000    0.0003363612289806
0.100000  0.660000    0.0003442882123949
0.140000  0.660000    0.0003513271411892
0.180000  0.660000    0.0003574944705040
0.220000  0.660000    0.0003599961221114
0.260000  0.660000    0.0003642451998065
0.300000  0.660000    0.0003640620442982
0.340000  0.660000    0.0003663917330525
0.380000  0.660000    0.0003636060257147
0.420000  0.660000    0.0003592790755073
0.460000  0.660000    0.0003534074650738
0.500000  0.660000    0.0003459580347302
0.540000  0.660000    0.0003368466028927
0.580000  0.660000    0.0003199944816221
0.620000  0.660000    0.0003069418870673
0.660000  0.660000    0.0002789927013843
0.700000  0.660000    0.0002478065309359
0.740000  0.660000    0.0001989440236390
-.620000  0.700000    0.0000094533603200
-.580000  0.700000    0.0000430735373884
-.540000  0.700000    0.0000710307816500
-.500000  0.700000    0.0000977238786356
-.460000  0.700000    0.0001217742900811
-.420000  0.700000    0.0001411910714879
-.380000  0.700000    0.0001639961847538
-.340000  0.700000    0.0001828659448199
-.300000  0.700000    0.0002005420243881
-.260000  0.700000    0.0002187234871893
-.220000  0.700000    0.0002341939020666
-.180000  0.700000    0.0002497553862805
-.140000  0.700000    0.0002633995218715
-.100000  0.700000    0.0002766964651020
-.060000  0.700000    0.0002887611316690
-.020000  0.700000    0.0002996669576947
0.020000  0.700000    0.0003094853144369
0.060000  0.700000    0.0003182752333955
0.100000  0.700000    0.0003260849837049
0.140000  0.700000    0.0003329449646241
0.180000  0.700000    0.0003365364346793
0.220000  0.700000    0.0003413274003462
0.260000  0.700000    0.0003420540749197
0.300000  0.700000    0.0003448335407905
0.340000  0.700000    0.0003428437058604
0.380000  0.700000    0.0003392690277770
0.420000  0.700000    0.0003387280080708
0.460000  0.700000    0.0003274079267629
0.500000  0.700000    0.0003190485560915
0.540000  0.700000    0.0003089139550505
0.580000  0.700000    0.0002911118530549
0.620000  0.700000    0.0002707270419033
0.660000  0.700000    0.0002413102084331
0.700000  0.700000    0.0001950553038299
-.580000  0.740000    0.0000123421176595
-.540000  0.740000    0.0000449943722001
-.500000  0.740000    0.0000745010397557
-.460000  0.740000    0.0000977447463813
-.420000  0.740000    0.0001209034209448
-.380000  0.740000    0.0001420159618367
-.340000  0.740000    0.0001614754891395
-.300000  0.740000    0.0001814879675074
-.260000  0.740000    0.0001981669394344
-.220000  0.740000    0.0002151312622665
-.180000  0.740000    0.0002296455895791
-.140000  0.740000    0.0002440364728543
-.100000  0.740000    0.0002570637216988
-.060000  0.740000    0.0002689124241231
-.020000  0.740000    0.0002798721264573
0.020000  0.740000    0.0002896872639708
0.060000  0.740000    0.0002984117187878
0.100000  0.740000    0.0003045811787839
0.140000  0.740000    0.0003109755716472
0.180000  0.740000    0.0003163928000746
0.220000  0.740000    0.0003181964444604
0.260000  0.740000    0.0003214666986544
0.300000  0.740000    0.0003203932292977
0.340000  0.740000    0.0003214366700307
0.380000  0.740000    0.0003175024050733
0.420000  0.740000    0.0003118793652455
0.460000  0.740000    0.0003045133297904
0.500000  0.740000    0.0002903979692325
0.540000  0.740000    0.0002789711474712
0.580000  0.740000    0.0002598802557975
0.620000  0.740000    0.0002321018648589
0.660000  0.740000    0.0001876465633218
-.540000  0.780000    0.0000116040424137
-.500000  0.780000    0.0000448704187416
-.460000  0.780000    0.0000716714232537
-.420000  0.780000    0.0000968332421470
-.380000  0.780000    0.0001192108288529
-.340000  0.780000    0.0001394451942700
-.300000  0.780000    0.0001579782454032
-.260000  0.780000    0.0001768786458693
-.220000  0.780000    0.0001925934783096
-.180000  0.780000    0.0002084263120612
-.140000  0.780000    0.0002219630612946
-.100000  0.780000    0.0002352380706104
-.060000  0.780000    0.0002471641542381
-.020000  0.780000    0.0002578245047907
0.020000  0.780000    0.0002672895814660
0.060000  0.780000    0.0002756188417248
0.100000  0.780000    0.0002828531064752
0.140000  0.780000    0.0002890102383140
0.180000  0.780000    0.0002921017133097
0.220000  0.780000    0.0002959206670761
0.260000  0.780000    0.0002959246817148
0.300000  0.780000    0.0002973746693389
0.340000  0.780000    0.0002943554531350
0.380000  0.780000    0.0002895764558809
0.420000  0.780000    0.0002829906058741
0.460000  0.780000    0.0002744515129681
0.500000  0.780000    0.0002593458199962
0.540000  0.780000    0.0002413006069403
0.580000  0.780000    0.0002147691744139
0.620000  0.780000    0.0001610987309371
-.500000  0.820000    0.0000050633572634
-.460000  0.820000    0.0000396580790700
-.420000  0.820000    0.0000692294285718
-.380000  0.820000    0.0000917389127586
-.340000  0.820000    0.0001135580566332
-.300000  0.820000    0.0001330659956414
-.260000  0.820000    0.0001526762112495
-.220000  0.820000    0.0001686841251699
-.180000  0.820000    0.0001847470625547
-.140000  0.820000    0.0001982325971505
-.100000  0.820000    0.0002114584278578
-.060000  0.820000    0.0002232352751792
-.020000  0.820000    0.0002336586610224
0.020000  0.820000    0.0002428116267113
0.060000  0.820000    0.0002507588342519
0.100000  0.820000    0.0002575374108664
0.140000  0.820000    0.0002631602734536
0.180000  0.820000    0.0002657856312164
0.220000  0.820000    0.0002688984810477
0.260000  0.820000    0.0002682993967019
0.300000  0.820000    0.0002687789535447
0.340000  0.820000    0.0002649171424870
0.380000  0.820000    0.0002591197341196
0.420000  0.820000    0.0002476295719369
0.460000  0.820000    0.0002372472022411
0.500000  0.820000    0.0002199260158125
0.540000  0.820000    0.0001898716645543
-.420000  0.860000    0.0000290225423625
-.380000  0.860000    0.0000583750434531
-.340000  0.860000    0.0000837885928167
-.300000  0.860000    0.0001053612329844
-.260000  0.860000    0.0001242082013804
-.220000  0.860000    0.0001410121873181
-.180000  0.860000    0.0001577478657730
-.140000  0.860000    0.0001713627462212
-.100000  0.860000    0.0001847749275821
-.060000  0.860000    0.0001965715317537
-.020000  0.860000    0.0002068737071505
0.020000  0.860000    0.0002157820244319
0.060000  0.860000    0.0002233655492319
0.100000  0.860000    0.0002296618384312
0.140000  0.860000    0.0002346744724413
0.180000  0.860000    0.0002369236793253
0.220000  0.860000    0.0002391284736179
0.260000  0.860000    0.0002378894743231
0.300000  0.860000    0.0002346653247690
0.340000  0.860000    0.0002293822795018
0.380000  0.860000    0.0002217958954595
0.420000  0.860000    0.0002084296807134
0.460000  0.860000    0.0001877523552553
0.500000  0.860000    0.0001518741876584
-.380000  0.900000    0.0000054960439228
-.340000  0.900000    0.0000423963492008
-.300000  0.900000    0.0000680984559784
-.260000  0.900000    0.0000904188723973
-.220000  0.900000    0.0001091639794466
-.180000  0.900000    0.0001253752720061
-.140000  0.900000    0.0001412286940516
-.100000  0.900000    0.0001537067146971
-.060000  0.900000    0.0001658552462412
-.020000  0.900000    0.0001762564540351
0.020000  0.900000    0.0001850394550972
0.060000  0.900000    0.0001922862400839
0.100000  0.900000    0.0001980300858503
0.140000  0.900000    0.0002016042282026
0.180000  0.900000    0.0002041153626261
0.220000  0.900000    0.0002037712122321
0.260000  0.900000    0.0002011938006585
0.300000  0.900000    0.0001962132833332
0.340000  0.900000    0.0001863459796611
0.380000  0.900000    0.0001723687727442
0.420000  0.900000    0.0001458948848856
-.300000  0.940000    0.0000016113974341
-.260000  0.940000    0.0000413087717970
-.220000  0.940000    0.0000658904703894
-.180000  0.940000    0.0000861721817407
-.140000  0.940000    0.0001025014008725
-.100000  0.940000    0.0001177985469482
-.060000  0.940000    0.0001290451795025
-.020000  0.940000    0.0001397140076738
0.020000  0.940000    0.0001483123254383
0.060000  0.940000    0.0001549671381131
0.100000  0.940000    0.0001599155897906
0.140000  0.940000    0.0001625327909652
0.180000  0.940000    0.0001627361483534
0.220000  0.940000    0.0001601335604182
0.260000  0.940000    0.0001532779956059
0.300000  0.940000    0.0001411560634315
0.340000  0.940000    0.0001040960275397
-.140000  0.980000    0.0000391920294826
-.100000  0.980000    0.0000628516051114
-.060000  0.980000    0.0000781288015639
-.020000  0.980000    0.0000887097161367
0.020000  0.980000    0.0000975743622996
0.060000  0.980000    0.0001043668867481
0.100000  0.980000    0.0001070769038551
0.140000  0.980000    0.0001050104301873
0.180000  0.980000    0.0000958770669294
