-.140000  -.980000    0.0000016330007877
-.100000  -.980000    0.0000028311933873
-.060000  -.980000    0.0000034826676671
-.020000  -.980000    0.0000038253886774
0.020000  -.980000    0.0000041628940647
0.060000  -.980000    0.0000045502206233
0.100000  -.980000    0.0000047899934534
0.140000  -.980000    0.0000048712118468
0.180000  -.980000    0.0000048728508600
-.260000  -.940000    0.0000013533033716
-.220000  -.940000    0.0000023747339548
-.180000  -.940000    0.0000030401731950
-.140000  -.940000    0.0000034053519926
-.100000  -.940000    0.0000037920090579
-.060000  -.940000    0.0000037964732376
-.020000  -.940000    0.0000039417237919
0.020000  -.940000    0.0000040173764842
0.060000  -.940000    0.0000040451689542
0.100000  -.940000    0.0000043181171507
0.140000  -.940000    0.0000043043234381
0.180000  -.940000    0.0000045420664767
0.220000  -.940000    0.0000047500230619
0.260000  -.940000    0.0000050963627489
0.300000  -.940000    0.0000052886444811
0.340000  -.940000    0.0000050926783753
-.340000  -.900000    0.0000011663136783
-.300000  -.900000    0.0000020929988997
-.260000  -.900000    0.0000027227514377
-.220000  -.900000    0.0000030761461529
-.180000  -.900000    0.0000032151906512
-.140000  -.900000    0.0000034257216691
-.100000  -.900000    0.0000032732274352
-.060000  -.900000    0.0000032878597992
-.020000  -.900000    0.0000032486130143
0.020000  -.900000    0.0000031735833418
0.060000  -.900000    0.0000030820933411
0.100000  -.900000    0.0000029889108087
0.140000  -.900000    0.0000032193767169
0.180000  -.900000    0.0000031652542273
0.220000  -.900000    0.0000034438915527
0.260000  -.900000    0.0000037369253657
0.300000  -.900000    0.0000040369076169
0.340000  -.900000    0.0000045475606772
0.380000  -.900000    0.0000049375149936
0.420000  -.900000    0.0000053203610100
-.420000  -.860000    0.0000004647185769
-.380000  -.860000    0.0000015345805309
-.340000  -.860000    0.0000022638094207
-.300000  -.860000    0.0000027091283741
-.260000  -.860000    0.0000029274871221
-.220000  -.860000    0.0000029567583218
-.180000  -.860000    0.0000030622384599
-.140000  -.860000    0.0000028233514410
-.100000  -.860000    0.0000027425789391
-.060000  -.860000    0.0000026074160736
-.020000  -.860000    0.0000024414960526
0.020000  -.860000    0.0000022612351066
0.060000  -.860000    0.0000020851953614
0.100000  -.860000    0.0000019287706082
0.140000  -.860000    0.0000017993117385
0.180000  -.860000    0.0000020122049049
0.220000  -.860000    0.0000019694628088
0.260000  -.860000    0.0000022842712569
0.300000  -.860000    0.0000026423202861
0.340000  -.860000    0.0000030361616095
0.380000  -.860000    0.0000034418257470
0.420000  -.860000    0.0000040739282962
0.460000  -.860000    0.0000047311174328
0.500000  -.860000    0.0000052117690280
-.460000  -.820000    0.0000007685628236
-.420000  -.820000    0.0000016995653896
-.380000  -.820000    0.0000021621179263
-.340000  -.820000    0.0000025124541627
-.300000  -.820000    0.0000026596370179
-.260000  -.820000    0.0000028351922731
-.220000  -.820000    0.0000026687280877
-.180000  -.820000    0.0000026030522597
-.140000  -.820000    0.0000022249187671
-.100000  -.820000    0.0000020167618634
-.060000  -.820000    0.0000017746264901
-.020000  -.820000    0.0000015137935406
0.020000  -.820000    0.0000012577379481
0.060000  -.820000    0.0000010187386004
0.100000  -.820000    0.0000008116411010
0.140000  -.820000    0.0000006480697802
0.180000  -.820000    0.0000007979387339
0.220000  -.820000    0.0000007465770023
0.260000  -.820000    0.0000010319366997
0.300000  -.820000    0.0000011031106332
0.340000  -.820000    0.0000015183768601
0.380000  -.820000    0.0000019861451409
0.420000  -.820000    0.0000027604851069
0.460000  -.820000    0.0000032618492959
0.500000  -.820000    0.0000039454902736
0.540000  -.820000    0.0000047259875847
-.500000  -.780000    0.0000008419161271
-.460000  -.780000    0.0000015574485560
-.420000  -.780000    0.0000020922430283
-.380000  -.780000    0.0000024165935858
-.340000  -.780000    0.0000025503816623
-.300000  -.780000    0.0000025096108610
-.260000  -.780000    0.0000025190243393
-.220000  -.780000    0.0000022133000409
-.180000  -.780000    0.0000020258801439
-.140000  -.780000    0.0000015517042913
-.100000  -.780000    0.0000012566304794
-.060000  -.780000    0.0000009369067445
-.020000  -.780000    0.0000006131831956
0.020000  -.780000    0.0000003029000381
0.060000  -.780000    0.0000000221134251
0.100000  -.780000   -0.0000002165527982
0.140000  -.780000   -0.0000004026935263
0.180000  -.780000   -0.0000003231221068
0.220000  -.780000   -0.0000003779802871
0.260000  -.780000   -0.0000001481180012
0.300000  -.780000   -0.0000000587497320
0.340000  -.780000    0.0000003317594127
0.380000  -.780000    0.0000008001102347
0.420000  -.780000    0.0000013330600917
0.460000  -.780000    0.0000019096035480
0.500000  -.780000    0.0000027485670530
0.540000  -.780000    0.0000035191702695
0.580000  -.780000    0.0000042968599914
0.620000  -.780000    0.0000049641956866
-.540000  -.740000    0.0000007610155562
-.500000  -.740000    0.0000015391834854
-.460000  -.740000    0.0000019527524410
-.420000  -.740000    0.0000022780163176
-.380000  -.740000    0.0000024235920757
-.340000  -.740000    0.0000023978507316
-.300000  -.740000    0.0000024056596570
-.260000  -.740000    0.0000021115541859
-.220000  -.740000    0.0000019040602528
-.180000  -.740000    0.0000014326268240
-.140000  -.740000    0.0000011031645707
-.100000  -.740000    0.0000007381757627
-.060000  -.740000    0.0000001847595369
-.020000  -.740000   -0.0000001786440196
0.020000  -.740000   -0.0000005204792686
0.060000  -.740000   -0.0000008235041132
0.100000  -.740000   -0.0000009411982463
0.140000  -.740000   -0.0000011374547027
0.180000  -.740000   -0.0000012625649832
0.220000  -.740000   -0.0000011798940493
0.260000  -.740000   -0.0000011485255709
0.300000  -.740000   -0.0000008868875715
0.340000  -.740000   -0.0000006962198133
0.380000  -.740000   -0.0000002613554064
0.420000  -.740000    0.0000002579422974
0.460000  -.740000    0.0000008507024714
0.500000  -.740000    0.0000017112374376
0.540000  -.740000    0.0000023718666738
0.580000  -.740000    0.0000032036136329
0.620000  -.740000    0.0000040411931337
0.660000  -.740000    0.0000047448753742
-.580000  -.700000    0.0000006379017548
-.540000  -.700000    0.0000013393623508
-.500000  -.700000    0.0000018806589885
-.460000  -.700000    0.0000022420066892
-.420000  -.700000    0.0000022896482486
-.380000  -.700000    0.0000024579613714
-.340000  -.700000    0.0000023291069047
-.300000  -.700000    0.0000020635545126
-.260000  -.700000    0.0000018643246440
-.220000  -.700000    0.0000014046817398
-.180000  -.700000    0.0000010628383980
-.140000  -.700000    0.0000005108482619
-.100000  -.700000    0.0000001096140709
-.060000  -.700000   -0.0000003006751569
-.020000  -.700000   -0.0000007003666809
0.020000  -.700000   -0.0000010693239452
0.060000  -.700000   -0.0000013941164769
0.100000  -.700000   -0.0000016596941641
0.140000  -.700000   -0.0000018546550582
0.180000  -.700000   -0.0000019195038375
0.220000  -.700000   -0.0000019573869236
0.260000  -.700000   -0.0000018510238634
0.300000  -.700000   -0.0000017135995207
0.340000  -.700000   -0.0000014126457776
0.380000  -.700000   -0.0000010059737226
0.420000  -.700000   -0.0000006249649484
0.460000  -.700000    0.0000000941471248
0.500000  -.700000    0.0000007577798383
0.540000  -.700000    0.0000014629501356
0.580000  -.700000    0.0000023616989029
0.620000  -.700000    0.0000032017525867
0.660000  -.700000    0.0000040071726630
0.700000  -.700000    0.0000046506043628
-.620000  -.660000    0.0000003867881063
-.580000  -.660000    0.0000011706190525
-.540000  -.660000    0.0000016463263671
-.500000  -.660000    0.0000020413621881
-.460000  -.660000    0.0000022775393274
-.420000  -.660000    0.0000023547095567
-.380000  -.660000    0.0000022751301522
-.340000  -.660000    0.0000020547483733
-.300000  -.660000    0.0000018869961687
-.260000  -.660000    0.0000014584222868
-.220000  -.660000    0.0000011248334031
-.180000  -.660000    0.0000005810045347
-.140000  -.660000    0.0000001628250885
-.100000  -.660000   -0.0000002766288401
-.060000  -.660000   -0.0000007201121348
-.020000  -.660000   -0.0000011491111310
0.020000  -.660000   -0.0000015412227818
0.060000  -.660000   -0.0000018822449187
0.100000  -.660000   -0.0000021568807788
0.140000  -.660000   -0.0000023532915420
0.180000  -.660000   -0.0000024625773739
0.220000  -.660000   -0.0000025080799830
0.260000  -.660000   -0.0000024370346741
0.300000  -.660000   -0.0000022913591139
0.340000  -.660000   -0.0000020347588107
0.380000  -.660000   -0.0000016862596997
0.420000  -.660000   -0.0000012258650221
0.460000  -.660000   -0.0000006675040710
0.500000  -.660000   -0.0000000242693304
0.540000  -.660000    0.0000006852114924
0.580000  -.660000    0.0000015754669996
0.620000  -.660000    0.0000023270879112
0.660000  -.660000    0.0000033090256863
0.700000  -.660000    0.0000040649600396
0.740000  -.660000    0.0000046475168917
-.660000  -.620000    0.0000001152852420
-.620000  -.620000    0.0000009367941142
-.580000  -.620000    0.0000014685121808
-.540000  -.620000    0.0000019151664666
-.500000  -.620000    0.0000022165978409
-.460000  -.620000    0.0000023669273027
-.420000  -.620000    0.0000023679059655
-.380000  -.620000    0.0000022234131129
-.340000  -.620000    0.0000019442166290
-.300000  -.620000    0.0000015585020626
-.260000  -.620000    0.0000012590420777
-.220000  -.620000    0.0000007342475973
-.180000  -.620000    0.0000003253992609
-.140000  -.620000   -0.0000001220633140
-.100000  -.620000   -0.0000005947298810
-.060000  -.620000   -0.0000011179995311
-.020000  -.620000   -0.0000015386669040
0.020000  -.620000   -0.0000019208234039
0.060000  -.620000   -0.0000022481231784
0.100000  -.620000   -0.0000025635108567
0.140000  -.620000   -0.0000027586231430
0.180000  -.620000   -0.0000028583720949
0.220000  -.620000   -0.0000028582522038
0.260000  -.620000   -0.0000028667155730
0.300000  -.620000   -0.0000026705937600
0.340000  -.620000   -0.0000024749246863
0.380000  -.620000   -0.0000021612989600
0.420000  -.620000   -0.0000017264024062
0.460000  -.620000   -0.0000011873844875
0.500000  -.620000   -0.0000005488812681
0.540000  -.620000    0.0000001676660459
0.580000  -.620000    0.0000009358000380
0.620000  -.620000    0.0000018339657627
0.660000  -.620000    0.0000026089981342
0.700000  -.620000    0.0000035226962235
0.740000  -.620000    0.0000041980442191
0.780000  -.620000    0.0000047214818553
-.660000  -.580000    0.0000006409476443
-.620000  -.580000    0.0000012360780354
-.580000  -.580000    0.0000017330869176
-.540000  -.580000    0.0000020019405058
-.500000  -.580000    0.0000022222978427
-.460000  -.580000    0.0000022939054835
-.420000  -.580000    0.0000022175922967
-.380000  -.580000    0.0000021648603394
-.340000  -.580000    0.0000018490193677
-.300000  -.580000    0.0000014298966972
-.260000  -.580000    0.0000010992530061
-.220000  -.580000    0.0000005605721672
-.180000  -.580000    0.0000001290842062
-.140000  -.580000   -0.0000003432256523
-.100000  -.580000   -0.0000008927694586
-.060000  -.580000   -0.0000013490261001
-.020000  -.580000   -0.0000017845830994
0.020000  -.580000   -0.0000021774983716
0.060000  -.580000   -0.0000025098192399
0.100000  -.580000   -0.0000027630220868
0.140000  -.580000   -0.0000030730485558
0.180000  -.580000   -0.0000031609483526
0.220000  -.580000   -0.0000031421633644
0.260000  -.580000   -0.0000031957569278
0.300000  -.580000   -0.0000029695379086
0.340000  -.580000   -0.0000028088503563
0.380000  -.580000   -0.0000025278076159
0.420000  -.580000   -0.0000020100147150
0.460000  -.580000   -0.0000015248775448
0.500000  -.580000   -0.0000009305681914
0.540000  -.580000   -0.0000002510998960
0.580000  -.580000    0.0000005204372433
0.620000  -.580000    0.0000013370592773
0.660000  -.580000    0.0000022268850598
0.700000  -.580000    0.0000030887285717
0.740000  -.580000    0.0000038276076945
0.780000  -.580000    0.0000044115603297
-.700000  -.540000    0.0000002816260532
-.660000  -.540000    0.0000009504128856
-.620000  -.540000    0.0000014985447967
-.580000  -.540000    0.0000018423676894
-.540000  -.540000    0.0000021444908187
-.500000  -.540000    0.0000023096031346
-.460000  -.540000    0.0000023303319597
-.420000  -.540000    0.0000022068958116
-.380000  -.540000    0.0000021197095043
-.340000  -.540000    0.0000017727843700
-.300000  -.540000    0.0000013346469459
-.260000  -.540000    0.0000009902939262
-.220000  -.540000    0.0000004377869828
-.180000  -.540000   -0.0000000078417536
-.140000  -.540000   -0.0000005747293340
-.100000  -.540000   -0.0000010414116356
-.060000  -.540000   -0.0000015108916307
-.020000  -.540000   -0.0000019565519797
0.020000  -.540000   -0.0000023594166825
0.060000  -.540000   -0.0000026948159771
0.100000  -.540000   -0.0000029462862934
0.140000  -.540000   -0.0000031020103383
0.180000  -.540000   -0.0000033773960122
0.220000  -.540000   -0.0000033386295843
0.260000  -.540000   -0.0000034282026070
0.300000  -.540000   -0.0000031709365659
0.340000  -.540000   -0.0000030415703472
0.380000  -.540000   -0.0000027895298324
0.420000  -.540000   -0.0000022282276723
0.460000  -.540000   -0.0000017633801686
0.500000  -.540000   -0.0000011872613224
0.540000  -.540000   -0.0000005149360115
0.580000  -.540000    0.0000002322170807
0.620000  -.540000    0.0000010248707455
0.660000  -.540000    0.0000018735365083
0.700000  -.540000    0.0000027430670566
0.740000  -.540000    0.0000035468394020
0.780000  -.540000    0.0000042225277678
0.820000  -.540000    0.0000046050099720
-.700000  -.500000    0.0000006579129781
-.660000  -.500000    0.0000012120576970
-.620000  -.500000    0.0000016979535996
-.580000  -.500000    0.0000019992791772
-.540000  -.500000    0.0000022559684349
-.500000  -.500000    0.0000023766582141
-.460000  -.500000    0.0000023581179308
-.420000  -.500000    0.0000022012658877
-.380000  -.500000    0.0000020954240360
-.340000  -.500000    0.0000017275880987
-.300000  -.500000    0.0000012719880348
-.260000  -.500000    0.0000009197399751
-.220000  -.500000    0.0000003603252213
-.180000  -.500000   -0.0000000905945463
-.140000  -.500000   -0.0000006594372455
-.100000  -.500000   -0.0000011330394954
-.060000  -.500000   -0.0000016090414666
-.020000  -.500000   -0.0000020648100880
0.020000  -.500000   -0.0000024734288759
0.060000  -.500000   -0.0000028111360064
0.100000  -.500000   -0.0000030585945179
0.140000  -.500000   -0.0000032023922998
0.180000  -.500000   -0.0000035136388968
0.220000  -.500000   -0.0000034524921985
0.260000  -.500000   -0.0000035725386588
0.300000  -.500000   -0.0000032824985540
0.340000  -.500000   -0.0000031782691775
0.380000  -.500000   -0.0000029496205953
0.420000  -.500000   -0.0000023461906127
0.460000  -.500000   -0.0000018991758537
0.500000  -.500000   -0.0000013405112441
0.540000  -.500000   -0.0000006798028384
0.580000  -.500000    0.0000000626672864
0.620000  -.500000    0.0000007990210017
0.660000  -.500000    0.0000016673105924
0.700000  -.500000    0.0000025296043684
0.740000  -.500000    0.0000033659175976
0.780000  -.500000    0.0000040807048259
0.820000  -.500000    0.0000045668437840
0.860000  -.500000    0.0000047568591131
-.740000  -.460000    0.0000002436484360
-.700000  -.460000    0.0000009276986895
-.660000  -.460000    0.0000014125488181
-.620000  -.460000    0.0000018592560005
-.580000  -.460000    0.0000021279955412
-.540000  -.460000    0.0000023457970183
-.500000  -.460000    0.0000024339513814
-.460000  -.460000    0.0000023813453655
-.420000  -.460000    0.0000022003416537
-.380000  -.460000    0.0000020897485641
-.340000  -.460000    0.0000017068457816
-.300000  -.460000    0.0000012354812573
-.260000  -.460000    0.0000008914039904
-.220000  -.460000    0.0000003218354976
-.180000  -.460000   -0.0000001250120335
-.140000  -.460000   -0.0000006980487595
-.100000  -.460000   -0.0000011714332871
-.060000  -.460000   -0.0000016524546060
-.020000  -.460000   -0.0000021144409771
0.020000  -.460000   -0.0000025274448458
0.060000  -.460000   -0.0000028679135728
0.100000  -.460000   -0.0000031098354952
0.140000  -.460000   -0.0000032376120227
0.180000  -.460000   -0.0000035783101384
0.220000  -.460000   -0.0000034911773255
0.260000  -.460000   -0.0000036350860999
0.300000  -.460000   -0.0000033103410278
0.340000  -.460000   -0.0000032270288570
0.380000  -.460000   -0.0000030164899781
0.420000  -.460000   -0.0000023726614357
0.460000  -.460000   -0.0000019397378035
0.500000  -.460000   -0.0000013961759987
0.540000  -.460000   -0.0000007497150420
0.580000  -.460000   -0.0000000174135187
0.620000  -.460000    0.0000006617223353
0.660000  -.460000    0.0000015409028504
0.700000  -.460000    0.0000023727460261
0.740000  -.460000    0.0000032434889424
0.780000  -.460000    0.0000039973133855
0.820000  -.460000    0.0000045694773004
0.860000  -.460000    0.0000047602181658
-.740000  -.420000    0.0000005257770891
-.700000  -.420000    0.0000010736323680
-.660000  -.420000    0.0000015733345859
-.620000  -.420000    0.0000019958818878
-.580000  -.420000    0.0000022327871718
-.540000  -.420000    0.0000024205380702
-.500000  -.420000    0.0000024803491948
-.460000  -.420000    0.0000024022101072
-.420000  -.420000    0.0000021968760076
-.380000  -.420000    0.0000020946100534
-.340000  -.420000    0.0000017015942733
-.300000  -.420000    0.0000012237911779
-.260000  -.420000    0.0000008967443218
-.220000  -.420000    0.0000003220760430
-.180000  -.420000   -0.0000001145908054
-.140000  -.420000   -0.0000006943637665
-.100000  -.420000   -0.0000011643291571
-.060000  -.420000   -0.0000016472052030
-.020000  -.420000   -0.0000021160078839
0.020000  -.420000   -0.0000025347342976
0.060000  -.420000   -0.0000028763821424
0.100000  -.420000   -0.0000031063073034
0.140000  -.420000   -0.0000032203934271
0.180000  -.420000   -0.0000035825596945
0.220000  -.420000   -0.0000034637337984
0.260000  -.420000   -0.0000036255110053
0.300000  -.420000   -0.0000032629074813
0.340000  -.420000   -0.0000031927230308
0.380000  -.420000   -0.0000029943936882
0.420000  -.420000   -0.0000023096110135
0.460000  -.420000   -0.0000018928822927
0.500000  -.420000   -0.0000013615609764
0.540000  -.420000   -0.0000007310242793
0.580000  -.420000   -0.0000000069161365
0.620000  -.420000    0.0000006113338750
0.660000  -.420000    0.0000014952512445
0.700000  -.420000    0.0000023882084070
0.740000  -.420000    0.0000031998295681
0.780000  -.420000    0.0000039714269285
0.820000  -.420000    0.0000045749294219
0.860000  -.420000    0.0000049147781265
0.900000  -.420000    0.0000048501413222
-.780000  -.380000    0.0000000791266992
-.740000  -.380000    0.0000007342693771
-.700000  -.380000    0.0000012864284637
-.660000  -.380000    0.0000017074984794
-.620000  -.380000    0.0000021124061943
-.580000  -.380000    0.0000024185197518
-.540000  -.380000    0.0000026028366340
-.500000  -.380000    0.0000026661650062
-.460000  -.380000    0.0000025986687162
-.420000  -.380000    0.0000024108016904
-.380000  -.380000    0.0000021065161041
-.340000  -.380000    0.0000016988468643
-.300000  -.380000    0.0000012126130601
-.260000  -.380000    0.0000009156091478
-.220000  -.380000    0.0000003342212134
-.180000  -.380000   -0.0000000782387207
-.140000  -.380000   -0.0000006670437384
-.100000  -.380000   -0.0000011257903222
-.060000  -.380000   -0.0000016060632997
-.020000  -.380000   -0.0000020771815604
0.020000  -.380000   -0.0000024995748948
0.060000  -.380000   -0.0000028381696646
0.100000  -.380000   -0.0000030630051841
0.140000  -.380000   -0.0000031610057806
0.180000  -.380000   -0.0000035335609567
0.220000  -.380000   -0.0000033801776658
0.260000  -.380000   -0.0000035517144140
0.300000  -.380000   -0.0000031474547812
0.340000  -.380000   -0.0000030825710022
0.380000  -.380000   -0.0000028940316304
0.420000  -.380000   -0.0000025789959077
0.460000  -.380000   -0.0000021441047567
0.500000  -.380000   -0.0000015927923530
0.540000  -.380000   -0.0000009339477738
0.580000  -.380000   -0.0000001817193313
0.620000  -.380000    0.0000006472722287
0.660000  -.380000    0.0000015249149042
0.700000  -.380000    0.0000022883730049
0.740000  -.380000    0.0000032128072979
0.780000  -.380000    0.0000039879102973
0.820000  -.380000    0.0000046723950771
0.860000  -.380000    0.0000050846138921
0.900000  -.380000    0.0000050167311911
-.780000  -.340000    0.0000003077509431
-.740000  -.340000    0.0000008912997038
-.700000  -.340000    0.0000014153715562
-.660000  -.340000    0.0000018201538053
-.620000  -.340000    0.0000022100171343
-.580000  -.340000    0.0000024968200612
-.540000  -.340000    0.0000026647621227
-.500000  -.340000    0.0000027054136017
-.460000  -.340000    0.0000026248988911
-.420000  -.340000    0.0000024168365097
-.380000  -.340000    0.0000021036809943
-.340000  -.340000    0.0000016926980427
-.300000  -.340000    0.0000014874337134
-.260000  -.340000    0.0000009449746875
-.220000  -.340000    0.0000003572557847
-.180000  -.340000   -0.0000000198351329
-.140000  -.340000   -0.0000006203022937
-.100000  -.340000   -0.0000010593438975
-.060000  -.340000   -0.0000015348490258
-.020000  -.340000   -0.0000020073725978
0.020000  -.340000   -0.0000024362417588
0.060000  -.340000   -0.0000027768023588
0.100000  -.340000   -0.0000029911103478
0.140000  -.340000   -0.0000030551214778
0.180000  -.340000   -0.0000034351379000
0.220000  -.340000   -0.0000032474092115
0.260000  -.340000   -0.0000034193036515
0.300000  -.340000   -0.0000034729817734
0.340000  -.340000   -0.0000029075388044
0.380000  -.340000   -0.0000027200446171
0.420000  -.340000   -0.0000024099202424
0.460000  -.340000   -0.0000019835031658
0.500000  -.340000   -0.0000014428950341
0.540000  -.340000   -0.0000007944470320
0.580000  -.340000   -0.0000000549700880
0.620000  -.340000    0.0000007583293027
0.660000  -.340000    0.0000016276481492
0.700000  -.340000    0.0000023562563020
0.740000  -.340000    0.0000032842387536
0.780000  -.340000    0.0000040519338919
0.820000  -.340000    0.0000047528486023
0.860000  -.340000    0.0000051961778704
0.900000  -.340000    0.0000052235344086
0.940000  -.340000    0.0000047504368856
-.780000  -.300000    0.0000004792804525
-.740000  -.300000    0.0000010604347941
-.700000  -.300000    0.0000015199049598
-.660000  -.300000    0.0000019794263640
-.620000  -.300000    0.0000022843810053
-.580000  -.300000    0.0000025504334925
-.540000  -.300000    0.0000026994358026
-.500000  -.300000    0.0000027186771754
-.460000  -.300000    0.0000026162814769
-.420000  -.300000    0.0000024038850783
-.380000  -.300000    0.0000020738573006
-.340000  -.300000    0.0000019827590518
-.300000  -.300000    0.0000015017007164
-.260000  -.300000    0.0000009535728686
-.220000  -.300000    0.0000003630791149
-.180000  -.300000    0.0000000351210709
-.140000  -.300000   -0.0000005762043259
-.100000  -.300000   -0.0000009872517200
-.060000  -.300000   -0.0000014480230978
-.020000  -.300000   -0.0000019181238082
0.020000  -.300000   -0.0000023499815566
0.060000  -.300000   -0.0000026857957944
0.100000  -.300000   -0.0000028844987443
0.140000  -.300000   -0.0000029259194436
0.180000  -.300000   -0.0000033049335879
0.220000  -.300000   -0.0000030615644423
0.260000  -.300000   -0.0000032267398371
0.300000  -.300000   -0.0000032753042493
0.340000  -.300000   -0.0000031976796826
0.380000  -.300000   -0.0000024788740403
0.420000  -.300000   -0.0000021729511616
0.460000  -.300000   -0.0000017521272172
0.500000  -.300000   -0.0000012224777879
0.540000  -.300000   -0.0000005877195494
0.580000  -.300000    0.0000001366254284
0.620000  -.300000    0.0000009345478473
0.660000  -.300000    0.0000015499427246
0.700000  -.300000    0.0000024824418983
0.740000  -.300000    0.0000032420386809
0.780000  -.300000    0.0000041630406420
0.820000  -.300000    0.0000048681552017
0.860000  -.300000    0.0000053263932418
0.900000  -.300000    0.0000055180623607
0.940000  -.300000    0.0000051105433035
-.780000  -.260000    0.0000006422717319
-.740000  -.260000    0.0000011557963923
-.700000  -.260000    0.0000016560402152
-.660000  -.260000    0.0000020560000432
-.620000  -.260000    0.0000024339262537
-.580000  -.260000    0.0000027071687343
-.540000  -.260000    0.0000028697170670
-.500000  -.260000    0.0000029103500818
-.460000  -.260000    0.0000028357346899
-.420000  -.260000    0.0000026489804614
-.380000  -.260000    0.0000023493420344
-.340000  -.260000    0.0000019536602602
-.300000  -.260000    0.0000014744988875
-.260000  -.260000    0.0000009329160627
-.220000  -.260000    0.0000007056926519
-.180000  -.260000    0.0000000796590268
-.140000  -.260000   -0.0000002896492271
-.100000  -.260000   -0.0000009064209072
-.060000  -.260000   -0.0000013507469344
-.020000  -.260000   -0.0000018229849811
0.020000  -.260000   -0.0000022594446275
0.060000  -.260000   -0.0000025929527644
0.100000  -.260000   -0.0000027664654240
0.140000  -.260000   -0.0000032574372189
0.180000  -.260000   -0.0000031254311927
0.220000  -.260000   -0.0000034045836069
0.260000  -.260000   -0.0000029874370331
0.300000  -.260000   -0.0000030204612023
0.340000  -.260000   -0.0000029283593937
0.380000  -.260000   -0.0000027165900793
0.420000  -.260000   -0.0000023843449537
0.460000  -.260000   -0.0000019386211684
0.500000  -.260000   -0.0000013796450305
0.540000  -.260000   -0.0000007199394039
0.580000  -.260000    0.0000000305606603
0.620000  -.260000    0.0000008577082611
0.660000  -.260000    0.0000017417756956
0.700000  -.260000    0.0000024236896220
0.740000  -.260000    0.0000033911049808
0.780000  -.260000    0.0000041528042455
0.820000  -.260000    0.0000048830302102
0.860000  -.260000    0.0000054790120587
0.900000  -.260000    0.0000057099140352
0.940000  -.260000    0.0000053358144985
-.820000  -.220000    0.0000001231627801
-.780000  -.220000    0.0000007346245010
-.740000  -.220000    0.0000012716921999
-.700000  -.220000    0.0000017259676836
-.660000  -.220000    0.0000021800880462
-.620000  -.220000    0.0000024674493529
-.580000  -.220000    0.0000027220713225
-.540000  -.220000    0.0000028574534692
-.500000  -.220000    0.0000028815807760
-.460000  -.220000    0.0000027813239167
-.420000  -.220000    0.0000025714927288
-.380000  -.220000    0.0000022666496483
-.340000  -.220000    0.0000018703467322
-.300000  -.220000    0.0000013889435182
-.260000  -.220000    0.0000012942492788
-.220000  -.220000    0.0000007089329069
-.180000  -.220000    0.0000000842142941
-.140000  -.220000   -0.0000002072138298
-.100000  -.220000   -0.0000008413775075
-.060000  -.220000   -0.0000012477812143
-.020000  -.220000   -0.0000017139827813
0.020000  -.220000   -0.0000021555085733
0.060000  -.220000   -0.0000024809400492
0.100000  -.220000   -0.0000026262935470
0.140000  -.220000   -0.0000031036355361
0.180000  -.220000   -0.0000029191202965
0.220000  -.220000   -0.0000031725121214
0.260000  -.220000   -0.0000033101052034
0.300000  -.220000   -0.0000026997135630
0.340000  -.220000   -0.0000026001996176
0.380000  -.220000   -0.0000023797690572
0.420000  -.220000   -0.0000020502974503
0.460000  -.220000   -0.0000016106735145
0.500000  -.220000   -0.0000010650151443
0.540000  -.220000   -0.0000004195477069
0.580000  -.220000    0.0000003109684574
0.620000  -.220000    0.0000011157352085
0.660000  -.220000    0.0000016885923349
0.700000  -.220000    0.0000026301038842
0.740000  -.220000    0.0000033651017246
0.780000  -.220000    0.0000043174369969
0.820000  -.220000    0.0000050443642894
0.860000  -.220000    0.0000056533006024
0.900000  -.220000    0.0000059066096812
0.940000  -.220000    0.0000056655718669
-.820000  -.180000    0.0000002480014748
-.780000  -.180000    0.0000008390863436
-.740000  -.180000    0.0000013259353940
-.700000  -.180000    0.0000018247920043
-.660000  -.180000    0.0000022166327635
-.620000  -.180000    0.0000025829417413
-.580000  -.180000    0.0000028509033301
-.540000  -.180000    0.0000030028362082
-.500000  -.180000    0.0000030493046527
-.460000  -.180000    0.0000029800516756
-.420000  -.180000    0.0000028031620385
-.380000  -.180000    0.0000025291260155
-.340000  -.180000    0.0000021691952910
-.300000  -.180000    0.0000017201509688
-.260000  -.180000    0.0000011978618410
-.220000  -.180000    0.0000006207792439
-.180000  -.180000    0.0000004898110200
-.140000  -.180000   -0.0000001709680743
-.100000  -.180000   -0.0000008121739737
-.060000  -.180000   -0.0000011619955343
-.020000  -.180000   -0.0000016150706169
0.020000  -.180000   -0.0000020651202916
0.060000  -.180000   -0.0000023755698483
0.100000  -.180000   -0.0000024635476681
0.140000  -.180000   -0.0000029166985259
0.180000  -.180000   -0.0000032872403839
0.220000  -.180000   -0.0000028681785819
0.260000  -.180000   -0.0000029770371650
0.300000  -.180000   -0.0000029664577358
0.340000  -.180000   -0.0000028308767242
0.380000  -.180000   -0.0000025800613808
0.420000  -.180000   -0.0000022212760632
0.460000  -.180000   -0.0000017461460005
0.500000  -.180000   -0.0000011743945537
0.540000  -.180000   -0.0000005114794148
0.580000  -.180000    0.0000002395118261
0.620000  -.180000    0.0000010744965615
0.660000  -.180000    0.0000019479788810
0.700000  -.180000    0.0000026056448034
0.740000  -.180000    0.0000035768861701
0.780000  -.180000    0.0000043230058414
0.820000  -.180000    0.0000050521484494
0.860000  -.180000    0.0000056738821905
0.900000  -.180000    0.0000061070939836
0.940000  -.180000    0.0000058903875344
0.980000  -.180000    0.0000051321931477
-.820000  -.140000    0.0000003239835464
-.780000  -.140000    0.0000008785815635
-.740000  -.140000    0.0000014046059033
-.700000  -.140000    0.0000018528507155
-.660000  -.140000    0.0000023060353577
-.620000  -.140000    0.0000026794722547
-.580000  -.140000    0.0000029560341750
-.540000  -.140000    0.0000029214129801
-.500000  -.140000    0.0000029261839827
-.460000  -.140000    0.0000028309533129
-.420000  -.140000    0.0000026287289740
-.380000  -.140000    0.0000023296174312
-.340000  -.140000    0.0000019459708907
-.300000  -.140000    0.0000014915920217
-.260000  -.140000    0.0000015589830028
-.220000  -.140000    0.0000010109199669
-.180000  -.140000    0.0000004136328011
-.140000  -.140000   -0.0000002173805282
-.100000  -.140000   -0.0000004270775318
-.060000  -.140000   -0.0000011010259404
-.020000  -.140000   -0.0000015287495320
0.020000  -.140000   -0.0000019874341590
0.060000  -.140000   -0.0000022742721686
0.100000  -.140000   -0.0000028522935701
0.140000  -.140000   -0.0000026835085652
0.180000  -.140000   -0.0000030024344009
0.220000  -.140000   -0.0000032012544104
0.260000  -.140000   -0.0000032739904584
0.300000  -.140000   -0.0000025350701288
0.340000  -.140000   -0.0000023887185476
0.380000  -.140000   -0.0000021388924568
0.420000  -.140000   -0.0000017780469911
0.460000  -.140000   -0.0000013422329598
0.500000  -.140000   -0.0000007962105215
0.540000  -.140000   -0.0000001329155360
0.580000  -.140000    0.0000001890103541
0.620000  -.140000    0.0000010148190769
0.660000  -.140000    0.0000019388154274
0.700000  -.140000    0.0000028658566554
0.740000  -.140000    0.0000035659735058
0.780000  -.140000    0.0000045294887670
0.820000  -.140000    0.0000052563178473
0.860000  -.140000    0.0000058709828544
0.900000  -.140000    0.0000061582732835
0.940000  -.140000    0.0000061077529752
0.980000  -.140000    0.0000052856194653
-.820000  -.100000    0.0000003935119643
-.780000  -.100000    0.0000009386620888
-.740000  -.100000    0.0000014599530611
-.700000  -.100000    0.0000019169869257
-.660000  -.100000    0.0000023728127091
-.620000  -.100000    0.0000027520244609
-.580000  -.100000    0.0000028861841330
-.540000  -.100000    0.0000030203260488
-.500000  -.100000    0.0000030438639303
-.460000  -.100000    0.0000029661264564
-.420000  -.100000    0.0000027924105125
-.380000  -.100000    0.0000025235943025
-.340000  -.100000    0.0000021701324401
-.300000  -.100000    0.0000017494421781
-.260000  -.100000    0.0000012729331012
-.220000  -.100000    0.0000007474792076
-.180000  -.100000    0.0000001884647151
-.140000  -.100000    0.0000002243126563
-.100000  -.100000   -0.0000004284575684
-.060000  -.100000   -0.0000010822128023
-.020000  -.100000   -0.0000014464874601
0.020000  -.100000   -0.0000019219827217
0.060000  -.100000   -0.0000021519832301
0.100000  -.100000   -0.0000026658655487
0.140000  -.100000   -0.0000030754685659
0.180000  -.100000   -0.0000026082581937
0.220000  -.100000   -0.0000027593444995
0.260000  -.100000   -0.0000027934592440
0.300000  -.100000   -0.0000027367821892
0.340000  -.100000   -0.0000025343594078
0.380000  -.100000   -0.0000022651125267
0.420000  -.100000   -0.0000019032078740
0.460000  -.100000   -0.0000014378666670
0.500000  -.100000   -0.0000008094942417
0.540000  -.100000   -0.0000002039913065
0.580000  -.100000    0.0000005420762185
0.620000  -.100000    0.0000010121276282
0.660000  -.100000    0.0000018831199205
0.700000  -.100000    0.0000028509648143
0.740000  -.100000    0.0000035640667114
0.780000  -.100000    0.0000045518656361
0.820000  -.100000    0.0000052605272622
0.860000  -.100000    0.0000058934401258
0.900000  -.100000    0.0000063613804522
0.940000  -.100000    0.0000061667746095
0.980000  -.100000    0.0000054160360507
-.820000  -.060000    0.0000004390803321
-.780000  -.060000    0.0000009785610394
-.740000  -.060000    0.0000014570578425
-.700000  -.060000    0.0000019597496044
-.660000  -.060000    0.0000024165480765
-.620000  -.060000    0.0000026876840505
-.580000  -.060000    0.0000029455233162
-.540000  -.060000    0.0000030899704666
-.500000  -.060000    0.0000031268445039
-.460000  -.060000    0.0000030650071894
-.420000  -.060000    0.0000029091691354
-.380000  -.060000    0.0000026626193924
-.340000  -.060000    0.0000023373541169
-.300000  -.060000    0.0000019461397065
-.260000  -.060000    0.0000015022448398
-.220000  -.060000    0.0000010145447883
-.180000  -.060000    0.0000004958438555
-.140000  -.060000   -0.0000000468129194
-.100000  -.060000   -0.0000006110229601
-.060000  -.060000   -0.0000006184945640
-.020000  -.060000   -0.0000013785305697
0.020000  -.060000   -0.0000018804139436
0.060000  -.060000   -0.0000025960926876
0.100000  -.060000   -0.0000023586339960
0.140000  -.060000   -0.0000026618038308
0.180000  -.060000   -0.0000028646848437
0.220000  -.060000   -0.0000029714515822
0.260000  -.060000   -0.0000029668935863
0.300000  -.060000   -0.0000028801871359
0.340000  -.060000   -0.0000026501423457
0.380000  -.060000   -0.0000023695528459
0.420000  -.060000   -0.0000020269562210
0.460000  -.060000   -0.0000013856098742
0.500000  -.060000   -0.0000009622720369
0.540000  -.060000   -0.0000001745149070
0.580000  -.060000    0.0000004543034750
0.620000  -.060000    0.0000013787853651
0.660000  -.060000    0.0000018666033559
0.700000  -.060000    0.0000028585399775
0.740000  -.060000    0.0000038198534204
0.780000  -.060000    0.0000045569817015
0.820000  -.060000    0.0000052595197014
0.860000  -.060000    0.0000059144130262
0.900000  -.060000    0.0000063924764648
0.940000  -.060000    0.0000063596647909
0.980000  -.060000    0.0000055322437102
-.820000  -.020000    0.0000004612550357
-.780000  -.020000    0.0000009979238652
-.740000  -.020000    0.0000014769490605
-.700000  -.020000    0.0000019800664208
-.660000  -.020000    0.0000024376443494
-.620000  -.020000    0.0000027142494896
-.580000  -.020000    0.0000029748233439
-.540000  -.020000    0.0000031257025329
-.500000  -.020000    0.0000031689373630
-.460000  -.020000    0.0000031162669366
-.420000  -.020000    0.0000029700644253
-.380000  -.020000    0.0000027369467863
-.340000  -.020000    0.0000024261927902
-.300000  -.020000    0.0000020539500235
-.260000  -.020000    0.0000016294019300
-.220000  -.020000    0.0000011695306993
-.180000  -.020000    0.0000006850170403
-.140000  -.020000    0.0000001871936717
-.100000  -.020000   -0.0000003123219017
-.060000  -.020000   -0.0000008126816179
-.020000  -.020000   -0.0000013621052637
0.020000  -.020000   -0.0000018382250073
0.060000  -.020000   -0.0000023036708267
0.100000  -.020000   -0.0000026274263833
0.140000  -.020000   -0.0000028618946740
0.180000  -.020000   -0.0000030187355200
0.220000  -.020000   -0.0000030892154810
0.260000  -.020000   -0.0000030652747519
0.300000  -.020000   -0.0000029453046274
0.340000  -.020000   -0.0000027120975263
0.380000  -.020000   -0.0000024104800877
0.420000  -.020000   -0.0000020384593089
0.460000  -.020000   -0.0000014424242128
0.500000  -.020000   -0.0000010114370276
0.540000  -.020000   -0.0000003239360904
0.580000  -.020000    0.0000007288525267
0.620000  -.020000    0.0000012612736513
0.660000  -.020000    0.0000018833694815
0.700000  -.020000    0.0000028583307172
0.740000  -.020000    0.0000038289928682
0.780000  -.020000    0.0000045504938833
0.820000  -.020000    0.0000052620099839
0.860000  -.020000    0.0000059244180870
0.900000  -.020000    0.0000064040309292
0.940000  -.020000    0.0000063826296772
0.980000  -.020000    0.0000056743475807
-.820000  0.020000    0.0000004612550357
-.780000  0.020000    0.0000009979238652
-.740000  0.020000    0.0000014769490605
-.700000  0.020000    0.0000019800664208
-.660000  0.020000    0.0000024376443494
-.620000  0.020000    0.0000027142494896
-.580000  0.020000    0.0000029748233439
-.540000  0.020000    0.0000031257025329
-.500000  0.020000    0.0000031689373630
-.460000  0.020000    0.0000031162669366
-.420000  0.020000    0.0000029700644253
-.380000  0.020000    0.0000027369467863
-.340000  0.020000    0.0000024261927902
-.300000  0.020000    0.0000020539500235
-.260000  0.020000    0.0000016294019300
-.220000  0.020000    0.0000011695306993
-.180000  0.020000    0.0000006850170403
-.140000  0.020000    0.0000001871936717
-.100000  0.020000   -0.0000003123219017
-.060000  0.020000   -0.0000008126816179
-.020000  0.020000   -0.0000013621052637
0.020000  0.020000   -0.0000018382250073
0.060000  0.020000   -0.0000023036708267
0.100000  0.020000   -0.0000026274263833
0.140000  0.020000   -0.0000028618946740
0.180000  0.020000   -0.0000030187355200
0.220000  0.020000   -0.0000030892154810
0.260000  0.020000   -0.0000030652747519
0.300000  0.020000   -0.0000029453046274
0.340000  0.020000   -0.0000027120975263
0.380000  0.020000   -0.0000024104800877
0.420000  0.020000   -0.0000020384593089
0.460000  0.020000   -0.0000014424242128
0.500000  0.020000   -0.0000010114370276
0.540000  0.020000   -0.0000003239360904
0.580000  0.020000    0.0000007288525267
0.620000  0.020000    0.0000012612736513
0.660000  0.020000    0.0000018833694815
0.700000  0.020000    0.0000028583307172
0.740000  0.020000    0.0000038289928682
0.780000  0.020000    0.0000045504938833
0.820000  0.020000    0.0000052620099839
0.860000  0.020000    0.0000059244180870
0.900000  0.020000    0.0000064040309292
0.940000  0.020000    0.0000063826296772
0.980000  0.020000    0.0000056743475807
-.820000  0.060000    0.0000004390803321
-.780000  0.060000    0.0000009785610394
-.740000  0.060000    0.0000014570578425
-.700000  0.060000    0.0000019597496044
-.660000  0.060000    0.0000024165480765
-.620000  0.060000    0.0000026876840505
-.580000  0.060000    0.0000029455233162
-.540000  0.060000    0.0000030899704666
-.500000  0.060000    0.0000031268445039
-.460000  0.060000    0.0000030650071894
-.420000  0.060000    0.0000029091691354
-.380000  0.060000    0.0000026626193924
-.340000  0.060000    0.0000023373541169
-.300000  0.060000    0.0000019461397065
-.260000  0.060000    0.0000015022448398
-.220000  0.060000    0.0000010145447883
-.180000  0.060000    0.0000004958438555
-.140000  0.060000   -0.0000000468129194
-.100000  0.060000   -0.0000006110229601
-.060000  0.060000   -0.0000006184945640
-.020000  0.060000   -0.0000013785305697
0.020000  0.060000   -0.0000018804139436
0.060000  0.060000   -0.0000025960926876
0.100000  0.060000   -0.0000023586339960
0.140000  0.060000   -0.0000026618038308
0.180000  0.060000   -0.0000028646848437
0.220000  0.060000   -0.0000029714515822
0.260000  0.060000   -0.0000029668935863
0.300000  0.060000   -0.0000028801871359
0.340000  0.060000   -0.0000026501423457
0.380000  0.060000   -0.0000023695528459
0.420000  0.060000   -0.0000020269562210
0.460000  0.060000   -0.0000013856098742
0.500000  0.060000   -0.0000009622720369
0.540000  0.060000   -0.0000001745149070
0.580000  0.060000    0.0000004543034750
0.620000  0.060000    0.0000013787853651
0.660000  0.060000    0.0000018666033559
0.700000  0.060000    0.0000028585399775
0.740000  0.060000    0.0000038198534204
0.780000  0.060000    0.0000045569817015
0.820000  0.060000    0.0000052595197014
0.860000  0.060000    0.0000059144130262
0.900000  0.060000    0.0000063924764648
0.940000  0.060000    0.0000063596647909
0.980000  0.060000    0.0000055322437102
-.820000  0.100000    0.0000003935119643
-.780000  0.100000    0.0000009386620888
-.740000  0.100000    0.0000014599530611
-.700000  0.100000    0.0000019169869257
-.660000  0.100000    0.0000023728127091
-.620000  0.100000    0.0000027520244609
-.580000  0.100000    0.0000028861841330
-.540000  0.100000    0.0000030203260488
-.500000  0.100000    0.0000030438639303
-.460000  0.100000    0.0000029661264564
-.420000  0.100000    0.0000027924105125
-.380000  0.100000    0.0000025235943025
-.340000  0.100000    0.0000021701324401
-.300000  0.100000    0.0000017494421781
-.260000  0.100000    0.0000012729331012
-.220000  0.100000    0.0000007474792076
-.180000  0.100000    0.0000001884647151
-.140000  0.100000    0.0000002243126563
-.100000  0.100000   -0.0000004284575684
-.060000  0.100000   -0.0000010822128023
-.020000  0.100000   -0.0000014464874601
0.020000  0.100000   -0.0000019219827217
0.060000  0.100000   -0.0000021519832301
0.100000  0.100000   -0.0000026658655487
0.140000  0.100000   -0.0000030754685659
0.180000  0.100000   -0.0000026082581937
0.220000  0.100000   -0.0000027593444995
0.260000  0.100000   -0.0000027934592440
0.300000  0.100000   -0.0000027367821892
0.340000  0.100000   -0.0000025343594078
0.380000  0.100000   -0.0000022651125267
0.420000  0.100000   -0.0000019032078740
0.460000  0.100000   -0.0000014378666670
0.500000  0.100000   -0.0000008094942417
0.540000  0.100000   -0.0000002039913065
0.580000  0.100000    0.0000005420762185
0.620000  0.100000    0.0000010121276282
0.660000  0.100000    0.0000018831199205
0.700000  0.100000    0.0000028509648143
0.740000  0.100000    0.0000035640667114
0.780000  0.100000    0.0000045518656361
0.820000  0.100000    0.0000052605272622
0.860000  0.100000    0.0000058934401258
0.900000  0.100000    0.0000063613804522
0.940000  0.100000    0.0000061667746095
0.980000  0.100000    0.0000054160360507
-.820000  0.140000    0.0000003239835464
-.780000  0.140000    0.0000008785815635
-.740000  0.140000    0.0000014046059033
-.700000  0.140000    0.0000018528507155
-.660000  0.140000    0.0000023060353577
-.620000  0.140000    0.0000026794722547
-.580000  0.140000    0.0000029560341750
-.540000  0.140000    0.0000029214129801
-.500000  0.140000    0.0000029261839827
-.460000  0.140000    0.0000028309533129
-.420000  0.140000    0.0000026287289740
-.380000  0.140000    0.0000023296174312
-.340000  0.140000    0.0000019459708907
-.300000  0.140000    0.0000014915920217
-.260000  0.140000    0.0000015589830028
-.220000  0.140000    0.0000010109199669
-.180000  0.140000    0.0000004136328011
-.140000  0.140000   -0.0000002173805282
-.100000  0.140000   -0.0000004270775318
-.060000  0.140000   -0.0000011010259404
-.020000  0.140000   -0.0000015287495320
0.020000  0.140000   -0.0000019874341590
0.060000  0.140000   -0.0000022742721686
0.100000  0.140000   -0.0000028522935701
0.140000  0.140000   -0.0000026835085652
0.180000  0.140000   -0.0000030024344009
0.220000  0.140000   -0.0000032012544104
0.260000  0.140000   -0.0000032739904584
0.300000  0.140000   -0.0000025350701288
0.340000  0.140000   -0.0000023887185476
0.380000  0.140000   -0.0000021388924568
0.420000  0.140000   -0.0000017780469911
0.460000  0.140000   -0.0000013422329598
0.500000  0.140000   -0.0000007962105215
0.540000  0.140000   -0.0000001329155360
0.580000  0.140000    0.0000001890103541
0.620000  0.140000    0.0000010148190769
0.660000  0.140000    0.0000019388154274
0.700000  0.140000    0.0000028658566554
0.740000  0.140000    0.0000035659735058
0.780000  0.140000    0.0000045294887670
0.820000  0.140000    0.0000052563178473
0.860000  0.140000    0.0000058709828544
0.900000  0.140000    0.0000061582732835
0.940000  0.140000    0.0000061077529752
0.980000  0.140000    0.0000052856194653
-.820000  0.180000    0.0000002480014748
-.780000  0.180000    0.0000008390863436
-.740000  0.180000    0.0000013259353940
-.700000  0.180000    0.0000018247920043
-.660000  0.180000    0.0000022166327635
-.620000  0.180000    0.0000025829417413
-.580000  0.180000    0.0000028509033301
-.540000  0.180000    0.0000030028362082
-.500000  0.180000    0.0000030493046527
-.460000  0.180000    0.0000029800516756
-.420000  0.180000    0.0000028031620385
-.380000  0.180000    0.0000025291260155
-.340000  0.180000    0.0000021691952910
-.300000  0.180000    0.0000017201509688
-.260000  0.180000    0.0000011978618410
-.220000  0.180000    0.0000006207792439
-.180000  0.180000    0.0000004898110200
-.140000  0.180000   -0.0000001709680743
-.100000  0.180000   -0.0000008121739737
-.060000  0.180000   -0.0000011619955343
-.020000  0.180000   -0.0000016150706169
0.020000  0.180000   -0.0000020651202916
0.060000  0.180000   -0.0000023755698483
0.100000  0.180000   -0.0000024635476681
0.140000  0.180000   -0.0000029166985259
0.180000  0.180000   -0.0000032872403839
0.220000  0.180000   -0.0000028681785819
0.260000  0.180000   -0.0000029770371650
0.300000  0.180000   -0.0000029664577358
0.340000  0.180000   -0.0000028308767242
0.380000  0.180000   -0.0000025800613808
0.420000  0.180000   -0.0000022212760632
0.460000  0.180000   -0.0000017461460005
0.500000  0.180000   -0.0000011743945537
0.540000  0.180000   -0.0000005114794148
0.580000  0.180000    0.0000002395118261
0.620000  0.180000    0.0000010744965615
0.660000  0.180000    0.0000019479788810
0.700000  0.180000    0.0000026056448034
0.740000  0.180000    0.0000035768861701
0.780000  0.180000    0.0000043230058414
0.820000  0.180000    0.0000050521484494
0.860000  0.180000    0.0000056738821905
0.900000  0.180000    0.0000061070939836
0.940000  0.180000    0.0000058903875344
0.980000  0.180000    0.0000051321931477
-.820000  0.220000    0.0000001231627801
-.780000  0.220000    0.0000007346245010
-.740000  0.220000    0.0000012716921999
-.700000  0.220000    0.0000017259676836
-.660000  0.220000    0.0000021800880462
-.620000  0.220000    0.0000024674493529
-.580000  0.220000    0.0000027220713225
-.540000  0.220000    0.0000028574534692
-.500000  0.220000    0.0000028815807760
-.460000  0.220000    0.0000027813239167
-.420000  0.220000    0.0000025714927288
-.380000  0.220000    0.0000022666496483
-.340000  0.220000    0.0000018703467322
-.300000  0.220000    0.0000013889435182
-.260000  0.220000    0.0000012942492788
-.220000  0.220000    0.0000007089329069
-.180000  0.220000    0.0000000842142941
-.140000  0.220000   -0.0000002072138298
-.100000  0.220000   -0.0000008413775075
-.060000  0.220000   -0.0000012477812143
-.020000  0.220000   -0.0000017139827813
0.020000  0.220000   -0.0000021555085733
0.060000  0.220000   -0.0000024809400492
0.100000  0.220000   -0.0000026262935470
0.140000  0.220000   -0.0000031036355361
0.180000  0.220000   -0.0000029191202965
0.220000  0.220000   -0.0000031725121214
0.260000  0.220000   -0.0000033101052034
0.300000  0.220000   -0.0000026997135630
0.340000  0.220000   -0.0000026001996176
0.380000  0.220000   -0.0000023797690572
0.420000  0.220000   -0.0000020502974503
0.460000  0.220000   -0.0000016106735145
0.500000  0.220000   -0.0000010650151443
0.540000  0.220000   -0.0000004195477069
0.580000  0.220000    0.0000003109684574
0.620000  0.220000    0.0000011157352085
0.660000  0.220000    0.0000016885923349
0.700000  0.220000    0.0000026301038842
0.740000  0.220000    0.0000033651017246
0.780000  0.220000    0.0000043174369969
0.820000  0.220000    0.0000050443642894
0.860000  0.220000    0.0000056533006024
0.900000  0.220000    0.0000059066096812
0.940000  0.220000    0.0000056655718669
-.780000  0.260000    0.0000006422717319
-.740000  0.260000    0.0000011557963923
-.700000  0.260000    0.0000016560402152
-.660000  0.260000    0.0000020560000432
-.620000  0.260000    0.0000024339262537
-.580000  0.260000    0.0000027071687343
-.540000  0.260000    0.0000028697170670
-.500000  0.260000    0.0000029103500818
-.460000  0.260000    0.0000028357346899
-.420000  0.260000    0.0000026489804614
-.380000  0.260000    0.0000023493420344
-.340000  0.260000    0.0000019536602602
-.300000  0.260000    0.0000014744988875
-.260000  0.260000    0.0000009329160627
-.220000  0.260000    0.0000007056926519
-.180000  0.260000    0.0000000796590268
-.140000  0.260000   -0.0000002896492271
-.100000  0.260000   -0.0000009064209072
-.060000  0.260000   -0.0000013507469344
-.020000  0.260000   -0.0000018229849811
0.020000  0.260000   -0.0000022594446275
0.060000  0.260000   -0.0000025929527644
0.100000  0.260000   -0.0000027664654240
0.140000  0.260000   -0.0000032574372189
0.180000  0.260000   -0.0000031254311927
0.220000  0.260000   -0.0000034045836069
0.260000  0.260000   -0.0000029874370331
0.300000  0.260000   -0.0000030204612023
0.340000  0.260000   -0.0000029283593937
0.380000  0.260000   -0.0000027165900793
0.420000  0.260000   -0.0000023843449537
0.460000  0.260000   -0.0000019386211684
0.500000  0.260000   -0.0000013796450305
0.540000  0.260000   -0.0000007199394039
0.580000  0.260000    0.0000000305606603
0.620000  0.260000    0.0000008577082611
0.660000  0.260000    0.0000017417756956
0.700000  0.260000    0.0000024236896220
0.740000  0.260000    0.0000033911049808
0.780000  0.260000    0.0000041528042455
0.820000  0.260000    0.0000048830302102
0.860000  0.260000    0.0000054790120587
0.900000  0.260000    0.0000057099140352
0.940000  0.260000    0.0000053358144985
-.780000  0.300000    0.0000004792804525
-.740000  0.300000    0.0000010604347941
-.700000  0.300000    0.0000015199049598
-.660000  0.300000    0.0000019794263640
-.620000  0.300000    0.0000022843810053
-.580000  0.300000    0.0000025504334925
-.540000  0.300000    0.0000026994358026
-.500000  0.300000    0.0000027186771754
-.460000  0.300000    0.0000026162814769
-.420000  0.300000    0.0000024038850783
-.380000  0.300000    0.0000020738573006
-.340000  0.300000    0.0000019827590518
-.300000  0.300000    0.0000015017007164
-.260000  0.300000    0.0000009535728686
-.220000  0.300000    0.0000003630791149
-.180000  0.300000    0.0000000351210709
-.140000  0.300000   -0.0000005762043259
-.100000  0.300000   -0.0000009872517200
-.060000  0.300000   -0.0000014480230978
-.020000  0.300000   -0.0000019181238082
0.020000  0.300000   -0.0000023499815566
0.060000  0.300000   -0.0000026857957944
0.100000  0.300000   -0.0000028844987443
0.140000  0.300000   -0.0000029259194436
0.180000  0.300000   -0.0000033049335879
0.220000  0.300000   -0.0000030615644423
0.260000  0.300000   -0.0000032267398371
0.300000  0.300000   -0.0000032753042493
0.340000  0.300000   -0.0000031976796826
0.380000  0.300000   -0.0000024788740403
0.420000  0.300000   -0.0000021729511616
0.460000  0.300000   -0.0000017521272172
0.500000  0.300000   -0.0000012224777879
0.540000  0.300000   -0.0000005877195494
0.580000  0.300000    0.0000001366254284
0.620000  0.300000    0.0000009345478473
0.660000  0.300000    0.0000015499427246
0.700000  0.300000    0.0000024824418983
0.740000  0.300000    0.0000032420386809
0.780000  0.300000    0.0000041630406420
0.820000  0.300000    0.0000048681552017
0.860000  0.300000    0.0000053263932418
0.900000  0.300000    0.0000055180623607
0.940000  0.300000    0.0000051105433035
-.780000  0.340000    0.0000003077509431
-.740000  0.340000    0.0000008912997038
-.700000  0.340000    0.0000014153715562
-.660000  0.340000    0.0000018201538053
-.620000  0.340000    0.0000022100171343
-.580000  0.340000    0.0000024968200612
-.540000  0.340000    0.0000026647621227
-.500000  0.340000    0.0000027054136017
-.460000  0.340000    0.0000026248988911
-.420000  0.340000    0.0000024168365097
-.380000  0.340000    0.0000021036809943
-.340000  0.340000    0.0000016926980427
-.300000  0.340000    0.0000014874337134
-.260000  0.340000    0.0000009449746875
-.220000  0.340000    0.0000003572557847
-.180000  0.340000   -0.0000000198351329
-.140000  0.340000   -0.0000006203022937
-.100000  0.340000   -0.0000010593438975
-.060000  0.340000   -0.0000015348490258
-.020000  0.340000   -0.0000020073725978
0.020000  0.340000   -0.0000024362417588
0.060000  0.340000   -0.0000027768023588
0.100000  0.340000   -0.0000029911103478
0.140000  0.340000   -0.0000030551214778
0.180000  0.340000   -0.0000034351379000
0.220000  0.340000   -0.0000032474092115
0.260000  0.340000   -0.0000034193036515
0.300000  0.340000   -0.0000034729817734
0.340000  0.340000   -0.0000029075388044
0.380000  0.340000   -0.0000027200446171
0.420000  0.340000   -0.0000024099202424
0.460000  0.340000   -0.0000019835031658
0.500000  0.340000   -0.0000014428950341
0.540000  0.340000   -0.0000007944470320
0.580000  0.340000   -0.0000000549700880
0.620000  0.340000    0.0000007583293027
0.660000  0.340000    0.0000016276481492
0.700000  0.340000    0.0000023562563020
0.740000  0.340000    0.0000032842387536
0.780000  0.340000    0.0000040519338919
0.820000  0.340000    0.0000047528486023
0.860000  0.340000    0.0000051961778704
0.900000  0.340000    0.0000052235344086
0.940000  0.340000    0.0000047504368856
-.780000  0.380000    0.0000000791266992
-.740000  0.380000    0.0000007342693771
-.700000  0.380000    0.0000012864284637
-.660000  0.380000    0.0000017074984794
-.620000  0.380000    0.0000021124061943
-.580000  0.380000    0.0000024185197518
-.540000  0.380000    0.0000026028366340
-.500000  0.380000    0.0000026661650062
-.460000  0.380000    0.0000025986687162
-.420000  0.380000    0.0000024108016904
-.380000  0.380000    0.0000021065161041
-.340000  0.380000    0.0000016988468643
-.300000  0.380000    0.0000012126130601
-.260000  0.380000    0.0000009156091478
-.220000  0.380000    0.0000003342212134
-.180000  0.380000   -0.0000000782387207
-.140000  0.380000   -0.0000006670437384
-.100000  0.380000   -0.0000011257903222
-.060000  0.380000   -0.0000016060632997
-.020000  0.380000   -0.0000020771815604
0.020000  0.380000   -0.0000024995748948
0.060000  0.380000   -0.0000028381696646
0.100000  0.380000   -0.0000030630051841
0.140000  0.380000   -0.0000031610057806
0.180000  0.380000   -0.0000035335609567
0.220000  0.380000   -0.0000033801776658
0.260000  0.380000   -0.0000035517144140
0.300000  0.380000   -0.0000031474547812
0.340000  0.380000   -0.0000030825710022
0.380000  0.380000   -0.0000028940316304
0.420000  0.380000   -0.0000025789959077
0.460000  0.380000   -0.0000021441047567
0.500000  0.380000   -0.0000015927923530
0.540000  0.380000   -0.0000009339477738
0.580000  0.380000   -0.0000001817193313
0.620000  0.380000    0.0000006472722287
0.660000  0.380000    0.0000015249149042
0.700000  0.380000    0.0000022883730049
0.740000  0.380000    0.0000032128072979
0.780000  0.380000    0.0000039879102973
0.820000  0.380000    0.0000046723950771
0.860000  0.380000    0.0000050846138921
0.900000  0.380000    0.0000050167311911
-.740000  0.420000    0.0000005257770891
-.700000  0.420000    0.0000010736323680
-.660000  0.420000    0.0000015733345859
-.620000  0.420000    0.0000019958818878
-.580000  0.420000    0.0000022327871718
-.540000  0.420000    0.0000024205380702
-.500000  0.420000    0.0000024803491948
-.460000  0.420000    0.0000024022101072
-.420000  0.420000    0.0000021968760076
-.380000  0.420000    0.0000020946100534
-.340000  0.420000    0.0000017015942733
-.300000  0.420000    0.0000012237911779
-.260000  0.420000    0.0000008967443218
-.220000  0.420000    0.0000003220760430
-.180000  0.420000   -0.0000001145908054
-.140000  0.420000   -0.0000006943637665
-.100000  0.420000   -0.0000011643291571
-.060000  0.420000   -0.0000016472052030
-.020000  0.420000   -0.0000021160078839
0.020000  0.420000   -0.0000025347342976
0.060000  0.420000   -0.0000028763821424
0.100000  0.420000   -0.0000031063073034
0.140000  0.420000   -0.0000032203934271
0.180000  0.420000   -0.0000035825596945
0.220000  0.420000   -0.0000034637337984
0.260000  0.420000   -0.0000036255110053
0.300000  0.420000   -0.0000032629074813
0.340000  0.420000   -0.0000031927230308
0.380000  0.420000   -0.0000029943936882
0.420000  0.420000   -0.0000023096110135
0.460000  0.420000   -0.0000018928822927
0.500000  0.420000   -0.0000013615609764
0.540000  0.420000   -0.0000007310242793
0.580000  0.420000   -0.0000000069161365
0.620000  0.420000    0.0000006113338750
0.660000  0.420000    0.0000014952512445
0.700000  0.420000    0.0000023882084070
0.740000  0.420000    0.0000031998295681
0.780000  0.420000    0.0000039714269285
0.820000  0.420000    0.0000045749294219
0.860000  0.420000    0.0000049147781265
0.900000  0.420000    0.0000048501413222
-.740000  0.460000    0.0000002436484360
-.700000  0.460000    0.0000009276986895
-.660000  0.460000    0.0000014125488181
-.620000  0.460000    0.0000018592560005
-.580000  0.460000    0.0000021279955412
-.540000  0.460000    0.0000023457970183
-.500000  0.460000    0.0000024339513814
-.460000  0.460000    0.0000023813453655
-.420000  0.460000    0.0000022003416537
-.380000  0.460000    0.0000020897485641
-.340000  0.460000    0.0000017068457816
-.300000  0.460000    0.0000012354812573
-.260000  0.460000    0.0000008914039904
-.220000  0.460000    0.0000003218354976
-.180000  0.460000   -0.0000001250120335
-.140000  0.460000   -0.0000006980487595
-.100000  0.460000   -0.0000011714332871
-.060000  0.460000   -0.0000016524546060
-.020000  0.460000   -0.0000021144409771
0.020000  0.460000   -0.0000025274448458
0.060000  0.460000   -0.0000028679135728
0.100000  0.460000   -0.0000031098354952
0.140000  0.460000   -0.0000032376120227
0.180000  0.460000   -0.0000035783101384
0.220000  0.460000   -0.0000034911773255
0.260000  0.460000   -0.0000036350860999
0.300000  0.460000   -0.0000033103410278
0.340000  0.460000   -0.0000032270288570
0.380000  0.460000   -0.0000030164899781
0.420000  0.460000   -0.0000023726614357
0.460000  0.460000   -0.0000019397378035
0.500000  0.460000   -0.0000013961759987
0.540000  0.460000   -0.0000007497150420
0.580000  0.460000   -0.0000000174135187
0.620000  0.460000    0.0000006617223353
0.660000  0.460000    0.0000015409028504
0.700000  0.460000    0.0000023727460261
0.740000  0.460000    0.0000032434889424
0.780000  0.460000    0.0000039973133855
0.820000  0.460000    0.0000045694773004
0.860000  0.460000    0.0000047602181658
-.700000  0.500000    0.0000006579129781
-.660000  0.500000    0.0000012120576970
-.620000  0.500000    0.0000016979535996
-.580000  0.500000    0.0000019992791772
-.540000  0.500000    0.0000022559684349
-.500000  0.500000    0.0000023766582141
-.460000  0.500000    0.0000023581179308
-.420000  0.500000    0.0000022012658877
-.380000  0.500000    0.0000020954240360
-.340000  0.500000    0.0000017275880987
-.300000  0.500000    0.0000012719880348
-.260000  0.500000    0.0000009197399751
-.220000  0.500000    0.0000003603252213
-.180000  0.500000   -0.0000000905945463
-.140000  0.500000   -0.0000006594372455
-.100000  0.500000   -0.0000011330394954
-.060000  0.500000   -0.0000016090414666
-.020000  0.500000   -0.0000020648100880
0.020000  0.500000   -0.0000024734288759
0.060000  0.500000   -0.0000028111360064
0.100000  0.500000   -0.0000030585945179
0.140000  0.500000   -0.0000032023922998
0.180000  0.500000   -0.0000035136388968
0.220000  0.500000   -0.0000034524921985
0.260000  0.500000   -0.0000035725386588
0.300000  0.500000   -0.0000032824985540
0.340000  0.500000   -0.0000031782691775
0.380000  0.500000   -0.0000029496205953
0.420000  0.500000   -0.0000023461906127
0.460000  0.500000   -0.0000018991758537
0.500000  0.500000   -0.0000013405112441
0.540000  0.500000   -0.0000006798028384
0.580000  0.500000    0.0000000626672864
0.620000  0.500000    0.0000007990210017
0.660000  0.500000    0.0000016673105924
0.700000  0.500000    0.0000025296043684
0.740000  0.500000    0.0000033659175976
0.780000  0.500000    0.0000040807048259
0.820000  0.500000    0.0000045668437840
0.860000  0.500000    0.0000047568591131
-.700000  0.540000    0.0000002816260532
-.660000  0.540000    0.0000009504128856
-.620000  0.540000    0.0000014985447967
-.580000  0.540000    0.0000018423676894
-.540000  0.540000    0.0000021444908187
-.500000  0.540000    0.0000023096031346
-.460000  0.540000    0.0000023303319597
-.420000  0.540000    0.0000022068958116
-.380000  0.540000    0.0000021197095043
-.340000  0.540000    0.0000017727843700
-.300000  0.540000    0.0000013346469459
-.260000  0.540000    0.0000009902939262
-.220000  0.540000    0.0000004377869828
-.180000  0.540000   -0.0000000078417536
-.140000  0.540000   -0.0000005747293340
-.100000  0.540000   -0.0000010414116356
-.060000  0.540000   -0.0000015108916307
-.020000  0.540000   -0.0000019565519797
0.020000  0.540000   -0.0000023594166825
0.060000  0.540000   -0.0000026948159771
0.100000  0.540000   -0.0000029462862934
0.140000  0.540000   -0.0000031020103383
0.180000  0.540000   -0.0000033773960122
0.220000  0.540000   -0.0000033386295843
0.260000  0.540000   -0.0000034282026070
0.300000  0.540000   -0.0000031709365659
0.340000  0.540000   -0.0000030415703472
0.380000  0.540000   -0.0000027895298324
0.420000  0.540000   -0.0000022282276723
0.460000  0.540000   -0.0000017633801686
0.500000  0.540000   -0.0000011872613224
0.540000  0.540000   -0.0000005149360115
0.580000  0.540000    0.0000002322170807
0.620000  0.540000    0.0000010248707455
0.660000  0.540000    0.0000018735365083
0.700000  0.540000    0.0000027430670566
0.740000  0.540000    0.0000035468394020
0.780000  0.540000    0.0000042225277678
0.820000  0.540000    0.0000046050099720
-.660000  0.580000    0.0000006409476443
-.620000  0.580000    0.0000012360780354
-.580000  0.580000    0.0000017330869176
-.540000  0.580000    0.0000020019405058
-.500000  0.580000    0.0000022222978427
-.460000  0.580000    0.0000022939054835
-.420000  0.580000    0.0000022175922967
-.380000  0.580000    0.0000021648603394
-.340000  0.580000    0.0000018490193677
-.300000  0.580000    0.0000014298966972
-.260000  0.580000    0.0000010992530061
-.220000  0.580000    0.0000005605721672
-.180000  0.580000    0.0000001290842062
-.140000  0.580000   -0.0000003432256523
-.100000  0.580000   -0.0000008927694586
-.060000  0.580000   -0.0000013490261001
-.020000  0.580000   -0.0000017845830994
0.020000  0.580000   -0.0000021774983716
0.060000  0.580000   -0.0000025098192399
0.100000  0.580000   -0.0000027630220868
0.140000  0.580000   -0.0000030730485558
0.180000  0.580000   -0.0000031609483526
0.220000  0.580000   -0.0000031421633644
0.260000  0.580000   -0.0000031957569278
0.300000  0.580000   -0.0000029695379086
0.340000  0.580000   -0.0000028088503563
0.380000  0.580000   -0.0000025278076159
0.420000  0.580000   -0.0000020100147150
0.460000  0.580000   -0.0000015248775448
0.500000  0.580000   -0.0000009305681914
0.540000  0.580000   -0.0000002510998960
0.580000  0.580000    0.0000005204372433
0.620000  0.580000    0.0000013370592773
0.660000  0.580000    0.0000022268850598
0.700000  0.580000    0.0000030887285717
0.740000  0.580000    0.0000038276076945
0.780000  0.580000    0.0000044115603297
-.660000  0.620000    0.0000001152852420
-.620000  0.620000    0.0000009367941142
-.580000  0.620000    0.0000014685121808
-.540000  0.620000    0.0000019151664666
-.500000  0.620000    0.0000022165978409
-.460000  0.620000    0.0000023669273027
-.420000  0.620000    0.0000023679059655
-.380000  0.620000    0.0000022234131129
-.340000  0.620000    0.0000019442166290
-.300000  0.620000    0.0000015585020626
-.260000  0.620000    0.0000012590420777
-.220000  0.620000    0.0000007342475973
-.180000  0.620000    0.0000003253992609
-.140000  0.620000   -0.0000001220633140
-.100000  0.620000   -0.0000005947298810
-.060000  0.620000   -0.0000011179995311
-.020000  0.620000   -0.0000015386669040
0.020000  0.620000   -0.0000019208234039
0.060000  0.620000   -0.0000022481231784
0.100000  0.620000   -0.0000025635108567
0.140000  0.620000   -0.0000027586231430
0.180000  0.620000   -0.0000028583720949
0.220000  0.620000   -0.0000028582522038
0.260000  0.620000   -0.0000028667155730
0.300000  0.620000   -0.0000026705937600
0.340000  0.620000   -0.0000024749246863
0.380000  0.620000   -0.0000021612989600
0.420000  0.620000   -0.0000017264024062
0.460000  0.620000   -0.0000011873844875
0.500000  0.620000   -0.0000005488812681
0.540000  0.620000    0.0000001676660459
0.580000  0.620000    0.0000009358000380
0.620000  0.620000    0.0000018339657627
0.660000  0.620000    0.0000026089981342
0.700000  0.620000    0.0000035226962235
0.740000  0.620000    0.0000041980442191
0.780000  0.620000    0.0000047214818553
-.620000  0.660000    0.0000003867881063
-.580000  0.660000    0.0000011706190525
-.540000  0.660000    0.0000016463263671
-.500000  0.660000    0.0000020413621881
-.460000  0.660000    0.0000022775393274
-.420000  0.660000    0.0000023547095567
-.380000  0.660000    0.0000022751301522
-.340000  0.660000    0.0000020547483733
-.300000  0.660000    0.0000018869961687
-.260000  0.660000    0.0000014584222868
-.220000  0.660000    0.0000011248334031
-.180000  0.660000    0.0000005810045347
-.140000  0.660000    0.0000001628250885
-.100000  0.660000   -0.0000002766288401
-.060000  0.660000   -0.0000007201121348
-.020000  0.660000   -0.0000011491111310
0.020000  0.660000   -0.0000015412227818
0.060000  0.660000   -0.0000018822449187
0.100000  0.660000   -0.0000021568807788
0.140000  0.660000   -0.0000023532915420
0.180000  0.660000   -0.0000024625773739
0.220000  0.660000   -0.0000025080799830
0.260000  0.660000   -0.0000024370346741
0.300000  0.660000   -0.0000022913591139
0.340000  0.660000   -0.0000020347588107
0.380000  0.660000   -0.0000016862596997
0.420000  0.660000   -0.0000012258650221
0.460000  0.660000   -0.0000006675040710
0.500000  0.660000   -0.0000000242693304
0.540000  0.660000    0.0000006852114924
0.580000  0.660000    0.0000015754669996
0.620000  0.660000    0.0000023270879112
0.660000  0.660000    0.0000033090256863
0.700000  0.660000    0.0000040649600396
0.740000  0.660000    0.0000046475168917
-.580000  0.700000    0.0000006379017548
-.540000  0.700000    0.0000013393623508
-.500000  0.700000    0.0000018806589885
-.460000  0.700000    0.0000022420066892
-.420000  0.700000    0.0000022896482486
-.380000  0.700000    0.0000024579613714
-.340000  0.700000    0.0000023291069047
-.300000  0.700000    0.0000020635545126
-.260000  0.700000    0.0000018643246440
-.220000  0.700000    0.0000014046817398
-.180000  0.700000    0.0000010628383980
-.140000  0.700000    0.0000005108482619
-.100000  0.700000    0.0000001096140709
-.060000  0.700000   -0.0000003006751569
-.020000  0.700000   -0.0000007003666809
0.020000  0.700000   -0.0000010693239452
0.060000  0.700000   -0.0000013941164769
0.100000  0.700000   -0.0000016596941641
0.140000  0.700000   -0.0000018546550582
0.180000  0.700000   -0.0000019195038375
0.220000  0.700000   -0.0000019573869236
0.260000  0.700000   -0.0000018510238634
0.300000  0.700000   -0.0000017135995207
0.340000  0.700000   -0.0000014126457776
0.380000  0.700000   -0.0000010059737226
0.420000  0.700000   -0.0000006249649484
0.460000  0.700000    0.0000000941471248
0.500000  0.700000    0.0000007577798383
0.540000  0.700000    0.0000014629501356
0.580000  0.700000    0.0000023616989029
0.620000  0.700000    0.0000032017525867
0.660000  0.700000    0.0000040071726630
0.700000  0.700000    0.0000046506043628
-.540000  0.740000    0.0000007610155562
-.500000  0.740000    0.0000015391834854
-.460000  0.740000    0.0000019527524410
-.420000  0.740000    0.0000022780163176
-.380000  0.740000    0.0000024235920757
-.340000  0.740000    0.0000023978507316
-.300000  0.740000    0.0000024056596570
-.260000  0.740000    0.0000021115541859
-.220000  0.740000    0.0000019040602528
-.180000  0.740000    0.0000014326268240
-.140000  0.740000    0.0000011031645707
-.100000  0.740000    0.0000007381757627
-.060000  0.740000    0.0000001847595369
-.020000  0.740000   -0.0000001786440196
0.020000  0.740000   -0.0000005204792686
0.060000  0.740000   -0.0000008235041132
0.100000  0.740000   -0.0000009411982463
0.140000  0.740000   -0.0000011374547027
0.180000  0.740000   -0.0000012625649832
0.220000  0.740000   -0.0000011798940493
0.260000  0.740000   -0.0000011485255709
0.300000  0.740000   -0.0000008868875715
0.340000  0.740000   -0.0000006962198133
0.380000  0.740000   -0.0000002613554064
0.420000  0.740000    0.0000002579422974
0.460000  0.740000    0.0000008507024714
0.500000  0.740000    0.0000017112374376
0.540000  0.740000    0.0000023718666738
0.580000  0.740000    0.0000032036136329
0.620000  0.740000    0.0000040411931337
0.660000  0.740000    0.0000047448753742
-.500000  0.780000    0.0000008419161271
-.460000  0.780000    0.0000015574485560
-.420000  0.780000    0.0000020922430283
-.380000  0.780000    0.0000024165935858
-.340000  0.780000    0.0000025503816623
-.300000  0.780000    0.0000025096108610
-.260000  0.780000    0.0000025190243393
-.220000  0.780000    0.0000022133000409
-.180000  0.780000    0.0000020258801439
-.140000  0.780000    0.0000015517042913
-.100000  0.780000    0.0000012566304794
-.060000  0.780000    0.0000009369067445
-.020000  0.780000    0.0000006131831956
0.020000  0.780000    0.0000003029000381
0.060000  0.780000    0.0000000221134251
0.100000  0.780000   -0.0000002165527982
0.140000  0.780000   -0.0000004026935263
0.180000  0.780000   -0.0000003231221068
0.220000  0.780000   -0.0000003779802871
0.260000  0.780000   -0.0000001481180012
0.300000  0.780000   -0.0000000587497320
0.340000  0.780000    0.0000003317594127
0.380000  0.780000    0.0000008001102347
0.420000  0.780000    0.0000013330600917
0.460000  0.780000    0.0000019096035480
0.500000  0.780000    0.0000027485670530
0.540000  0.780000    0.0000035191702695
0.580000  0.780000    0.0000042968599914
0.620000  0.780000    0.0000049641956866
-.460000  0.820000    0.0000007685628236
-.420000  0.820000    0.0000016995653896
-.380000  0.820000    0.0000021621179263
-.340000  0.820000    0.0000025124541627
-.300000  0.820000    0.0000026596370179
-.260000  0.820000    0.0000028351922731
-.220000  0.820000    0.0000026687280877
-.180000  0.820000    0.0000026030522597
-.140000  0.820000    0.0000022249187671
-.100000  0.820000    0.0000020167618634
-.060000  0.820000    0.0000017746264901
-.020000  0.820000    0.0000015137935406
0.020000  0.820000    0.0000012577379481
0.060000  0.820000    0.0000010187386004
0.100000  0.820000    0.0000008116411010
0.140000  0.820000    0.0000006480697802
0.180000  0.820000    0.0000007979387339
0.220000  0.820000    0.0000007465770023
0.260000  0.820000    0.0000010319366997
0.300000  0.820000    0.0000011031106332
0.340000  0.820000    0.0000015183768601
0.380000  0.820000    0.0000019861451409
0.420000  0.820000    0.0000027604851069
0.460000  0.820000    0.0000032618492959
0.500000  0.820000    0.0000039454902736
0.540000  0.820000    0.0000047259875847
-.420000  0.860000    0.0000004647185769
-.380000  0.860000    0.0000015345805309
-.340000  0.860000    0.0000022638094207
-.300000  0.860000    0.0000027091283741
-.260000  0.860000    0.0000029274871221
-.220000  0.860000    0.0000029567583218
-.180000  0.860000    0.0000030622384599
-.140000  0.860000    0.0000028233514410
-.100000  0.860000    0.0000027425789391
-.060000  0.860000    0.0000026074160736
-.020000  0.860000    0.0000024414960526
0.020000  0.860000    0.0000022612351066
0.060000  0.860000    0.0000020851953614
0.100000  0.860000    0.0000019287706082
0.140000  0.860000    0.0000017993117385
0.180000  0.860000    0.0000020122049049
0.220000  0.860000    0.0000019694628088
0.260000  0.860000    0.0000022842712569
0.300000  0.860000    0.0000026423202861
0.340000  0.860000    0.0000030361616095
0.380000  0.860000    0.0000034418257470
0.420000  0.860000    0.0000040739282962
0.460000  0.860000    0.0000047311174328
0.500000  0.860000    0.0000052117690280
-.340000  0.900000    0.0000011663136783
-.300000  0.900000    0.0000020929988997
-.260000  0.900000    0.0000027227514377
-.220000  0.900000    0.0000030761461529
-.180000  0.900000    0.0000032151906512
-.140000  0.900000    0.0000034257216691
-.100000  0.900000    0.0000032732274352
-.060000  0.900000    0.0000032878597992
-.020000  0.900000    0.0000032486130143
0.020000  0.900000    0.0000031735833418
0.060000  0.900000    0.0000030820933411
0.100000  0.900000    0.0000029889108087
0.140000  0.900000    0.0000032193767169
0.180000  0.900000    0.0000031652542273
0.220000  0.900000    0.0000034438915527
0.260000  0.900000    0.0000037369253657
0.300000  0.900000    0.0000040369076169
0.340000  0.900000    0.0000045475606772
0.380000  0.900000    0.0000049375149936
0.420000  0.900000    0.0000053203610100
-.260000  0.940000    0.0000013533033716
-.220000  0.940000    0.0000023747339548
-.180000  0.940000    0.0000030401731950
-.140000  0.940000    0.0000034053519926
-.100000  0.940000    0.0000037920090579
-.060000  0.940000    0.0000037964732376
-.020000  0.940000    0.0000039417237919
0.020000  0.940000    0.0000040173764842
0.060000  0.940000    0.0000040451689542
0.100000  0.940000    0.0000043181171507
0.140000  0.940000    0.0000043043234381
0.180000  0.940000    0.0000045420664767
0.220000  0.940000    0.0000047500230619
0.260000  0.940000    0.0000050963627489
0.300000  0.940000    0.0000052886444811
0.340000  0.940000    0.0000050926783753
-.140000  0.980000    0.0000016330007877
-.100000  0.980000    0.0000028311933873
-.060000  0.980000    0.0000034826676671
-.020000  0.980000    0.0000038253886774
0.020000  0.980000    0.0000041628940647
0.060000  0.980000    0.0000045502206233
0.100000  0.980000    0.0000047899934534
0.140000  0.980000    0.0000048712118468
0.180000  0.980000    0.0000048728508600
