-.140000  -.980000   0.20609170416473019
-.100000  -.980000   0.17344617562331729
-.060000  -.980000   0.15121367115946449
-.020000  -.980000   0.13485924922576614
0.020000  -.980000   0.12862254201087386
0.060000  -.980000   0.13004253712594002
0.100000  -.980000   0.13302821430846334
0.140000  -.980000   0.13913500315874885
0.180000  -.980000   0.16413937403044260
-.260000  -.940000   0.17598844761570887
-.220000  -.940000   0.13794371669329453
-.180000  -.940000   0.11935255575729546
-.140000  -.940000   0.10507931724996317
-.100000  -.940000   0.09911582985033152
-.060000  -.940000   0.08917400291258985
-.020000  -.940000   0.08522980366871255
0.020000  -.940000   0.08188380693110744
0.060000  -.940000   0.07916198141287260
0.100000  -.940000   0.08033855198109388
0.140000  -.940000   0.07885303915933460
0.180000  -.940000   0.08117729812287035
0.220000  -.940000   0.08454289858094292
0.260000  -.940000   0.09248391547762171
0.300000  -.940000   0.10476930010970387
0.340000  -.940000   0.16156378781870473
-.340000  -.900000   0.15675757562043688
-.300000  -.900000   0.12244345312889592
-.260000  -.900000   0.10606602743116733
-.220000  -.900000   0.09326318654880496
-.180000  -.900000   0.08286565455855686
-.140000  -.900000   0.07869886645915482
-.100000  -.900000   0.07083519666366316
-.060000  -.900000   0.06768682369687067
-.020000  -.900000   0.06480767504920129
0.020000  -.900000   0.06224935176566418
0.060000  -.900000   0.06005607061234476
0.100000  -.900000   0.05826830176888660
0.140000  -.900000   0.05923124600777526
0.180000  -.900000   0.05827577268267362
0.220000  -.900000   0.05996999664250889
0.260000  -.900000   0.06222000764572121
0.300000  -.900000   0.06533920831426475
0.340000  -.900000   0.07167940326688597
0.380000  -.900000   0.08095588342490678
0.420000  -.900000   0.10372370954862428
-.380000  -.860000   0.11997296236551883
-.340000  -.860000   0.10335864831433909
-.300000  -.860000   0.09053292696245016
-.260000  -.860000   0.08012250296155729
-.220000  -.860000   0.07142655166261033
-.180000  -.860000   0.06801224188521539
-.140000  -.860000   0.06110761546797756
-.100000  -.860000   0.05826234755526599
-.060000  -.860000   0.05555919549355828
-.020000  -.860000   0.05304752681489069
0.020000  -.860000   0.05077811195269892
0.060000  -.860000   0.04879503950173863
0.100000  -.860000   0.04713386831663097
0.140000  -.860000   0.04582350485932006
0.180000  -.860000   0.04663851461575855
0.220000  -.860000   0.04604314368273189
0.260000  -.860000   0.04750588347130451
0.300000  -.860000   0.04939468225979739
0.340000  -.860000   0.05189386979610115
0.380000  -.860000   0.05531102908622750
0.420000  -.860000   0.06153123368363633
0.460000  -.860000   0.07216079378783294
0.500000  -.860000   0.09812284915282087
-.460000  -.820000   0.13102401466186464
-.420000  -.820000   0.11048605352663513
-.380000  -.820000   0.08869292563881515
-.340000  -.820000   0.07834602535731491
-.300000  -.820000   0.06973317514988708
-.260000  -.820000   0.06662273177605380
-.220000  -.820000   0.05963081371765590
-.180000  -.820000   0.05679646361401530
-.140000  -.820000   0.05104348337917951
-.100000  -.820000   0.04855516289869340
-.060000  -.820000   0.04616540255799213
-.020000  -.820000   0.04393428596662226
0.020000  -.820000   0.04190392652978810
0.060000  -.820000   0.04011539305992552
0.100000  -.820000   0.03860205635860246
0.140000  -.820000   0.03738859727797236
0.180000  -.820000   0.03790858164387424
0.220000  -.820000   0.03728064123321988
0.260000  -.820000   0.03832227505860163
0.300000  -.820000   0.03843750600281131
0.340000  -.820000   0.04022672949400146
0.380000  -.820000   0.04252803679805020
0.420000  -.820000   0.04659777963780910
0.460000  -.820000   0.05062938206877643
0.500000  -.820000   0.05758378714655238
0.540000  -.820000   0.07132394847346210
-.500000  -.780000   0.12124995870838599
-.460000  -.780000   0.09454356821884781
-.420000  -.780000   0.08288652206557935
-.380000  -.780000   0.07348496599464470
-.340000  -.780000   0.06556442268348073
-.300000  -.780000   0.05872464776890171
-.260000  -.780000   0.05620491311580605
-.220000  -.780000   0.05039819482023779
-.180000  -.780000   0.04794829238125660
-.140000  -.780000   0.04307880412763740
-.100000  -.780000   0.04087195197758624
-.060000  -.780000   0.03872934797512991
-.020000  -.780000   0.03672328039999542
0.020000  -.780000   0.03490295133358642
0.060000  -.780000   0.03329520648225789
0.100000  -.780000   0.03193278707898875
0.140000  -.780000   0.03083794290901516
0.180000  -.780000   0.03113488489722954
0.220000  -.780000   0.03055613161062757
0.260000  -.780000   0.03133696423535823
0.300000  -.780000   0.03137283598627003
0.340000  -.780000   0.03275515111553576
0.380000  -.780000   0.03450982419177402
0.420000  -.780000   0.03671974875872334
0.460000  -.780000   0.03952714615192349
0.500000  -.780000   0.04403690154033430
0.540000  -.780000   0.04994684955719193
0.580000  -.780000   0.05977521644063482
0.620000  -.780000   0.08844665802372115
-.540000  -.740000   0.11344722491377983
-.500000  -.740000   0.09649239757907660
-.460000  -.740000   0.07775711856279335
-.420000  -.740000   0.06920932029321837
-.380000  -.740000   0.06196261155963328
-.340000  -.740000   0.05564643067293462
-.300000  -.740000   0.05343491331933462
-.260000  -.740000   0.04793131159502700
-.220000  -.740000   0.04560123946980964
-.180000  -.740000   0.04088467327723722
-.140000  -.740000   0.03866827799775598
-.100000  -.740000   0.03646635921322423
-.060000  -.740000   0.03285736394873230
-.020000  -.740000   0.03104857858199327
0.020000  -.740000   0.02940488175653598
0.060000  -.740000   0.02796605011845254
0.100000  -.740000   0.02770389082170235
0.140000  -.740000   0.02665218794568457
0.180000  -.740000   0.02587499508712960
0.220000  -.740000   0.02620333062743035
0.260000  -.740000   0.02594838793035800
0.300000  -.740000   0.02678787399684080
0.340000  -.740000   0.02711151764062609
0.380000  -.740000   0.02853849453525377
0.420000  -.740000   0.03032467811067385
0.460000  -.740000   0.03252465634405930
0.500000  -.740000   0.03598275287212110
0.540000  -.740000   0.03947163314306044
0.580000  -.740000   0.04487351678553839
0.620000  -.740000   0.05341391278825992
0.660000  -.740000   0.07291029011548179
-.540000  -.700000   0.09051517989398500
-.500000  -.700000   0.07951279502421209
-.460000  -.700000   0.07073300574887585
-.420000  -.700000   0.05868008284295860
-.380000  -.700000   0.05683136614172942
-.340000  -.700000   0.05107623744988839
-.300000  -.700000   0.04592562643364094
-.260000  -.700000   0.04380738520549585
-.220000  -.700000   0.03927371814525334
-.180000  -.700000   0.03710865149050523
-.140000  -.700000   0.03329213795773676
-.100000  -.700000   0.03131902297688413
-.060000  -.700000   0.02941716548779322
-.020000  -.700000   0.02763354675433980
0.020000  -.700000   0.02602503310966798
0.060000  -.700000   0.02462713505683427
0.100000  -.700000   0.02345823174982001
0.140000  -.700000   0.02253737312672444
0.180000  -.700000   0.02246195939819071
0.220000  -.700000   0.02201482965097882
0.260000  -.700000   0.02243159460519867
0.300000  -.700000   0.02249689589067139
0.340000  -.700000   0.02342502188081817
0.380000  -.700000   0.02464200099728569
0.420000  -.700000   0.02554340258669644
0.460000  -.700000   0.02799753656707381
0.500000  -.700000   0.03021786033222042
0.540000  -.700000   0.03294754640762168
0.580000  -.700000   0.03694673585764558
0.620000  -.700000   0.04205743032871753
0.660000  -.700000   0.05000858867026650
0.700000  -.700000   0.06768575858061110
-.580000  -.660000   0.09331315761007496
-.540000  -.660000   0.07464487339606832
-.500000  -.660000   0.06670404090189651
-.460000  -.660000   0.06002776147489968
-.420000  -.660000   0.05418217401351556
-.380000  -.660000   0.04894869554067135
-.340000  -.660000   0.04420921185165347
-.300000  -.660000   0.04237117490569953
-.260000  -.660000   0.03807219411279854
-.220000  -.660000   0.03604702920616656
-.180000  -.660000   0.03232546790514651
-.140000  -.660000   0.03035339264367859
-.100000  -.660000   0.02839516821443785
-.060000  -.660000   0.02651535070782167
-.020000  -.660000   0.02476155405445320
0.020000  -.660000   0.02319100531171682
0.060000  -.660000   0.02183817398037090
0.100000  -.660000   0.02072068008241465
0.140000  -.660000   0.01985649979774470
0.180000  -.660000   0.01925468765654571
0.220000  -.660000   0.01926386518144424
0.260000  -.660000   0.01915079337706575
0.300000  -.660000   0.01967683053903239
0.340000  -.660000   0.02005747838030143
0.380000  -.660000   0.02108816781480494
0.420000  -.660000   0.02240871002010283
0.460000  -.660000   0.02401299664744023
0.500000  -.660000   0.02593519926757827
0.540000  -.660000   0.02824295059573094
0.580000  -.660000   0.03148932402603510
0.620000  -.660000   0.03499535827175842
0.660000  -.660000   0.04043020948679361
0.700000  -.660000   0.04826476864926637
0.740000  -.660000   0.06668833589213508
-.620000  -.620000   0.09694374188320649
-.580000  -.620000   0.07655316717950603
-.540000  -.620000   0.06830464117786954
-.500000  -.620000   0.06151741515510713
-.460000  -.620000   0.05562051997931687
-.420000  -.620000   0.05033832332862946
-.380000  -.620000   0.04553002816260485
-.340000  -.620000   0.04113593338994953
-.300000  -.620000   0.03712721209514596
-.260000  -.620000   0.03531217102493357
-.220000  -.620000   0.03172281931513598
-.180000  -.620000   0.02983441896480360
-.140000  -.620000   0.02788111987445325
-.100000  -.620000   0.02594200675948310
-.060000  -.620000   0.02339253040549787
-.020000  -.620000   0.02182500436567695
0.020000  -.620000   0.02041620396039958
0.060000  -.620000   0.01920309001028205
0.100000  -.620000   0.01845480499380003
0.140000  -.620000   0.01764839829092357
0.180000  -.620000   0.01710983443717917
0.220000  -.620000   0.01683866393587967
0.260000  -.620000   0.01696537972186777
0.300000  -.620000   0.01718224773756749
0.340000  -.620000   0.01782427676200939
0.380000  -.620000   0.01874001711663753
0.420000  -.620000   0.01993103571394329
0.460000  -.620000   0.02137789315032315
0.500000  -.620000   0.02309354435562253
0.540000  -.620000   0.02511646734250350
0.580000  -.620000   0.02751625147900790
0.620000  -.620000   0.03074674166294522
0.660000  -.620000   0.03437977669638028
0.700000  -.620000   0.03979845936755366
0.740000  -.620000   0.04798840911302549
0.780000  -.620000   0.07316444872429517
-.620000  -.580000   0.07872181610643547
-.580000  -.580000   0.06996363074194129
-.540000  -.580000   0.05792520788946368
-.500000  -.580000   0.05275077081514926
-.460000  -.580000   0.04812069795483918
-.420000  -.580000   0.04387434278830998
-.380000  -.580000   0.04259081153825438
-.340000  -.580000   0.03850168402571521
-.300000  -.580000   0.03475193828632256
-.260000  -.580000   0.03297744394833412
-.220000  -.580000   0.02960199917569673
-.180000  -.580000   0.02774878904957172
-.140000  -.580000   0.02582291175601397
-.100000  -.580000   0.02321104488632947
-.060000  -.580000   0.02155173382540441
-.020000  -.580000   0.02000983363654728
0.020000  -.580000   0.01863503121124679
0.060000  -.580000   0.01745942285667119
0.100000  -.580000   0.01652449263673827
0.140000  -.580000   0.01583607142672210
0.180000  -.580000   0.01536221605865955
0.220000  -.580000   0.01515840394654985
0.260000  -.580000   0.01519674711411887
0.300000  -.580000   0.01548011299281986
0.340000  -.580000   0.01603259925511743
0.380000  -.580000   0.01685928509661355
0.420000  -.580000   0.01780059383942590
0.460000  -.580000   0.01909263412871909
0.500000  -.580000   0.02064173265241200
0.540000  -.580000   0.02247454883329647
0.580000  -.580000   0.02482898168195499
0.620000  -.580000   0.02735669351347312
0.660000  -.580000   0.03063008736099054
0.700000  -.580000   0.03466485909711359
0.740000  -.580000   0.04011414885868676
0.780000  -.580000   0.04947467217433985
-.660000  -.540000   0.08146030890182385
-.620000  -.540000   0.07165782378834200
-.580000  -.540000   0.05904992752001075
-.540000  -.540000   0.05387556686063746
-.500000  -.540000   0.04931833769847594
-.460000  -.540000   0.04514925842982811
-.420000  -.540000   0.04125975473023165
-.380000  -.540000   0.04006621541088336
-.340000  -.540000   0.03625146349970436
-.300000  -.540000   0.03272819792092022
-.260000  -.540000   0.03102054515668869
-.220000  -.540000   0.02783076723063886
-.180000  -.540000   0.02601912447831434
-.140000  -.540000   0.02335050090426886
-.100000  -.540000   0.02167419367156992
-.060000  -.540000   0.02004139876480353
-.020000  -.540000   0.01852319297895711
0.020000  -.540000   0.01717827304050643
0.060000  -.540000   0.01604012551174424
0.100000  -.540000   0.01514903691307247
0.140000  -.540000   0.01452273760153290
0.180000  -.540000   0.01394764144229839
0.220000  -.540000   0.01381365917741560
0.260000  -.540000   0.01376811761676362
0.300000  -.540000   0.01412388221418424
0.340000  -.540000   0.01459837022505934
0.380000  -.540000   0.01534591299068635
0.420000  -.540000   0.01633656896730915
0.460000  -.540000   0.01752447865632647
0.500000  -.540000   0.01895916481783695
0.540000  -.540000   0.02065088101913603
0.580000  -.540000   0.02262494833138260
0.620000  -.540000   0.02500776412914205
0.660000  -.540000   0.02771929892269273
0.700000  -.540000   0.03110136115923384
0.740000  -.540000   0.03538253612487381
0.780000  -.540000   0.04149547453652356
0.820000  -.540000   0.05340106902722894
-.700000  -.500000   0.09616183795314943
-.660000  -.500000   0.07351928934729422
-.620000  -.500000   0.06581868757463204
-.580000  -.500000   0.05484743022324630
-.540000  -.500000   0.05036904717489767
-.500000  -.500000   0.04632570350041598
-.460000  -.500000   0.04255318027775353
-.420000  -.500000   0.03897944645354392
-.380000  -.500000   0.03789509318876542
-.340000  -.500000   0.03432619253022435
-.300000  -.500000   0.03100859230662325
-.260000  -.500000   0.02939042776943172
-.220000  -.500000   0.02635669630176102
-.180000  -.500000   0.02460038318835778
-.140000  -.500000   0.02205725231228281
-.100000  -.500000   0.02042258813642120
-.060000  -.500000   0.01881709932468962
-.020000  -.500000   0.01731999280234717
0.020000  -.500000   0.01599952980621068
0.060000  -.500000   0.01489490626406719
0.100000  -.500000   0.01404439439191895
0.140000  -.500000   0.01347221449557972
0.180000  -.500000   0.01281270885170080
0.220000  -.500000   0.01274889114321409
0.260000  -.500000   0.01262526719743599
0.300000  -.500000   0.01305648160805215
0.340000  -.500000   0.01345551755871901
0.380000  -.500000   0.01412786412991371
0.420000  -.500000   0.01518407488049699
0.460000  -.500000   0.01628594029704961
0.500000  -.500000   0.01762465221079430
0.540000  -.500000   0.01920915016201918
0.580000  -.500000   0.02105229691111491
0.620000  -.500000   0.02316365359119411
0.660000  -.500000   0.02563825062967040
0.700000  -.500000   0.02858687904295828
0.740000  -.500000   0.03218207624690980
0.780000  -.500000   0.03685996514089050
0.820000  -.500000   0.04403204571503996
0.860000  -.500000   0.06462051006937623
-.700000  -.460000   0.08435417559856244
-.660000  -.460000   0.06710264404575367
-.620000  -.460000   0.06082219935200314
-.580000  -.460000   0.05119384685685714
-.540000  -.460000   0.04729381699552609
-.500000  -.460000   0.04368995708412370
-.460000  -.460000   0.04026308006336402
-.420000  -.460000   0.03696974358593955
-.380000  -.460000   0.03601747111582911
-.340000  -.460000   0.03267365440600117
-.300000  -.460000   0.02953654989235333
-.260000  -.460000   0.02803315991127069
-.220000  -.460000   0.02512859989599211
-.180000  -.460000   0.02345107635481444
-.140000  -.460000   0.02099981155335056
-.100000  -.460000   0.01940880413396365
-.060000  -.460000   0.01783663256071662
-.020000  -.460000   0.01635844758075354
0.020000  -.460000   0.01505714322294036
0.060000  -.460000   0.01398242491131751
0.100000  -.460000   0.01317234776834927
0.140000  -.460000   0.01265394863289773
0.180000  -.460000   0.01191560504840396
0.220000  -.460000   0.01192529653676563
0.260000  -.460000   0.01172811067078820
0.300000  -.460000   0.01223952240416736
0.340000  -.460000   0.01256332718478480
0.380000  -.460000   0.01316311604706623
0.420000  -.460000   0.01429916642382589
0.460000  -.460000   0.01532140764179498
0.500000  -.460000   0.01657888551460107
0.540000  -.460000   0.01807557537630776
0.580000  -.460000   0.01981974661032179
0.620000  -.460000   0.02169230773438248
0.660000  -.460000   0.02401137996687124
0.700000  -.460000   0.02665029177854421
0.740000  -.460000   0.02986343779976008
0.780000  -.460000   0.03380650323116824
0.820000  -.460000   0.03912762580463949
0.860000  -.460000   0.04864487668744791
-.700000  -.420000   0.06868081023642481
-.660000  -.420000   0.06166273090519750
-.620000  -.420000   0.05646139095447952
-.580000  -.420000   0.04797736113732905
-.540000  -.420000   0.04455871207651974
-.500000  -.420000   0.04133431017110540
-.460000  -.420000   0.03821357443744730
-.420000  -.420000   0.03517269794380858
-.380000  -.420000   0.03436622295798653
-.340000  -.420000   0.03122737097079590
-.300000  -.420000   0.02825222881369482
-.260000  -.420000   0.02689211168418697
-.220000  -.420000   0.02409700738402058
-.180000  -.420000   0.02252060270870219
-.140000  -.420000   0.02013635804137894
-.100000  -.420000   0.01859752615198936
-.060000  -.420000   0.01706003839342977
-.020000  -.420000   0.01560107766922802
0.020000  -.420000   0.01431430756791948
0.060000  -.420000   0.01326693085886531
0.100000  -.420000   0.01249554700317335
0.140000  -.420000   0.01202991325911308
0.180000  -.420000   0.01122507837775284
0.220000  -.420000   0.01131095253202415
0.260000  -.420000   0.01104306567271220
0.300000  -.420000   0.01164393333320036
0.340000  -.420000   0.01189332932061553
0.380000  -.420000   0.01242051136747033
0.420000  -.420000   0.01365444761810100
0.460000  -.420000   0.01460416197694388
0.500000  -.420000   0.01578797758397410
0.540000  -.420000   0.01721014359965852
0.580000  -.420000   0.01887656790111111
0.620000  -.420000   0.02052241072677177
0.660000  -.420000   0.02273722910613459
0.700000  -.420000   0.02531747219163324
0.740000  -.420000   0.02810351075244635
0.780000  -.420000   0.03154678961162125
0.820000  -.420000   0.03589341091943937
0.860000  -.420000   0.04251283157357648
0.900000  -.420000   0.06024149300342586
-.740000  -.380000   0.07959850888559665
-.700000  -.380000   0.06906247314308585
-.660000  -.380000   0.05695129905664889
-.620000  -.380000   0.05259907140323111
-.580000  -.380000   0.04887461064312634
-.540000  -.380000   0.04546283453234281
-.500000  -.380000   0.04220348130037328
-.460000  -.380000   0.03902481259050335
-.420000  -.380000   0.03591369478509953
-.380000  -.380000   0.03287118798331822
-.340000  -.380000   0.02992166650755564
-.300000  -.380000   0.02709568107727823
-.260000  -.380000   0.02591027260593395
-.220000  -.380000   0.02321051143836155
-.180000  -.380000   0.02176418357387520
-.140000  -.380000   0.01942411861099579
-.100000  -.380000   0.01795556548590819
-.060000  -.380000   0.01645284999147931
-.020000  -.380000   0.01501440065587185
0.020000  -.380000   0.01373804862520219
0.060000  -.380000   0.01271216657340412
0.100000  -.380000   0.01198230068632181
0.140000  -.380000   0.01157751913744687
0.180000  -.380000   0.01071275810726250
0.220000  -.380000   0.01088449981729484
0.260000  -.380000   0.01055190240506049
0.300000  -.380000   0.01125935634558060
0.340000  -.380000   0.01143687797904920
0.380000  -.380000   0.01189430213717994
0.420000  -.380000   0.01260875931804639
0.460000  -.380000   0.01356215102350185
0.500000  -.380000   0.01473841717546586
0.540000  -.380000   0.01613475391882075
0.580000  -.380000   0.01775356845433252
0.620000  -.380000   0.01961971691561210
0.660000  -.380000   0.02176231423967114
0.700000  -.380000   0.02392319331439749
0.740000  -.380000   0.02676119639294487
0.780000  -.380000   0.02986069204980823
0.820000  -.380000   0.03378200626721662
0.860000  -.380000   0.03898524454412260
0.900000  -.380000   0.04848391212249977
-.740000  -.340000   0.07108196156975014
-.700000  -.340000   0.06315036490548719
-.660000  -.340000   0.05280689352525057
-.620000  -.340000   0.04913770868204394
-.580000  -.340000   0.04593628363698844
-.540000  -.340000   0.04294281993772476
-.500000  -.340000   0.04003261574364765
-.460000  -.340000   0.03715181479481298
-.420000  -.340000   0.03429094649686396
-.380000  -.340000   0.03146157807149489
-.340000  -.340000   0.02868944141144531
-.300000  -.340000   0.02781814828585693
-.260000  -.340000   0.02502357019431844
-.220000  -.340000   0.02241404299939670
-.180000  -.340000   0.02113011770601305
-.140000  -.340000   0.01882424034488294
-.100000  -.340000   0.01744694562965941
-.060000  -.340000   0.01598709335889994
-.020000  -.340000   0.01456690306279019
0.020000  -.340000   0.01329968950418859
0.060000  -.340000   0.01229081216560830
0.100000  -.340000   0.01160836150279889
0.140000  -.340000   0.01127415598982571
0.180000  -.340000   0.01036259864249260
0.220000  -.340000   0.01063626323643344
0.260000  -.340000   0.01024960512941893
0.300000  -.340000   0.01016911988265025
0.340000  -.340000   0.01119570156543719
0.380000  -.340000   0.01158522072315248
0.420000  -.340000   0.01223575698660126
0.460000  -.340000   0.01312483524136582
0.500000  -.340000   0.01424473180341869
0.540000  -.340000   0.01558682842344267
0.580000  -.340000   0.01715763665932678
0.620000  -.340000   0.01897466130637986
0.660000  -.340000   0.02106857888018789
0.700000  -.340000   0.02301080993198312
0.740000  -.340000   0.02576559360320890
0.780000  -.340000   0.02859736681148068
0.820000  -.340000   0.03212954639086877
0.860000  -.340000   0.03650809755480994
0.900000  -.340000   0.04342509062228484
0.940000  -.340000   0.07704340614954103
-.740000  -.300000   0.07115681347349984
-.700000  -.300000   0.05798893823603763
-.660000  -.300000   0.05360794656333948
-.620000  -.300000   0.04601884939269210
-.580000  -.300000   0.04323859189322770
-.540000  -.300000   0.04059121742557067
-.500000  -.300000   0.03797213176806330
-.460000  -.300000   0.03534666089276427
-.420000  -.300000   0.03270756471523548
-.380000  -.300000   0.03007067790966425
-.340000  -.300000   0.02959793537624286
-.300000  -.300000   0.02682840464360360
-.260000  -.300000   0.02416427821444333
-.220000  -.300000   0.02165010923068449
-.180000  -.300000   0.02057293859296727
-.140000  -.300000   0.01829499960273489
-.100000  -.300000   0.01703755096840884
-.060000  -.300000   0.01563857294415335
-.020000  -.300000   0.01423145352237958
0.020000  -.300000   0.01297311078968093
0.060000  -.300000   0.01198153836013252
0.100000  -.300000   0.01135049340333474
0.140000  -.300000   0.01110572249026423
0.180000  -.300000   0.01016581056677904
0.220000  -.300000   0.01056576402497583
0.260000  -.300000   0.01013897040435352
0.300000  -.300000   0.01000778934458692
0.340000  -.300000   0.01016888663413528
0.380000  -.300000   0.01151550641917737
0.420000  -.300000   0.01210288531100173
0.460000  -.300000   0.01293788016863905
0.500000  -.300000   0.01400280054636380
0.540000  -.300000   0.01529684801296423
0.580000  -.300000   0.01682517230663910
0.620000  -.300000   0.01860500336427537
0.660000  -.300000   0.02004544176570307
0.700000  -.300000   0.02238005530459492
0.740000  -.300000   0.02459558526893806
0.780000  -.300000   0.02769121174395166
0.820000  -.300000   0.03093681457621488
0.860000  -.300000   0.03475523089727409
0.900000  -.300000   0.04048907524005536
0.940000  -.300000   0.05301330581115447
-.780000  -.260000   0.08477132542147360
-.740000  -.260000   0.06452939862495306
-.700000  -.260000   0.05870813136589861
-.660000  -.260000   0.04979783555090678
-.620000  -.260000   0.04679199261489143
-.580000  -.260000   0.04408379682595298
-.540000  -.260000   0.04148426574444687
-.500000  -.260000   0.03889930617963090
-.460000  -.260000   0.03629348109217619
-.420000  -.260000   0.03366235234787009
-.380000  -.260000   0.03101619362142494
-.340000  -.260000   0.02838140056464401
-.300000  -.260000   0.02578455089188201
-.260000  -.260000   0.02326178659034865
-.220000  -.260000   0.02251403097976230
-.180000  -.260000   0.02002979753629990
-.140000  -.260000   0.01886974228731750
-.100000  -.260000   0.01669338611047709
-.060000  -.260000   0.01537862270590389
-.020000  -.260000   0.01399137260315997
0.020000  -.260000   0.01273046957061333
0.060000  -.260000   0.01176436270354882
0.100000  -.260000   0.01119763292268645
0.140000  -.260000   0.00996862779017360
0.180000  -.260000   0.01012136148965391
0.220000  -.260000   0.00942516539967967
0.260000  -.260000   0.01023701567370220
0.300000  -.260000   0.01007149324391637
0.340000  -.260000   0.01018291823256609
0.380000  -.260000   0.01056384143152818
0.420000  -.260000   0.01119168239475777
0.460000  -.260000   0.01204644428202323
0.500000  -.260000   0.01312374592289816
0.540000  -.260000   0.01442249425452157
0.580000  -.260000   0.01594496459250382
0.620000  -.260000   0.01770543498491855
0.660000  -.260000   0.01972615358025056
0.700000  -.260000   0.02143923561740380
0.740000  -.260000   0.02405111099170210
0.780000  -.260000   0.02657509355453300
0.820000  -.260000   0.02965893010045521
0.860000  -.260000   0.03350475158011407
0.900000  -.260000   0.03843744248569191
0.940000  -.260000   0.04724929258114745
-.780000  -.220000   0.07459422591690383
-.740000  -.220000   0.06499203474792981
-.700000  -.220000   0.05402869425578342
-.660000  -.220000   0.05052794192148506
-.620000  -.220000   0.04378755910937294
-.580000  -.220000   0.04140918226131367
-.540000  -.220000   0.03908360759202997
-.500000  -.220000   0.03674302469034056
-.460000  -.220000   0.03436110841563026
-.420000  -.220000   0.03193858720482948
-.380000  -.220000   0.02948871376966635
-.340000  -.220000   0.02703807371223246
-.300000  -.220000   0.02461255680782115
-.260000  -.220000   0.02431660169779636
-.220000  -.220000   0.02180847072198272
-.180000  -.220000   0.01943188652084891
-.140000  -.220000   0.01855361996631149
-.100000  -.220000   0.01637560616993384
-.060000  -.220000   0.01518327832715041
-.020000  -.220000   0.01382612061090042
0.020000  -.220000   0.01255555273208120
0.060000  -.220000   0.01162017093129483
0.100000  -.220000   0.01114717737672247
0.140000  -.220000   0.00992030165912165
0.180000  -.220000   0.01024895540114765
0.220000  -.220000   0.00955950826095410
0.260000  -.220000   0.00916733574264804
0.300000  -.220000   0.01039513194601042
0.340000  -.220000   0.01047337459538148
0.380000  -.220000   0.01081260248654588
0.420000  -.220000   0.01138642323886464
0.460000  -.220000   0.01219436926899141
0.500000  -.220000   0.01323833007293167
0.540000  -.220000   0.01450253196832151
0.580000  -.220000   0.01599445100553135
0.620000  -.220000   0.01773231331030971
0.660000  -.220000   0.01892521721823758
0.700000  -.220000   0.02119754052565279
0.740000  -.220000   0.02319679909982995
0.780000  -.220000   0.02614716869132222
0.820000  -.220000   0.02904408755000234
0.860000  -.220000   0.03266499041456260
0.900000  -.220000   0.03704741156296998
0.940000  -.220000   0.04415714395688258
-.780000  -.180000   0.07423209599252148
-.740000  -.180000   0.05917975661931877
-.700000  -.180000   0.05462738671678107
-.660000  -.180000   0.04690585478343031
-.620000  -.180000   0.04440236460633940
-.580000  -.180000   0.04209692686741847
-.540000  -.180000   0.03983691669070200
-.500000  -.180000   0.03755559095299447
-.460000  -.180000   0.03523122617569927
-.420000  -.180000   0.03286178470722462
-.380000  -.180000   0.03045929509220564
-.340000  -.180000   0.02804087160705219
-.300000  -.180000   0.02562931976817034
-.260000  -.180000   0.02324600310120114
-.220000  -.180000   0.02091968049120104
-.180000  -.180000   0.02055712157763103
-.140000  -.180000   0.01817356870079850
-.100000  -.180000   0.01603324120678075
-.060000  -.180000   0.01502831707695485
-.020000  -.180000   0.01371748391511951
0.020000  -.180000   0.01243566160749403
0.060000  -.180000   0.01154043986215140
0.100000  -.180000   0.01121309052060950
0.140000  -.180000   0.01002377775193015
0.180000  -.180000   0.00908004688650791
0.220000  -.180000   0.00994117068671071
0.260000  -.180000   0.00956120556777535
0.300000  -.180000   0.00945237197185040
0.340000  -.180000   0.00960543656698549
0.380000  -.180000   0.00999678819153280
0.420000  -.180000   0.01061856753421535
0.460000  -.180000   0.01146440105042039
0.500000  -.180000   0.01252090777390020
0.540000  -.180000   0.01378017906170612
0.580000  -.180000   0.01526921359255548
0.620000  -.180000   0.01699722960476193
0.660000  -.180000   0.01901719570273627
0.700000  -.180000   0.02050728783304927
0.740000  -.180000   0.02306915811634306
0.780000  -.180000   0.02537191911559785
0.820000  -.180000   0.02820344577775956
0.860000  -.180000   0.03166601261292110
0.900000  -.180000   0.03616079911494390
0.940000  -.180000   0.04218738254689112
0.980000  -.180000   0.06293485583687090
-.780000  -.140000   0.06665637622076852
-.740000  -.140000   0.05956135007272131
-.700000  -.140000   0.05028446221009925
-.660000  -.140000   0.04740696346274325
-.620000  -.140000   0.04498629126587174
-.580000  -.140000   0.04275191275039108
-.540000  -.140000   0.03729266700612324
-.500000  -.140000   0.03517620995071016
-.460000  -.140000   0.03300878994892054
-.420000  -.140000   0.03079632274821766
-.380000  -.140000   0.02855807742041618
-.340000  -.140000   0.02631226770256796
-.300000  -.140000   0.02408313777851007
-.260000  -.140000   0.02441645462299110
-.220000  -.140000   0.02209171637609301
-.180000  -.140000   0.01981038870191992
-.140000  -.140000   0.01761233449155120
-.100000  -.140000   0.01703655133035033
-.060000  -.140000   0.01487735390913235
-.020000  -.140000   0.01365759518014679
0.020000  -.140000   0.01234982136542261
0.060000  -.140000   0.01153181975683241
0.100000  -.140000   0.01002298092194976
0.140000  -.140000   0.01033803286296640
0.180000  -.140000   0.00947945296958648
0.220000  -.140000   0.00891520693815429
0.260000  -.140000   0.00863754915701677
0.300000  -.140000   0.01019276242417515
0.340000  -.140000   0.01032509681140540
0.380000  -.140000   0.01068067500448410
0.420000  -.140000   0.01125979371443069
0.460000  -.140000   0.01206533099794184
0.500000  -.140000   0.01308200750730339
0.540000  -.140000   0.01433283865142729
0.580000  -.140000   0.01477809483574217
0.620000  -.140000   0.01652667673755812
0.660000  -.140000   0.01841701039411796
0.700000  -.140000   0.02070918867793060
0.740000  -.140000   0.02247799705016403
0.780000  -.140000   0.02540499057600770
0.820000  -.140000   0.02807081273776071
0.860000  -.140000   0.03139431954189408
0.900000  -.140000   0.03517151984349684
0.940000  -.140000   0.04097887515952380
0.980000  -.140000   0.05472726406697882
-.780000  -.100000   0.06666793815370717
-.740000  -.100000   0.05990649872026288
-.700000  -.100000   0.05062764497474756
-.660000  -.100000   0.04783499045618150
-.620000  -.100000   0.04548379516521619
-.580000  -.100000   0.03976931028978278
-.540000  -.100000   0.03774486968376479
-.500000  -.100000   0.03568160436475225
-.460000  -.100000   0.03356959501885031
-.420000  -.100000   0.03141843272021123
-.380000  -.100000   0.02924311764988859
-.340000  -.100000   0.02706237548243755
-.300000  -.100000   0.02489794130312070
-.260000  -.100000   0.02276472798597993
-.220000  -.100000   0.02067826327158082
-.180000  -.100000   0.01865225491362668
-.140000  -.100000   0.01893029503197863
-.100000  -.100000   0.01672392714146651
-.060000  -.100000   0.01465947020976774
-.020000  -.100000   0.01363643036606495
0.020000  -.100000   0.01228694669658752
0.060000  -.100000   0.01163928670432394
0.100000  -.100000   0.01024705873293235
0.140000  -.100000   0.00916986701419116
0.180000  -.100000   0.01025970081418110
0.220000  -.100000   0.00976985900545974
0.260000  -.100000   0.00951984294954119
0.300000  -.100000   0.00950035145941260
0.340000  -.100000   0.00969861271246379
0.380000  -.100000   0.01011481908537288
0.420000  -.100000   0.01072105279495686
0.460000  -.100000   0.01160299198151210
0.500000  -.100000   0.01252163936130427
0.540000  -.100000   0.01388337752099331
0.580000  -.100000   0.01525668058056960
0.620000  -.100000   0.01591997221854632
0.660000  -.100000   0.01810823152649487
0.700000  -.100000   0.02022309367884643
0.740000  -.100000   0.02205408841652335
0.780000  -.100000   0.02492120664746316
0.820000  -.100000   0.02756127707906874
0.860000  -.100000   0.03081522704028769
0.900000  -.100000   0.03497063667593870
0.940000  -.100000   0.03993449676907582
0.980000  -.100000   0.05140384590171915
-.780000  -.060000   0.06672314660320541
-.740000  -.060000   0.05453296288270634
-.700000  -.060000   0.05088101646758672
-.660000  -.060000   0.04814665797310960
-.620000  -.060000   0.04206526064245287
-.580000  -.060000   0.04006786832456338
-.540000  -.060000   0.03808142055110796
-.500000  -.060000   0.03606143480187694
-.460000  -.060000   0.03399569206070115
-.420000  -.060000   0.03189730156396098
-.380000  -.060000   0.02977929778956441
-.340000  -.060000   0.02766357701093884
-.300000  -.060000   0.02557021857437394
-.260000  -.060000   0.02351665385873850
-.220000  -.060000   0.02151914856559313
-.180000  -.060000   0.01958453196277126
-.140000  -.060000   0.01771436376406044
-.100000  -.060000   0.01590075779542491
-.060000  -.060000   0.01601568923871987
-.020000  -.060000   0.01365757191667834
0.020000  -.060000   0.01223092497414570
0.060000  -.060000   0.01031851188799196
0.100000  -.060000   0.01090971617350236
0.140000  -.060000   0.01005412236793398
0.180000  -.060000   0.00945911964499915
0.220000  -.060000   0.00909545035585692
0.260000  -.060000   0.00894598110738728
0.300000  -.060000   0.00900304300483983
0.340000  -.060000   0.00926302548101450
0.380000  -.060000   0.00970411730963571
0.420000  -.060000   0.01038740023976434
0.460000  -.060000   0.01118196594853626
0.500000  -.060000   0.01229826597941435
0.540000  -.060000   0.01364728971151245
0.580000  -.060000   0.01504903624338113
0.620000  -.060000   0.01685034958689565
0.660000  -.060000   0.01759439283596591
0.700000  -.060000   0.01998643473213845
0.740000  -.060000   0.02253226013845902
0.780000  -.060000   0.02460145170620612
0.820000  -.060000   0.02722974658688081
0.860000  -.060000   0.03044447994254497
0.900000  -.060000   0.03449428742204459
0.940000  -.060000   0.03968068483614182
0.980000  -.060000   0.04964789268675952
-.780000  -.020000   0.06676416113597959
-.740000  -.020000   0.05462442808690963
-.700000  -.020000   0.05101545697024649
-.660000  -.020000   0.04831069016618485
-.620000  -.020000   0.04220305285133250
-.580000  -.020000   0.04022673544447888
-.540000  -.020000   0.03826100171964272
-.500000  -.020000   0.03626542394237187
-.460000  -.020000   0.03422622130386468
-.420000  -.020000   0.03215835066695440
-.380000  -.020000   0.03007495239694382
-.340000  -.020000   0.02800056016947606
-.300000  -.020000   0.02595468621250801
-.260000  -.020000   0.02396085930330156
-.220000  -.020000   0.02203671772837475
-.180000  -.020000   0.02019806333233073
-.140000  -.020000   0.01845795593010850
-.100000  -.020000   0.01682095465910124
-.060000  -.020000   0.01526568502536761
-.020000  -.020000   0.01362023333160518
0.020000  -.020000   0.01226498702980829
0.060000  -.020000   0.01098735929232088
0.100000  -.020000   0.01011390864676771
0.140000  -.020000   0.00946168705778018
0.180000  -.020000   0.00900238009305871
0.220000  -.020000   0.00873047691511859
0.260000  -.020000   0.00864431701541690
0.300000  -.020000   0.00874139174008899
0.340000  -.020000   0.00903736215992641
0.380000  -.020000   0.00948769567066799
0.420000  -.020000   0.01023779949311363
0.460000  -.020000   0.01088635288643117
0.500000  -.020000   0.01245535599711682
0.540000  -.020000   0.01279614607519149
0.580000  -.020000   0.01502265028202788
0.620000  -.020000   0.01695409583256347
0.660000  -.020000   0.01731384932636453
0.700000  -.020000   0.01990029812477757
0.740000  -.020000   0.02236163717049067
0.780000  -.020000   0.02444248844665890
0.820000  -.020000   0.02706643741247484
0.860000  -.020000   0.03026313221829937
0.900000  -.020000   0.03426419107331243
0.940000  -.020000   0.03935104066381021
0.980000  -.020000   0.04896570963387523
-.780000  0.020000   0.06676416113597959
-.740000  0.020000   0.05462442808690963
-.700000  0.020000   0.05101545697024649
-.660000  0.020000   0.04831069016618486
-.620000  0.020000   0.04220305285133250
-.580000  0.020000   0.04022673544447888
-.540000  0.020000   0.03826100171964272
-.500000  0.020000   0.03626542394237187
-.460000  0.020000   0.03422622130386468
-.420000  0.020000   0.03215835066695440
-.380000  0.020000   0.03007495239694382
-.340000  0.020000   0.02800056016947606
-.300000  0.020000   0.02595468621250801
-.260000  0.020000   0.02396085930330156
-.220000  0.020000   0.02203671772837475
-.180000  0.020000   0.02019806333233074
-.140000  0.020000   0.01845795593010850
-.100000  0.020000   0.01682095465910124
-.060000  0.020000   0.01526568502536760
-.020000  0.020000   0.01362023333160518
0.020000  0.020000   0.01226498702980829
0.060000  0.020000   0.01098735929232088
0.100000  0.020000   0.01011390864676771
0.140000  0.020000   0.00946168705778018
0.180000  0.020000   0.00900238009305871
0.220000  0.020000   0.00873047691511859
0.260000  0.020000   0.00864431701541690
0.300000  0.020000   0.00874139174008899
0.340000  0.020000   0.00903736215992641
0.380000  0.020000   0.00948769567066799
0.420000  0.020000   0.01023779949311363
0.460000  0.020000   0.01088635288643117
0.500000  0.020000   0.01245535599711682
0.540000  0.020000   0.01279614607519149
0.580000  0.020000   0.01502265028202788
0.620000  0.020000   0.01695409583256347
0.660000  0.020000   0.01731384932636453
0.700000  0.020000   0.01990029812477757
0.740000  0.020000   0.02236163717049067
0.780000  0.020000   0.02444248844665890
0.820000  0.020000   0.02706643741247484
0.860000  0.020000   0.03026313221829937
0.900000  0.020000   0.03426419107331242
0.940000  0.020000   0.03935104066381021
0.980000  0.020000   0.04896570963387523
-.780000  0.060000   0.06672314660320543
-.740000  0.060000   0.05453296288270634
-.700000  0.060000   0.05088101646758671
-.660000  0.060000   0.04814665797310960
-.620000  0.060000   0.04206526064245287
-.580000  0.060000   0.04006786832456338
-.540000  0.060000   0.03808142055110796
-.500000  0.060000   0.03606143480187694
-.460000  0.060000   0.03399569206070115
-.420000  0.060000   0.03189730156396099
-.380000  0.060000   0.02977929778956442
-.340000  0.060000   0.02766357701093884
-.300000  0.060000   0.02557021857437394
-.260000  0.060000   0.02351665385873850
-.220000  0.060000   0.02151914856559313
-.180000  0.060000   0.01958453196277126
-.140000  0.060000   0.01771436376406044
-.100000  0.060000   0.01590075779542491
-.060000  0.060000   0.01601568923871987
-.020000  0.060000   0.01365757191667834
0.020000  0.060000   0.01223092497414570
0.060000  0.060000   0.01031851188799196
0.100000  0.060000   0.01090971617350236
0.140000  0.060000   0.01005412236793398
0.180000  0.060000   0.00945911964499915
0.220000  0.060000   0.00909545035585692
0.260000  0.060000   0.00894598110738728
0.300000  0.060000   0.00900304300483983
0.340000  0.060000   0.00926302548101450
0.380000  0.060000   0.00970411730963571
0.420000  0.060000   0.01038740023976434
0.460000  0.060000   0.01118196594853626
0.500000  0.060000   0.01229826597941435
0.540000  0.060000   0.01364728971151245
0.580000  0.060000   0.01504903624338113
0.620000  0.060000   0.01685034958689565
0.660000  0.060000   0.01759439283596591
0.700000  0.060000   0.01998643473213845
0.740000  0.060000   0.02253226013845902
0.780000  0.060000   0.02460145170620612
0.820000  0.060000   0.02722974658688081
0.860000  0.060000   0.03044447994254497
0.900000  0.060000   0.03449428742204463
0.940000  0.060000   0.03968068483614182
0.980000  0.060000   0.04964789268675952
-.780000  0.100000   0.06666793815370717
-.740000  0.100000   0.05990649872026289
-.700000  0.100000   0.05062764497474754
-.660000  0.100000   0.04783499045618150
-.620000  0.100000   0.04548379516521619
-.580000  0.100000   0.03976931028978278
-.540000  0.100000   0.03774486968376478
-.500000  0.100000   0.03568160436475226
-.460000  0.100000   0.03356959501885031
-.420000  0.100000   0.03141843272021124
-.380000  0.100000   0.02924311764988859
-.340000  0.100000   0.02706237548243755
-.300000  0.100000   0.02489794130312070
-.260000  0.100000   0.02276472798597993
-.220000  0.100000   0.02067826327158082
-.180000  0.100000   0.01865225491362668
-.140000  0.100000   0.01893029503197863
-.100000  0.100000   0.01672392714146651
-.060000  0.100000   0.01465947020976774
-.020000  0.100000   0.01363643036606495
0.020000  0.100000   0.01228694669658752
0.060000  0.100000   0.01163928670432394
0.100000  0.100000   0.01024705873293235
0.140000  0.100000   0.00916986701419116
0.180000  0.100000   0.01025970081418110
0.220000  0.100000   0.00976985900545974
0.260000  0.100000   0.00951984294954119
0.300000  0.100000   0.00950035145941260
0.340000  0.100000   0.00969861271246379
0.380000  0.100000   0.01011481908537288
0.420000  0.100000   0.01072105279495686
0.460000  0.100000   0.01160299198151210
0.500000  0.100000   0.01252163936130427
0.540000  0.100000   0.01388337752099331
0.580000  0.100000   0.01525668058056960
0.620000  0.100000   0.01591997221854632
0.660000  0.100000   0.01810823152649487
0.700000  0.100000   0.02022309367884643
0.740000  0.100000   0.02205408841652335
0.780000  0.100000   0.02492120664746316
0.820000  0.100000   0.02756127707906875
0.860000  0.100000   0.03081522704028769
0.900000  0.100000   0.03497063667593871
0.940000  0.100000   0.03993449676907582
0.980000  0.100000   0.05140384590171918
-.780000  0.140000   0.06665637622076852
-.740000  0.140000   0.05956135007272131
-.700000  0.140000   0.05028446221009926
-.660000  0.140000   0.04740696346274325
-.620000  0.140000   0.04498629126587174
-.580000  0.140000   0.04275191275039106
-.540000  0.140000   0.03729266700612324
-.500000  0.140000   0.03517620995071016
-.460000  0.140000   0.03300878994892054
-.420000  0.140000   0.03079632274821766
-.380000  0.140000   0.02855807742041618
-.340000  0.140000   0.02631226770256793
-.300000  0.140000   0.02408313777851006
-.260000  0.140000   0.02441645462299109
-.220000  0.140000   0.02209171637609300
-.180000  0.140000   0.01981038870191992
-.140000  0.140000   0.01761233449155118
-.100000  0.140000   0.01703655133035033
-.060000  0.140000   0.01487735390913234
-.020000  0.140000   0.01365759518014679
0.020000  0.140000   0.01234982136542261
0.060000  0.140000   0.01153181975683241
0.100000  0.140000   0.01002298092194976
0.140000  0.140000   0.01033803286296642
0.180000  0.140000   0.00947945296958648
0.220000  0.140000   0.00891520693815431
0.260000  0.140000   0.00863754915701677
0.300000  0.140000   0.01019276242417516
0.340000  0.140000   0.01032509681140540
0.380000  0.140000   0.01068067500448411
0.420000  0.140000   0.01125979371443070
0.460000  0.140000   0.01206533099794184
0.500000  0.140000   0.01308200750730339
0.540000  0.140000   0.01433283865142730
0.580000  0.140000   0.01477809483574217
0.620000  0.140000   0.01652667673755812
0.660000  0.140000   0.01841701039411797
0.700000  0.140000   0.02070918867793061
0.740000  0.140000   0.02247799705016403
0.780000  0.140000   0.02540499057600770
0.820000  0.140000   0.02807081273776071
0.860000  0.140000   0.03139431954189410
0.900000  0.140000   0.03517151984349685
0.940000  0.140000   0.04097887515952380
0.980000  0.140000   0.05472726406697886
-.780000  0.180000   0.07423209599252148
-.740000  0.180000   0.05917975661931878
-.700000  0.180000   0.05462738671678107
-.660000  0.180000   0.04690585478343031
-.620000  0.180000   0.04440236460633940
-.580000  0.180000   0.04209692686741848
-.540000  0.180000   0.03983691669070200
-.500000  0.180000   0.03755559095299447
-.460000  0.180000   0.03523122617569927
-.420000  0.180000   0.03286178470722462
-.380000  0.180000   0.03045929509220564
-.340000  0.180000   0.02804087160705219
-.300000  0.180000   0.02562931976817035
-.260000  0.180000   0.02324600310120114
-.220000  0.180000   0.02091968049120104
-.180000  0.180000   0.02055712157763103
-.140000  0.180000   0.01817356870079850
-.100000  0.180000   0.01603324120678075
-.060000  0.180000   0.01502831707695485
-.020000  0.180000   0.01371748391511951
0.020000  0.180000   0.01243566160749403
0.060000  0.180000   0.01154043986215140
0.100000  0.180000   0.01121309052060950
0.140000  0.180000   0.01002377775193015
0.180000  0.180000   0.00908004688650791
0.220000  0.180000   0.00994117068671071
0.260000  0.180000   0.00956120556777535
0.300000  0.180000   0.00945237197185040
0.340000  0.180000   0.00960543656698549
0.380000  0.180000   0.00999678819153280
0.420000  0.180000   0.01061856753421535
0.460000  0.180000   0.01146440105042039
0.500000  0.180000   0.01252090777390020
0.540000  0.180000   0.01378017906170612
0.580000  0.180000   0.01526921359255548
0.620000  0.180000   0.01699722960476193
0.660000  0.180000   0.01901719570273628
0.700000  0.180000   0.02050728783304927
0.740000  0.180000   0.02306915811634306
0.780000  0.180000   0.02537191911559785
0.820000  0.180000   0.02820344577775957
0.860000  0.180000   0.03166601261292110
0.900000  0.180000   0.03616079911494391
0.940000  0.180000   0.04218738254689112
0.980000  0.180000   0.06293485583687090
-.780000  0.220000   0.07459422591690383
-.740000  0.220000   0.06499203474792981
-.700000  0.220000   0.05402869425578343
-.660000  0.220000   0.05052794192148506
-.620000  0.220000   0.04378755910937294
-.580000  0.220000   0.04140918226131367
-.540000  0.220000   0.03908360759202997
-.500000  0.220000   0.03674302469034056
-.460000  0.220000   0.03436110841563026
-.420000  0.220000   0.03193858720482948
-.380000  0.220000   0.02948871376966635
-.340000  0.220000   0.02703807371223246
-.300000  0.220000   0.02461255680782115
-.260000  0.220000   0.02431660169779636
-.220000  0.220000   0.02180847072198272
-.180000  0.220000   0.01943188652084891
-.140000  0.220000   0.01855361996631149
-.100000  0.220000   0.01637560616993384
-.060000  0.220000   0.01518327832715041
-.020000  0.220000   0.01382612061090042
0.020000  0.220000   0.01255555273208121
0.060000  0.220000   0.01162017093129483
0.100000  0.220000   0.01114717737672246
0.140000  0.220000   0.00992030165912165
0.180000  0.220000   0.01024895540114765
0.220000  0.220000   0.00955950826095410
0.260000  0.220000   0.00916733574264804
0.300000  0.220000   0.01039513194601042
0.340000  0.220000   0.01047337459538148
0.380000  0.220000   0.01081260248654588
0.420000  0.220000   0.01138642323886464
0.460000  0.220000   0.01219436926899141
0.500000  0.220000   0.01323833007293167
0.540000  0.220000   0.01450253196832151
0.580000  0.220000   0.01599445100553135
0.620000  0.220000   0.01773231331030971
0.660000  0.220000   0.01892521721823757
0.700000  0.220000   0.02119754052565279
0.740000  0.220000   0.02319679909982995
0.780000  0.220000   0.02614716869132221
0.820000  0.220000   0.02904408755000233
0.860000  0.220000   0.03266499041456260
0.900000  0.220000   0.03704741156296999
0.940000  0.220000   0.04415714395688258
-.780000  0.260000   0.08477132542147360
-.740000  0.260000   0.06452939862495305
-.700000  0.260000   0.05870813136589861
-.660000  0.260000   0.04979783555090678
-.620000  0.260000   0.04679199261489143
-.580000  0.260000   0.04408379682595298
-.540000  0.260000   0.04148426574444687
-.500000  0.260000   0.03889930617963089
-.460000  0.260000   0.03629348109217619
-.420000  0.260000   0.03366235234787009
-.380000  0.260000   0.03101619362142494
-.340000  0.260000   0.02838140056464401
-.300000  0.260000   0.02578455089188201
-.260000  0.260000   0.02326178659034865
-.220000  0.260000   0.02251403097976230
-.180000  0.260000   0.02002979753629990
-.140000  0.260000   0.01886974228731750
-.100000  0.260000   0.01669338611047709
-.060000  0.260000   0.01537862270590389
-.020000  0.260000   0.01399137260315997
0.020000  0.260000   0.01273046957061333
0.060000  0.260000   0.01176436270354882
0.100000  0.260000   0.01119763292268645
0.140000  0.260000   0.00996862779017360
0.180000  0.260000   0.01012136148965391
0.220000  0.260000   0.00942516539967967
0.260000  0.260000   0.01023701567370219
0.300000  0.260000   0.01007149324391637
0.340000  0.260000   0.01018291823256609
0.380000  0.260000   0.01056384143152818
0.420000  0.260000   0.01119168239475777
0.460000  0.260000   0.01204644428202323
0.500000  0.260000   0.01312374592289817
0.540000  0.260000   0.01442249425452157
0.580000  0.260000   0.01594496459250382
0.620000  0.260000   0.01770543498491855
0.660000  0.260000   0.01972615358025056
0.700000  0.260000   0.02143923561740381
0.740000  0.260000   0.02405111099170210
0.780000  0.260000   0.02657509355453300
0.820000  0.260000   0.02965893010045521
0.860000  0.260000   0.03350475158011407
0.900000  0.260000   0.03843744248569191
0.940000  0.260000   0.04724929258114745
-.740000  0.300000   0.07115681347349985
-.700000  0.300000   0.05798893823603763
-.660000  0.300000   0.05360794656333949
-.620000  0.300000   0.04601884939269211
-.580000  0.300000   0.04323859189322771
-.540000  0.300000   0.04059121742557067
-.500000  0.300000   0.03797213176806330
-.460000  0.300000   0.03534666089276427
-.420000  0.300000   0.03270756471523548
-.380000  0.300000   0.03007067790966425
-.340000  0.300000   0.02959793537624286
-.300000  0.300000   0.02682840464360360
-.260000  0.300000   0.02416427821444332
-.220000  0.300000   0.02165010923068448
-.180000  0.300000   0.02057293859296727
-.140000  0.300000   0.01829499960273489
-.100000  0.300000   0.01703755096840884
-.060000  0.300000   0.01563857294415336
-.020000  0.300000   0.01423145352237958
0.020000  0.300000   0.01297311078968094
0.060000  0.300000   0.01198153836013254
0.100000  0.300000   0.01135049340333474
0.140000  0.300000   0.01110572249026424
0.180000  0.300000   0.01016581056677904
0.220000  0.300000   0.01056576402497583
0.260000  0.300000   0.01013897040435352
0.300000  0.300000   0.01000778934458692
0.340000  0.300000   0.01016888663413528
0.380000  0.300000   0.01151550641917738
0.420000  0.300000   0.01210288531100173
0.460000  0.300000   0.01293788016863905
0.500000  0.300000   0.01400280054636380
0.540000  0.300000   0.01529684801296423
0.580000  0.300000   0.01682517230663911
0.620000  0.300000   0.01860500336427538
0.660000  0.300000   0.02004544176570307
0.700000  0.300000   0.02238005530459493
0.740000  0.300000   0.02459558526893808
0.780000  0.300000   0.02769121174395166
0.820000  0.300000   0.03093681457621487
0.860000  0.300000   0.03475523089727409
0.900000  0.300000   0.04048907524005536
0.940000  0.300000   0.05301330581115450
-.740000  0.340000   0.07108196156975018
-.700000  0.340000   0.06315036490548720
-.660000  0.340000   0.05280689352525057
-.620000  0.340000   0.04913770868204394
-.580000  0.340000   0.04593628363698844
-.540000  0.340000   0.04294281993772476
-.500000  0.340000   0.04003261574364765
-.460000  0.340000   0.03715181479481297
-.420000  0.340000   0.03429094649686396
-.380000  0.340000   0.03146157807149489
-.340000  0.340000   0.02868944141144530
-.300000  0.340000   0.02781814828585692
-.260000  0.340000   0.02502357019431845
-.220000  0.340000   0.02241404299939671
-.180000  0.340000   0.02113011770601305
-.140000  0.340000   0.01882424034488294
-.100000  0.340000   0.01744694562965940
-.060000  0.340000   0.01598709335889994
-.020000  0.340000   0.01456690306279019
0.020000  0.340000   0.01329968950418859
0.060000  0.340000   0.01229081216560832
0.100000  0.340000   0.01160836150279891
0.140000  0.340000   0.01127415598982571
0.180000  0.340000   0.01036259864249260
0.220000  0.340000   0.01063626323643344
0.260000  0.340000   0.01024960512941893
0.300000  0.340000   0.01016911988265025
0.340000  0.340000   0.01119570156543719
0.380000  0.340000   0.01158522072315248
0.420000  0.340000   0.01223575698660126
0.460000  0.340000   0.01312483524136583
0.500000  0.340000   0.01424473180341869
0.540000  0.340000   0.01558682842344269
0.580000  0.340000   0.01715763665932678
0.620000  0.340000   0.01897466130637986
0.660000  0.340000   0.02106857888018789
0.700000  0.340000   0.02301080993198312
0.740000  0.340000   0.02576559360320890
0.780000  0.340000   0.02859736681148068
0.820000  0.340000   0.03212954639086876
0.860000  0.340000   0.03650809755480994
0.900000  0.340000   0.04342509062228486
0.940000  0.340000   0.07704340614954121
-.740000  0.380000   0.07959850888559662
-.700000  0.380000   0.06906247314308583
-.660000  0.380000   0.05695129905664894
-.620000  0.380000   0.05259907140323111
-.580000  0.380000   0.04887461064312634
-.540000  0.380000   0.04546283453234280
-.500000  0.380000   0.04220348130037328
-.460000  0.380000   0.03902481259050334
-.420000  0.380000   0.03591369478509953
-.380000  0.380000   0.03287118798331821
-.340000  0.380000   0.02992166650755564
-.300000  0.380000   0.02709568107727822
-.260000  0.380000   0.02591027260593395
-.220000  0.380000   0.02321051143836156
-.180000  0.380000   0.02176418357387520
-.140000  0.380000   0.01942411861099579
-.100000  0.380000   0.01795556548590819
-.060000  0.380000   0.01645284999147931
-.020000  0.380000   0.01501440065587186
0.020000  0.380000   0.01373804862520219
0.060000  0.380000   0.01271216657340413
0.100000  0.380000   0.01198230068632181
0.140000  0.380000   0.01157751913744690
0.180000  0.380000   0.01071275810726251
0.220000  0.380000   0.01088449981729484
0.260000  0.380000   0.01055190240506049
0.300000  0.380000   0.01125935634558061
0.340000  0.380000   0.01143687797904920
0.380000  0.380000   0.01189430213717995
0.420000  0.380000   0.01260875931804640
0.460000  0.380000   0.01356215102350185
0.500000  0.380000   0.01473841717546586
0.540000  0.380000   0.01613475391882076
0.580000  0.380000   0.01775356845433252
0.620000  0.380000   0.01961971691561212
0.660000  0.380000   0.02176231423967114
0.700000  0.380000   0.02392319331439750
0.740000  0.380000   0.02676119639294488
0.780000  0.380000   0.02986069204980824
0.820000  0.380000   0.03378200626721664
0.860000  0.380000   0.03898524454412260
0.900000  0.380000   0.04848391212249976
-.700000  0.420000   0.06868081023642478
-.660000  0.420000   0.06166273090519750
-.620000  0.420000   0.05646139095447952
-.580000  0.420000   0.04797736113732905
-.540000  0.420000   0.04455871207651973
-.500000  0.420000   0.04133431017110541
-.460000  0.420000   0.03821357443744730
-.420000  0.420000   0.03517269794380857
-.380000  0.420000   0.03436622295798653
-.340000  0.420000   0.03122737097079590
-.300000  0.420000   0.02825222881369482
-.260000  0.420000   0.02689211168418697
-.220000  0.420000   0.02409700738402057
-.180000  0.420000   0.02252060270870218
-.140000  0.420000   0.02013635804137893
-.100000  0.420000   0.01859752615198937
-.060000  0.420000   0.01706003839342976
-.020000  0.420000   0.01560107766922802
0.020000  0.420000   0.01431430756791948
0.060000  0.420000   0.01326693085886530
0.100000  0.420000   0.01249554700317336
0.140000  0.420000   0.01202991325911308
0.180000  0.420000   0.01122507837775284
0.220000  0.420000   0.01131095253202416
0.260000  0.420000   0.01104306567271220
0.300000  0.420000   0.01164393333320036
0.340000  0.420000   0.01189332932061553
0.380000  0.420000   0.01242051136747033
0.420000  0.420000   0.01365444761810100
0.460000  0.420000   0.01460416197694390
0.500000  0.420000   0.01578797758397411
0.540000  0.420000   0.01721014359965854
0.580000  0.420000   0.01887656790111111
0.620000  0.420000   0.02052241072677177
0.660000  0.420000   0.02273722910613462
0.700000  0.420000   0.02531747219163325
0.740000  0.420000   0.02810351075244636
0.780000  0.420000   0.03154678961162129
0.820000  0.420000   0.03589341091943939
0.860000  0.420000   0.04251283157357651
0.900000  0.420000   0.06024149300342593
-.700000  0.460000   0.08435417559856244
-.660000  0.460000   0.06710264404575367
-.620000  0.460000   0.06082219935200315
-.580000  0.460000   0.05119384685685713
-.540000  0.460000   0.04729381699552609
-.500000  0.460000   0.04368995708412370
-.460000  0.460000   0.04026308006336402
-.420000  0.460000   0.03696974358593955
-.380000  0.460000   0.03601747111582911
-.340000  0.460000   0.03267365440600117
-.300000  0.460000   0.02953654989235332
-.260000  0.460000   0.02803315991127069
-.220000  0.460000   0.02512859989599211
-.180000  0.460000   0.02345107635481444
-.140000  0.460000   0.02099981155335056
-.100000  0.460000   0.01940880413396365
-.060000  0.460000   0.01783663256071662
-.020000  0.460000   0.01635844758075354
0.020000  0.460000   0.01505714322294036
0.060000  0.460000   0.01398242491131750
0.100000  0.460000   0.01317234776834927
0.140000  0.460000   0.01265394863289773
0.180000  0.460000   0.01191560504840396
0.220000  0.460000   0.01192529653676563
0.260000  0.460000   0.01172811067078820
0.300000  0.460000   0.01223952240416736
0.340000  0.460000   0.01256332718478480
0.380000  0.460000   0.01316311604706623
0.420000  0.460000   0.01429916642382589
0.460000  0.460000   0.01532140764179498
0.500000  0.460000   0.01657888551460107
0.540000  0.460000   0.01807557537630776
0.580000  0.460000   0.01981974661032178
0.620000  0.460000   0.02169230773438248
0.660000  0.460000   0.02401137996687124
0.700000  0.460000   0.02665029177854421
0.740000  0.460000   0.02986343779976008
0.780000  0.460000   0.03380650323116825
0.820000  0.460000   0.03912762580463949
0.860000  0.460000   0.04864487668744791
-.700000  0.500000   0.09616183795314943
-.660000  0.500000   0.07351928934729424
-.620000  0.500000   0.06581868757463204
-.580000  0.500000   0.05484743022324630
-.540000  0.500000   0.05036904717489767
-.500000  0.500000   0.04632570350041598
-.460000  0.500000   0.04255318027775352
-.420000  0.500000   0.03897944645354392
-.380000  0.500000   0.03789509318876542
-.340000  0.500000   0.03432619253022435
-.300000  0.500000   0.03100859230662325
-.260000  0.500000   0.02939042776943172
-.220000  0.500000   0.02635669630176102
-.180000  0.500000   0.02460038318835778
-.140000  0.500000   0.02205725231228281
-.100000  0.500000   0.02042258813642119
-.060000  0.500000   0.01881709932468962
-.020000  0.500000   0.01731999280234718
0.020000  0.500000   0.01599952980621068
0.060000  0.500000   0.01489490626406719
0.100000  0.500000   0.01404439439191895
0.140000  0.500000   0.01347221449557972
0.180000  0.500000   0.01281270885170080
0.220000  0.500000   0.01274889114321409
0.260000  0.500000   0.01262526719743599
0.300000  0.500000   0.01305648160805215
0.340000  0.500000   0.01345551755871901
0.380000  0.500000   0.01412786412991371
0.420000  0.500000   0.01518407488049699
0.460000  0.500000   0.01628594029704961
0.500000  0.500000   0.01762465221079430
0.540000  0.500000   0.01920915016201918
0.580000  0.500000   0.02105229691111491
0.620000  0.500000   0.02316365359119411
0.660000  0.500000   0.02563825062967040
0.700000  0.500000   0.02858687904295829
0.740000  0.500000   0.03218207624690981
0.780000  0.500000   0.03685996514089050
0.820000  0.500000   0.04403204571503996
0.860000  0.500000   0.06462051006937623
-.660000  0.540000   0.08146030890182385
-.620000  0.540000   0.07165782378834200
-.580000  0.540000   0.05904992752001075
-.540000  0.540000   0.05387556686063746
-.500000  0.540000   0.04931833769847594
-.460000  0.540000   0.04514925842982811
-.420000  0.540000   0.04125975473023165
-.380000  0.540000   0.04006621541088336
-.340000  0.540000   0.03625146349970435
-.300000  0.540000   0.03272819792092022
-.260000  0.540000   0.03102054515668869
-.220000  0.540000   0.02783076723063886
-.180000  0.540000   0.02601912447831434
-.140000  0.540000   0.02335050090426886
-.100000  0.540000   0.02167419367156992
-.060000  0.540000   0.02004139876480353
-.020000  0.540000   0.01852319297895711
0.020000  0.540000   0.01717827304050643
0.060000  0.540000   0.01604012551174424
0.100000  0.540000   0.01514903691307247
0.140000  0.540000   0.01452273760153290
0.180000  0.540000   0.01394764144229839
0.220000  0.540000   0.01381365917741560
0.260000  0.540000   0.01376811761676362
0.300000  0.540000   0.01412388221418424
0.340000  0.540000   0.01459837022505934
0.380000  0.540000   0.01534591299068635
0.420000  0.540000   0.01633656896730915
0.460000  0.540000   0.01752447865632647
0.500000  0.540000   0.01895916481783695
0.540000  0.540000   0.02065088101913603
0.580000  0.540000   0.02262494833138260
0.620000  0.540000   0.02500776412914205
0.660000  0.540000   0.02771929892269272
0.700000  0.540000   0.03110136115923384
0.740000  0.540000   0.03538253612487380
0.780000  0.540000   0.04149547453652356
0.820000  0.540000   0.05340106902722896
-.620000  0.580000   0.07872181610643546
-.580000  0.580000   0.06996363074194129
-.540000  0.580000   0.05792520788946367
-.500000  0.580000   0.05275077081514926
-.460000  0.580000   0.04812069795483918
-.420000  0.580000   0.04387434278831002
-.380000  0.580000   0.04259081153825437
-.340000  0.580000   0.03850168402571520
-.300000  0.580000   0.03475193828632255
-.260000  0.580000   0.03297744394833414
-.220000  0.580000   0.02960199917569673
-.180000  0.580000   0.02774878904957172
-.140000  0.580000   0.02582291175601395
-.100000  0.580000   0.02321104488632946
-.060000  0.580000   0.02155173382540441
-.020000  0.580000   0.02000983363654728
0.020000  0.580000   0.01863503121124679
0.060000  0.580000   0.01745942285667118
0.100000  0.580000   0.01652449263673828
0.140000  0.580000   0.01583607142672209
0.180000  0.580000   0.01536221605865955
0.220000  0.580000   0.01515840394654985
0.260000  0.580000   0.01519674711411887
0.300000  0.580000   0.01548011299281986
0.340000  0.580000   0.01603259925511744
0.380000  0.580000   0.01685928509661355
0.420000  0.580000   0.01780059383942590
0.460000  0.580000   0.01909263412871911
0.500000  0.580000   0.02064173265241202
0.540000  0.580000   0.02247454883329649
0.580000  0.580000   0.02482898168195500
0.620000  0.580000   0.02735669351347312
0.660000  0.580000   0.03063008736099055
0.700000  0.580000   0.03466485909711360
0.740000  0.580000   0.04011414885868678
0.780000  0.580000   0.04947467217433989
-.620000  0.620000   0.09694374188320649
-.580000  0.620000   0.07655316717950604
-.540000  0.620000   0.06830464117786954
-.500000  0.620000   0.06151741515510713
-.460000  0.620000   0.05562051997931686
-.420000  0.620000   0.05033832332862946
-.380000  0.620000   0.04553002816260485
-.340000  0.620000   0.04113593338994953
-.300000  0.620000   0.03712721209514598
-.260000  0.620000   0.03531217102493354
-.220000  0.620000   0.03172281931513598
-.180000  0.620000   0.02983441896480361
-.140000  0.620000   0.02788111987445324
-.100000  0.620000   0.02594200675948310
-.060000  0.620000   0.02339253040549787
-.020000  0.620000   0.02182500436567694
0.020000  0.620000   0.02041620396039958
0.060000  0.620000   0.01920309001028205
0.100000  0.620000   0.01845480499380003
0.140000  0.620000   0.01764839829092357
0.180000  0.620000   0.01710983443717917
0.220000  0.620000   0.01683866393587967
0.260000  0.620000   0.01696537972186778
0.300000  0.620000   0.01718224773756749
0.340000  0.620000   0.01782427676200939
0.380000  0.620000   0.01874001711663759
0.420000  0.620000   0.01993103571394329
0.460000  0.620000   0.02137789315032316
0.500000  0.620000   0.02309354435562252
0.540000  0.620000   0.02511646734250351
0.580000  0.620000   0.02751625147900790
0.620000  0.620000   0.03074674166294522
0.660000  0.620000   0.03437977669638028
0.700000  0.620000   0.03979845936755369
0.740000  0.620000   0.04798840911302550
0.780000  0.620000   0.07316444872429530
-.580000  0.660000   0.09331315761007501
-.540000  0.660000   0.07464487339606832
-.500000  0.660000   0.06670404090189652
-.460000  0.660000   0.06002776147489967
-.420000  0.660000   0.05418217401351555
-.380000  0.660000   0.04894869554067135
-.340000  0.660000   0.04420921185165352
-.300000  0.660000   0.04237117490569954
-.260000  0.660000   0.03807219411279854
-.220000  0.660000   0.03604702920616659
-.180000  0.660000   0.03232546790514653
-.140000  0.660000   0.03035339264367859
-.100000  0.660000   0.02839516821443788
-.060000  0.660000   0.02651535070782166
-.020000  0.660000   0.02476155405445321
0.020000  0.660000   0.02319100531171682
0.060000  0.660000   0.02183817398037091
0.100000  0.660000   0.02072068008241467
0.140000  0.660000   0.01985649979774472
0.180000  0.660000   0.01925468765654572
0.220000  0.660000   0.01926386518144425
0.260000  0.660000   0.01915079337706574
0.300000  0.660000   0.01967683053903240
0.340000  0.660000   0.02005747838030143
0.380000  0.660000   0.02108816781480496
0.420000  0.660000   0.02240871002010290
0.460000  0.660000   0.02401299664744022
0.500000  0.660000   0.02593519926757835
0.540000  0.660000   0.02824295059573097
0.580000  0.660000   0.03148932402603514
0.620000  0.660000   0.03499535827175844
0.660000  0.660000   0.04043020948679363
0.700000  0.660000   0.04826476864926645
0.740000  0.660000   0.06668833589213524
-.540000  0.700000   0.09051517989398500
-.500000  0.700000   0.07951279502421209
-.460000  0.700000   0.07073300574887585
-.420000  0.700000   0.05868008284295860
-.380000  0.700000   0.05683136614172942
-.340000  0.700000   0.05107623744988839
-.300000  0.700000   0.04592562643364094
-.260000  0.700000   0.04380738520549585
-.220000  0.700000   0.03927371814525334
-.180000  0.700000   0.03710865149050523
-.140000  0.700000   0.03329213795773676
-.100000  0.700000   0.03131902297688413
-.060000  0.700000   0.02941716548779322
-.020000  0.700000   0.02763354675433980
0.020000  0.700000   0.02602503310966798
0.060000  0.700000   0.02462713505683428
0.100000  0.700000   0.02345823174982001
0.140000  0.700000   0.02253737312672445
0.180000  0.700000   0.02246195939819071
0.220000  0.700000   0.02201482965097882
0.260000  0.700000   0.02243159460519867
0.300000  0.700000   0.02249689589067139
0.340000  0.700000   0.02342502188081817
0.380000  0.700000   0.02464200099728569
0.420000  0.700000   0.02554340258669644
0.460000  0.700000   0.02799753656707380
0.500000  0.700000   0.03021786033222042
0.540000  0.700000   0.03294754640762168
0.580000  0.700000   0.03694673585764557
0.620000  0.700000   0.04205743032871753
0.660000  0.700000   0.05000858867026650
0.700000  0.700000   0.06768575858061110
-.540000  0.740000   0.11344722491377983
-.500000  0.740000   0.09649239757907660
-.460000  0.740000   0.07775711856279335
-.420000  0.740000   0.06920932029321837
-.380000  0.740000   0.06196261155963328
-.340000  0.740000   0.05564643067293461
-.300000  0.740000   0.05343491331933464
-.260000  0.740000   0.04793131159502700
-.220000  0.740000   0.04560123946980965
-.180000  0.740000   0.04088467327723722
-.140000  0.740000   0.03866827799775598
-.100000  0.740000   0.03646635921322423
-.060000  0.740000   0.03285736394873230
-.020000  0.740000   0.03104857858199327
0.020000  0.740000   0.02940488175653598
0.060000  0.740000   0.02796605011845254
0.100000  0.740000   0.02770389082170235
0.140000  0.740000   0.02665218794568457
0.180000  0.740000   0.02587499508712960
0.220000  0.740000   0.02620333062743035
0.260000  0.740000   0.02594838793035800
0.300000  0.740000   0.02678787399684080
0.340000  0.740000   0.02711151764062609
0.380000  0.740000   0.02853849453525377
0.420000  0.740000   0.03032467811067385
0.460000  0.740000   0.03252465634405929
0.500000  0.740000   0.03598275287212110
0.540000  0.740000   0.03947163314306045
0.580000  0.740000   0.04487351678553839
0.620000  0.740000   0.05341391278825991
0.660000  0.740000   0.07291029011548181
-.500000  0.780000   0.12124995870838601
-.460000  0.780000   0.09454356821884781
-.420000  0.780000   0.08288652206557935
-.380000  0.780000   0.07348496599464470
-.340000  0.780000   0.06556442268348073
-.300000  0.780000   0.05872464776890172
-.260000  0.780000   0.05620491311580607
-.220000  0.780000   0.05039819482023781
-.180000  0.780000   0.04794829238125659
-.140000  0.780000   0.04307880412763740
-.100000  0.780000   0.04087195197758624
-.060000  0.780000   0.03872934797512991
-.020000  0.780000   0.03672328039999542
0.020000  0.780000   0.03490295133358642
0.060000  0.780000   0.03329520648225789
0.100000  0.780000   0.03193278707898875
0.140000  0.780000   0.03083794290901516
0.180000  0.780000   0.03113488489722953
0.220000  0.780000   0.03055613161062757
0.260000  0.780000   0.03133696423535823
0.300000  0.780000   0.03137283598627003
0.340000  0.780000   0.03275515111553575
0.380000  0.780000   0.03450982419177402
0.420000  0.780000   0.03671974875872334
0.460000  0.780000   0.03952714615192349
0.500000  0.780000   0.04403690154033430
0.540000  0.780000   0.04994684955719193
0.580000  0.780000   0.05977521644063481
0.620000  0.780000   0.08844665802372116
-.460000  0.820000   0.13102401466186472
-.420000  0.820000   0.11048605352663514
-.380000  0.820000   0.08869292563881513
-.340000  0.820000   0.07834602535731493
-.300000  0.820000   0.06973317514988706
-.260000  0.820000   0.06662273177605375
-.220000  0.820000   0.05963081371765590
-.180000  0.820000   0.05679646361401532
-.140000  0.820000   0.05104348337917954
-.100000  0.820000   0.04855516289869338
-.060000  0.820000   0.04616540255799212
-.020000  0.820000   0.04393428596662229
0.020000  0.820000   0.04190392652978817
0.060000  0.820000   0.04011539305992554
0.100000  0.820000   0.03860205635860246
0.140000  0.820000   0.03738859727797236
0.180000  0.820000   0.03790858164387426
0.220000  0.820000   0.03728064123321988
0.260000  0.820000   0.03832227505860165
0.300000  0.820000   0.03843750600281134
0.340000  0.820000   0.04022672949400152
0.380000  0.820000   0.04252803679805026
0.420000  0.820000   0.04659777963780903
0.460000  0.820000   0.05062938206877644
0.500000  0.820000   0.05758378714655248
0.540000  0.820000   0.07132394847346220
-.380000  0.860000   0.11997296236551881
-.340000  0.860000   0.10335864831433919
-.300000  0.860000   0.09053292696245019
-.260000  0.860000   0.08012250296155721
-.220000  0.860000   0.07142655166261039
-.180000  0.860000   0.06801224188521539
-.140000  0.860000   0.06110761546797757
-.100000  0.860000   0.05826234755526599
-.060000  0.860000   0.05555919549355827
-.020000  0.860000   0.05304752681489076
0.020000  0.860000   0.05077811195269892
0.060000  0.860000   0.04879503950173865
0.100000  0.860000   0.04713386831663104
0.140000  0.860000   0.04582350485932007
0.180000  0.860000   0.04663851461575858
0.220000  0.860000   0.04604314368273198
0.260000  0.860000   0.04750588347130458
0.300000  0.860000   0.04939468225979753
0.340000  0.860000   0.05189386979610115
0.380000  0.860000   0.05531102908622749
0.420000  0.860000   0.06153123368363642
0.460000  0.860000   0.07216079378783294
0.500000  0.860000   0.09812284915282114
-.340000  0.900000   0.15675757562043702
-.300000  0.900000   0.12244345312889594
-.260000  0.900000   0.10606602743116736
-.220000  0.900000   0.09326318654880500
-.180000  0.900000   0.08286565455855688
-.140000  0.900000   0.07869886645915483
-.100000  0.900000   0.07083519666366327
-.060000  0.900000   0.06768682369687068
-.020000  0.900000   0.06480767504920136
0.020000  0.900000   0.06224935176566422
0.060000  0.900000   0.06005607061234480
0.100000  0.900000   0.05826830176888659
0.140000  0.900000   0.05923124600777531
0.180000  0.900000   0.05827577268267364
0.220000  0.900000   0.05996999664250894
0.260000  0.900000   0.06222000764572122
0.300000  0.900000   0.06533920831426474
0.340000  0.900000   0.07167940326688603
0.380000  0.900000   0.08095588342490688
0.420000  0.900000   0.10372370954862443
-.260000  0.940000   0.17598844761570887
-.220000  0.940000   0.13794371669329453
-.180000  0.940000   0.11935255575729549
-.140000  0.940000   0.10507931724996318
-.100000  0.940000   0.09911582985033153
-.060000  0.940000   0.08917400291258985
-.020000  0.940000   0.08522980366871255
0.020000  0.940000   0.08188380693110744
0.060000  0.940000   0.07916198141287258
0.100000  0.940000   0.08033855198109387
0.140000  0.940000   0.07885303915933461
0.180000  0.940000   0.08117729812287035
0.220000  0.940000   0.08454289858094294
0.260000  0.940000   0.09248391547762171
0.300000  0.940000   0.10476930010970387
0.340000  0.940000   0.16156378781870473
-.140000  0.980000   0.20609170416473019
-.100000  0.980000   0.17344617562331729
-.060000  0.980000   0.15121367115946449
-.020000  0.980000   0.13485924922576614
0.020000  0.980000   0.12862254201087386
0.060000  0.980000   0.13004253712594002
0.100000  0.980000   0.13302821430846334
0.140000  0.980000   0.13913500315874885
0.180000  0.980000   0.16413937403044260
