-.140000  -.980000    0.0000317773293562
-.100000  -.980000    0.0000555348354353
-.060000  -.980000    0.0000709656357883
-.020000  -.980000    0.0000818304692296
0.020000  -.980000    0.0000909179401447
0.060000  -.980000    0.0000977981031425
0.100000  -.980000    0.0001007436648454
0.140000  -.980000    0.0000992251866947
0.180000  -.980000    0.0000897993982253
-.260000  -.940000    0.0000322286955137
-.220000  -.940000    0.0000568283156200
-.180000  -.940000    0.0000769427206390
-.140000  -.940000    0.0000931871999198
-.100000  -.940000    0.0001084801467416
-.060000  -.940000    0.0001198896090282
-.020000  -.940000    0.0001307579898181
0.020000  -.940000    0.0001396444450603
0.060000  -.940000    0.0001466966214425
0.100000  -.940000    0.0001518126906613
0.140000  -.940000    0.0001550743209889
0.180000  -.940000    0.0001556436765274
0.220000  -.940000    0.0001535978711780
0.260000  -.940000    0.0001470272311193
0.300000  -.940000    0.0001358207378811
0.340000  -.940000    0.0000936868045248
-.340000  -.900000    0.0000322629983059
-.300000  -.900000    0.0000577234318909
-.260000  -.900000    0.0000797380562600
-.220000  -.900000    0.0000982785020966
-.180000  -.900000    0.0001144018293866
-.140000  -.900000    0.0001303553326167
-.100000  -.900000    0.0001429976541019
-.060000  -.900000    0.0001554125327736
-.020000  -.900000    0.0001661333065872
0.020000  -.900000    0.0001752955719542
0.060000  -.900000    0.0001829992417066
0.100000  -.900000    0.0001892964233299
0.140000  -.900000    0.0001930533025076
0.180000  -.900000    0.0001963179187323
0.220000  -.900000    0.0001962638133928
0.260000  -.900000    0.0001940796223857
0.300000  -.900000    0.0001897042508900
0.340000  -.900000    0.0001799952301292
0.380000  -.900000    0.0001668305489734
0.420000  -.900000    0.0001411533980684
-.420000  -.860000    0.0000184060576181
-.380000  -.860000    0.0000471691834222
-.340000  -.860000    0.0000721187991229
-.300000  -.860000    0.0000933787283749
-.260000  -.860000    0.0001120262879079
-.220000  -.860000    0.0001287554212693
-.180000  -.860000    0.0001456843586085
-.140000  -.860000    0.0001594616045356
-.100000  -.860000    0.0001731984976607
-.060000  -.860000    0.0001853445908719
-.020000  -.860000    0.0001960287681292
0.020000  -.860000    0.0002053635026799
0.060000  -.860000    0.0002134361741148
0.100000  -.860000    0.0002202994032935
0.140000  -.860000    0.0002259743887115
0.180000  -.860000    0.0002283948770035
0.220000  -.860000    0.0002314540033758
0.260000  -.860000    0.0002304661085848
0.300000  -.860000    0.0002275646711835
0.340000  -.860000    0.0002227558283015
0.380000  -.860000    0.0002159230604056
0.420000  -.860000    0.0002027563716898
0.460000  -.860000    0.0001821885926434
0.500000  -.860000    0.0001469917825672
-.460000  -.820000    0.0000281362671054
-.420000  -.820000    0.0000570175511399
-.380000  -.820000    0.0000789017862061
-.340000  -.820000    0.0001003774091037
-.300000  -.820000    0.0001196902105713
-.260000  -.820000    0.0001395044384200
-.220000  -.820000    0.0001555434947453
-.180000  -.820000    0.0001719380779525
-.140000  -.820000    0.0001856715096145
-.100000  -.820000    0.0001993196451719
-.060000  -.820000    0.0002115269329942
-.020000  -.820000    0.0002223993272197
0.020000  -.820000    0.0002320353211825
0.060000  -.820000    0.0002405133752734
0.100000  -.820000    0.0002478917442217
0.140000  -.820000    0.0002541979001771
0.180000  -.820000    0.0002569964948223
0.220000  -.820000    0.0002609448396740
0.260000  -.820000    0.0002605406238474
0.300000  -.820000    0.0002621210023697
0.340000  -.820000    0.0002586099391832
0.380000  -.820000    0.0002532918372595
0.420000  -.820000    0.0002413640994098
0.460000  -.820000    0.0002320090396276
0.500000  -.820000    0.0002152398883602
0.540000  -.820000    0.0001849770470787
-.540000  -.780000    0.0000013811596303
-.500000  -.780000    0.0000325399942685
-.460000  -.780000    0.0000585213476068
-.420000  -.780000    0.0000831254038083
-.380000  -.780000    0.0001051603370720
-.340000  -.780000    0.0001251952986589
-.300000  -.780000    0.0001436581282720
-.260000  -.780000    0.0001629243616293
-.220000  -.780000    0.0001787594353045
-.180000  -.780000    0.0001950425066169
-.140000  -.780000    0.0002088865165421
-.100000  -.780000    0.0002226736705831
-.060000  -.780000    0.0002351076406847
-.020000  -.780000    0.0002462865234872
0.020000  -.780000    0.0002562927048217
0.060000  -.780000    0.0002652053402628
0.100000  -.780000    0.0002730802823240
0.140000  -.780000    0.0002799553584105
0.180000  -.780000    0.0002832774663988
0.220000  -.780000    0.0002879479820951
0.260000  -.780000    0.0002881647372136
0.300000  -.780000    0.0002906945667128
0.340000  -.780000    0.0002879765873892
0.380000  -.780000    0.0002835570460150
0.420000  -.780000    0.0002774506853091
0.460000  -.780000    0.0002696158754252
0.500000  -.780000    0.0002542085305470
0.540000  -.780000    0.0002364264354005
0.580000  -.780000    0.0002101054391053
0.620000  -.780000    0.0001561488845034
-.580000  -.740000    0.0000017162280340
-.540000  -.740000    0.0000321159746414
-.500000  -.740000    0.0000608186239042
-.460000  -.740000    0.0000832552002516
-.420000  -.740000    0.0001060360372040
-.380000  -.740000    0.0001269313690212
-.340000  -.740000    0.0001463060226391
-.300000  -.740000    0.0001667636336616
-.260000  -.740000    0.0001835217474960
-.220000  -.740000    0.0002009957554119
-.180000  -.740000    0.0002157424774224
-.140000  -.740000    0.0002306631039727
-.100000  -.740000    0.0002441893802550
-.060000  -.740000    0.0002565378430564
-.020000  -.740000    0.0002680829401403
0.020000  -.740000    0.0002785024411684
0.060000  -.740000    0.0002878639123001
0.100000  -.740000    0.0002943494476789
0.140000  -.740000    0.0003014273950334
0.180000  -.740000    0.0003076199812449
0.220000  -.740000    0.0003096492917580
0.260000  -.740000    0.0003138524098203
0.300000  -.740000    0.0003130260028242
0.340000  -.740000    0.0003152617673109
0.380000  -.740000    0.0003116790477734
0.420000  -.740000    0.0003064754719106
0.460000  -.740000    0.0002996541257871
0.500000  -.740000    0.0002849464194682
0.540000  -.740000    0.0002745142306072
0.580000  -.740000    0.0002555735484339
0.620000  -.740000    0.0002276420455386
0.660000  -.740000    0.0001840408879623
-.580000  -.700000    0.0000297351295205
-.540000  -.700000    0.0000567510013016
-.500000  -.700000    0.0000828838360708
-.460000  -.700000    0.0001066080105277
-.420000  -.700000    0.0001252701375574
-.380000  -.700000    0.0001485010280853
-.340000  -.700000    0.0001673330310966
-.300000  -.700000    0.0001850655223812
-.260000  -.700000    0.0002038385613585
-.220000  -.700000    0.0002194788306480
-.180000  -.700000    0.0002356178777312
-.140000  -.700000    0.0002495796533575
-.100000  -.700000    0.0002634646415726
-.060000  -.700000    0.0002760940890511
-.020000  -.700000    0.0002875579097866
0.020000  -.700000    0.0002979498000980
0.060000  -.700000    0.0003073484240040
0.100000  -.700000    0.0003158203499408
0.140000  -.700000    0.0003234153868865
0.180000  -.700000    0.0003272939096507
0.220000  -.700000    0.0003329370505824
0.260000  -.700000    0.0003339215883956
0.300000  -.700000    0.0003377416706140
0.340000  -.700000    0.0003360527548577
0.380000  -.700000    0.0003327988096664
0.420000  -.700000    0.0003337391660327
0.460000  -.700000    0.0003217117684697
0.500000  -.700000    0.0003138853874892
0.540000  -.700000    0.0003045022125975
0.580000  -.700000    0.0002863295572628
0.620000  -.700000    0.0002660570907023
0.660000  -.700000    0.0002364459003148
0.700000  -.700000    0.0001908307036445
-.620000  -.660000    0.0000223092432658
-.580000  -.660000    0.0000521680925955
-.540000  -.660000    0.0000762682077401
-.500000  -.660000    0.0001008699084303
-.460000  -.660000    0.0001236422735366
-.420000  -.660000    0.0001448618998356
-.380000  -.660000    0.0001647617505411
-.340000  -.660000    0.0001835323542520
-.300000  -.660000    0.0002036755824185
-.260000  -.660000    0.0002202549788708
-.220000  -.660000    0.0002377084439420
-.180000  -.660000    0.0002525020531325
-.140000  -.660000    0.0002675824626734
-.100000  -.660000    0.0002813420312369
-.060000  -.660000    0.0002938689092525
-.020000  -.660000    0.0003052687880231
0.020000  -.660000    0.0003156405767563
0.060000  -.660000    0.0003250719520699
0.100000  -.660000    0.0003336355012449
0.140000  -.660000    0.0003413856260899
0.180000  -.660000    0.0003483578885483
0.220000  -.660000    0.0003511587151984
0.260000  -.660000    0.0003563642825480
0.300000  -.660000    0.0003564870831681
0.340000  -.660000    0.0003600135315699
0.380000  -.660000    0.0003576000730555
0.420000  -.660000    0.0003536810330462
0.460000  -.660000    0.0003482740161460
0.500000  -.660000    0.0003413785712972
0.540000  -.660000    0.0003329842306399
0.580000  -.660000    0.0003155567299391
0.620000  -.660000    0.0003037655466461
0.660000  -.660000    0.0002743865023730
0.700000  -.660000    0.0002431142675192
0.740000  -.660000    0.0001955722991026
-.660000  -.620000    0.0000138372921282
-.620000  -.620000    0.0000445221884535
-.580000  -.620000    0.0000698299173169
-.540000  -.620000    0.0000955581514054
-.500000  -.620000    0.0001194039033720
-.460000  -.620000    0.0001416096601280
-.420000  -.620000    0.0001624071902358
-.380000  -.620000    0.0001819899645969
-.340000  -.620000    0.0002005195278947
-.300000  -.620000    0.0002181150316222
-.260000  -.620000    0.0002369619970989
-.220000  -.620000    0.0002526318413792
-.180000  -.620000    0.0002690044368102
-.140000  -.620000    0.0002839871119993
-.100000  -.620000    0.0002976481136278
-.060000  -.620000    0.0003103037454926
-.020000  -.620000    0.0003221868491407
0.020000  -.620000    0.0003330430718758
0.060000  -.620000    0.0003429618881451
0.100000  -.620000    0.0003499075657906
0.140000  -.620000    0.0003577960137012
0.180000  -.620000    0.0003649643364165
0.220000  -.620000    0.0003714504411333
0.260000  -.620000    0.0003733607494870
0.300000  -.620000    0.0003782437248358
0.340000  -.620000    0.0003776446841792
0.380000  -.620000    0.0003755636019666
0.420000  -.620000    0.0003720411890217
0.460000  -.620000    0.0003670875875963
0.500000  -.620000    0.0003606990926123
0.540000  -.620000    0.0003528629971356
0.580000  -.620000    0.0003435657379409
0.620000  -.620000    0.0003247270607983
0.660000  -.620000    0.0003121406664608
0.700000  -.620000    0.0002809322758081
0.740000  -.620000    0.0002480868010044
0.780000  -.620000    0.0001758835519278
-.700000  -.580000    0.0000037922198752
-.660000  -.580000    0.0000339800419816
-.620000  -.580000    0.0000606264081767
-.580000  -.580000    0.0000875206730920
-.540000  -.580000    0.0001088569966335
-.500000  -.580000    0.0001321104808909
-.460000  -.580000    0.0001540414526680
-.420000  -.580000    0.0001747723012108
-.380000  -.580000    0.0001975331208330
-.340000  -.580000    0.0002158850245818
-.300000  -.580000    0.0002333406493301
-.260000  -.580000    0.0002521507494557
-.220000  -.580000    0.0002677191376799
-.180000  -.580000    0.0002840436461596
-.140000  -.580000    0.0002989624432348
-.100000  -.580000    0.0003122476945572
-.060000  -.580000    0.0003252146404660
-.020000  -.580000    0.0003370763789526
0.020000  -.580000    0.0003479353897091
0.060000  -.580000    0.0003578965270526
0.100000  -.580000    0.0003670416907835
0.140000  -.580000    0.0003728114478162
0.180000  -.580000    0.0003801629395062
0.220000  -.580000    0.0003868908337290
0.260000  -.580000    0.0003889669845742
0.300000  -.580000    0.0003941966079242
0.340000  -.580000    0.0003938781119272
0.380000  -.580000    0.0003921441463791
0.420000  -.580000    0.0003950545677420
0.460000  -.580000    0.0003910155710101
0.500000  -.580000    0.0003855817033649
0.540000  -.580000    0.0003787406574153
0.580000  -.580000    0.0003626145433482
0.620000  -.580000    0.0003524625188911
0.660000  -.580000    0.0003322615583671
0.700000  -.580000    0.0003100042219524
0.740000  -.580000    0.0002859664946601
0.780000  -.580000    0.0002429983541073
-.700000  -.540000    0.0000209451628891
-.660000  -.540000    0.0000488081262872
-.620000  -.540000    0.0000767799637485
-.580000  -.540000    0.0000992322474953
-.540000  -.540000    0.0001235248310812
-.500000  -.540000    0.0001464716232733
-.460000  -.540000    0.0001681794653661
-.420000  -.540000    0.0001887484195726
-.380000  -.540000    0.0002115440654360
-.340000  -.540000    0.0002297685541719
-.300000  -.540000    0.0002471171731294
-.260000  -.540000    0.0002659551741332
-.220000  -.540000    0.0002814254469092
-.180000  -.540000    0.0002977463721341
-.140000  -.540000    0.0003117079776651
-.100000  -.540000    0.0003258669365754
-.060000  -.540000    0.0003388130891233
-.020000  -.540000    0.0003506590198957
0.020000  -.540000    0.0003615233057749
0.060000  -.540000    0.0003715223140470
0.100000  -.540000    0.0003807505877992
0.140000  -.540000    0.0003892887574480
0.180000  -.540000    0.0003940796013863
0.220000  -.540000    0.0004010399053346
0.260000  -.540000    0.0004033086828886
0.300000  -.540000    0.0004088705009758
0.340000  -.540000    0.0004088531131183
0.380000  -.540000    0.0004074819648480
0.420000  -.540000    0.0004108611874796
0.460000  -.540000    0.0004072695765948
0.500000  -.540000    0.0004023268922542
0.540000  -.540000    0.0003960219512249
0.580000  -.540000    0.0003883435821072
0.620000  -.540000    0.0003708416251668
0.660000  -.540000    0.0003598975949065
0.700000  -.540000    0.0003383592748239
0.740000  -.540000    0.0003148671728504
0.780000  -.540000    0.0002803208997961
0.820000  -.540000    0.0002274443968189
-.740000  -.500000    0.0000070735985406
-.700000  -.500000    0.0000369554400717
-.660000  -.500000    0.0000634618225950
-.620000  -.500000    0.0000907995094482
-.580000  -.500000    0.0001124512537751
-.540000  -.500000    0.0001364443185924
-.500000  -.500000    0.0001591887228044
-.460000  -.500000    0.0001807531694600
-.420000  -.500000    0.0002012261199194
-.380000  -.500000    0.0002241137075705
-.340000  -.500000    0.0002422594722282
-.300000  -.500000    0.0002595331498837
-.260000  -.500000    0.0002784617246531
-.220000  -.500000    0.0002938455672115
-.180000  -.500000    0.0003102081346423
-.140000  -.500000    0.0003240876312407
-.100000  -.500000    0.0003382561088303
-.060000  -.500000    0.0003511938576406
-.020000  -.500000    0.0003630286329320
0.020000  -.500000    0.0003739007271076
0.060000  -.500000    0.0003839343128227
0.100000  -.500000    0.0003932450703508
0.140000  -.500000    0.0004019149373763
0.180000  -.500000    0.0004068051750713
0.220000  -.500000    0.0004139967381555
0.260000  -.500000    0.0004164792534457
0.300000  -.500000    0.0004223749847279
0.340000  -.500000    0.0004226730969764
0.380000  -.500000    0.0004216771750965
0.420000  -.500000    0.0004255245137612
0.460000  -.500000    0.0004223833918196
0.500000  -.500000    0.0004179357496996
0.540000  -.500000    0.0004121614603593
0.580000  -.500000    0.0004050474362127
0.620000  -.500000    0.0003880925045000
0.660000  -.500000    0.0003777250414620
0.700000  -.500000    0.0003567095506846
0.740000  -.500000    0.0003336065798908
0.780000  -.500000    0.0003087136912822
0.820000  -.500000    0.0002729304030966
0.860000  -.500000    0.0001940164543292
-.740000  -.460000    0.0000203053496633
-.700000  -.460000    0.0000507631818008
-.660000  -.460000    0.0000760570786396
-.620000  -.460000    0.0001028819231474
-.580000  -.460000    0.0001239595736458
-.540000  -.460000    0.0001477441101314
-.500000  -.460000    0.0001703602829521
-.460000  -.460000    0.0001918474961130
-.420000  -.460000    0.0002122747264572
-.380000  -.460000    0.0002352947686216
-.340000  -.460000    0.0002534135188438
-.300000  -.460000    0.0002706586583457
-.260000  -.460000    0.0002897257318497
-.220000  -.460000    0.0003050405525682
-.180000  -.460000    0.0003214919791022
-.140000  -.460000    0.0003352865408421
-.100000  -.460000    0.0003494884040060
-.060000  -.460000    0.0003624291362368
-.020000  -.460000    0.0003742599182716
0.020000  -.460000    0.0003851338049804
0.060000  -.460000    0.0003952060013315
0.100000  -.460000    0.0004045986556673
0.140000  -.460000    0.0004134026531814
0.180000  -.460000    0.0004184122457471
0.220000  -.460000    0.0004258450004468
0.260000  -.460000    0.0004285581868578
0.300000  -.460000    0.0004348005430301
0.340000  -.460000    0.0004354273592668
0.380000  -.460000    0.0004348147434099
0.420000  -.460000    0.0004391457762694
0.460000  -.460000    0.0004364620941243
0.500000  -.460000    0.0004325105931432
0.540000  -.460000    0.0004272687307746
0.580000  -.460000    0.0004207245104984
0.620000  -.460000    0.0004043167789593
0.660000  -.460000    0.0003945373447723
0.700000  -.460000    0.0003740758043327
0.740000  -.460000    0.0003611593257791
0.780000  -.460000    0.0003368859312572
0.820000  -.460000    0.0003007478586989
0.860000  -.460000    0.0002448152849677
-.780000  -.420000    0.0000038031650301
-.740000  -.420000    0.0000325572428028
-.700000  -.420000    0.0000591315088434
-.660000  -.420000    0.0000867682921684
-.620000  -.420000    0.0001131783563648
-.580000  -.420000    0.0001338808375636
-.540000  -.420000    0.0001575227660925
-.500000  -.420000    0.0001800619797917
-.460000  -.420000    0.0002015284310961
-.420000  -.420000    0.0002219499915294
-.380000  -.420000    0.0002451285308672
-.340000  -.420000    0.0002632598519718
-.300000  -.420000    0.0002805120165532
-.260000  -.420000    0.0002997840567176
-.220000  -.420000    0.0003150509093583
-.180000  -.420000    0.0003316482603348
-.140000  -.420000    0.0003453530813161
-.100000  -.420000    0.0003596167983609
-.060000  -.420000    0.0003725792395274
-.020000  -.420000    0.0003844058201156
0.020000  -.420000    0.0003952857856366
0.060000  -.420000    0.0004053939286707
0.100000  -.420000    0.0004148684832384
0.140000  -.420000    0.0004238220514893
0.180000  -.420000    0.0004289634405676
0.220000  -.420000    0.0004366568435655
0.260000  -.420000    0.0004396143732962
0.300000  -.420000    0.0004462341826568
0.340000  -.420000    0.0004471962548178
0.380000  -.420000    0.0004469725244619
0.420000  -.420000    0.0004518311816843
0.460000  -.420000    0.0004496057354525
0.500000  -.420000    0.0004461523604407
0.540000  -.420000    0.0004414503203607
0.580000  -.420000    0.0004354776890827
0.620000  -.420000    0.0004195783867353
0.660000  -.420000    0.0004104116641873
0.700000  -.420000    0.0003999913708334
0.740000  -.420000    0.0003781519991778
0.780000  -.420000    0.0003542783666988
0.820000  -.420000    0.0003181873074968
0.860000  -.420000    0.0002809769595405
0.900000  -.420000    0.0002080801366152
-.780000  -.380000    0.0000146161648975
-.740000  -.380000    0.0000429156097424
-.700000  -.380000    0.0000721299821190
-.660000  -.380000    0.0000957527764200
-.620000  -.380000    0.0001218185205555
-.580000  -.380000    0.0001467053817328
-.540000  -.380000    0.0001703890613452
-.500000  -.380000    0.0001928833900114
-.460000  -.380000    0.0002142174896790
-.420000  -.380000    0.0002344348909614
-.380000  -.380000    0.0002536148337631
-.340000  -.380000    0.0002718202074426
-.300000  -.380000    0.0002891230481858
-.260000  -.380000    0.0003086456217169
-.220000  -.380000    0.0003239019082431
-.180000  -.380000    0.0003407032618822
-.140000  -.380000    0.0003543275187551
-.100000  -.380000    0.0003686891742870
-.060000  -.380000    0.0003816897151263
-.020000  -.380000    0.0003935202236866
0.020000  -.380000    0.0004044000082915
0.060000  -.380000    0.0004145397484091
0.100000  -.380000    0.0004241079481619
0.140000  -.380000    0.0004332304830636
0.180000  -.380000    0.0004385137651215
0.220000  -.380000    0.0004465049935212
0.260000  -.380000    0.0004497185649115
0.300000  -.380000    0.0004567641543349
0.340000  -.380000    0.0004580673878263
0.380000  -.380000    0.0004582383009320
0.420000  -.380000    0.0004572616743449
0.460000  -.380000    0.0004551073968521
0.500000  -.380000    0.0004517370824815
0.540000  -.380000    0.0004471141723757
0.580000  -.380000    0.0004411953167946
0.620000  -.380000    0.0004339637202599
0.660000  -.380000    0.0004254288335714
0.700000  -.380000    0.0004060646997134
0.740000  -.380000    0.0003943340050162
0.780000  -.380000    0.0003709203054876
0.820000  -.380000    0.0003455955754923
0.860000  -.380000    0.0003080211561675
0.900000  -.380000    0.0002501522824449
-.780000  -.340000    0.0000240862792670
-.740000  -.340000    0.0000514596866130
-.700000  -.340000    0.0000800206459832
-.660000  -.340000    0.0001031610769059
-.620000  -.340000    0.0001289264941201
-.580000  -.340000    0.0001536337172143
-.540000  -.340000    0.0001772504096911
-.500000  -.340000    0.0001997479732335
-.460000  -.340000    0.0002211517477950
-.420000  -.340000    0.0002414777944427
-.380000  -.340000    0.0002607681876510
-.340000  -.340000    0.0002790898810243
-.300000  -.340000    0.0003002391363812
-.260000  -.340000    0.0003162974770378
-.220000  -.340000    0.0003316003345259
-.180000  -.340000    0.0003486637179606
-.140000  -.340000    0.0003622308862427
-.100000  -.340000    0.0003767331931598
-.060000  -.340000    0.0003897998607453
-.020000  -.340000    0.0004016340574063
0.020000  -.340000    0.0004125102862913
0.060000  -.340000    0.0004226877335423
0.100000  -.340000    0.0004323627652696
0.140000  -.340000    0.0004416775437944
0.180000  -.340000    0.0004471161319597
0.220000  -.340000    0.0004554662771550
0.260000  -.340000    0.0004589439711086
0.300000  -.340000    0.0004613300140009
0.340000  -.340000    0.0004681473258790
0.380000  -.340000    0.0004687141769423
0.420000  -.340000    0.0004681726150780
0.460000  -.340000    0.0004664920399198
0.500000  -.340000    0.0004636288523764
0.540000  -.340000    0.0004595437209942
0.580000  -.340000    0.0004541988389022
0.620000  -.340000    0.0004475851804421
0.660000  -.340000    0.0004397113548864
0.700000  -.340000    0.0004208214913362
0.740000  -.340000    0.0004097797979177
0.780000  -.340000    0.0003868420977196
0.820000  -.340000    0.0003619004508719
0.860000  -.340000    0.0003242598814714
0.900000  -.340000    0.0002753663075014
0.940000  -.340000    0.0001591450694876
-.820000  -.300000    0.0000037804524650
-.780000  -.300000    0.0000318465317604
-.740000  -.300000    0.0000616365416047
-.700000  -.300000    0.0000862925522579
-.660000  -.300000    0.0001133709178229
-.620000  -.300000    0.0001346450466721
-.580000  -.300000    0.0001591875636388
-.540000  -.300000    0.0001827363437034
-.500000  -.300000    0.0002052539045296
-.460000  -.300000    0.0002267277858928
-.420000  -.300000    0.0002471770085473
-.380000  -.300000    0.0002666231860280
-.340000  -.300000    0.0002894180878280
-.300000  -.300000    0.0003065173987544
-.260000  -.300000    0.0003227221350186
-.220000  -.300000    0.0003381217298711
-.180000  -.300000    0.0003555249246502
-.140000  -.300000    0.0003690681181584
-.100000  -.300000    0.0003837728418758
-.060000  -.300000    0.0003969382753064
-.020000  -.300000    0.0004087875123819
0.020000  -.300000    0.0004196546862685
0.060000  -.300000    0.0004298684691362
0.100000  -.300000    0.0004396689935769
0.140000  -.300000    0.0004492353138564
0.180000  -.300000    0.0004548507643049
0.220000  -.300000    0.0004636252253001
0.260000  -.300000    0.0004673909160563
0.300000  -.300000    0.0004701194591368
0.340000  -.300000    0.0004718282501678
0.380000  -.300000    0.0004785378648199
0.420000  -.300000    0.0004784323175859
0.460000  -.300000    0.0004772201039112
0.500000  -.300000    0.0004748622268007
0.540000  -.300000    0.0004713229826304
0.580000  -.300000    0.0004665653477855
0.620000  -.300000    0.0004605862541180
0.660000  -.300000    0.0004440518232180
0.700000  -.300000    0.0004348865150191
0.740000  -.300000    0.0004143744042944
0.780000  -.300000    0.0004021168863593
0.820000  -.300000    0.0003776122723377
0.860000  -.300000    0.0003400335148981
0.900000  -.300000    0.0003012964193743
0.940000  -.300000    0.0002333559996257
-.820000  -.260000    0.0000113514877207
-.780000  -.260000    0.0000404912296918
-.740000  -.260000    0.0000669529104643
-.700000  -.260000    0.0000953608486034
-.660000  -.260000    0.0001177669186820
-.620000  -.260000    0.0001434979041029
-.580000  -.260000    0.0001682351909599
-.540000  -.260000    0.0001919255082178
-.500000  -.260000    0.0002145332918689
-.460000  -.260000    0.0002360373911189
-.420000  -.260000    0.0002564552295523
-.380000  -.260000    0.0002758084116659
-.340000  -.260000    0.0002941280960216
-.300000  -.260000    0.0003114627334881
-.260000  -.260000    0.0003278801550994
-.220000  -.260000    0.0003470478230026
-.180000  -.260000    0.0003612408640279
-.140000  -.260000    0.0003773384274815
-.100000  -.260000    0.0003898052004526
-.060000  -.260000    0.0004031252255179
-.020000  -.260000    0.0004149991347942
0.020000  -.260000    0.0004258509680017
0.060000  -.260000    0.0004361107265071
0.100000  -.260000    0.0004460861270853
0.140000  -.260000    0.0004525551388301
0.180000  -.260000    0.0004617884707033
0.220000  -.260000    0.0004664941461684
0.260000  -.260000    0.0004751988559721
0.300000  -.260000    0.0004782751856554
0.340000  -.260000    0.0004803751353430
0.380000  -.260000    0.0004814611490119
0.420000  -.260000    0.0004814868553605
0.460000  -.260000    0.0004804027045269
0.500000  -.260000    0.0004781590588055
0.540000  -.260000    0.0004747093384063
0.580000  -.260000    0.0004700177736762
0.620000  -.260000    0.0004640642880900
0.660000  -.260000    0.0004568456073246
0.700000  -.260000    0.0004387517515726
0.740000  -.260000    0.0004283083256565
0.780000  -.260000    0.0004060709203849
0.820000  -.260000    0.0003816572901991
0.860000  -.260000    0.0003552955867865
0.900000  -.260000    0.0003163289778953
0.940000  -.260000    0.0002564182886695
-.820000  -.220000    0.0000170830067075
-.780000  -.220000    0.0000451266587557
-.740000  -.220000    0.0000746755949787
-.700000  -.220000    0.0000985725514458
-.660000  -.220000    0.0001255089237566
-.620000  -.220000    0.0001463907456569
-.580000  -.220000    0.0001709380755817
-.540000  -.220000    0.0001945347391007
-.500000  -.220000    0.0002171539250421
-.460000  -.220000    0.0002387602816680
-.420000  -.220000    0.0002593397549545
-.380000  -.220000    0.0002789102043463
-.340000  -.220000    0.0002974881464372
-.300000  -.220000    0.0003150984356243
-.260000  -.220000    0.0003361196392335
-.220000  -.220000    0.0003513558612862
-.180000  -.220000    0.0003657630737980
-.140000  -.220000    0.0003823824770495
-.100000  -.220000    0.0003948254588807
-.060000  -.220000    0.0004083779215533
-.020000  -.220000    0.0004202995108003
0.020000  -.220000    0.0004311241000681
0.060000  -.220000    0.0004414408197316
0.100000  -.220000    0.0004516574914937
0.140000  -.220000    0.0004582906849284
0.180000  -.220000    0.0004680682897645
0.220000  -.220000    0.0004730891043679
0.260000  -.220000    0.0004771989385413
0.300000  -.220000    0.0004859947230224
0.340000  -.220000    0.0004884920387027
0.380000  -.220000    0.0004899921993551
0.420000  -.220000    0.0004904668099699
0.460000  -.220000    0.0004898625225146
0.500000  -.220000    0.0004881274221861
0.540000  -.220000    0.0004852211915854
0.580000  -.220000    0.0004811040039962
0.620000  -.220000    0.0004757936375835
0.660000  -.220000    0.0004599124669096
0.700000  -.220000    0.0004514355129341
0.740000  -.220000    0.0004316156744125
0.780000  -.220000    0.0004199650054249
0.820000  -.220000    0.0003960227855769
0.860000  -.220000    0.0003700935927692
0.900000  -.220000    0.0003310443376115
0.940000  -.220000    0.0002806487149848
-.820000  -.180000    0.0000230301641801
-.780000  -.180000    0.0000513371165420
-.740000  -.180000    0.0000769684642030
-.700000  -.180000    0.0001050315287418
-.660000  -.180000    0.0001270858880278
-.620000  -.180000    0.0001527092845361
-.580000  -.180000    0.0001774418736295
-.540000  -.180000    0.0002012037521967
-.500000  -.180000    0.0002239593750456
-.460000  -.180000    0.0002456784074457
-.420000  -.180000    0.0002663450419307
-.380000  -.180000    0.0002859607449756
-.340000  -.180000    0.0003045395095691
-.300000  -.180000    0.0003221014851944
-.260000  -.180000    0.0003386673215904
-.220000  -.180000    0.0003542735221596
-.180000  -.180000    0.0003730995831034
-.140000  -.180000    0.0003862411694090
-.100000  -.180000    0.0003987680213615
-.060000  -.180000    0.0004126971460786
-.020000  -.180000    0.0004247080358919
0.020000  -.180000    0.0004354940576886
0.060000  -.180000    0.0004459092882224
0.100000  -.180000    0.0004564918005592
0.140000  -.180000    0.0004633557106470
0.180000  -.180000    0.0004692481329460
0.220000  -.180000    0.0004792475938361
0.260000  -.180000    0.0004837383997175
0.300000  -.180000    0.0004873664025086
0.340000  -.180000    0.0004900192349916
0.380000  -.180000    0.0004916812620787
0.420000  -.180000    0.0004923318404300
0.460000  -.180000    0.0004918300329172
0.500000  -.180000    0.0004901790137972
0.540000  -.180000    0.0004873514386586
0.580000  -.180000    0.0004833428428867
0.620000  -.180000    0.0004780606641603
0.660000  -.180000    0.0004715418490714
0.700000  -.180000    0.0004540112434398
0.740000  -.180000    0.0004442841818693
0.780000  -.180000    0.0004226848467942
0.820000  -.180000    0.0003988362588258
0.860000  -.180000    0.0003729099223695
0.900000  -.180000    0.0003454423019416
0.940000  -.180000    0.0002942325291886
0.980000  -.180000    0.0001987987922811
-.820000  -.140000    0.0000258620750777
-.780000  -.140000    0.0000530768045247
-.740000  -.140000    0.0000820236960998
-.700000  -.140000    0.0001055149518368
-.660000  -.140000    0.0001321551277148
-.620000  -.140000    0.0001579851260945
-.580000  -.140000    0.0001829150638051
-.540000  -.140000    0.0002011234295664
-.500000  -.140000    0.0002238037159119
-.460000  -.140000    0.0002455453534561
-.420000  -.140000    0.0002663287488595
-.380000  -.140000    0.0002861409707043
-.340000  -.140000    0.0003049814017841
-.300000  -.140000    0.0003228575833007
-.260000  -.140000    0.0003450978327486
-.220000  -.140000    0.0003606337176458
-.180000  -.140000    0.0003751538459611
-.140000  -.140000    0.0003887231297486
-.100000  -.140000    0.0004048224703294
-.060000  -.140000    0.0004160346096029
-.020000  -.140000    0.0004282363243632
0.020000  -.140000    0.0004389567124429
0.060000  -.140000    0.0004495582299021
0.100000  -.140000    0.0004570587310271
0.140000  -.140000    0.0004679604948293
0.180000  -.140000    0.0004742652100968
0.220000  -.140000    0.0004797903757621
0.260000  -.140000    0.0004845082138173
0.300000  -.140000    0.0004942586543079
0.340000  -.140000    0.0004972513595646
0.380000  -.140000    0.0004995182446364
0.420000  -.140000    0.0005004452121794
0.460000  -.140000    0.0005004214041049
0.500000  -.140000    0.0004993926331618
0.540000  -.140000    0.0004971304125699
0.580000  -.140000    0.0004851323645915
0.620000  -.140000    0.0004799099219514
0.660000  -.140000    0.0004733900462812
0.700000  -.140000    0.0004656577560430
0.740000  -.140000    0.0004463608616554
0.780000  -.140000    0.0004354844492256
0.820000  -.140000    0.0004120400251477
0.860000  -.140000    0.0003865791860257
0.900000  -.140000    0.0003475672061395
0.940000  -.140000    0.0003076975403284
0.980000  -.140000    0.0002280830383127
-.860000  -.100000    0.0000009944100991
-.820000  -.100000    0.0000293971211937
-.780000  -.100000    0.0000566910412062
-.740000  -.100000    0.0000859325925210
-.700000  -.100000    0.0001092525464064
-.660000  -.100000    0.0001360844587657
-.620000  -.100000    0.0001620998254904
-.580000  -.100000    0.0001813028623374
-.540000  -.100000    0.0002050151441655
-.500000  -.100000    0.0002278033129587
-.460000  -.100000    0.0002496506509572
-.420000  -.100000    0.0002705370660496
-.380000  -.100000    0.0002904535237396
-.340000  -.100000    0.0003093972842355
-.300000  -.100000    0.0003273701409483
-.260000  -.100000    0.0003443750192606
-.220000  -.100000    0.0003604140945544
-.180000  -.100000    0.0003754902739222
-.140000  -.100000    0.0003944981831719
-.100000  -.100000    0.0004068102902717
-.060000  -.100000    0.0004182704295186
-.020000  -.100000    0.0004309075601314
0.020000  -.100000    0.0004415225345051
0.060000  -.100000    0.0004525364753485
0.100000  -.100000    0.0004603826655255
0.140000  -.100000    0.0004675600977012
0.180000  -.100000    0.0004793388564575
0.220000  -.100000    0.0004853122022544
0.260000  -.100000    0.0004904544445049
0.300000  -.100000    0.0004945983217805
0.340000  -.100000    0.0004980144600389
0.380000  -.100000    0.0005001554700823
0.420000  -.100000    0.0005010379721188
0.460000  -.100000    0.0005015635145811
0.500000  -.100000    0.0005002032428583
0.540000  -.100000    0.0004979441496123
0.580000  -.100000    0.0004948857920268
0.620000  -.100000    0.0004812762136928
0.660000  -.100000    0.0004748344997771
0.700000  -.100000    0.0004670633695581
0.740000  -.100000    0.0004479280422246
0.780000  -.100000    0.0004369621000481
0.820000  -.100000    0.0004136255982953
0.860000  -.100000    0.0003881903824489
0.900000  -.100000    0.0003610564371418
0.940000  -.100000    0.0003091621150581
0.980000  -.100000    0.0002388708725004
-.860000  -.060000    0.0000028109290908
-.820000  -.060000    0.0000318147170809
-.780000  -.060000    0.0000591500487344
-.740000  -.060000    0.0000841577283636
-.700000  -.060000    0.0001117995975807
-.660000  -.060000    0.0001387735561562
-.620000  -.060000    0.0001592183121890
-.580000  -.060000    0.0001838916676347
-.540000  -.060000    0.0002076958772389
-.500000  -.060000    0.0002305782144844
-.460000  -.060000    0.0002525184151945
-.420000  -.060000    0.0002735042634277
-.380000  -.060000    0.0002935303444722
-.340000  -.060000    0.0003125924336293
-.300000  -.060000    0.0003306981003913
-.260000  -.060000    0.0003478535149470
-.220000  -.060000    0.0003640580506007
-.180000  -.060000    0.0003792986582848
-.140000  -.060000    0.0003935566101973
-.100000  -.060000    0.0004067863116187
-.060000  -.060000    0.0004232685761123
-.020000  -.060000    0.0004327507550919
0.020000  -.060000    0.0004431882729056
0.060000  -.060000    0.0004511970505772
0.100000  -.060000    0.0004638796211357
0.140000  -.060000    0.0004717329778785
0.180000  -.060000    0.0004788450883733
0.220000  -.060000    0.0004851114565484
0.260000  -.060000    0.0004904921748418
0.300000  -.060000    0.0004947631222069
0.340000  -.060000    0.0004986082547155
0.380000  -.060000    0.0004999683692640
0.420000  -.060000    0.0005027050630141
0.460000  -.060000    0.0005019274216027
0.500000  -.060000    0.0005012154347679
0.540000  -.060000    0.0004988991334673
0.580000  -.060000    0.0004953191081236
0.620000  -.060000    0.0004909629696393
0.660000  -.060000    0.0004757837737590
0.700000  -.060000    0.0004680156652387
0.740000  -.060000    0.0004590863526120
0.780000  -.060000    0.0004379688683896
0.820000  -.060000    0.0004147203303745
0.860000  -.060000    0.0003892938524467
0.900000  -.060000    0.0003620538366046
0.940000  -.060000    0.0003219462781889
0.980000  -.060000    0.0002499893638190
-.860000  -.020000    0.0000037819319636
-.820000  -.020000    0.0000330421659415
-.780000  -.020000    0.0000603948798445
-.740000  -.020000    0.0000853728718212
-.700000  -.020000    0.0001130907974376
-.660000  -.020000    0.0001401403852420
-.620000  -.020000    0.0001604859947256
-.580000  -.020000    0.0001852090491530
-.540000  -.020000    0.0002090641101941
-.500000  -.020000    0.0002320020141497
-.460000  -.020000    0.0002539992783245
-.420000  -.020000    0.0002750467611949
-.380000  -.020000    0.0002951398499219
-.340000  -.020000    0.0003142859902954
-.300000  -.020000    0.0003324914143099
-.260000  -.020000    0.0003497676818785
-.220000  -.020000    0.0003661258568259
-.180000  -.020000    0.0003815765709944
-.140000  -.020000    0.0003961187228312
-.100000  -.020000    0.0004097380922101
-.060000  -.020000    0.0004223579849837
-.020000  -.020000    0.0004335493583987
0.020000  -.020000    0.0004441657814217
0.060000  -.020000    0.0004536613215361
0.100000  -.020000    0.0004627802303959
0.140000  -.020000    0.0004710904763515
0.180000  -.020000    0.0004785039368960
0.220000  -.020000    0.0004849738936444
0.260000  -.020000    0.0004904949295763
0.300000  -.020000    0.0004948779755773
0.340000  -.020000    0.0004988164419413
0.380000  -.020000    0.0005000808412390
0.420000  -.020000    0.0005035350077682
0.460000  -.020000    0.0005009540124449
0.500000  -.020000    0.0005013994805109
0.540000  -.020000    0.0005001730863963
0.580000  -.020000    0.0004954496676597
0.620000  -.020000    0.0004914716096176
0.660000  -.020000    0.0004762330542106
0.700000  -.020000    0.0004684920817086
0.740000  -.020000    0.0004595422285725
0.780000  -.020000    0.0004384813941131
0.820000  -.020000    0.0004152759772562
0.860000  -.020000    0.0003898526528799
0.900000  -.020000    0.0003625715308650
0.940000  -.020000    0.0003224094568726
0.980000  -.020000    0.0002612717491293
-.860000  0.020000    0.0000037819319636
-.820000  0.020000    0.0000330421659415
-.780000  0.020000    0.0000603948798445
-.740000  0.020000    0.0000853728718212
-.700000  0.020000    0.0001130907974376
-.660000  0.020000    0.0001401403852420
-.620000  0.020000    0.0001604859947256
-.580000  0.020000    0.0001852090491530
-.540000  0.020000    0.0002090641101941
-.500000  0.020000    0.0002320020141497
-.460000  0.020000    0.0002539992783245
-.420000  0.020000    0.0002750467611949
-.380000  0.020000    0.0002951398499219
-.340000  0.020000    0.0003142859902954
-.300000  0.020000    0.0003324914143099
-.260000  0.020000    0.0003497676818785
-.220000  0.020000    0.0003661258568259
-.180000  0.020000    0.0003815765709944
-.140000  0.020000    0.0003961187228312
-.100000  0.020000    0.0004097380922101
-.060000  0.020000    0.0004223579849837
-.020000  0.020000    0.0004335493583987
0.020000  0.020000    0.0004441657814217
0.060000  0.020000    0.0004536613215361
0.100000  0.020000    0.0004627802303959
0.140000  0.020000    0.0004710904763515
0.180000  0.020000    0.0004785039368960
0.220000  0.020000    0.0004849738936444
0.260000  0.020000    0.0004904949295763
0.300000  0.020000    0.0004948779755773
0.340000  0.020000    0.0004988164419413
0.380000  0.020000    0.0005000808412390
0.420000  0.020000    0.0005035350077682
0.460000  0.020000    0.0005009540124449
0.500000  0.020000    0.0005013994805109
0.540000  0.020000    0.0005001730863963
0.580000  0.020000    0.0004954496676597
0.620000  0.020000    0.0004914716096176
0.660000  0.020000    0.0004762330542106
0.700000  0.020000    0.0004684920817086
0.740000  0.020000    0.0004595422285725
0.780000  0.020000    0.0004384813941131
0.820000  0.020000    0.0004152759772562
0.860000  0.020000    0.0003898526528799
0.900000  0.020000    0.0003625715308650
0.940000  0.020000    0.0003224094568726
0.980000  0.020000    0.0002612717491293
-.860000  0.060000    0.0000028109290908
-.820000  0.060000    0.0000318147170809
-.780000  0.060000    0.0000591500487344
-.740000  0.060000    0.0000841577283636
-.700000  0.060000    0.0001117995975807
-.660000  0.060000    0.0001387735561562
-.620000  0.060000    0.0001592183121890
-.580000  0.060000    0.0001838916676347
-.540000  0.060000    0.0002076958772389
-.500000  0.060000    0.0002305782144844
-.460000  0.060000    0.0002525184151945
-.420000  0.060000    0.0002735042634277
-.380000  0.060000    0.0002935303444722
-.340000  0.060000    0.0003125924336293
-.300000  0.060000    0.0003306981003913
-.260000  0.060000    0.0003478535149470
-.220000  0.060000    0.0003640580506007
-.180000  0.060000    0.0003792986582848
-.140000  0.060000    0.0003935566101973
-.100000  0.060000    0.0004067863116187
-.060000  0.060000    0.0004232685761123
-.020000  0.060000    0.0004327507550919
0.020000  0.060000    0.0004431882729056
0.060000  0.060000    0.0004511970505772
0.100000  0.060000    0.0004638796211357
0.140000  0.060000    0.0004717329778785
0.180000  0.060000    0.0004788450883733
0.220000  0.060000    0.0004851114565484
0.260000  0.060000    0.0004904921748418
0.300000  0.060000    0.0004947631222069
0.340000  0.060000    0.0004986082547155
0.380000  0.060000    0.0004999683692640
0.420000  0.060000    0.0005027050630141
0.460000  0.060000    0.0005019274216027
0.500000  0.060000    0.0005012154347679
0.540000  0.060000    0.0004988991334673
0.580000  0.060000    0.0004953191081236
0.620000  0.060000    0.0004909629696393
0.660000  0.060000    0.0004757837737590
0.700000  0.060000    0.0004680156652387
0.740000  0.060000    0.0004590863526120
0.780000  0.060000    0.0004379688683896
0.820000  0.060000    0.0004147203303745
0.860000  0.060000    0.0003892938524467
0.900000  0.060000    0.0003620538366046
0.940000  0.060000    0.0003219462781889
0.980000  0.060000    0.0002499893638190
-.860000  0.100000    0.0000009944100991
-.820000  0.100000    0.0000293971211937
-.780000  0.100000    0.0000566910412062
-.740000  0.100000    0.0000859325925210
-.700000  0.100000    0.0001092525464064
-.660000  0.100000    0.0001360844587657
-.620000  0.100000    0.0001620998254904
-.580000  0.100000    0.0001813028623374
-.540000  0.100000    0.0002050151441655
-.500000  0.100000    0.0002278033129587
-.460000  0.100000    0.0002496506509572
-.420000  0.100000    0.0002705370660496
-.380000  0.100000    0.0002904535237396
-.340000  0.100000    0.0003093972842355
-.300000  0.100000    0.0003273701409483
-.260000  0.100000    0.0003443750192606
-.220000  0.100000    0.0003604140945544
-.180000  0.100000    0.0003754902739222
-.140000  0.100000    0.0003944981831719
-.100000  0.100000    0.0004068102902717
-.060000  0.100000    0.0004182704295186
-.020000  0.100000    0.0004309075601314
0.020000  0.100000    0.0004415225345051
0.060000  0.100000    0.0004525364753485
0.100000  0.100000    0.0004603826655255
0.140000  0.100000    0.0004675600977012
0.180000  0.100000    0.0004793388564575
0.220000  0.100000    0.0004853122022544
0.260000  0.100000    0.0004904544445049
0.300000  0.100000    0.0004945983217805
0.340000  0.100000    0.0004980144600389
0.380000  0.100000    0.0005001554700823
0.420000  0.100000    0.0005010379721188
0.460000  0.100000    0.0005015635145811
0.500000  0.100000    0.0005002032428583
0.540000  0.100000    0.0004979441496123
0.580000  0.100000    0.0004948857920268
0.620000  0.100000    0.0004812762136928
0.660000  0.100000    0.0004748344997771
0.700000  0.100000    0.0004670633695581
0.740000  0.100000    0.0004479280422246
0.780000  0.100000    0.0004369621000481
0.820000  0.100000    0.0004136255982953
0.860000  0.100000    0.0003881903824489
0.900000  0.100000    0.0003610564371418
0.940000  0.100000    0.0003091621150581
0.980000  0.100000    0.0002388708725004
-.820000  0.140000    0.0000258620750777
-.780000  0.140000    0.0000530768045247
-.740000  0.140000    0.0000820236960998
-.700000  0.140000    0.0001055149518368
-.660000  0.140000    0.0001321551277148
-.620000  0.140000    0.0001579851260945
-.580000  0.140000    0.0001829150638051
-.540000  0.140000    0.0002011234295664
-.500000  0.140000    0.0002238037159119
-.460000  0.140000    0.0002455453534561
-.420000  0.140000    0.0002663287488595
-.380000  0.140000    0.0002861409707043
-.340000  0.140000    0.0003049814017841
-.300000  0.140000    0.0003228575833007
-.260000  0.140000    0.0003450978327486
-.220000  0.140000    0.0003606337176458
-.180000  0.140000    0.0003751538459611
-.140000  0.140000    0.0003887231297486
-.100000  0.140000    0.0004048224703294
-.060000  0.140000    0.0004160346096029
-.020000  0.140000    0.0004282363243632
0.020000  0.140000    0.0004389567124429
0.060000  0.140000    0.0004495582299021
0.100000  0.140000    0.0004570587310271
0.140000  0.140000    0.0004679604948293
0.180000  0.140000    0.0004742652100968
0.220000  0.140000    0.0004797903757621
0.260000  0.140000    0.0004845082138173
0.300000  0.140000    0.0004942586543079
0.340000  0.140000    0.0004972513595646
0.380000  0.140000    0.0004995182446364
0.420000  0.140000    0.0005004452121794
0.460000  0.140000    0.0005004214041049
0.500000  0.140000    0.0004993926331618
0.540000  0.140000    0.0004971304125699
0.580000  0.140000    0.0004851323645915
0.620000  0.140000    0.0004799099219514
0.660000  0.140000    0.0004733900462812
0.700000  0.140000    0.0004656577560430
0.740000  0.140000    0.0004463608616554
0.780000  0.140000    0.0004354844492256
0.820000  0.140000    0.0004120400251477
0.860000  0.140000    0.0003865791860257
0.900000  0.140000    0.0003475672061395
0.940000  0.140000    0.0003076975403284
0.980000  0.140000    0.0002280830383127
-.820000  0.180000    0.0000230301641801
-.780000  0.180000    0.0000513371165420
-.740000  0.180000    0.0000769684642030
-.700000  0.180000    0.0001050315287418
-.660000  0.180000    0.0001270858880278
-.620000  0.180000    0.0001527092845361
-.580000  0.180000    0.0001774418736295
-.540000  0.180000    0.0002012037521967
-.500000  0.180000    0.0002239593750456
-.460000  0.180000    0.0002456784074457
-.420000  0.180000    0.0002663450419307
-.380000  0.180000    0.0002859607449756
-.340000  0.180000    0.0003045395095691
-.300000  0.180000    0.0003221014851944
-.260000  0.180000    0.0003386673215904
-.220000  0.180000    0.0003542735221596
-.180000  0.180000    0.0003730995831034
-.140000  0.180000    0.0003862411694090
-.100000  0.180000    0.0003987680213615
-.060000  0.180000    0.0004126971460786
-.020000  0.180000    0.0004247080358919
0.020000  0.180000    0.0004354940576886
0.060000  0.180000    0.0004459092882224
0.100000  0.180000    0.0004564918005592
0.140000  0.180000    0.0004633557106470
0.180000  0.180000    0.0004692481329460
0.220000  0.180000    0.0004792475938361
0.260000  0.180000    0.0004837383997175
0.300000  0.180000    0.0004873664025086
0.340000  0.180000    0.0004900192349916
0.380000  0.180000    0.0004916812620787
0.420000  0.180000    0.0004923318404300
0.460000  0.180000    0.0004918300329172
0.500000  0.180000    0.0004901790137972
0.540000  0.180000    0.0004873514386586
0.580000  0.180000    0.0004833428428867
0.620000  0.180000    0.0004780606641603
0.660000  0.180000    0.0004715418490714
0.700000  0.180000    0.0004540112434398
0.740000  0.180000    0.0004442841818693
0.780000  0.180000    0.0004226848467942
0.820000  0.180000    0.0003988362588258
0.860000  0.180000    0.0003729099223695
0.900000  0.180000    0.0003454423019416
0.940000  0.180000    0.0002942325291886
0.980000  0.180000    0.0001987987922811
-.820000  0.220000    0.0000170830067075
-.780000  0.220000    0.0000451266587557
-.740000  0.220000    0.0000746755949787
-.700000  0.220000    0.0000985725514458
-.660000  0.220000    0.0001255089237566
-.620000  0.220000    0.0001463907456569
-.580000  0.220000    0.0001709380755817
-.540000  0.220000    0.0001945347391007
-.500000  0.220000    0.0002171539250421
-.460000  0.220000    0.0002387602816680
-.420000  0.220000    0.0002593397549545
-.380000  0.220000    0.0002789102043463
-.340000  0.220000    0.0002974881464372
-.300000  0.220000    0.0003150984356243
-.260000  0.220000    0.0003361196392335
-.220000  0.220000    0.0003513558612862
-.180000  0.220000    0.0003657630737980
-.140000  0.220000    0.0003823824770495
-.100000  0.220000    0.0003948254588807
-.060000  0.220000    0.0004083779215533
-.020000  0.220000    0.0004202995108003
0.020000  0.220000    0.0004311241000681
0.060000  0.220000    0.0004414408197316
0.100000  0.220000    0.0004516574914937
0.140000  0.220000    0.0004582906849284
0.180000  0.220000    0.0004680682897645
0.220000  0.220000    0.0004730891043679
0.260000  0.220000    0.0004771989385413
0.300000  0.220000    0.0004859947230224
0.340000  0.220000    0.0004884920387027
0.380000  0.220000    0.0004899921993551
0.420000  0.220000    0.0004904668099699
0.460000  0.220000    0.0004898625225146
0.500000  0.220000    0.0004881274221861
0.540000  0.220000    0.0004852211915854
0.580000  0.220000    0.0004811040039962
0.620000  0.220000    0.0004757936375835
0.660000  0.220000    0.0004599124669096
0.700000  0.220000    0.0004514355129341
0.740000  0.220000    0.0004316156744125
0.780000  0.220000    0.0004199650054249
0.820000  0.220000    0.0003960227855769
0.860000  0.220000    0.0003700935927692
0.900000  0.220000    0.0003310443376115
0.940000  0.220000    0.0002806487149848
-.820000  0.260000    0.0000113514877207
-.780000  0.260000    0.0000404912296918
-.740000  0.260000    0.0000669529104643
-.700000  0.260000    0.0000953608486034
-.660000  0.260000    0.0001177669186820
-.620000  0.260000    0.0001434979041029
-.580000  0.260000    0.0001682351909599
-.540000  0.260000    0.0001919255082178
-.500000  0.260000    0.0002145332918689
-.460000  0.260000    0.0002360373911189
-.420000  0.260000    0.0002564552295523
-.380000  0.260000    0.0002758084116659
-.340000  0.260000    0.0002941280960216
-.300000  0.260000    0.0003114627334881
-.260000  0.260000    0.0003278801550994
-.220000  0.260000    0.0003470478230026
-.180000  0.260000    0.0003612408640279
-.140000  0.260000    0.0003773384274815
-.100000  0.260000    0.0003898052004526
-.060000  0.260000    0.0004031252255179
-.020000  0.260000    0.0004149991347942
0.020000  0.260000    0.0004258509680017
0.060000  0.260000    0.0004361107265071
0.100000  0.260000    0.0004460861270853
0.140000  0.260000    0.0004525551388301
0.180000  0.260000    0.0004617884707033
0.220000  0.260000    0.0004664941461684
0.260000  0.260000    0.0004751988559721
0.300000  0.260000    0.0004782751856554
0.340000  0.260000    0.0004803751353430
0.380000  0.260000    0.0004814611490119
0.420000  0.260000    0.0004814868553605
0.460000  0.260000    0.0004804027045269
0.500000  0.260000    0.0004781590588055
0.540000  0.260000    0.0004747093384063
0.580000  0.260000    0.0004700177736762
0.620000  0.260000    0.0004640642880900
0.660000  0.260000    0.0004568456073246
0.700000  0.260000    0.0004387517515726
0.740000  0.260000    0.0004283083256565
0.780000  0.260000    0.0004060709203849
0.820000  0.260000    0.0003816572901991
0.860000  0.260000    0.0003552955867865
0.900000  0.260000    0.0003163289778953
0.940000  0.260000    0.0002564182886695
-.820000  0.300000    0.0000037804524650
-.780000  0.300000    0.0000318465317604
-.740000  0.300000    0.0000616365416047
-.700000  0.300000    0.0000862925522579
-.660000  0.300000    0.0001133709178229
-.620000  0.300000    0.0001346450466721
-.580000  0.300000    0.0001591875636388
-.540000  0.300000    0.0001827363437034
-.500000  0.300000    0.0002052539045296
-.460000  0.300000    0.0002267277858928
-.420000  0.300000    0.0002471770085473
-.380000  0.300000    0.0002666231860280
-.340000  0.300000    0.0002894180878280
-.300000  0.300000    0.0003065173987544
-.260000  0.300000    0.0003227221350186
-.220000  0.300000    0.0003381217298711
-.180000  0.300000    0.0003555249246502
-.140000  0.300000    0.0003690681181584
-.100000  0.300000    0.0003837728418758
-.060000  0.300000    0.0003969382753064
-.020000  0.300000    0.0004087875123819
0.020000  0.300000    0.0004196546862685
0.060000  0.300000    0.0004298684691362
0.100000  0.300000    0.0004396689935769
0.140000  0.300000    0.0004492353138564
0.180000  0.300000    0.0004548507643049
0.220000  0.300000    0.0004636252253001
0.260000  0.300000    0.0004673909160563
0.300000  0.300000    0.0004701194591368
0.340000  0.300000    0.0004718282501678
0.380000  0.300000    0.0004785378648199
0.420000  0.300000    0.0004784323175859
0.460000  0.300000    0.0004772201039112
0.500000  0.300000    0.0004748622268007
0.540000  0.300000    0.0004713229826304
0.580000  0.300000    0.0004665653477855
0.620000  0.300000    0.0004605862541180
0.660000  0.300000    0.0004440518232180
0.700000  0.300000    0.0004348865150191
0.740000  0.300000    0.0004143744042944
0.780000  0.300000    0.0004021168863593
0.820000  0.300000    0.0003776122723377
0.860000  0.300000    0.0003400335148981
0.900000  0.300000    0.0003012964193743
0.940000  0.300000    0.0002333559996257
-.780000  0.340000    0.0000240862792670
-.740000  0.340000    0.0000514596866130
-.700000  0.340000    0.0000800206459832
-.660000  0.340000    0.0001031610769059
-.620000  0.340000    0.0001289264941201
-.580000  0.340000    0.0001536337172143
-.540000  0.340000    0.0001772504096911
-.500000  0.340000    0.0001997479732335
-.460000  0.340000    0.0002211517477950
-.420000  0.340000    0.0002414777944427
-.380000  0.340000    0.0002607681876510
-.340000  0.340000    0.0002790898810243
-.300000  0.340000    0.0003002391363812
-.260000  0.340000    0.0003162974770378
-.220000  0.340000    0.0003316003345259
-.180000  0.340000    0.0003486637179606
-.140000  0.340000    0.0003622308862427
-.100000  0.340000    0.0003767331931598
-.060000  0.340000    0.0003897998607453
-.020000  0.340000    0.0004016340574063
0.020000  0.340000    0.0004125102862913
0.060000  0.340000    0.0004226877335423
0.100000  0.340000    0.0004323627652696
0.140000  0.340000    0.0004416775437944
0.180000  0.340000    0.0004471161319597
0.220000  0.340000    0.0004554662771550
0.260000  0.340000    0.0004589439711086
0.300000  0.340000    0.0004613300140009
0.340000  0.340000    0.0004681473258790
0.380000  0.340000    0.0004687141769423
0.420000  0.340000    0.0004681726150780
0.460000  0.340000    0.0004664920399198
0.500000  0.340000    0.0004636288523764
0.540000  0.340000    0.0004595437209942
0.580000  0.340000    0.0004541988389022
0.620000  0.340000    0.0004475851804421
0.660000  0.340000    0.0004397113548864
0.700000  0.340000    0.0004208214913362
0.740000  0.340000    0.0004097797979177
0.780000  0.340000    0.0003868420977196
0.820000  0.340000    0.0003619004508719
0.860000  0.340000    0.0003242598814714
0.900000  0.340000    0.0002753663075014
0.940000  0.340000    0.0001591450694876
-.780000  0.380000    0.0000146161648975
-.740000  0.380000    0.0000429156097424
-.700000  0.380000    0.0000721299821190
-.660000  0.380000    0.0000957527764200
-.620000  0.380000    0.0001218185205555
-.580000  0.380000    0.0001467053817328
-.540000  0.380000    0.0001703890613452
-.500000  0.380000    0.0001928833900114
-.460000  0.380000    0.0002142174896790
-.420000  0.380000    0.0002344348909613
-.380000  0.380000    0.0002536148337631
-.340000  0.380000    0.0002718202074426
-.300000  0.380000    0.0002891230481858
-.260000  0.380000    0.0003086456217169
-.220000  0.380000    0.0003239019082431
-.180000  0.380000    0.0003407032618822
-.140000  0.380000    0.0003543275187551
-.100000  0.380000    0.0003686891742870
-.060000  0.380000    0.0003816897151263
-.020000  0.380000    0.0003935202236866
0.020000  0.380000    0.0004044000082915
0.060000  0.380000    0.0004145397484091
0.100000  0.380000    0.0004241079481619
0.140000  0.380000    0.0004332304830636
0.180000  0.380000    0.0004385137651215
0.220000  0.380000    0.0004465049935212
0.260000  0.380000    0.0004497185649115
0.300000  0.380000    0.0004567641543349
0.340000  0.380000    0.0004580673878263
0.380000  0.380000    0.0004582383009320
0.420000  0.380000    0.0004572616743449
0.460000  0.380000    0.0004551073968521
0.500000  0.380000    0.0004517370824815
0.540000  0.380000    0.0004471141723757
0.580000  0.380000    0.0004411953167946
0.620000  0.380000    0.0004339637202599
0.660000  0.380000    0.0004254288335714
0.700000  0.380000    0.0004060646997134
0.740000  0.380000    0.0003943340050162
0.780000  0.380000    0.0003709203054876
0.820000  0.380000    0.0003455955754923
0.860000  0.380000    0.0003080211561675
0.900000  0.380000    0.0002501522824449
-.780000  0.420000    0.0000038031650301
-.740000  0.420000    0.0000325572428028
-.700000  0.420000    0.0000591315088434
-.660000  0.420000    0.0000867682921684
-.620000  0.420000    0.0001131783563648
-.580000  0.420000    0.0001338808375636
-.540000  0.420000    0.0001575227660925
-.500000  0.420000    0.0001800619797917
-.460000  0.420000    0.0002015284310961
-.420000  0.420000    0.0002219499915294
-.380000  0.420000    0.0002451285308672
-.340000  0.420000    0.0002632598519718
-.300000  0.420000    0.0002805120165532
-.260000  0.420000    0.0002997840567176
-.220000  0.420000    0.0003150509093583
-.180000  0.420000    0.0003316482603348
-.140000  0.420000    0.0003453530813161
-.100000  0.420000    0.0003596167983609
-.060000  0.420000    0.0003725792395274
-.020000  0.420000    0.0003844058201156
0.020000  0.420000    0.0003952857856366
0.060000  0.420000    0.0004053939286707
0.100000  0.420000    0.0004148684832384
0.140000  0.420000    0.0004238220514893
0.180000  0.420000    0.0004289634405676
0.220000  0.420000    0.0004366568435655
0.260000  0.420000    0.0004396143732962
0.300000  0.420000    0.0004462341826568
0.340000  0.420000    0.0004471962548178
0.380000  0.420000    0.0004469725244619
0.420000  0.420000    0.0004518311816843
0.460000  0.420000    0.0004496057354525
0.500000  0.420000    0.0004461523604407
0.540000  0.420000    0.0004414503203607
0.580000  0.420000    0.0004354776890827
0.620000  0.420000    0.0004195783867353
0.660000  0.420000    0.0004104116641873
0.700000  0.420000    0.0003999913708334
0.740000  0.420000    0.0003781519991778
0.780000  0.420000    0.0003542783666988
0.820000  0.420000    0.0003181873074968
0.860000  0.420000    0.0002809769595405
0.900000  0.420000    0.0002080801366152
-.740000  0.460000    0.0000203053496633
-.700000  0.460000    0.0000507631818008
-.660000  0.460000    0.0000760570786396
-.620000  0.460000    0.0001028819231474
-.580000  0.460000    0.0001239595736458
-.540000  0.460000    0.0001477441101314
-.500000  0.460000    0.0001703602829521
-.460000  0.460000    0.0001918474961130
-.420000  0.460000    0.0002122747264572
-.380000  0.460000    0.0002352947686216
-.340000  0.460000    0.0002534135188438
-.300000  0.460000    0.0002706586583457
-.260000  0.460000    0.0002897257318497
-.220000  0.460000    0.0003050405525682
-.180000  0.460000    0.0003214919791022
-.140000  0.460000    0.0003352865408421
-.100000  0.460000    0.0003494884040060
-.060000  0.460000    0.0003624291362368
-.020000  0.460000    0.0003742599182716
0.020000  0.460000    0.0003851338049804
0.060000  0.460000    0.0003952060013315
0.100000  0.460000    0.0004045986556673
0.140000  0.460000    0.0004134026531814
0.180000  0.460000    0.0004184122457471
0.220000  0.460000    0.0004258450004468
0.260000  0.460000    0.0004285581868578
0.300000  0.460000    0.0004348005430301
0.340000  0.460000    0.0004354273592668
0.380000  0.460000    0.0004348147434099
0.420000  0.460000    0.0004391457762694
0.460000  0.460000    0.0004364620941243
0.500000  0.460000    0.0004325105931432
0.540000  0.460000    0.0004272687307746
0.580000  0.460000    0.0004207245104984
0.620000  0.460000    0.0004043167789593
0.660000  0.460000    0.0003945373447723
0.700000  0.460000    0.0003740758043327
0.740000  0.460000    0.0003611593257791
0.780000  0.460000    0.0003368859312572
0.820000  0.460000    0.0003007478586989
0.860000  0.460000    0.0002448152849677
-.740000  0.500000    0.0000070735985406
-.700000  0.500000    0.0000369554400717
-.660000  0.500000    0.0000634618225950
-.620000  0.500000    0.0000907995094482
-.580000  0.500000    0.0001124512537751
-.540000  0.500000    0.0001364443185924
-.500000  0.500000    0.0001591887228044
-.460000  0.500000    0.0001807531694600
-.420000  0.500000    0.0002012261199194
-.380000  0.500000    0.0002241137075705
-.340000  0.500000    0.0002422594722282
-.300000  0.500000    0.0002595331498837
-.260000  0.500000    0.0002784617246531
-.220000  0.500000    0.0002938455672115
-.180000  0.500000    0.0003102081346423
-.140000  0.500000    0.0003240876312407
-.100000  0.500000    0.0003382561088303
-.060000  0.500000    0.0003511938576406
-.020000  0.500000    0.0003630286329320
0.020000  0.500000    0.0003739007271076
0.060000  0.500000    0.0003839343128227
0.100000  0.500000    0.0003932450703508
0.140000  0.500000    0.0004019149373763
0.180000  0.500000    0.0004068051750713
0.220000  0.500000    0.0004139967381555
0.260000  0.500000    0.0004164792534457
0.300000  0.500000    0.0004223749847279
0.340000  0.500000    0.0004226730969764
0.380000  0.500000    0.0004216771750965
0.420000  0.500000    0.0004255245137612
0.460000  0.500000    0.0004223833918196
0.500000  0.500000    0.0004179357496996
0.540000  0.500000    0.0004121614603593
0.580000  0.500000    0.0004050474362127
0.620000  0.500000    0.0003880925045000
0.660000  0.500000    0.0003777250414620
0.700000  0.500000    0.0003567095506846
0.740000  0.500000    0.0003336065798908
0.780000  0.500000    0.0003087136912822
0.820000  0.500000    0.0002729304030966
0.860000  0.500000    0.0001940164543292
-.700000  0.540000    0.0000209451628891
-.660000  0.540000    0.0000488081262872
-.620000  0.540000    0.0000767799637485
-.580000  0.540000    0.0000992322474953
-.540000  0.540000    0.0001235248310812
-.500000  0.540000    0.0001464716232733
-.460000  0.540000    0.0001681794653661
-.420000  0.540000    0.0001887484195726
-.380000  0.540000    0.0002115440654360
-.340000  0.540000    0.0002297685541719
-.300000  0.540000    0.0002471171731294
-.260000  0.540000    0.0002659551741332
-.220000  0.540000    0.0002814254469092
-.180000  0.540000    0.0002977463721341
-.140000  0.540000    0.0003117079776651
-.100000  0.540000    0.0003258669365754
-.060000  0.540000    0.0003388130891233
-.020000  0.540000    0.0003506590198957
0.020000  0.540000    0.0003615233057749
0.060000  0.540000    0.0003715223140470
0.100000  0.540000    0.0003807505877992
0.140000  0.540000    0.0003892887574480
0.180000  0.540000    0.0003940796013863
0.220000  0.540000    0.0004010399053346
0.260000  0.540000    0.0004033086828886
0.300000  0.540000    0.0004088705009758
0.340000  0.540000    0.0004088531131183
0.380000  0.540000    0.0004074819648480
0.420000  0.540000    0.0004108611874796
0.460000  0.540000    0.0004072695765948
0.500000  0.540000    0.0004023268922542
0.540000  0.540000    0.0003960219512249
0.580000  0.540000    0.0003883435821072
0.620000  0.540000    0.0003708416251668
0.660000  0.540000    0.0003598975949065
0.700000  0.540000    0.0003383592748239
0.740000  0.540000    0.0003148671728504
0.780000  0.540000    0.0002803208997961
0.820000  0.540000    0.0002274443968189
-.700000  0.580000    0.0000037922198752
-.660000  0.580000    0.0000339800419816
-.620000  0.580000    0.0000606264081767
-.580000  0.580000    0.0000875206730920
-.540000  0.580000    0.0001088569966335
-.500000  0.580000    0.0001321104808909
-.460000  0.580000    0.0001540414526680
-.420000  0.580000    0.0001747723012108
-.380000  0.580000    0.0001975331208330
-.340000  0.580000    0.0002158850245818
-.300000  0.580000    0.0002333406493301
-.260000  0.580000    0.0002521507494557
-.220000  0.580000    0.0002677191376799
-.180000  0.580000    0.0002840436461596
-.140000  0.580000    0.0002989624432348
-.100000  0.580000    0.0003122476945572
-.060000  0.580000    0.0003252146404660
-.020000  0.580000    0.0003370763789526
0.020000  0.580000    0.0003479353897091
0.060000  0.580000    0.0003578965270526
0.100000  0.580000    0.0003670416907835
0.140000  0.580000    0.0003728114478162
0.180000  0.580000    0.0003801629395062
0.220000  0.580000    0.0003868908337290
0.260000  0.580000    0.0003889669845742
0.300000  0.580000    0.0003941966079242
0.340000  0.580000    0.0003938781119272
0.380000  0.580000    0.0003921441463791
0.420000  0.580000    0.0003950545677420
0.460000  0.580000    0.0003910155710101
0.500000  0.580000    0.0003855817033649
0.540000  0.580000    0.0003787406574153
0.580000  0.580000    0.0003626145433482
0.620000  0.580000    0.0003524625188911
0.660000  0.580000    0.0003322615583671
0.700000  0.580000    0.0003100042219524
0.740000  0.580000    0.0002859664946601
0.780000  0.580000    0.0002429983541073
-.660000  0.620000    0.0000138372921282
-.620000  0.620000    0.0000445221884535
-.580000  0.620000    0.0000698299173169
-.540000  0.620000    0.0000955581514054
-.500000  0.620000    0.0001194039033720
-.460000  0.620000    0.0001416096601280
-.420000  0.620000    0.0001624071902358
-.380000  0.620000    0.0001819899645969
-.340000  0.620000    0.0002005195278947
-.300000  0.620000    0.0002181150316222
-.260000  0.620000    0.0002369619970989
-.220000  0.620000    0.0002526318413792
-.180000  0.620000    0.0002690044368102
-.140000  0.620000    0.0002839871119993
-.100000  0.620000    0.0002976481136278
-.060000  0.620000    0.0003103037454926
-.020000  0.620000    0.0003221868491407
0.020000  0.620000    0.0003330430718758
0.060000  0.620000    0.0003429618881451
0.100000  0.620000    0.0003499075657906
0.140000  0.620000    0.0003577960137012
0.180000  0.620000    0.0003649643364165
0.220000  0.620000    0.0003714504411333
0.260000  0.620000    0.0003733607494870
0.300000  0.620000    0.0003782437248358
0.340000  0.620000    0.0003776446841792
0.380000  0.620000    0.0003755636019666
0.420000  0.620000    0.0003720411890217
0.460000  0.620000    0.0003670875875963
0.500000  0.620000    0.0003606990926123
0.540000  0.620000    0.0003528629971356
0.580000  0.620000    0.0003435657379409
0.620000  0.620000    0.0003247270607983
0.660000  0.620000    0.0003121406664608
0.700000  0.620000    0.0002809322758081
0.740000  0.620000    0.0002480868010044
0.780000  0.620000    0.0001758835519278
-.620000  0.660000    0.0000223092432658
-.580000  0.660000    0.0000521680925955
-.540000  0.660000    0.0000762682077401
-.500000  0.660000    0.0001008699084303
-.460000  0.660000    0.0001236422735366
-.420000  0.660000    0.0001448618998356
-.380000  0.660000    0.0001647617505411
-.340000  0.660000    0.0001835323542520
-.300000  0.660000    0.0002036755824185
-.260000  0.660000    0.0002202549788708
-.220000  0.660000    0.0002377084439420
-.180000  0.660000    0.0002525020531325
-.140000  0.660000    0.0002675824626734
-.100000  0.660000    0.0002813420312369
-.060000  0.660000    0.0002938689092525
-.020000  0.660000    0.0003052687880231
0.020000  0.660000    0.0003156405767563
0.060000  0.660000    0.0003250719520699
0.100000  0.660000    0.0003336355012449
0.140000  0.660000    0.0003413856260899
0.180000  0.660000    0.0003483578885483
0.220000  0.660000    0.0003511587151984
0.260000  0.660000    0.0003563642825480
0.300000  0.660000    0.0003564870831681
0.340000  0.660000    0.0003600135315699
0.380000  0.660000    0.0003576000730555
0.420000  0.660000    0.0003536810330462
0.460000  0.660000    0.0003482740161460
0.500000  0.660000    0.0003413785712972
0.540000  0.660000    0.0003329842306399
0.580000  0.660000    0.0003155567299391
0.620000  0.660000    0.0003037655466461
0.660000  0.660000    0.0002743865023730
0.700000  0.660000    0.0002431142675192
0.740000  0.660000    0.0001955722991026
-.580000  0.700000    0.0000297351295205
-.540000  0.700000    0.0000567510013016
-.500000  0.700000    0.0000828838360708
-.460000  0.700000    0.0001066080105277
-.420000  0.700000    0.0001252701375574
-.380000  0.700000    0.0001485010280853
-.340000  0.700000    0.0001673330310966
-.300000  0.700000    0.0001850655223812
-.260000  0.700000    0.0002038385613585
-.220000  0.700000    0.0002194788306480
-.180000  0.700000    0.0002356178777312
-.140000  0.700000    0.0002495796533575
-.100000  0.700000    0.0002634646415726
-.060000  0.700000    0.0002760940890511
-.020000  0.700000    0.0002875579097866
0.020000  0.700000    0.0002979498000980
0.060000  0.700000    0.0003073484240040
0.100000  0.700000    0.0003158203499408
0.140000  0.700000    0.0003234153868865
0.180000  0.700000    0.0003272939096507
0.220000  0.700000    0.0003329370505824
0.260000  0.700000    0.0003339215883956
0.300000  0.700000    0.0003377416706140
0.340000  0.700000    0.0003360527548577
0.380000  0.700000    0.0003327988096664
0.420000  0.700000    0.0003337391660327
0.460000  0.700000    0.0003217117684697
0.500000  0.700000    0.0003138853874892
0.540000  0.700000    0.0003045022125975
0.580000  0.700000    0.0002863295572628
0.620000  0.700000    0.0002660570907023
0.660000  0.700000    0.0002364459003148
0.700000  0.700000    0.0001908307036445
-.580000  0.740000    0.0000017162280340
-.540000  0.740000    0.0000321159746414
-.500000  0.740000    0.0000608186239042
-.460000  0.740000    0.0000832552002516
-.420000  0.740000    0.0001060360372040
-.380000  0.740000    0.0001269313690212
-.340000  0.740000    0.0001463060226391
-.300000  0.740000    0.0001667636336616
-.260000  0.740000    0.0001835217474960
-.220000  0.740000    0.0002009957554119
-.180000  0.740000    0.0002157424774224
-.140000  0.740000    0.0002306631039727
-.100000  0.740000    0.0002441893802550
-.060000  0.740000    0.0002565378430564
-.020000  0.740000    0.0002680829401403
0.020000  0.740000    0.0002785024411684
0.060000  0.740000    0.0002878639123001
0.100000  0.740000    0.0002943494476789
0.140000  0.740000    0.0003014273950334
0.180000  0.740000    0.0003076199812449
0.220000  0.740000    0.0003096492917580
0.260000  0.740000    0.0003138524098203
0.300000  0.740000    0.0003130260028242
0.340000  0.740000    0.0003152617673109
0.380000  0.740000    0.0003116790477734
0.420000  0.740000    0.0003064754719106
0.460000  0.740000    0.0002996541257871
0.500000  0.740000    0.0002849464194682
0.540000  0.740000    0.0002745142306072
0.580000  0.740000    0.0002555735484339
0.620000  0.740000    0.0002276420455386
0.660000  0.740000    0.0001840408879623
-.540000  0.780000    0.0000013811596303
-.500000  0.780000    0.0000325399942685
-.460000  0.780000    0.0000585213476068
-.420000  0.780000    0.0000831254038083
-.380000  0.780000    0.0001051603370720
-.340000  0.780000    0.0001251952986589
-.300000  0.780000    0.0001436581282720
-.260000  0.780000    0.0001629243616293
-.220000  0.780000    0.0001787594353045
-.180000  0.780000    0.0001950425066169
-.140000  0.780000    0.0002088865165421
-.100000  0.780000    0.0002226736705831
-.060000  0.780000    0.0002351076406847
-.020000  0.780000    0.0002462865234872
0.020000  0.780000    0.0002562927048217
0.060000  0.780000    0.0002652053402628
0.100000  0.780000    0.0002730802823240
0.140000  0.780000    0.0002799553584105
0.180000  0.780000    0.0002832774663988
0.220000  0.780000    0.0002879479820951
0.260000  0.780000    0.0002881647372136
0.300000  0.780000    0.0002906945667128
0.340000  0.780000    0.0002879765873892
0.380000  0.780000    0.0002835570460150
0.420000  0.780000    0.0002774506853091
0.460000  0.780000    0.0002696158754252
0.500000  0.780000    0.0002542085305470
0.540000  0.780000    0.0002364264354005
0.580000  0.780000    0.0002101054391053
0.620000  0.780000    0.0001561488845034
-.460000  0.820000    0.0000281362671054
-.420000  0.820000    0.0000570175511399
-.380000  0.820000    0.0000789017862061
-.340000  0.820000    0.0001003774091037
-.300000  0.820000    0.0001196902105713
-.260000  0.820000    0.0001395044384200
-.220000  0.820000    0.0001555434947453
-.180000  0.820000    0.0001719380779525
-.140000  0.820000    0.0001856715096145
-.100000  0.820000    0.0001993196451719
-.060000  0.820000    0.0002115269329942
-.020000  0.820000    0.0002223993272197
0.020000  0.820000    0.0002320353211825
0.060000  0.820000    0.0002405133752734
0.100000  0.820000    0.0002478917442217
0.140000  0.820000    0.0002541979001771
0.180000  0.820000    0.0002569964948223
0.220000  0.820000    0.0002609448396740
0.260000  0.820000    0.0002605406238474
0.300000  0.820000    0.0002621210023697
0.340000  0.820000    0.0002586099391832
0.380000  0.820000    0.0002532918372595
0.420000  0.820000    0.0002413640994098
0.460000  0.820000    0.0002320090396276
0.500000  0.820000    0.0002152398883602
0.540000  0.820000    0.0001849770470787
-.420000  0.860000    0.0000184060576181
-.380000  0.860000    0.0000471691834222
-.340000  0.860000    0.0000721187991229
-.300000  0.860000    0.0000933787283749
-.260000  0.860000    0.0001120262879079
-.220000  0.860000    0.0001287554212693
-.180000  0.860000    0.0001456843586085
-.140000  0.860000    0.0001594616045356
-.100000  0.860000    0.0001731984976607
-.060000  0.860000    0.0001853445908719
-.020000  0.860000    0.0001960287681292
0.020000  0.860000    0.0002053635026799
0.060000  0.860000    0.0002134361741148
0.100000  0.860000    0.0002202994032935
0.140000  0.860000    0.0002259743887115
0.180000  0.860000    0.0002283948770035
0.220000  0.860000    0.0002314540033758
0.260000  0.860000    0.0002304661085848
0.300000  0.860000    0.0002275646711835
0.340000  0.860000    0.0002227558283015
0.380000  0.860000    0.0002159230604056
0.420000  0.860000    0.0002027563716898
0.460000  0.860000    0.0001821885926434
0.500000  0.860000    0.0001469917825672
-.340000  0.900000    0.0000322629983059
-.300000  0.900000    0.0000577234318909
-.260000  0.900000    0.0000797380562600
-.220000  0.900000    0.0000982785020966
-.180000  0.900000    0.0001144018293866
-.140000  0.900000    0.0001303553326167
-.100000  0.900000    0.0001429976541019
-.060000  0.900000    0.0001554125327736
-.020000  0.900000    0.0001661333065872
0.020000  0.900000    0.0001752955719542
0.060000  0.900000    0.0001829992417066
0.100000  0.900000    0.0001892964233299
0.140000  0.900000    0.0001930533025076
0.180000  0.900000    0.0001963179187323
0.220000  0.900000    0.0001962638133928
0.260000  0.900000    0.0001940796223857
0.300000  0.900000    0.0001897042508900
0.340000  0.900000    0.0001799952301292
0.380000  0.900000    0.0001668305489734
0.420000  0.900000    0.0001411533980684
-.260000  0.940000    0.0000322286955137
-.220000  0.940000    0.0000568283156200
-.180000  0.940000    0.0000769427206390
-.140000  0.940000    0.0000931871999198
-.100000  0.940000    0.0001084801467416
-.060000  0.940000    0.0001198896090282
-.020000  0.940000    0.0001307579898181
0.020000  0.940000    0.0001396444450603
0.060000  0.940000    0.0001466966214425
0.100000  0.940000    0.0001518126906613
0.140000  0.940000    0.0001550743209889
0.180000  0.940000    0.0001556436765274
0.220000  0.940000    0.0001535978711780
0.260000  0.940000    0.0001470272311193
0.300000  0.940000    0.0001358207378811
0.340000  0.940000    0.0000936868045248
-.140000  0.980000    0.0000317773293562
-.100000  0.980000    0.0000555348354353
-.060000  0.980000    0.0000709656357883
-.020000  0.980000    0.0000818304692296
0.020000  0.980000    0.0000909179401447
0.060000  0.980000    0.0000977981031425
0.100000  0.980000    0.0001007436648454
0.140000  0.980000    0.0000992251866947
0.180000  0.980000    0.0000897993982253
