-.180000  -.980000   -0.0000002930790977
-.140000  -.980000   -0.0000005373111603
-.100000  -.980000   -0.0000009349602492
-.060000  -.980000   -0.0000007523511792
-.020000  -.980000   -0.0000001283260752
0.020000  -.980000   -0.0000002118546709
0.060000  -.980000   -0.0000010320093583
0.100000  -.980000   -0.0000013546218834
0.140000  -.980000   -0.0000009626637074
0.180000  -.980000   -0.0000007159847184
-.300000  -.940000   -0.0000003473935144
-.260000  -.940000   -0.0000007019834966
-.220000  -.940000   -0.0000002267189948
-.180000  -.940000   -0.0000003842576810
-.140000  -.940000   -0.0000002253417911
-.100000  -.940000   -0.0000010064309812
-.060000  -.940000   -0.0000002822530052
-.020000  -.940000   -0.0000005735140592
0.020000  -.940000   -0.0000006434415584
0.060000  -.940000   -0.0000004838700334
0.100000  -.940000   -0.0000013883506720
0.140000  -.940000   -0.0000007818383799
0.180000  -.940000   -0.0000011694619218
0.220000  -.940000   -0.0000011951919541
0.260000  -.940000   -0.0000018047121659
0.300000  -.940000   -0.0000014083377035
0.340000  -.940000    0.0000001592675980
-.380000  -.900000   -0.0000003255354822
-.340000  -.900000   -0.0000005314393746
-.300000  -.900000   -0.0000001177281233
-.260000  -.900000   -0.0000004559801522
-.220000  -.900000   -0.0000005181896348
-.180000  -.900000   -0.0000003148917589
-.140000  -.900000   -0.0000011479927893
-.100000  -.900000   -0.0000004226987398
-.060000  -.900000   -0.0000008064344758
-.020000  -.900000   -0.0000009945778811
0.020000  -.900000   -0.0000009816126374
0.060000  -.900000   -0.0000007722267249
0.100000  -.900000   -0.0000003649503149
0.140000  -.900000   -0.0000011777461140
0.180000  -.900000   -0.0000004356917758
0.220000  -.900000   -0.0000008732568691
0.260000  -.900000   -0.0000010653084132
0.300000  -.900000   -0.0000010003493832
0.340000  -.900000   -0.0000016688572294
0.380000  -.900000   -0.0000016465653598
0.420000  -.900000   -0.0000013360573287
-.460000  -.860000   -0.0000003661617750
-.420000  -.860000   -0.0000000668096208
-.380000  -.860000    0.0000001161719264
-.340000  -.860000   -0.0000004368241678
-.300000  -.860000   -0.0000007880324693
-.260000  -.860000   -0.0000008637597712
-.220000  -.860000   -0.0000006849703915
-.180000  -.860000   -0.0000016442686732
-.140000  -.860000   -0.0000009301186487
-.100000  -.860000   -0.0000014321958384
-.060000  -.860000   -0.0000017332717021
-.020000  -.860000   -0.0000018167751420
0.020000  -.860000   -0.0000017020877151
0.060000  -.860000   -0.0000014127793737
0.100000  -.860000   -0.0000009624913015
0.140000  -.860000   -0.0000003416401460
0.180000  -.860000   -0.0000009786019506
0.220000  -.860000   -0.0000001141995665
0.260000  -.860000   -0.0000004746918783
0.300000  -.860000   -0.0000006437637949
0.340000  -.860000   -0.0000006612326455
0.380000  -.860000   -0.0000004509193823
0.420000  -.860000   -0.0000010690163541
0.460000  -.860000   -0.0000018269900915
0.500000  -.860000   -0.0000015674943808
-.500000  -.820000    0.0000001510908140
-.460000  -.820000    0.0000001723017125
-.420000  -.820000   -0.0000006605890620
-.380000  -.820000   -0.0000000947144443
-.340000  -.820000   -0.0000004420608069
-.300000  -.820000   -0.0000005850863385
-.260000  -.820000   -0.0000018709226476
-.220000  -.820000   -0.0000014586014640
-.180000  -.820000   -0.0000023692003156
-.140000  -.820000   -0.0000014383684976
-.100000  -.820000   -0.0000018600533324
-.060000  -.820000   -0.0000020708133350
-.020000  -.820000   -0.0000020653039484
0.020000  -.820000   -0.0000018642099225
0.060000  -.820000   -0.0000014933139259
0.100000  -.820000   -0.0000009707716280
0.140000  -.820000   -0.0000002929807428
0.180000  -.820000   -0.0000008784781486
0.220000  -.820000   -0.0000000241198620
0.260000  -.820000   -0.0000003352105200
0.300000  -.820000    0.0000007526308899
0.340000  -.820000    0.0000005818471637
0.380000  -.820000    0.0000005735516093
0.420000  -.820000   -0.0000004648482917
0.460000  -.820000   -0.0000001744512265
0.500000  -.820000   -0.0000005011196596
0.540000  -.820000   -0.0000016687780417
-.580000  -.780000   -0.0000000041601059
-.540000  -.780000    0.0000000383907044
-.500000  -.780000   -0.0000000127068984
-.460000  -.780000    0.0000001627858435
-.420000  -.780000   -0.0000004086049542
-.380000  -.780000   -0.0000008645333537
-.340000  -.780000   -0.0000010978114206
-.300000  -.780000   -0.0000011009867282
-.260000  -.780000   -0.0000023108996149
-.220000  -.780000   -0.0000017370722441
-.180000  -.780000   -0.0000025474977845
-.140000  -.780000   -0.0000014804578070
-.100000  -.780000   -0.0000018101705495
-.060000  -.780000   -0.0000019490413833
-.020000  -.780000   -0.0000018785750590
0.020000  -.780000   -0.0000016158106052
0.060000  -.780000   -0.0000011789872359
0.100000  -.780000   -0.0000005821171782
0.140000  -.780000    0.0000001773673157
0.180000  -.780000   -0.0000004653595968
0.220000  -.780000    0.0000004792014020
0.260000  -.780000    0.0000001551594894
0.300000  -.780000    0.0000012837605780
0.340000  -.780000    0.0000010799185079
0.380000  -.780000    0.0000010105471865
0.420000  -.780000    0.0000010339056996
0.460000  -.780000    0.0000012102434207
0.500000  -.780000    0.0000002283485579
0.540000  -.780000   -0.0000003372141525
0.580000  -.780000   -0.0000011306543094
0.620000  -.780000   -0.0000015532823315
-.620000  -.740000   -0.0000000402029937
-.580000  -.740000    0.0000001618852228
-.540000  -.740000    0.0000001269293221
-.500000  -.740000   -0.0000008164231411
-.460000  -.740000   -0.0000003692118621
-.420000  -.740000   -0.0000008957639182
-.380000  -.740000   -0.0000012364233209
-.340000  -.740000   -0.0000013510304985
-.300000  -.740000   -0.0000027465842273
-.260000  -.740000   -0.0000022631541823
-.220000  -.740000   -0.0000033184742840
-.180000  -.740000   -0.0000022819233712
-.140000  -.740000   -0.0000028175436203
-.100000  -.740000   -0.0000031299350306
-.060000  -.740000   -0.0000014369252649
-.020000  -.740000   -0.0000013120700040
0.020000  -.740000   -0.0000009973623354
0.060000  -.740000   -0.0000005038417037
0.100000  -.740000   -0.0000014378591197
0.140000  -.740000   -0.0000006705670750
0.180000  -.740000    0.0000002298139255
0.220000  -.740000   -0.0000001194766634
0.260000  -.740000    0.0000008780455065
0.300000  -.740000    0.0000007373841297
0.340000  -.740000    0.0000019126625759
0.380000  -.740000    0.0000018105335700
0.420000  -.740000    0.0000018050283674
0.460000  -.740000    0.0000018800603775
0.500000  -.740000    0.0000009038882281
0.540000  -.740000    0.0000010374718851
0.580000  -.740000    0.0000003649480814
0.620000  -.740000   -0.0000007186799181
0.660000  -.740000   -0.0000011296941582
-.660000  -.700000   -0.0000000524184723
-.620000  -.700000   -0.0000001465555541
-.580000  -.700000   -0.0000003697781592
-.540000  -.700000   -0.0000002839350056
-.500000  -.700000   -0.0000012007330004
-.460000  -.700000   -0.0000020200997382
-.420000  -.700000   -0.0000010610898677
-.380000  -.700000   -0.0000027913899621
-.340000  -.700000   -0.0000027152552594
-.300000  -.700000   -0.0000024003130175
-.260000  -.700000   -0.0000036606005011
-.220000  -.700000   -0.0000027323399248
-.180000  -.700000   -0.0000034978191358
-.140000  -.700000   -0.0000021131055402
-.100000  -.700000   -0.0000023616388092
-.060000  -.700000   -0.0000024064169558
-.020000  -.700000   -0.0000022312674233
0.020000  -.700000   -0.0000018563603570
0.060000  -.700000   -0.0000013107598825
0.100000  -.700000   -0.0000006085622587
0.140000  -.700000    0.0000002464103720
0.180000  -.700000   -0.0000003093180273
0.220000  -.700000    0.0000006922604392
0.260000  -.700000    0.0000005285606060
0.300000  -.700000    0.0000016023455212
0.340000  -.700000    0.0000015436308569
0.380000  -.700000    0.0000016268836438
0.420000  -.700000    0.0000028431426208
0.460000  -.700000    0.0000018100905522
0.500000  -.700000    0.0000018239034841
0.540000  -.700000    0.0000018674910988
0.580000  -.700000    0.0000010431544620
0.620000  -.700000    0.0000003355976368
0.660000  -.700000   -0.0000007264020979
0.700000  -.700000   -0.0000014371595095
-.660000  -.660000   -0.0000002397294973
-.620000  -.660000    0.0000002655436244
-.580000  -.660000   -0.0000006401146963
-.540000  -.660000   -0.0000004357656239
-.500000  -.660000   -0.0000011686893400
-.460000  -.660000   -0.0000017808868141
-.420000  -.660000   -0.0000021622217581
-.380000  -.660000   -0.0000022916983814
-.340000  -.660000   -0.0000021907876597
-.300000  -.660000   -0.0000035230806916
-.260000  -.660000   -0.0000027997092679
-.220000  -.660000   -0.0000037709106278
-.180000  -.660000   -0.0000025145411333
-.140000  -.660000   -0.0000029709840221
-.100000  -.660000   -0.0000032256236343
-.060000  -.660000   -0.0000032260138037
-.020000  -.660000   -0.0000029772855905
0.020000  -.660000   -0.0000025266408033
0.060000  -.660000   -0.0000019136375514
0.100000  -.660000   -0.0000011679415852
0.140000  -.660000   -0.0000003015524778
0.180000  -.660000    0.0000007077623973
0.220000  -.660000    0.0000003410015554
0.260000  -.660000    0.0000014491239078
0.300000  -.660000    0.0000013563793641
0.340000  -.660000    0.0000025917217252
0.380000  -.660000    0.0000025385420269
0.420000  -.660000    0.0000026045596800
0.460000  -.660000    0.0000027058999056
0.500000  -.660000    0.0000028045861771
0.540000  -.660000    0.0000029342284005
0.580000  -.660000    0.0000020421849896
0.620000  -.660000    0.0000022106002713
0.660000  -.660000    0.0000005413939096
0.700000  -.660000   -0.0000005360849797
0.740000  -.660000   -0.0000009819419804
-.700000  -.620000   -0.0000001093610757
-.660000  -.620000    0.0000002584459911
-.620000  -.620000   -0.0000006998106529
-.580000  -.620000   -0.0000005672649257
-.540000  -.620000   -0.0000014975529835
-.500000  -.620000   -0.0000023429668761
-.460000  -.620000   -0.0000029406506750
-.420000  -.620000   -0.0000032337594233
-.380000  -.620000   -0.0000032292008759
-.340000  -.620000   -0.0000029728321797
-.300000  -.620000   -0.0000025268078904
-.260000  -.620000   -0.0000035913788685
-.220000  -.620000   -0.0000025669576483
-.180000  -.620000   -0.0000032093320393
-.140000  -.620000   -0.0000037099669557
-.100000  -.620000   -0.0000039506434852
-.060000  -.620000   -0.0000018929917100
-.020000  -.620000   -0.0000016847629372
0.020000  -.620000   -0.0000012723596492
0.060000  -.620000   -0.0000006697415415
0.100000  -.620000   -0.0000015570755226
0.140000  -.620000   -0.0000006734754184
0.180000  -.620000    0.0000003199764889
0.220000  -.620000    0.0000014787261714
0.260000  -.620000    0.0000011843003075
0.300000  -.620000    0.0000024643571734
0.340000  -.620000    0.0000023488849269
0.380000  -.620000    0.0000024426170351
0.420000  -.620000    0.0000026341340550
0.460000  -.620000    0.0000028280158554
0.500000  -.620000    0.0000029612376786
0.540000  -.620000    0.0000030284671013
0.580000  -.620000    0.0000030865746182
0.620000  -.620000    0.0000023189253047
0.660000  -.620000    0.0000024115151419
0.700000  -.620000    0.0000007717121960
0.740000  -.620000   -0.0000002401643979
0.780000  -.620000   -0.0000013110858946
-.740000  -.580000    0.0000000456263545
-.700000  -.580000   -0.0000002166290224
-.660000  -.580000   -0.0000004499419178
-.620000  -.580000   -0.0000004556561686
-.580000  -.580000   -0.0000014942440373
-.540000  -.580000   -0.0000010738532640
-.500000  -.580000   -0.0000016409765859
-.460000  -.580000   -0.0000020513608154
-.420000  -.580000   -0.0000022634847170
-.380000  -.580000   -0.0000040039584440
-.340000  -.580000   -0.0000036101374568
-.300000  -.580000   -0.0000030288508936
-.260000  -.580000   -0.0000042320106951
-.220000  -.580000   -0.0000030473417535
-.180000  -.580000   -0.0000037729830207
-.140000  -.580000   -0.0000043103094718
-.100000  -.580000   -0.0000023537946384
-.060000  -.580000   -0.0000023570264539
-.020000  -.580000   -0.0000021365193061
0.020000  -.580000   -0.0000016976394481
0.060000  -.580000   -0.0000010696374684
0.100000  -.580000   -0.0000002807126362
0.140000  -.580000   -0.0000009180822010
0.180000  -.580000    0.0000000651800822
0.220000  -.580000    0.0000011850889173
0.260000  -.580000    0.0000010409101789
0.300000  -.580000    0.0000022248009351
0.340000  -.580000    0.0000022384725694
0.380000  -.580000    0.0000024544839952
0.420000  -.580000    0.0000036399446268
0.460000  -.580000    0.0000037527324682
0.500000  -.580000    0.0000039148394200
0.540000  -.580000    0.0000041053736358
0.580000  -.580000    0.0000033257264988
0.620000  -.580000    0.0000033349792288
0.660000  -.580000    0.0000025679130010
0.700000  -.580000    0.0000017753636629
0.740000  -.580000    0.0000010937603255
0.780000  -.580000   -0.0000004056578944
-.780000  -.540000   -0.0000000020197825
-.740000  -.540000    0.0000001190918320
-.700000  -.540000   -0.0000000485296520
-.660000  -.540000   -0.0000001647609059
-.620000  -.540000   -0.0000011454492918
-.580000  -.540000   -0.0000009260798154
-.540000  -.540000   -0.0000015865602439
-.500000  -.540000   -0.0000021383816592
-.460000  -.540000   -0.0000025022970066
-.420000  -.540000   -0.0000026501345750
-.380000  -.540000   -0.0000045452067543
-.340000  -.540000   -0.0000040496456569
-.300000  -.540000   -0.0000033699197026
-.260000  -.540000   -0.0000046902845119
-.220000  -.540000   -0.0000033824104806
-.180000  -.540000   -0.0000041890543818
-.140000  -.540000   -0.0000024505840295
-.100000  -.540000   -0.0000026921466658
-.060000  -.540000   -0.0000027097353079
-.020000  -.540000   -0.0000024774167251
0.020000  -.540000   -0.0000020157169925
0.060000  -.540000   -0.0000013625544958
0.100000  -.540000   -0.0000005572213594
0.140000  -.540000    0.0000004055150272
0.180000  -.540000   -0.0000000977213171
0.220000  -.540000    0.0000009928587600
0.260000  -.540000    0.0000009631620188
0.300000  -.540000    0.0000020805910523
0.340000  -.540000    0.0000021872332147
0.380000  -.540000    0.0000024860478040
0.420000  -.540000    0.0000035458028274
0.460000  -.540000    0.0000037120297647
0.500000  -.540000    0.0000039123714619
0.540000  -.540000    0.0000041100763018
0.580000  -.540000    0.0000043259689240
0.620000  -.540000    0.0000035791996453
0.660000  -.540000    0.0000036200605976
0.700000  -.540000    0.0000028053583776
0.740000  -.540000    0.0000020483147607
0.780000  -.540000    0.0000007147614523
0.820000  -.540000   -0.0000007641885661
-.780000  -.500000    0.0000000176964809
-.740000  -.500000   -0.0000003137164669
-.700000  -.500000   -0.0000005590504039
-.660000  -.500000   -0.0000005970003010
-.620000  -.500000   -0.0000016925902062
-.580000  -.500000   -0.0000012910549468
-.540000  -.500000   -0.0000019318639636
-.500000  -.500000   -0.0000024414197023
-.460000  -.500000   -0.0000027511495743
-.420000  -.500000   -0.0000028468599510
-.380000  -.500000   -0.0000048124045936
-.340000  -.500000   -0.0000042588036936
-.300000  -.500000   -0.0000035259760311
-.260000  -.500000   -0.0000049436588214
-.220000  -.500000   -0.0000035625543042
-.180000  -.500000   -0.0000044528322954
-.140000  -.500000   -0.0000026297789792
-.100000  -.500000   -0.0000029183083311
-.060000  -.500000   -0.0000029544541460
-.020000  -.500000   -0.0000027194566631
0.020000  -.500000   -0.0000022372688117
0.060000  -.500000   -0.0000015639730751
0.100000  -.500000   -0.0000007449575091
0.140000  -.500000    0.0000002224611615
0.180000  -.500000   -0.0000001955273381
0.220000  -.500000    0.0000008727618081
0.260000  -.500000    0.0000009209979865
0.300000  -.500000    0.0000019944411237
0.340000  -.500000    0.0000021562337329
0.380000  -.500000    0.0000025003460045
0.420000  -.500000    0.0000034994457804
0.460000  -.500000    0.0000036989510115
0.500000  -.500000    0.0000039313191791
0.540000  -.500000    0.0000041505275323
0.580000  -.500000    0.0000043681979052
0.620000  -.500000    0.0000038217423413
0.660000  -.500000    0.0000037955395113
0.700000  -.500000    0.0000031398601043
0.740000  -.500000    0.0000023956739638
0.780000  -.500000    0.0000016044131046
0.820000  -.500000    0.0000005711351090
0.860000  -.500000   -0.0000009839064592
-.820000  -.460000    0.0000000017518554
-.780000  -.460000    0.0000001735911510
-.740000  -.460000    0.0000000602679329
-.700000  -.460000   -0.0000009774396589
-.660000  -.460000   -0.0000009077716230
-.620000  -.460000   -0.0000019902977767
-.580000  -.460000   -0.0000014982491245
-.540000  -.460000   -0.0000020805916177
-.500000  -.460000   -0.0000025316622238
-.460000  -.460000   -0.0000027926084570
-.420000  -.460000   -0.0000028507785763
-.380000  -.460000   -0.0000047939832746
-.340000  -.460000   -0.0000042289722045
-.300000  -.460000   -0.0000034904056404
-.260000  -.460000   -0.0000049834882655
-.220000  -.460000   -0.0000035821559219
-.180000  -.460000   -0.0000045578376636
-.140000  -.460000   -0.0000026902655307
-.100000  -.460000   -0.0000030310654598
-.060000  -.460000   -0.0000031006907490
-.020000  -.460000   -0.0000028732229826
0.020000  -.460000   -0.0000023758394549
0.060000  -.460000   -0.0000016882795952
0.100000  -.460000   -0.0000008575925516
0.140000  -.460000    0.0000001140706831
0.180000  -.460000   -0.0000002452304078
0.220000  -.460000    0.0000008080484540
0.260000  -.460000    0.0000008952711489
0.300000  -.460000    0.0000019473938020
0.340000  -.460000    0.0000021257171850
0.380000  -.460000    0.0000024816628941
0.420000  -.460000    0.0000034746556294
0.460000  -.460000    0.0000036878287632
0.500000  -.460000    0.0000039334305316
0.540000  -.460000    0.0000041760510051
0.580000  -.460000    0.0000044138071937
0.620000  -.460000    0.0000039750127180
0.660000  -.460000    0.0000039652017127
0.700000  -.460000    0.0000034542450882
0.740000  -.460000    0.0000033256880387
0.780000  -.460000    0.0000026454588809
0.820000  -.460000    0.0000012812473506
0.860000  -.460000   -0.0000003900141190
-.820000  -.420000   -0.0000001197501047
-.780000  -.420000    0.0000000553734926
-.740000  -.420000   -0.0000001097385581
-.700000  -.420000   -0.0000002678605211
-.660000  -.420000   -0.0000010448808517
-.620000  -.420000   -0.0000020236799713
-.580000  -.420000   -0.0000015502295779
-.540000  -.420000   -0.0000020508009367
-.500000  -.420000   -0.0000024303636466
-.460000  -.420000   -0.0000026511441063
-.420000  -.420000   -0.0000026888827810
-.380000  -.420000   -0.0000044963649721
-.340000  -.420000   -0.0000039727628357
-.300000  -.420000   -0.0000032768569624
-.260000  -.420000   -0.0000048010676389
-.220000  -.420000   -0.0000034365493053
-.180000  -.420000   -0.0000044971062562
-.140000  -.420000   -0.0000026273857650
-.100000  -.420000   -0.0000030351323564
-.060000  -.420000   -0.0000031548778188
-.020000  -.420000   -0.0000029427552727
0.020000  -.420000   -0.0000024415124124
0.060000  -.420000   -0.0000017456170319
0.100000  -.420000   -0.0000009044082356
0.140000  -.420000    0.0000000730005088
0.180000  -.420000   -0.0000002580328535
0.220000  -.420000    0.0000007873236360
0.260000  -.420000    0.0000008791931418
0.300000  -.420000    0.0000019335989892
0.340000  -.420000    0.0000020931340575
0.380000  -.420000    0.0000024294781661
0.420000  -.420000    0.0000034766173939
0.460000  -.420000    0.0000036765768092
0.500000  -.420000    0.0000039225337744
0.540000  -.420000    0.0000041806004147
0.580000  -.420000    0.0000044436204656
0.620000  -.420000    0.0000040182839937
0.660000  -.420000    0.0000040626038927
0.700000  -.420000    0.0000042167681880
0.740000  -.420000    0.0000035064577111
0.780000  -.420000    0.0000028275626239
0.820000  -.420000    0.0000015963219182
0.860000  -.420000    0.0000005122267427
0.900000  -.420000   -0.0000006769457526
-.820000  -.380000    0.0000001062017633
-.780000  -.380000   -0.0000000368662917
-.740000  -.380000   -0.0000001991301934
-.700000  -.380000   -0.0000011619386350
-.660000  -.380000   -0.0000010303059482
-.620000  -.380000   -0.0000018454287307
-.580000  -.380000   -0.0000026695051674
-.540000  -.380000   -0.0000033878424091
-.500000  -.380000   -0.0000039081057420
-.460000  -.380000   -0.0000041829432396
-.420000  -.380000   -0.0000041940963461
-.380000  -.380000   -0.0000039599878951
-.340000  -.380000   -0.0000035119143837
-.300000  -.380000   -0.0000029040972208
-.260000  -.380000   -0.0000043894559520
-.220000  -.380000   -0.0000031258914152
-.180000  -.380000   -0.0000042688480222
-.140000  -.380000   -0.0000024517712461
-.100000  -.380000   -0.0000029398949510
-.060000  -.380000   -0.0000031203317809
-.020000  -.380000   -0.0000029390207635
0.020000  -.380000   -0.0000024468892014
0.060000  -.380000   -0.0000017436781702
0.100000  -.380000   -0.0000008954295466
0.140000  -.380000    0.0000000897634914
0.180000  -.380000   -0.0000002381111343
0.220000  -.380000    0.0000008125162206
0.260000  -.380000    0.0000008745131869
0.300000  -.380000    0.0000019636302040
0.340000  -.380000    0.0000020743403079
0.380000  -.380000    0.0000023622907177
0.420000  -.380000    0.0000027227527082
0.460000  -.380000    0.0000030809412769
0.500000  -.380000    0.0000033955663645
0.540000  -.380000    0.0000036540326024
0.580000  -.380000    0.0000038393430302
0.620000  -.380000    0.0000039681388117
0.660000  -.380000    0.0000040846049450
0.700000  -.380000    0.0000037129182706
0.740000  -.380000    0.0000036415545713
0.780000  -.380000    0.0000030265453651
0.820000  -.380000    0.0000024042997729
0.860000  -.380000    0.0000012541732607
0.900000  -.380000   -0.0000002090021393
-.860000  -.340000   -0.0000000196234081
-.820000  -.340000    0.0000000853057023
-.780000  -.340000   -0.0000000595658736
-.740000  -.340000   -0.0000002169943540
-.700000  -.340000   -0.0000009857984332
-.660000  -.340000   -0.0000009321305625
-.620000  -.340000   -0.0000015555226376
-.580000  -.340000   -0.0000021930337429
-.540000  -.340000   -0.0000027563052401
-.500000  -.340000   -0.0000031770971048
-.460000  -.340000   -0.0000034129781803
-.420000  -.340000   -0.0000034430992698
-.380000  -.340000   -0.0000032694367240
-.340000  -.340000   -0.0000029162031966
-.300000  -.340000   -0.0000048123755654
-.260000  -.340000   -0.0000037901971929
-.220000  -.340000   -0.0000026804660510
-.180000  -.340000   -0.0000038766668059
-.140000  -.340000   -0.0000021696343375
-.100000  -.340000   -0.0000027372499297
-.060000  -.340000   -0.0000030049620036
-.020000  -.340000   -0.0000028723372937
0.020000  -.340000   -0.0000023957594353
0.060000  -.340000   -0.0000016875030704
0.100000  -.340000   -0.0000008351585864
0.140000  -.340000    0.0000001646519061
0.180000  -.340000   -0.0000001831959565
0.220000  -.340000    0.0000008899041207
0.260000  -.340000    0.0000008914337560
0.300000  -.340000    0.0000012040057309
0.340000  -.340000    0.0000020954729630
0.380000  -.340000    0.0000023097382870
0.420000  -.340000    0.0000026090305966
0.460000  -.340000    0.0000029237009376
0.500000  -.340000    0.0000032190192298
0.540000  -.340000    0.0000034764224581
0.580000  -.340000    0.0000036878720225
0.620000  -.340000    0.0000038728255315
0.660000  -.340000    0.0000040782854737
0.700000  -.340000    0.0000036691434898
0.740000  -.340000    0.0000037198054493
0.780000  -.340000    0.0000031561023524
0.820000  -.340000    0.0000025794078477
0.860000  -.340000    0.0000014838498965
0.900000  -.340000    0.0000002600718962
0.940000  -.340000   -0.0000005457105333
-.860000  -.300000   -0.0000000352493932
-.820000  -.300000    0.0000000910631696
-.780000  -.300000   -0.0000000373459163
-.740000  -.300000   -0.0000007592844824
-.700000  -.300000   -0.0000007574000597
-.660000  -.300000   -0.0000015258909798
-.620000  -.300000   -0.0000012644670862
-.580000  -.300000   -0.0000017163994473
-.540000  -.300000   -0.0000021202516395
-.500000  -.300000   -0.0000024305505451
-.460000  -.300000   -0.0000026120979638
-.420000  -.300000   -0.0000026461901575
-.380000  -.300000   -0.0000025317359741
-.340000  -.300000   -0.0000044820890428
-.300000  -.300000   -0.0000038410992763
-.260000  -.300000   -0.0000030364609548
-.220000  -.300000   -0.0000021281514538
-.180000  -.300000   -0.0000033141081821
-.140000  -.300000   -0.0000017822461780
-.100000  -.300000   -0.0000024397137971
-.060000  -.300000   -0.0000028147325174
-.020000  -.300000   -0.0000027485281484
0.020000  -.300000   -0.0000022926186641
0.060000  -.300000   -0.0000015803636008
0.100000  -.300000   -0.0000007263920718
0.140000  -.300000    0.0000003031133070
0.180000  -.300000   -0.0000000860412262
0.220000  -.300000    0.0000010387891144
0.260000  -.300000    0.0000009496545236
0.300000  -.300000    0.0000011668431796
0.340000  -.300000    0.0000015277768621
0.380000  -.300000    0.0000023213441430
0.420000  -.300000    0.0000025406290487
0.460000  -.300000    0.0000027996846991
0.500000  -.300000    0.0000030630720849
0.540000  -.300000    0.0000033138039429
0.580000  -.300000    0.0000035548567635
0.620000  -.300000    0.0000038048362829
0.660000  -.300000    0.0000035101100618
0.700000  -.300000    0.0000035698696012
0.740000  -.300000    0.0000032504604269
0.780000  -.300000    0.0000032249776952
0.820000  -.300000    0.0000027101636489
0.860000  -.300000    0.0000016933487884
0.900000  -.300000    0.0000007934966466
0.940000  -.300000   -0.0000003306337402
-.860000  -.260000   -0.0000000031717761
-.820000  -.260000   -0.0000002175335334
-.780000  -.260000   -0.0000003950168986
-.740000  -.260000   -0.0000004845309681
-.700000  -.260000   -0.0000012793174238
-.660000  -.260000   -0.0000010734986139
-.620000  -.260000   -0.0000016514771911
-.580000  -.260000   -0.0000022415944120
-.540000  -.260000   -0.0000027758808221
-.500000  -.260000   -0.0000032051070919
-.460000  -.260000   -0.0000034857405165
-.420000  -.260000   -0.0000035911540808
-.380000  -.260000   -0.0000035063329918
-.340000  -.260000   -0.0000032360924615
-.300000  -.260000   -0.0000027968070844
-.260000  -.260000   -0.0000022151388053
-.220000  -.260000   -0.0000038721073365
-.180000  -.260000   -0.0000026144166068
-.140000  -.260000   -0.0000039959947913
-.100000  -.260000   -0.0000020466150751
-.060000  -.260000   -0.0000025429815067
-.020000  -.260000   -0.0000025654872390
0.020000  -.260000   -0.0000021388989679
0.060000  -.260000   -0.0000014370013267
0.100000  -.260000   -0.0000005626713753
0.140000  -.260000   -0.0000008745121286
0.180000  -.260000    0.0000000581853316
0.220000  -.260000    0.0000001451044687
0.260000  -.260000    0.0000010952256607
0.300000  -.260000    0.0000011923604731
0.340000  -.260000    0.0000014356700013
0.380000  -.260000    0.0000017430650852
0.420000  -.260000    0.0000020567658586
0.460000  -.260000    0.0000023531156241
0.500000  -.260000    0.0000026165267956
0.540000  -.260000    0.0000028398840243
0.580000  -.260000    0.0000030187833893
0.620000  -.260000    0.0000031623348938
0.660000  -.260000    0.0000033000177552
0.700000  -.260000    0.0000031373894277
0.740000  -.260000    0.0000030997109135
0.780000  -.260000    0.0000027605705416
0.820000  -.260000    0.0000023320784177
0.860000  -.260000    0.0000018127976440
0.900000  -.260000    0.0000009740048406
0.940000  -.260000   -0.0000000705217343
-.900000  -.220000   -0.0000000026373639
-.860000  -.220000    0.0000000530916161
-.820000  -.220000   -0.0000000564174816
-.780000  -.220000   -0.0000001806186686
-.740000  -.220000   -0.0000008408008905
-.700000  -.220000   -0.0000007724996103
-.660000  -.220000   -0.0000013922665832
-.620000  -.220000   -0.0000011202257569
-.580000  -.220000   -0.0000014719249480
-.540000  -.220000   -0.0000017982579747
-.500000  -.220000   -0.0000020637237739
-.460000  -.220000   -0.0000022426549833
-.420000  -.220000   -0.0000023173175164
-.380000  -.220000   -0.0000022754809012
-.340000  -.220000   -0.0000021123102251
-.300000  -.220000   -0.0000018303993805
-.260000  -.220000   -0.0000035297321635
-.220000  -.220000   -0.0000027392223710
-.180000  -.220000   -0.0000018166074012
-.140000  -.220000   -0.0000032259826952
-.100000  -.220000   -0.0000015546424794
-.060000  -.220000   -0.0000022018596417
-.020000  -.220000   -0.0000023441538413
0.020000  -.220000   -0.0000019540016312
0.060000  -.220000   -0.0000012407101557
0.100000  -.220000   -0.0000003301962522
0.140000  -.220000   -0.0000006987893149
0.180000  -.220000    0.0000002879724163
0.220000  -.220000    0.0000002629889906
0.260000  -.220000    0.0000004878757417
0.300000  -.220000    0.0000013246836825
0.340000  -.220000    0.0000014412803844
0.380000  -.220000    0.0000016448656771
0.420000  -.220000    0.0000018775323973
0.460000  -.220000    0.0000021113835796
0.500000  -.220000    0.0000023332017326
0.540000  -.220000    0.0000025494794771
0.580000  -.220000    0.0000027477308939
0.620000  -.220000    0.0000029511710559
0.660000  -.220000    0.0000027937930489
0.700000  -.220000    0.0000028472245087
0.740000  -.220000    0.0000026724666911
0.780000  -.220000    0.0000026121567226
0.820000  -.220000    0.0000022501909357
0.860000  -.220000    0.0000018548759845
0.900000  -.220000    0.0000010992042500
0.940000  -.220000    0.0000002582292703
-.900000  -.180000    0.0000000192431743
-.860000  -.180000   -0.0000000802646183
-.820000  -.180000   -0.0000002562160929
-.780000  -.180000   -0.0000003655847989
-.740000  -.180000   -0.0000004189683559
-.700000  -.180000   -0.0000009617674727
-.660000  -.180000   -0.0000008193379965
-.620000  -.180000   -0.0000011999974125
-.580000  -.180000   -0.0000016014558103
-.540000  -.180000   -0.0000019842432376
-.500000  -.180000   -0.0000023140216165
-.460000  -.180000   -0.0000025656085607
-.420000  -.180000   -0.0000027228674258
-.380000  -.180000   -0.0000027659642665
-.340000  -.180000   -0.0000026832743034
-.300000  -.180000   -0.0000024659803099
-.260000  -.180000   -0.0000021143950254
-.220000  -.180000   -0.0000016311547159
-.180000  -.180000   -0.0000034623470186
-.140000  -.180000   -0.0000022893125626
-.100000  -.180000   -0.0000009910140102
-.060000  -.180000   -0.0000017717141591
-.020000  -.180000   -0.0000020671180730
0.020000  -.180000   -0.0000017232691223
0.060000  -.180000   -0.0000009917726825
0.100000  -.180000   -0.0000000386162029
0.140000  -.180000   -0.0000004591231330
0.180000  -.180000   -0.0000003339086612
0.220000  -.180000    0.0000004884480689
0.260000  -.180000    0.0000005722813070
0.300000  -.180000    0.0000007502280466
0.340000  -.180000    0.0000010028822081
0.380000  -.180000    0.0000012443594141
0.420000  -.180000    0.0000014752744506
0.460000  -.180000    0.0000017025876530
0.500000  -.180000    0.0000019055391146
0.540000  -.180000    0.0000020619747419
0.580000  -.180000    0.0000022077641383
0.620000  -.180000    0.0000023360060986
0.660000  -.180000    0.0000024702542197
0.700000  -.180000    0.0000023511597925
0.740000  -.180000    0.0000023606666849
0.780000  -.180000    0.0000021448965812
0.820000  -.180000    0.0000018808289125
0.860000  -.180000    0.0000015232897125
0.900000  -.180000    0.0000011619197432
0.940000  -.180000    0.0000003737202158
0.980000  -.180000   -0.0000003105857822
-.900000  -.140000   -0.0000000147312105
-.860000  -.140000    0.0000000311164601
-.820000  -.140000   -0.0000000420954965
-.780000  -.140000   -0.0000001293155130
-.740000  -.140000   -0.0000004919760739
-.700000  -.140000   -0.0000004824672957
-.660000  -.140000   -0.0000008150062013
-.620000  -.140000   -0.0000012028670203
-.580000  -.140000   -0.0000016127721410
-.540000  -.140000   -0.0000010745661961
-.500000  -.140000   -0.0000012249168482
-.460000  -.140000   -0.0000013393225719
-.420000  -.140000   -0.0000014033011805
-.380000  -.140000   -0.0000014095400449
-.340000  -.140000   -0.0000013524875059
-.300000  -.140000   -0.0000012262948590
-.260000  -.140000   -0.0000028426978719
-.220000  -.140000   -0.0000024853688905
-.180000  -.140000   -0.0000019640991311
-.140000  -.140000   -0.0000012672557856
-.100000  -.140000   -0.0000029257555617
-.060000  -.140000   -0.0000012589324514
-.020000  -.140000   -0.0000017589204890
0.020000  -.140000   -0.0000014620394758
0.060000  -.140000   -0.0000006854208887
0.100000  -.140000   -0.0000010256017971
0.140000  -.140000   -0.0000001054370791
0.180000  -.140000   -0.0000001209406149
0.220000  -.140000    0.0000000669218543
0.260000  -.140000    0.0000001888322530
0.300000  -.140000    0.0000009312979830
0.340000  -.140000    0.0000010649761648
0.380000  -.140000    0.0000011274738438
0.420000  -.140000    0.0000012859187428
0.460000  -.140000    0.0000014334874384
0.500000  -.140000    0.0000015895568752
0.540000  -.140000    0.0000017548774903
0.580000  -.140000    0.0000017455068829
0.620000  -.140000    0.0000018261975589
0.660000  -.140000    0.0000018946738240
0.700000  -.140000    0.0000019823208493
0.740000  -.140000    0.0000018399315427
0.780000  -.140000    0.0000018627579534
0.820000  -.140000    0.0000016299404971
0.860000  -.140000    0.0000013835156838
0.900000  -.140000    0.0000008936358112
0.940000  -.140000    0.0000004539332605
0.980000  -.140000   -0.0000001693785445
-.900000  -.100000    0.0000000237072984
-.860000  -.100000   -0.0000000159038514
-.820000  -.100000   -0.0000000871750737
-.780000  -.100000   -0.0000001455671242
-.740000  -.100000   -0.0000004741523656
-.700000  -.100000   -0.0000004232376394
-.660000  -.100000   -0.0000007134522374
-.620000  -.100000   -0.0000010523826580
-.580000  -.100000   -0.0000007365875390
-.540000  -.100000   -0.0000008962719409
-.500000  -.100000   -0.0000010415016237
-.460000  -.100000   -0.0000011621188742
-.420000  -.100000   -0.0000012483326936
-.380000  -.100000   -0.0000012963600055
-.340000  -.100000   -0.0000012980108569
-.300000  -.100000   -0.0000012483507700
-.260000  -.100000   -0.0000011451027656
-.220000  -.100000   -0.0000009757499593
-.180000  -.100000   -0.0000007267580977
-.140000  -.100000   -0.0000024019504420
-.100000  -.100000   -0.0000016939727796
-.060000  -.100000   -0.0000006374575538
-.020000  -.100000   -0.0000014067399607
0.020000  -.100000   -0.0000011642559723
0.060000  -.100000   -0.0000002966082873
0.100000  -.100000   -0.0000006366439703
0.140000  -.100000   -0.0000004885585507
0.180000  -.100000    0.0000002363300822
0.220000  -.100000    0.0000001845260911
0.260000  -.100000    0.0000005398804433
0.300000  -.100000    0.0000006571110531
0.340000  -.100000    0.0000003017578749
0.380000  -.100000    0.0000006404080713
0.420000  -.100000    0.0000008422099532
0.460000  -.100000    0.0000010082405433
0.500000  -.100000    0.0000010915469776
0.540000  -.100000    0.0000012143832969
0.580000  -.100000    0.0000013165596291
0.620000  -.100000    0.0000013255208966
0.660000  -.100000    0.0000013599052230
0.700000  -.100000    0.0000013957019632
0.740000  -.100000    0.0000013353232535
0.780000  -.100000    0.0000013109215733
0.820000  -.100000    0.0000011650062195
0.860000  -.100000    0.0000009812584268
0.900000  -.100000    0.0000007948123595
0.940000  -.100000    0.0000003169818425
0.980000  -.100000   -0.0000000948783638
-.900000  -.060000    0.0000000088168745
-.860000  -.060000   -0.0000000319349277
-.820000  -.060000   -0.0000000828244667
-.780000  -.060000   -0.0000001154611017
-.740000  -.060000   -0.0000001416391485
-.700000  -.060000   -0.0000002941323592
-.660000  -.060000   -0.0000004922450541
-.620000  -.060000   -0.0000003787854587
-.580000  -.060000   -0.0000004906750010
-.540000  -.060000   -0.0000006046176073
-.500000  -.060000   -0.0000007116914727
-.460000  -.060000   -0.0000008056656446
-.420000  -.060000   -0.0000008814948335
-.380000  -.060000   -0.0000009394591206
-.340000  -.060000   -0.0000009722853458
-.300000  -.060000   -0.0000009819478853
-.260000  -.060000   -0.0000009622088538
-.220000  -.060000   -0.0000009140999636
-.180000  -.060000   -0.0000008272281593
-.140000  -.060000   -0.0000006873906362
-.100000  -.060000   -0.0000004442395781
-.060000  -.060000   -0.0000023228386719
-.020000  -.060000   -0.0000009784425937
0.020000  -.060000   -0.0000008024817812
0.060000  -.060000   -0.0000009518324893
0.100000  -.060000   -0.0000000997288770
0.140000  -.060000   -0.0000001225872154
0.180000  -.060000   -0.0000000462521514
0.220000  -.060000    0.0000000016398329
0.260000  -.060000    0.0000004922080316
0.300000  -.060000   -0.0000005456067094
0.340000  -.060000    0.0000007227702214
0.380000  -.060000    0.0000006779851469
0.420000  -.060000    0.0000005056782829
0.460000  -.060000    0.0000005682388153
0.500000  -.060000    0.0000006735907901
0.540000  -.060000    0.0000007158026946
0.580000  -.060000    0.0000007808607569
0.620000  -.060000    0.0000008384657288
0.660000  -.060000    0.0000008232166944
0.700000  -.060000    0.0000008360799165
0.740000  -.060000    0.0000008656234725
0.780000  -.060000    0.0000007865495806
0.820000  -.060000    0.0000007030893654
0.860000  -.060000    0.0000005931195846
0.900000  -.060000    0.0000004669739111
0.940000  -.060000    0.0000002723624488
0.980000  -.060000   -0.0000000310298095
-.900000  -.020000    0.0000000015288052
-.860000  -.020000   -0.0000000152108836
-.820000  -.020000   -0.0000000335364654
-.780000  -.020000   -0.0000000440172589
-.740000  -.020000   -0.0000000510552797
-.700000  -.020000   -0.0000001057162635
-.660000  -.020000   -0.0000001759716003
-.620000  -.020000   -0.0000001329778604
-.580000  -.020000   -0.0000001730210654
-.540000  -.020000   -0.0000002144537951
-.500000  -.020000   -0.0000002538115485
-.460000  -.020000   -0.0000002897093596
-.420000  -.020000   -0.0000003200002488
-.380000  -.020000   -0.0000003455742882
-.340000  -.020000   -0.0000003636877643
-.300000  -.020000   -0.0000003769794293
-.260000  -.020000   -0.0000003848696325
-.220000  -.020000   -0.0000003871087907
-.180000  -.020000   -0.0000003863272187
-.140000  -.020000   -0.0000003826140296
-.100000  -.020000   -0.0000003837136628
-.060000  -.020000   -0.0000003878903838
-.020000  -.020000   -0.0000002857048256
0.020000  -.020000   -0.0000002411730346
0.060000  -.020000   -0.0000002153646291
0.100000  -.020000   -0.0000001371384935
0.140000  -.020000   -0.0000000856147463
0.180000  -.020000   -0.0000000364498193
0.220000  -.020000    0.0000000128021129
0.260000  -.020000    0.0000000690591823
0.300000  -.020000   -0.0000000711855460
0.340000  -.020000    0.0000003856065516
0.380000  -.020000   -0.0000000708336519
0.420000  -.020000    0.0000002110856087
0.460000  -.020000    0.0000001788377530
0.500000  -.020000    0.0000002270621881
0.540000  -.020000    0.0000002365876020
0.580000  -.020000    0.0000002584654121
0.620000  -.020000    0.0000002754592097
0.660000  -.020000    0.0000002758448029
0.700000  -.020000    0.0000002796774951
0.740000  -.020000    0.0000002868733137
0.780000  -.020000    0.0000002625769945
0.820000  -.020000    0.0000002350660056
0.860000  -.020000    0.0000001990397325
0.900000  -.020000    0.0000001551962429
0.940000  -.020000    0.0000000889677556
0.980000  -.020000    0.0000000085285131
-.900000  0.020000   -0.0000000015288052
-.860000  0.020000    0.0000000152108836
-.820000  0.020000    0.0000000335364654
-.780000  0.020000    0.0000000440172589
-.740000  0.020000    0.0000000510552797
-.700000  0.020000    0.0000001057162635
-.660000  0.020000    0.0000001759716003
-.620000  0.020000    0.0000001329778604
-.580000  0.020000    0.0000001730210654
-.540000  0.020000    0.0000002144537951
-.500000  0.020000    0.0000002538115485
-.460000  0.020000    0.0000002897093596
-.420000  0.020000    0.0000003200002488
-.380000  0.020000    0.0000003455742882
-.340000  0.020000    0.0000003636877643
-.300000  0.020000    0.0000003769794293
-.260000  0.020000    0.0000003848696325
-.220000  0.020000    0.0000003871087907
-.180000  0.020000    0.0000003863272187
-.140000  0.020000    0.0000003826140296
-.100000  0.020000    0.0000003837136628
-.060000  0.020000    0.0000003878903838
-.020000  0.020000    0.0000002857048256
0.020000  0.020000    0.0000002411730346
0.060000  0.020000    0.0000002153646291
0.100000  0.020000    0.0000001371384935
0.140000  0.020000    0.0000000856147463
0.180000  0.020000    0.0000000364498193
0.220000  0.020000   -0.0000000128021129
0.260000  0.020000   -0.0000000690591823
0.300000  0.020000    0.0000000711855460
0.340000  0.020000   -0.0000003856065516
0.380000  0.020000    0.0000000708336519
0.420000  0.020000   -0.0000002110856087
0.460000  0.020000   -0.0000001788377530
0.500000  0.020000   -0.0000002270621881
0.540000  0.020000   -0.0000002365876020
0.580000  0.020000   -0.0000002584654121
0.620000  0.020000   -0.0000002754592097
0.660000  0.020000   -0.0000002758448029
0.700000  0.020000   -0.0000002796774951
0.740000  0.020000   -0.0000002868733137
0.780000  0.020000   -0.0000002625769945
0.820000  0.020000   -0.0000002350660056
0.860000  0.020000   -0.0000001990397325
0.900000  0.020000   -0.0000001551962429
0.940000  0.020000   -0.0000000889677556
0.980000  0.020000   -0.0000000085285131
-.900000  0.060000   -0.0000000088168745
-.860000  0.060000    0.0000000319349277
-.820000  0.060000    0.0000000828244667
-.780000  0.060000    0.0000001154611017
-.740000  0.060000    0.0000001416391485
-.700000  0.060000    0.0000002941323592
-.660000  0.060000    0.0000004922450541
-.620000  0.060000    0.0000003787854587
-.580000  0.060000    0.0000004906750010
-.540000  0.060000    0.0000006046176073
-.500000  0.060000    0.0000007116914727
-.460000  0.060000    0.0000008056656446
-.420000  0.060000    0.0000008814948335
-.380000  0.060000    0.0000009394591206
-.340000  0.060000    0.0000009722853458
-.300000  0.060000    0.0000009819478853
-.260000  0.060000    0.0000009622088538
-.220000  0.060000    0.0000009140999636
-.180000  0.060000    0.0000008272281593
-.140000  0.060000    0.0000006873906362
-.100000  0.060000    0.0000004442395781
-.060000  0.060000    0.0000023228386719
-.020000  0.060000    0.0000009784425937
0.020000  0.060000    0.0000008024817812
0.060000  0.060000    0.0000009518324893
0.100000  0.060000    0.0000000997288770
0.140000  0.060000    0.0000001225872154
0.180000  0.060000    0.0000000462521514
0.220000  0.060000   -0.0000000016398329
0.260000  0.060000   -0.0000004922080316
0.300000  0.060000    0.0000005456067094
0.340000  0.060000   -0.0000007227702214
0.380000  0.060000   -0.0000006779851469
0.420000  0.060000   -0.0000005056782829
0.460000  0.060000   -0.0000005682388153
0.500000  0.060000   -0.0000006735907901
0.540000  0.060000   -0.0000007158026946
0.580000  0.060000   -0.0000007808607569
0.620000  0.060000   -0.0000008384657288
0.660000  0.060000   -0.0000008232166944
0.700000  0.060000   -0.0000008360799165
0.740000  0.060000   -0.0000008656234725
0.780000  0.060000   -0.0000007865495806
0.820000  0.060000   -0.0000007030893654
0.860000  0.060000   -0.0000005931195846
0.900000  0.060000   -0.0000004669739111
0.940000  0.060000   -0.0000002723624488
0.980000  0.060000    0.0000000310298095
-.900000  0.100000   -0.0000000237072984
-.860000  0.100000    0.0000000159038514
-.820000  0.100000    0.0000000871750737
-.780000  0.100000    0.0000001455671242
-.740000  0.100000    0.0000004741523656
-.700000  0.100000    0.0000004232376394
-.660000  0.100000    0.0000007134522374
-.620000  0.100000    0.0000010523826580
-.580000  0.100000    0.0000007365875390
-.540000  0.100000    0.0000008962719409
-.500000  0.100000    0.0000010415016237
-.460000  0.100000    0.0000011621188742
-.420000  0.100000    0.0000012483326936
-.380000  0.100000    0.0000012963600055
-.340000  0.100000    0.0000012980108569
-.300000  0.100000    0.0000012483507700
-.260000  0.100000    0.0000011451027656
-.220000  0.100000    0.0000009757499593
-.180000  0.100000    0.0000007267580977
-.140000  0.100000    0.0000024019504420
-.100000  0.100000    0.0000016939727796
-.060000  0.100000    0.0000006374575538
-.020000  0.100000    0.0000014067399607
0.020000  0.100000    0.0000011642559723
0.060000  0.100000    0.0000002966082873
0.100000  0.100000    0.0000006366439703
0.140000  0.100000    0.0000004885585507
0.180000  0.100000   -0.0000002363300822
0.220000  0.100000   -0.0000001845260911
0.260000  0.100000   -0.0000005398804433
0.300000  0.100000   -0.0000006571110531
0.340000  0.100000   -0.0000003017578749
0.380000  0.100000   -0.0000006404080713
0.420000  0.100000   -0.0000008422099532
0.460000  0.100000   -0.0000010082405433
0.500000  0.100000   -0.0000010915469776
0.540000  0.100000   -0.0000012143832969
0.580000  0.100000   -0.0000013165596291
0.620000  0.100000   -0.0000013255208966
0.660000  0.100000   -0.0000013599052230
0.700000  0.100000   -0.0000013957019632
0.740000  0.100000   -0.0000013353232535
0.780000  0.100000   -0.0000013109215733
0.820000  0.100000   -0.0000011650062195
0.860000  0.100000   -0.0000009812584268
0.900000  0.100000   -0.0000007948123595
0.940000  0.100000   -0.0000003169818425
0.980000  0.100000    0.0000000948783638
-.900000  0.140000    0.0000000147312105
-.860000  0.140000   -0.0000000311164601
-.820000  0.140000    0.0000000420954965
-.780000  0.140000    0.0000001293155130
-.740000  0.140000    0.0000004919760739
-.700000  0.140000    0.0000004824672957
-.660000  0.140000    0.0000008150062013
-.620000  0.140000    0.0000012028670203
-.580000  0.140000    0.0000016127721410
-.540000  0.140000    0.0000010745661961
-.500000  0.140000    0.0000012249168482
-.460000  0.140000    0.0000013393225719
-.420000  0.140000    0.0000014033011805
-.380000  0.140000    0.0000014095400449
-.340000  0.140000    0.0000013524875059
-.300000  0.140000    0.0000012262948590
-.260000  0.140000    0.0000028426978719
-.220000  0.140000    0.0000024853688905
-.180000  0.140000    0.0000019640991311
-.140000  0.140000    0.0000012672557856
-.100000  0.140000    0.0000029257555617
-.060000  0.140000    0.0000012589324514
-.020000  0.140000    0.0000017589204890
0.020000  0.140000    0.0000014620394758
0.060000  0.140000    0.0000006854208887
0.100000  0.140000    0.0000010256017971
0.140000  0.140000    0.0000001054370791
0.180000  0.140000    0.0000001209406149
0.220000  0.140000   -0.0000000669218543
0.260000  0.140000   -0.0000001888322530
0.300000  0.140000   -0.0000009312979830
0.340000  0.140000   -0.0000010649761648
0.380000  0.140000   -0.0000011274738438
0.420000  0.140000   -0.0000012859187428
0.460000  0.140000   -0.0000014334874384
0.500000  0.140000   -0.0000015895568752
0.540000  0.140000   -0.0000017548774903
0.580000  0.140000   -0.0000017455068829
0.620000  0.140000   -0.0000018261975589
0.660000  0.140000   -0.0000018946738240
0.700000  0.140000   -0.0000019823208493
0.740000  0.140000   -0.0000018399315427
0.780000  0.140000   -0.0000018627579534
0.820000  0.140000   -0.0000016299404971
0.860000  0.140000   -0.0000013835156838
0.900000  0.140000   -0.0000008936358112
0.940000  0.140000   -0.0000004539332605
0.980000  0.140000    0.0000001693785445
-.900000  0.180000   -0.0000000192431743
-.860000  0.180000    0.0000000802646183
-.820000  0.180000    0.0000002562160929
-.780000  0.180000    0.0000003655847989
-.740000  0.180000    0.0000004189683559
-.700000  0.180000    0.0000009617674727
-.660000  0.180000    0.0000008193379965
-.620000  0.180000    0.0000011999974125
-.580000  0.180000    0.0000016014558103
-.540000  0.180000    0.0000019842432376
-.500000  0.180000    0.0000023140216165
-.460000  0.180000    0.0000025656085607
-.420000  0.180000    0.0000027228674258
-.380000  0.180000    0.0000027659642665
-.340000  0.180000    0.0000026832743034
-.300000  0.180000    0.0000024659803099
-.260000  0.180000    0.0000021143950254
-.220000  0.180000    0.0000016311547159
-.180000  0.180000    0.0000034623470186
-.140000  0.180000    0.0000022893125626
-.100000  0.180000    0.0000009910140102
-.060000  0.180000    0.0000017717141591
-.020000  0.180000    0.0000020671180730
0.020000  0.180000    0.0000017232691223
0.060000  0.180000    0.0000009917726825
0.100000  0.180000    0.0000000386162029
0.140000  0.180000    0.0000004591231330
0.180000  0.180000    0.0000003339086612
0.220000  0.180000   -0.0000004884480689
0.260000  0.180000   -0.0000005722813070
0.300000  0.180000   -0.0000007502280466
0.340000  0.180000   -0.0000010028822081
0.380000  0.180000   -0.0000012443594141
0.420000  0.180000   -0.0000014752744506
0.460000  0.180000   -0.0000017025876530
0.500000  0.180000   -0.0000019055391146
0.540000  0.180000   -0.0000020619747419
0.580000  0.180000   -0.0000022077641383
0.620000  0.180000   -0.0000023360060986
0.660000  0.180000   -0.0000024702542197
0.700000  0.180000   -0.0000023511597925
0.740000  0.180000   -0.0000023606666849
0.780000  0.180000   -0.0000021448965812
0.820000  0.180000   -0.0000018808289125
0.860000  0.180000   -0.0000015232897125
0.900000  0.180000   -0.0000011619197432
0.940000  0.180000   -0.0000003737202158
0.980000  0.180000    0.0000003105857822
-.900000  0.220000    0.0000000026373639
-.860000  0.220000   -0.0000000530916161
-.820000  0.220000    0.0000000564174816
-.780000  0.220000    0.0000001806186686
-.740000  0.220000    0.0000008408008905
-.700000  0.220000    0.0000007724996103
-.660000  0.220000    0.0000013922665832
-.620000  0.220000    0.0000011202257569
-.580000  0.220000    0.0000014719249480
-.540000  0.220000    0.0000017982579747
-.500000  0.220000    0.0000020637237739
-.460000  0.220000    0.0000022426549833
-.420000  0.220000    0.0000023173175164
-.380000  0.220000    0.0000022754809012
-.340000  0.220000    0.0000021123102251
-.300000  0.220000    0.0000018303993805
-.260000  0.220000    0.0000035297321635
-.220000  0.220000    0.0000027392223710
-.180000  0.220000    0.0000018166074012
-.140000  0.220000    0.0000032259826952
-.100000  0.220000    0.0000015546424794
-.060000  0.220000    0.0000022018596417
-.020000  0.220000    0.0000023441538413
0.020000  0.220000    0.0000019540016312
0.060000  0.220000    0.0000012407101557
0.100000  0.220000    0.0000003301962522
0.140000  0.220000    0.0000006987893149
0.180000  0.220000   -0.0000002879724163
0.220000  0.220000   -0.0000002629889906
0.260000  0.220000   -0.0000004878757417
0.300000  0.220000   -0.0000013246836825
0.340000  0.220000   -0.0000014412803844
0.380000  0.220000   -0.0000016448656771
0.420000  0.220000   -0.0000018775323973
0.460000  0.220000   -0.0000021113835796
0.500000  0.220000   -0.0000023332017326
0.540000  0.220000   -0.0000025494794771
0.580000  0.220000   -0.0000027477308939
0.620000  0.220000   -0.0000029511710559
0.660000  0.220000   -0.0000027937930489
0.700000  0.220000   -0.0000028472245087
0.740000  0.220000   -0.0000026724666911
0.780000  0.220000   -0.0000026121567226
0.820000  0.220000   -0.0000022501909357
0.860000  0.220000   -0.0000018548759845
0.900000  0.220000   -0.0000010992042500
0.940000  0.220000   -0.0000002582292703
-.860000  0.260000    0.0000000031717761
-.820000  0.260000    0.0000002175335334
-.780000  0.260000    0.0000003950168986
-.740000  0.260000    0.0000004845309681
-.700000  0.260000    0.0000012793174238
-.660000  0.260000    0.0000010734986139
-.620000  0.260000    0.0000016514771911
-.580000  0.260000    0.0000022415944120
-.540000  0.260000    0.0000027758808221
-.500000  0.260000    0.0000032051070919
-.460000  0.260000    0.0000034857405165
-.420000  0.260000    0.0000035911540808
-.380000  0.260000    0.0000035063329918
-.340000  0.260000    0.0000032360924615
-.300000  0.260000    0.0000027968070844
-.260000  0.260000    0.0000022151388053
-.220000  0.260000    0.0000038721073365
-.180000  0.260000    0.0000026144166068
-.140000  0.260000    0.0000039959947913
-.100000  0.260000    0.0000020466150751
-.060000  0.260000    0.0000025429815067
-.020000  0.260000    0.0000025654872390
0.020000  0.260000    0.0000021388989679
0.060000  0.260000    0.0000014370013267
0.100000  0.260000    0.0000005626713753
0.140000  0.260000    0.0000008745121286
0.180000  0.260000   -0.0000000581853316
0.220000  0.260000   -0.0000001451044687
0.260000  0.260000   -0.0000010952256607
0.300000  0.260000   -0.0000011923604731
0.340000  0.260000   -0.0000014356700013
0.380000  0.260000   -0.0000017430650852
0.420000  0.260000   -0.0000020567658586
0.460000  0.260000   -0.0000023531156241
0.500000  0.260000   -0.0000026165267956
0.540000  0.260000   -0.0000028398840243
0.580000  0.260000   -0.0000030187833893
0.620000  0.260000   -0.0000031623348938
0.660000  0.260000   -0.0000033000177552
0.700000  0.260000   -0.0000031373894277
0.740000  0.260000   -0.0000030997109135
0.780000  0.260000   -0.0000027605705416
0.820000  0.260000   -0.0000023320784177
0.860000  0.260000   -0.0000018127976440
0.900000  0.260000   -0.0000009740048406
0.940000  0.260000    0.0000000705217343
-.860000  0.300000    0.0000000352493932
-.820000  0.300000   -0.0000000910631696
-.780000  0.300000    0.0000000373459163
-.740000  0.300000    0.0000007592844824
-.700000  0.300000    0.0000007574000597
-.660000  0.300000    0.0000015258909798
-.620000  0.300000    0.0000012644670862
-.580000  0.300000    0.0000017163994473
-.540000  0.300000    0.0000021202516395
-.500000  0.300000    0.0000024305505451
-.460000  0.300000    0.0000026120979638
-.420000  0.300000    0.0000026461901575
-.380000  0.300000    0.0000025317359741
-.340000  0.300000    0.0000044820890428
-.300000  0.300000    0.0000038410992763
-.260000  0.300000    0.0000030364609548
-.220000  0.300000    0.0000021281514538
-.180000  0.300000    0.0000033141081821
-.140000  0.300000    0.0000017822461780
-.100000  0.300000    0.0000024397137971
-.060000  0.300000    0.0000028147325174
-.020000  0.300000    0.0000027485281484
0.020000  0.300000    0.0000022926186641
0.060000  0.300000    0.0000015803636008
0.100000  0.300000    0.0000007263920718
0.140000  0.300000   -0.0000003031133070
0.180000  0.300000    0.0000000860412262
0.220000  0.300000   -0.0000010387891144
0.260000  0.300000   -0.0000009496545236
0.300000  0.300000   -0.0000011668431796
0.340000  0.300000   -0.0000015277768621
0.380000  0.300000   -0.0000023213441430
0.420000  0.300000   -0.0000025406290487
0.460000  0.300000   -0.0000027996846991
0.500000  0.300000   -0.0000030630720849
0.540000  0.300000   -0.0000033138039429
0.580000  0.300000   -0.0000035548567635
0.620000  0.300000   -0.0000038048362829
0.660000  0.300000   -0.0000035101100618
0.700000  0.300000   -0.0000035698696012
0.740000  0.300000   -0.0000032504604269
0.780000  0.300000   -0.0000032249776952
0.820000  0.300000   -0.0000027101636489
0.860000  0.300000   -0.0000016933487884
0.900000  0.300000   -0.0000007934966466
0.940000  0.300000    0.0000003306337402
-.860000  0.340000    0.0000000196234081
-.820000  0.340000   -0.0000000853057023
-.780000  0.340000    0.0000000595658736
-.740000  0.340000    0.0000002169943540
-.700000  0.340000    0.0000009857984332
-.660000  0.340000    0.0000009321305625
-.620000  0.340000    0.0000015555226376
-.580000  0.340000    0.0000021930337429
-.540000  0.340000    0.0000027563052401
-.500000  0.340000    0.0000031770971048
-.460000  0.340000    0.0000034129781803
-.420000  0.340000    0.0000034430992698
-.380000  0.340000    0.0000032694367240
-.340000  0.340000    0.0000029162031966
-.300000  0.340000    0.0000048123755654
-.260000  0.340000    0.0000037901971929
-.220000  0.340000    0.0000026804660510
-.180000  0.340000    0.0000038766668059
-.140000  0.340000    0.0000021696343375
-.100000  0.340000    0.0000027372499297
-.060000  0.340000    0.0000030049620036
-.020000  0.340000    0.0000028723372937
0.020000  0.340000    0.0000023957594353
0.060000  0.340000    0.0000016875030704
0.100000  0.340000    0.0000008351585864
0.140000  0.340000   -0.0000001646519061
0.180000  0.340000    0.0000001831959565
0.220000  0.340000   -0.0000008899041207
0.260000  0.340000   -0.0000008914337560
0.300000  0.340000   -0.0000012040057309
0.340000  0.340000   -0.0000020954729630
0.380000  0.340000   -0.0000023097382870
0.420000  0.340000   -0.0000026090305966
0.460000  0.340000   -0.0000029237009376
0.500000  0.340000   -0.0000032190192298
0.540000  0.340000   -0.0000034764224581
0.580000  0.340000   -0.0000036878720225
0.620000  0.340000   -0.0000038728255315
0.660000  0.340000   -0.0000040782854737
0.700000  0.340000   -0.0000036691434898
0.740000  0.340000   -0.0000037198054493
0.780000  0.340000   -0.0000031561023524
0.820000  0.340000   -0.0000025794078477
0.860000  0.340000   -0.0000014838498965
0.900000  0.340000   -0.0000002600718962
0.940000  0.340000    0.0000005457105333
-.820000  0.380000   -0.0000001062017633
-.780000  0.380000    0.0000000368662917
-.740000  0.380000    0.0000001991301934
-.700000  0.380000    0.0000011619386350
-.660000  0.380000    0.0000010303059482
-.620000  0.380000    0.0000018454287307
-.580000  0.380000    0.0000026695051674
-.540000  0.380000    0.0000033878424091
-.500000  0.380000    0.0000039081057420
-.460000  0.380000    0.0000041829432396
-.420000  0.380000    0.0000041940963461
-.380000  0.380000    0.0000039599878951
-.340000  0.380000    0.0000035119143837
-.300000  0.380000    0.0000029040972208
-.260000  0.380000    0.0000043894559520
-.220000  0.380000    0.0000031258914152
-.180000  0.380000    0.0000042688480222
-.140000  0.380000    0.0000024517712461
-.100000  0.380000    0.0000029398949510
-.060000  0.380000    0.0000031203317809
-.020000  0.380000    0.0000029390207635
0.020000  0.380000    0.0000024468892014
0.060000  0.380000    0.0000017436781702
0.100000  0.380000    0.0000008954295466
0.140000  0.380000   -0.0000000897634914
0.180000  0.380000    0.0000002381111343
0.220000  0.380000   -0.0000008125162206
0.260000  0.380000   -0.0000008745131869
0.300000  0.380000   -0.0000019636302040
0.340000  0.380000   -0.0000020743403079
0.380000  0.380000   -0.0000023622907177
0.420000  0.380000   -0.0000027227527082
0.460000  0.380000   -0.0000030809412769
0.500000  0.380000   -0.0000033955663645
0.540000  0.380000   -0.0000036540326024
0.580000  0.380000   -0.0000038393430302
0.620000  0.380000   -0.0000039681388117
0.660000  0.380000   -0.0000040846049450
0.700000  0.380000   -0.0000037129182706
0.740000  0.380000   -0.0000036415545713
0.780000  0.380000   -0.0000030265453651
0.820000  0.380000   -0.0000024042997729
0.860000  0.380000   -0.0000012541732607
0.900000  0.380000    0.0000002090021393
-.820000  0.420000    0.0000001197501047
-.780000  0.420000   -0.0000000553734926
-.740000  0.420000    0.0000001097385581
-.700000  0.420000    0.0000002678605211
-.660000  0.420000    0.0000010448808517
-.620000  0.420000    0.0000020236799713
-.580000  0.420000    0.0000015502295779
-.540000  0.420000    0.0000020508009367
-.500000  0.420000    0.0000024303636466
-.460000  0.420000    0.0000026511441063
-.420000  0.420000    0.0000026888827810
-.380000  0.420000    0.0000044963649721
-.340000  0.420000    0.0000039727628357
-.300000  0.420000    0.0000032768569624
-.260000  0.420000    0.0000048010676389
-.220000  0.420000    0.0000034365493053
-.180000  0.420000    0.0000044971062562
-.140000  0.420000    0.0000026273857650
-.100000  0.420000    0.0000030351323564
-.060000  0.420000    0.0000031548778188
-.020000  0.420000    0.0000029427552727
0.020000  0.420000    0.0000024415124124
0.060000  0.420000    0.0000017456170319
0.100000  0.420000    0.0000009044082356
0.140000  0.420000   -0.0000000730005088
0.180000  0.420000    0.0000002580328535
0.220000  0.420000   -0.0000007873236360
0.260000  0.420000   -0.0000008791931418
0.300000  0.420000   -0.0000019335989892
0.340000  0.420000   -0.0000020931340575
0.380000  0.420000   -0.0000024294781661
0.420000  0.420000   -0.0000034766173939
0.460000  0.420000   -0.0000036765768092
0.500000  0.420000   -0.0000039225337744
0.540000  0.420000   -0.0000041806004147
0.580000  0.420000   -0.0000044436204656
0.620000  0.420000   -0.0000040182839937
0.660000  0.420000   -0.0000040626038927
0.700000  0.420000   -0.0000042167681880
0.740000  0.420000   -0.0000035064577111
0.780000  0.420000   -0.0000028275626239
0.820000  0.420000   -0.0000015963219182
0.860000  0.420000   -0.0000005122267427
0.900000  0.420000    0.0000006769457526
-.820000  0.460000   -0.0000000017518554
-.780000  0.460000   -0.0000001735911510
-.740000  0.460000   -0.0000000602679329
-.700000  0.460000    0.0000009774396589
-.660000  0.460000    0.0000009077716230
-.620000  0.460000    0.0000019902977767
-.580000  0.460000    0.0000014982491245
-.540000  0.460000    0.0000020805916177
-.500000  0.460000    0.0000025316622238
-.460000  0.460000    0.0000027926084570
-.420000  0.460000    0.0000028507785763
-.380000  0.460000    0.0000047939832746
-.340000  0.460000    0.0000042289722045
-.300000  0.460000    0.0000034904056404
-.260000  0.460000    0.0000049834882655
-.220000  0.460000    0.0000035821559219
-.180000  0.460000    0.0000045578376636
-.140000  0.460000    0.0000026902655307
-.100000  0.460000    0.0000030310654598
-.060000  0.460000    0.0000031006907490
-.020000  0.460000    0.0000028732229826
0.020000  0.460000    0.0000023758394549
0.060000  0.460000    0.0000016882795952
0.100000  0.460000    0.0000008575925516
0.140000  0.460000   -0.0000001140706831
0.180000  0.460000    0.0000002452304078
0.220000  0.460000   -0.0000008080484540
0.260000  0.460000   -0.0000008952711489
0.300000  0.460000   -0.0000019473938020
0.340000  0.460000   -0.0000021257171850
0.380000  0.460000   -0.0000024816628941
0.420000  0.460000   -0.0000034746556294
0.460000  0.460000   -0.0000036878287632
0.500000  0.460000   -0.0000039334305316
0.540000  0.460000   -0.0000041760510051
0.580000  0.460000   -0.0000044138071937
0.620000  0.460000   -0.0000039750127180
0.660000  0.460000   -0.0000039652017127
0.700000  0.460000   -0.0000034542450882
0.740000  0.460000   -0.0000033256880387
0.780000  0.460000   -0.0000026454588809
0.820000  0.460000   -0.0000012812473506
0.860000  0.460000    0.0000003900141190
-.780000  0.500000   -0.0000000176964809
-.740000  0.500000    0.0000003137164669
-.700000  0.500000    0.0000005590504039
-.660000  0.500000    0.0000005970003010
-.620000  0.500000    0.0000016925902062
-.580000  0.500000    0.0000012910549468
-.540000  0.500000    0.0000019318639636
-.500000  0.500000    0.0000024414197023
-.460000  0.500000    0.0000027511495743
-.420000  0.500000    0.0000028468599510
-.380000  0.500000    0.0000048124045936
-.340000  0.500000    0.0000042588036936
-.300000  0.500000    0.0000035259760311
-.260000  0.500000    0.0000049436588214
-.220000  0.500000    0.0000035625543042
-.180000  0.500000    0.0000044528322954
-.140000  0.500000    0.0000026297789792
-.100000  0.500000    0.0000029183083311
-.060000  0.500000    0.0000029544541460
-.020000  0.500000    0.0000027194566631
0.020000  0.500000    0.0000022372688117
0.060000  0.500000    0.0000015639730751
0.100000  0.500000    0.0000007449575091
0.140000  0.500000   -0.0000002224611615
0.180000  0.500000    0.0000001955273381
0.220000  0.500000   -0.0000008727618081
0.260000  0.500000   -0.0000009209979865
0.300000  0.500000   -0.0000019944411237
0.340000  0.500000   -0.0000021562337329
0.380000  0.500000   -0.0000025003460045
0.420000  0.500000   -0.0000034994457804
0.460000  0.500000   -0.0000036989510115
0.500000  0.500000   -0.0000039313191791
0.540000  0.500000   -0.0000041505275323
0.580000  0.500000   -0.0000043681979052
0.620000  0.500000   -0.0000038217423413
0.660000  0.500000   -0.0000037955395113
0.700000  0.500000   -0.0000031398601043
0.740000  0.500000   -0.0000023956739638
0.780000  0.500000   -0.0000016044131046
0.820000  0.500000   -0.0000005711351090
0.860000  0.500000    0.0000009839064592
-.780000  0.540000    0.0000000020197825
-.740000  0.540000   -0.0000001190918320
-.700000  0.540000    0.0000000485296520
-.660000  0.540000    0.0000001647609059
-.620000  0.540000    0.0000011454492918
-.580000  0.540000    0.0000009260798154
-.540000  0.540000    0.0000015865602439
-.500000  0.540000    0.0000021383816592
-.460000  0.540000    0.0000025022970066
-.420000  0.540000    0.0000026501345750
-.380000  0.540000    0.0000045452067543
-.340000  0.540000    0.0000040496456569
-.300000  0.540000    0.0000033699197026
-.260000  0.540000    0.0000046902845119
-.220000  0.540000    0.0000033824104806
-.180000  0.540000    0.0000041890543818
-.140000  0.540000    0.0000024505840295
-.100000  0.540000    0.0000026921466658
-.060000  0.540000    0.0000027097353079
-.020000  0.540000    0.0000024774167251
0.020000  0.540000    0.0000020157169925
0.060000  0.540000    0.0000013625544958
0.100000  0.540000    0.0000005572213594
0.140000  0.540000   -0.0000004055150272
0.180000  0.540000    0.0000000977213171
0.220000  0.540000   -0.0000009928587600
0.260000  0.540000   -0.0000009631620188
0.300000  0.540000   -0.0000020805910523
0.340000  0.540000   -0.0000021872332147
0.380000  0.540000   -0.0000024860478040
0.420000  0.540000   -0.0000035458028274
0.460000  0.540000   -0.0000037120297647
0.500000  0.540000   -0.0000039123714619
0.540000  0.540000   -0.0000041100763018
0.580000  0.540000   -0.0000043259689240
0.620000  0.540000   -0.0000035791996453
0.660000  0.540000   -0.0000036200605976
0.700000  0.540000   -0.0000028053583776
0.740000  0.540000   -0.0000020483147607
0.780000  0.540000   -0.0000007147614523
0.820000  0.540000    0.0000007641885661
-.740000  0.580000   -0.0000000456263545
-.700000  0.580000    0.0000002166290224
-.660000  0.580000    0.0000004499419178
-.620000  0.580000    0.0000004556561686
-.580000  0.580000    0.0000014942440373
-.540000  0.580000    0.0000010738532640
-.500000  0.580000    0.0000016409765859
-.460000  0.580000    0.0000020513608154
-.420000  0.580000    0.0000022634847170
-.380000  0.580000    0.0000040039584440
-.340000  0.580000    0.0000036101374568
-.300000  0.580000    0.0000030288508936
-.260000  0.580000    0.0000042320106951
-.220000  0.580000    0.0000030473417535
-.180000  0.580000    0.0000037729830207
-.140000  0.580000    0.0000043103094718
-.100000  0.580000    0.0000023537946384
-.060000  0.580000    0.0000023570264539
-.020000  0.580000    0.0000021365193061
0.020000  0.580000    0.0000016976394481
0.060000  0.580000    0.0000010696374684
0.100000  0.580000    0.0000002807126362
0.140000  0.580000    0.0000009180822010
0.180000  0.580000   -0.0000000651800822
0.220000  0.580000   -0.0000011850889173
0.260000  0.580000   -0.0000010409101789
0.300000  0.580000   -0.0000022248009351
0.340000  0.580000   -0.0000022384725694
0.380000  0.580000   -0.0000024544839952
0.420000  0.580000   -0.0000036399446268
0.460000  0.580000   -0.0000037527324682
0.500000  0.580000   -0.0000039148394200
0.540000  0.580000   -0.0000041053736358
0.580000  0.580000   -0.0000033257264988
0.620000  0.580000   -0.0000033349792288
0.660000  0.580000   -0.0000025679130010
0.700000  0.580000   -0.0000017753636629
0.740000  0.580000   -0.0000010937603255
0.780000  0.580000    0.0000004056578944
-.700000  0.620000    0.0000001093610757
-.660000  0.620000   -0.0000002584459911
-.620000  0.620000    0.0000006998106529
-.580000  0.620000    0.0000005672649257
-.540000  0.620000    0.0000014975529835
-.500000  0.620000    0.0000023429668761
-.460000  0.620000    0.0000029406506750
-.420000  0.620000    0.0000032337594233
-.380000  0.620000    0.0000032292008759
-.340000  0.620000    0.0000029728321797
-.300000  0.620000    0.0000025268078904
-.260000  0.620000    0.0000035913788685
-.220000  0.620000    0.0000025669576483
-.180000  0.620000    0.0000032093320393
-.140000  0.620000    0.0000037099669557
-.100000  0.620000    0.0000039506434852
-.060000  0.620000    0.0000018929917100
-.020000  0.620000    0.0000016847629372
0.020000  0.620000    0.0000012723596492
0.060000  0.620000    0.0000006697415415
0.100000  0.620000    0.0000015570755226
0.140000  0.620000    0.0000006734754184
0.180000  0.620000   -0.0000003199764889
0.220000  0.620000   -0.0000014787261714
0.260000  0.620000   -0.0000011843003075
0.300000  0.620000   -0.0000024643571734
0.340000  0.620000   -0.0000023488849269
0.380000  0.620000   -0.0000024426170351
0.420000  0.620000   -0.0000026341340550
0.460000  0.620000   -0.0000028280158554
0.500000  0.620000   -0.0000029612376786
0.540000  0.620000   -0.0000030284671013
0.580000  0.620000   -0.0000030865746182
0.620000  0.620000   -0.0000023189253047
0.660000  0.620000   -0.0000024115151419
0.700000  0.620000   -0.0000007717121960
0.740000  0.620000    0.0000002401643979
0.780000  0.620000    0.0000013110858946
-.660000  0.660000    0.0000002397294973
-.620000  0.660000   -0.0000002655436244
-.580000  0.660000    0.0000006401146963
-.540000  0.660000    0.0000004357656239
-.500000  0.660000    0.0000011686893400
-.460000  0.660000    0.0000017808868141
-.420000  0.660000    0.0000021622217581
-.380000  0.660000    0.0000022916983814
-.340000  0.660000    0.0000021907876597
-.300000  0.660000    0.0000035230806916
-.260000  0.660000    0.0000027997092679
-.220000  0.660000    0.0000037709106278
-.180000  0.660000    0.0000025145411333
-.140000  0.660000    0.0000029709840221
-.100000  0.660000    0.0000032256236343
-.060000  0.660000    0.0000032260138037
-.020000  0.660000    0.0000029772855905
0.020000  0.660000    0.0000025266408033
0.060000  0.660000    0.0000019136375514
0.100000  0.660000    0.0000011679415852
0.140000  0.660000    0.0000003015524778
0.180000  0.660000   -0.0000007077623973
0.220000  0.660000   -0.0000003410015554
0.260000  0.660000   -0.0000014491239078
0.300000  0.660000   -0.0000013563793641
0.340000  0.660000   -0.0000025917217252
0.380000  0.660000   -0.0000025385420269
0.420000  0.660000   -0.0000026045596800
0.460000  0.660000   -0.0000027058999056
0.500000  0.660000   -0.0000028045861771
0.540000  0.660000   -0.0000029342284005
0.580000  0.660000   -0.0000020421849896
0.620000  0.660000   -0.0000022106002713
0.660000  0.660000   -0.0000005413939096
0.700000  0.660000    0.0000005360849797
0.740000  0.660000    0.0000009819419804
-.660000  0.700000    0.0000000524184723
-.620000  0.700000    0.0000001465555541
-.580000  0.700000    0.0000003697781592
-.540000  0.700000    0.0000002839350056
-.500000  0.700000    0.0000012007330004
-.460000  0.700000    0.0000020200997382
-.420000  0.700000    0.0000010610898677
-.380000  0.700000    0.0000027913899621
-.340000  0.700000    0.0000027152552594
-.300000  0.700000    0.0000024003130175
-.260000  0.700000    0.0000036606005011
-.220000  0.700000    0.0000027323399248
-.180000  0.700000    0.0000034978191358
-.140000  0.700000    0.0000021131055402
-.100000  0.700000    0.0000023616388092
-.060000  0.700000    0.0000024064169558
-.020000  0.700000    0.0000022312674233
0.020000  0.700000    0.0000018563603570
0.060000  0.700000    0.0000013107598825
0.100000  0.700000    0.0000006085622587
0.140000  0.700000   -0.0000002464103720
0.180000  0.700000    0.0000003093180273
0.220000  0.700000   -0.0000006922604392
0.260000  0.700000   -0.0000005285606060
0.300000  0.700000   -0.0000016023455212
0.340000  0.700000   -0.0000015436308569
0.380000  0.700000   -0.0000016268836438
0.420000  0.700000   -0.0000028431426208
0.460000  0.700000   -0.0000018100905522
0.500000  0.700000   -0.0000018239034841
0.540000  0.700000   -0.0000018674910988
0.580000  0.700000   -0.0000010431544620
0.620000  0.700000   -0.0000003355976368
0.660000  0.700000    0.0000007264020979
0.700000  0.700000    0.0000014371595095
-.620000  0.740000    0.0000000402029937
-.580000  0.740000   -0.0000001618852228
-.540000  0.740000   -0.0000001269293221
-.500000  0.740000    0.0000008164231411
-.460000  0.740000    0.0000003692118621
-.420000  0.740000    0.0000008957639182
-.380000  0.740000    0.0000012364233209
-.340000  0.740000    0.0000013510304985
-.300000  0.740000    0.0000027465842273
-.260000  0.740000    0.0000022631541823
-.220000  0.740000    0.0000033184742840
-.180000  0.740000    0.0000022819233712
-.140000  0.740000    0.0000028175436203
-.100000  0.740000    0.0000031299350306
-.060000  0.740000    0.0000014369252649
-.020000  0.740000    0.0000013120700040
0.020000  0.740000    0.0000009973623354
0.060000  0.740000    0.0000005038417037
0.100000  0.740000    0.0000014378591197
0.140000  0.740000    0.0000006705670750
0.180000  0.740000   -0.0000002298139255
0.220000  0.740000    0.0000001194766634
0.260000  0.740000   -0.0000008780455065
0.300000  0.740000   -0.0000007373841297
0.340000  0.740000   -0.0000019126625759
0.380000  0.740000   -0.0000018105335700
0.420000  0.740000   -0.0000018050283674
0.460000  0.740000   -0.0000018800603775
0.500000  0.740000   -0.0000009038882281
0.540000  0.740000   -0.0000010374718851
0.580000  0.740000   -0.0000003649480814
0.620000  0.740000    0.0000007186799181
0.660000  0.740000    0.0000011296941582
-.580000  0.780000    0.0000000041601059
-.540000  0.780000   -0.0000000383907044
-.500000  0.780000    0.0000000127068984
-.460000  0.780000   -0.0000001627858435
-.420000  0.780000    0.0000004086049542
-.380000  0.780000    0.0000008645333537
-.340000  0.780000    0.0000010978114206
-.300000  0.780000    0.0000011009867282
-.260000  0.780000    0.0000023108996149
-.220000  0.780000    0.0000017370722441
-.180000  0.780000    0.0000025474977845
-.140000  0.780000    0.0000014804578070
-.100000  0.780000    0.0000018101705495
-.060000  0.780000    0.0000019490413833
-.020000  0.780000    0.0000018785750590
0.020000  0.780000    0.0000016158106052
0.060000  0.780000    0.0000011789872359
0.100000  0.780000    0.0000005821171782
0.140000  0.780000   -0.0000001773673157
0.180000  0.780000    0.0000004653595968
0.220000  0.780000   -0.0000004792014020
0.260000  0.780000   -0.0000001551594894
0.300000  0.780000   -0.0000012837605780
0.340000  0.780000   -0.0000010799185079
0.380000  0.780000   -0.0000010105471865
0.420000  0.780000   -0.0000010339056996
0.460000  0.780000   -0.0000012102434207
0.500000  0.780000   -0.0000002283485579
0.540000  0.780000    0.0000003372141525
0.580000  0.780000    0.0000011306543094
0.620000  0.780000    0.0000015532823315
-.500000  0.820000   -0.0000001510908140
-.460000  0.820000   -0.0000001723017125
-.420000  0.820000    0.0000006605890620
-.380000  0.820000    0.0000000947144443
-.340000  0.820000    0.0000004420608069
-.300000  0.820000    0.0000005850863385
-.260000  0.820000    0.0000018709226476
-.220000  0.820000    0.0000014586014640
-.180000  0.820000    0.0000023692003156
-.140000  0.820000    0.0000014383684976
-.100000  0.820000    0.0000018600533324
-.060000  0.820000    0.0000020708133350
-.020000  0.820000    0.0000020653039484
0.020000  0.820000    0.0000018642099225
0.060000  0.820000    0.0000014933139259
0.100000  0.820000    0.0000009707716280
0.140000  0.820000    0.0000002929807428
0.180000  0.820000    0.0000008784781486
0.220000  0.820000    0.0000000241198620
0.260000  0.820000    0.0000003352105200
0.300000  0.820000   -0.0000007526308899
0.340000  0.820000   -0.0000005818471637
0.380000  0.820000   -0.0000005735516093
0.420000  0.820000    0.0000004648482917
0.460000  0.820000    0.0000001744512265
0.500000  0.820000    0.0000005011196596
0.540000  0.820000    0.0000016687780417
-.460000  0.860000    0.0000003661617750
-.420000  0.860000    0.0000000668096208
-.380000  0.860000   -0.0000001161719264
-.340000  0.860000    0.0000004368241678
-.300000  0.860000    0.0000007880324693
-.260000  0.860000    0.0000008637597712
-.220000  0.860000    0.0000006849703915
-.180000  0.860000    0.0000016442686732
-.140000  0.860000    0.0000009301186487
-.100000  0.860000    0.0000014321958384
-.060000  0.860000    0.0000017332717021
-.020000  0.860000    0.0000018167751420
0.020000  0.860000    0.0000017020877151
0.060000  0.860000    0.0000014127793737
0.100000  0.860000    0.0000009624913015
0.140000  0.860000    0.0000003416401460
0.180000  0.860000    0.0000009786019506
0.220000  0.860000    0.0000001141995665
0.260000  0.860000    0.0000004746918783
0.300000  0.860000    0.0000006437637949
0.340000  0.860000    0.0000006612326455
0.380000  0.860000    0.0000004509193823
0.420000  0.860000    0.0000010690163541
0.460000  0.860000    0.0000018269900915
0.500000  0.860000    0.0000015674943808
-.380000  0.900000    0.0000003255354822
-.340000  0.900000    0.0000005314393746
-.300000  0.900000    0.0000001177281233
-.260000  0.900000    0.0000004559801522
-.220000  0.900000    0.0000005181896348
-.180000  0.900000    0.0000003148917589
-.140000  0.900000    0.0000011479927893
-.100000  0.900000    0.0000004226987398
-.060000  0.900000    0.0000008064344758
-.020000  0.900000    0.0000009945778811
0.020000  0.900000    0.0000009816126374
0.060000  0.900000    0.0000007722267249
0.100000  0.900000    0.0000003649503149
0.140000  0.900000    0.0000011777461140
0.180000  0.900000    0.0000004356917758
0.220000  0.900000    0.0000008732568691
0.260000  0.900000    0.0000010653084132
0.300000  0.900000    0.0000010003493832
0.340000  0.900000    0.0000016688572294
0.380000  0.900000    0.0000016465653598
0.420000  0.900000    0.0000013360573287
-.300000  0.940000    0.0000003473935144
-.260000  0.940000    0.0000007019834966
-.220000  0.940000    0.0000002267189948
-.180000  0.940000    0.0000003842576810
-.140000  0.940000    0.0000002253417911
-.100000  0.940000    0.0000010064309812
-.060000  0.940000    0.0000002822530052
-.020000  0.940000    0.0000005735140592
0.020000  0.940000    0.0000006434415584
0.060000  0.940000    0.0000004838700334
0.100000  0.940000    0.0000013883506720
0.140000  0.940000    0.0000007818383799
0.180000  0.940000    0.0000011694619218
0.220000  0.940000    0.0000011951919541
0.260000  0.940000    0.0000018047121659
0.300000  0.940000    0.0000014083377035
0.340000  0.940000   -0.0000001592675980
-.180000  0.980000    0.0000002930790977
-.140000  0.980000    0.0000005373111603
-.100000  0.980000    0.0000009349602492
-.060000  0.980000    0.0000007523511792
-.020000  0.980000    0.0000001283260752
0.020000  0.980000    0.0000002118546709
0.060000  0.980000    0.0000010320093583
0.100000  0.980000    0.0000013546218834
0.140000  0.980000    0.0000009626637074
0.180000  0.980000    0.0000007159847184
