-.140000  -.980000   0.02098988916317521
-.100000  -.980000   0.02183404068655870
-.060000  -.980000   0.02295336821326823
-.020000  -.980000   0.02324742970262645
0.020000  -.980000   0.02305452811003755
0.060000  -.980000   0.02330016253871595
0.100000  -.980000   0.02356859904167226
0.140000  -.980000   0.02323044463556538
0.180000  -.980000   0.02250544726688888
-.260000  -.940000   0.02031624193206023
-.220000  -.940000   0.02199678322622117
-.180000  -.940000   0.02117811548101066
-.140000  -.940000   0.01987434277857551
-.100000  -.940000   0.01861926885324698
-.060000  -.940000   0.01677243011673345
-.020000  -.940000   0.01567333689045124
0.020000  -.940000   0.01472815732739888
0.060000  -.940000   0.01388655580915699
0.100000  -.940000   0.01484361910492501
0.140000  -.940000   0.01415993331378609
0.180000  -.940000   0.01542613304664508
0.220000  -.940000   0.01662734657270070
0.260000  -.940000   0.01945334814435965
0.300000  -.940000   0.02090031973662158
0.340000  -.940000   0.02294404237318795
-.380000  -.900000   0.02253108719054583
-.340000  -.900000   0.01959631034905681
-.300000  -.900000   0.02019179418324691
-.260000  -.900000   0.01837547872094182
-.220000  -.900000   0.01648514807961377
-.180000  -.900000   0.01444099545038680
-.140000  -.900000   0.01258249438701419
-.100000  -.900000   0.01053769731974781
-.060000  -.900000   0.00906217282281274
-.020000  -.900000   0.00781020041320472
0.020000  -.900000   0.00672190908934274
0.060000  -.900000   0.00577065901351365
0.100000  -.900000   0.00491511421558511
0.140000  -.900000   0.00578638705923723
0.180000  -.900000   0.00510252238846663
0.220000  -.900000   0.00657430195646369
0.260000  -.900000   0.00820584487007076
0.300000  -.900000   0.00977188357839568
0.340000  -.900000   0.01352202038507310
0.380000  -.900000   0.01626717810021027
0.420000  -.900000   0.01978445528469988
-.420000  -.860000   0.01980583696550043
-.380000  -.860000   0.01935274810420171
-.340000  -.860000   0.01681164187996010
-.300000  -.860000   0.01467857027879995
-.260000  -.860000   0.01265318099627492
-.220000  -.860000   0.01072134953516948
-.180000  -.860000   0.00861301806384595
-.140000  -.860000   0.00709977122633145
-.100000  -.860000   0.00558224909687489
-.060000  -.860000   0.00436931436253767
-.020000  -.860000   0.00336815673863485
0.020000  -.860000   0.00256687338308988
0.060000  -.860000   0.00204435652747058
0.100000  -.860000   0.00187749907996156
0.140000  -.860000   0.00207257053840497
0.180000  -.860000   0.00047830232702260
0.220000  -.860000   0.00109160548311236
0.260000  -.860000   0.00111543018492743
0.300000  -.860000   0.00267503046808409
0.340000  -.860000   0.00424543163139993
0.380000  -.860000   0.00557452231809142
0.420000  -.860000   0.00931067357252913
0.460000  -.860000   0.01443363956658569
0.500000  -.860000   0.01900386852049369
-.500000  -.820000   0.02280287144867198
-.460000  -.820000   0.01904420532455041
-.420000  -.820000   0.01550873026573421
-.380000  -.820000   0.01507251194740691
-.340000  -.820000   0.01274312032423364
-.300000  -.820000   0.01080890323595188
-.260000  -.820000   0.00812609973360598
-.220000  -.820000   0.00704297117332835
-.180000  -.820000   0.00546596884297028
-.140000  -.820000   0.00537519360701118
-.100000  -.820000   0.00480594549869331
-.060000  -.820000   0.00461052134075690
-.020000  -.820000   0.00466055610830306
0.020000  -.820000   0.00486948359638363
0.060000  -.820000   0.00519428985213331
0.100000  -.820000   0.00559792677046042
0.140000  -.820000   0.00605784195742346
0.180000  -.820000   0.00500105987029936
0.220000  -.820000   0.00553106623045686
0.260000  -.820000   0.00455020998910501
0.300000  -.820000   0.00507699019502277
0.340000  -.820000   0.00414291372792168
0.380000  -.820000   0.00343286525799515
0.420000  -.820000   0.00460245707149776
0.460000  -.820000   0.00487313130304906
0.500000  -.820000   0.00743738470186601
0.540000  -.820000   0.01382413304390706
-.540000  -.780000   0.01869667595706811
-.500000  -.780000   0.01667844007531483
-.460000  -.780000   0.01597126259911446
-.420000  -.780000   0.01311566133775555
-.380000  -.780000   0.01097665072544838
-.340000  -.780000   0.00941823276218672
-.300000  -.780000   0.00838465471136349
-.260000  -.780000   0.00642903941779987
-.220000  -.780000   0.00655076065550081
-.180000  -.780000   0.00598511415300582
-.140000  -.780000   0.00678045575300563
-.100000  -.780000   0.00693522317633970
-.060000  -.780000   0.00722687167516521
-.020000  -.780000   0.00758530050918733
0.020000  -.780000   0.00795751332852583
0.060000  -.780000   0.00834043207706609
0.100000  -.780000   0.00874245669448566
0.140000  -.780000   0.00916341312026178
0.180000  -.780000   0.00842677674694298
0.220000  -.780000   0.00888198648683451
0.260000  -.780000   0.00806927811976221
0.300000  -.780000   0.00857582966251692
0.340000  -.780000   0.00772534170306014
0.380000  -.780000   0.00691936295983303
0.420000  -.780000   0.00615645859177661
0.460000  -.780000   0.00535144739562367
0.500000  -.780000   0.00513185468705793
0.540000  -.780000   0.00638037764241788
0.580000  -.780000   0.01000169982925139
0.620000  -.780000   0.01694054767427227
-.580000  -.740000   0.01852834058051053
-.540000  -.740000   0.01613473723770730
-.500000  -.740000   0.01206266194303438
-.460000  -.740000   0.01251815752702532
-.420000  -.740000   0.01048475750446643
-.380000  -.740000   0.00918750396016503
-.340000  -.740000   0.00852480707573947
-.300000  -.740000   0.00676775957753171
-.260000  -.740000   0.00723307683291891
-.220000  -.740000   0.00701203692832802
-.180000  -.740000   0.00780551871502694
-.140000  -.740000   0.00809246036215092
-.100000  -.740000   0.00847392814933319
-.060000  -.740000   0.00929419831629865
-.020000  -.740000   0.00970631806797064
0.020000  -.740000   0.01010376287787160
0.060000  -.740000   0.01048383924749719
0.100000  -.740000   0.01012484940556962
0.140000  -.740000   0.01046004779138562
0.180000  -.740000   0.01081541637199910
0.220000  -.740000   0.01022735953825929
0.260000  -.740000   0.01061312507147774
0.300000  -.740000   0.00998372817255568
0.340000  -.740000   0.01043382298760659
0.380000  -.740000   0.00974717276562645
0.420000  -.740000   0.00907719334132723
0.460000  -.740000   0.00838828811723969
0.500000  -.740000   0.00732265691214760
0.540000  -.740000   0.00640526017062873
0.580000  -.740000   0.00609079669434506
0.620000  -.740000   0.00844854451193604
0.660000  -.740000   0.01230055233753232
-.620000  -.700000   0.01440943402433011
-.580000  -.700000   0.01272297887174761
-.540000  -.700000   0.01277462103754988
-.500000  -.700000   0.00981236587963221
-.460000  -.700000   0.00801265298969765
-.420000  -.700000   0.01001969200408012
-.380000  -.700000   0.00719996759434586
-.340000  -.700000   0.00758281260816321
-.300000  -.700000   0.00809310269439269
-.260000  -.700000   0.00795065321345282
-.220000  -.700000   0.00863262975537831
-.180000  -.700000   0.00900044658419492
-.140000  -.700000   0.00956424731149115
-.100000  -.700000   0.00999744476675184
-.060000  -.700000   0.01041174547317555
-.020000  -.700000   0.01076984578540215
0.020000  -.700000   0.01109406213537968
0.060000  -.700000   0.01138330729249274
0.100000  -.700000   0.01166629567318709
0.140000  -.700000   0.01195871351646263
0.180000  -.700000   0.01163671424975429
0.220000  -.700000   0.01192968844626795
0.260000  -.700000   0.01148608192066340
0.300000  -.700000   0.01182197942860590
0.340000  -.700000   0.01132969571410886
0.380000  -.700000   0.01085861966284712
0.420000  -.700000   0.01125360115544898
0.460000  -.700000   0.00996664733326417
0.500000  -.700000   0.00947568941458410
0.540000  -.700000   0.00883342484179758
0.580000  -.700000   0.00821061930358616
0.620000  -.700000   0.00793149506653941
0.660000  -.700000   0.00952802658696074
0.700000  -.700000   0.01281498366313536
-.620000  -.660000   0.01597709115635822
-.580000  -.660000   0.01064608035327025
-.540000  -.660000   0.01179058076449591
-.500000  -.660000   0.00973722913083966
-.460000  -.660000   0.00873034492077128
-.420000  -.660000   0.00850362775693147
-.380000  -.660000   0.00870674679604613
-.340000  -.660000   0.00903491834275627
-.300000  -.660000   0.00867607401266945
-.260000  -.660000   0.00920785787542549
-.220000  -.660000   0.00957851512821916
-.180000  -.660000   0.00993110822168203
-.140000  -.660000   0.01040543175620550
-.100000  -.660000   0.01083840148144248
-.060000  -.660000   0.01120007807053894
-.020000  -.660000   0.01148636661920968
0.020000  -.660000   0.01173925697214318
0.060000  -.660000   0.01195349140409906
0.100000  -.660000   0.01216446311245077
0.140000  -.660000   0.01237179289391374
0.180000  -.660000   0.01259692652940630
0.220000  -.660000   0.01235094453157900
0.260000  -.660000   0.01260310316817225
0.300000  -.660000   0.01226781677406318
0.340000  -.660000   0.01259784042602790
0.380000  -.660000   0.01221550966680995
0.420000  -.660000   0.01185063931133806
0.460000  -.660000   0.01149133323243801
0.500000  -.660000   0.01112129665180261
0.540000  -.660000   0.01068808571784197
0.580000  -.660000   0.00993828259017966
0.620000  -.660000   0.00894434011874322
0.660000  -.660000   0.00916130103954355
0.700000  -.660000   0.00992720881386247
0.740000  -.660000   0.01094141609930146
-.660000  -.620000   0.01588356874478701
-.620000  -.620000   0.00941028614625680
-.580000  -.620000   0.01083325789757647
-.540000  -.620000   0.00853545014001470
-.500000  -.620000   0.00758631223645031
-.460000  -.620000   0.00766107609883825
-.420000  -.620000   0.00820189524971983
-.380000  -.620000   0.00881191461342501
-.340000  -.620000   0.00929701062889359
-.300000  -.620000   0.00962057964934782
-.260000  -.620000   0.00982258621880910
-.220000  -.620000   0.01001476047746265
-.180000  -.620000   0.01048217253135443
-.140000  -.620000   0.01097799837943259
-.100000  -.620000   0.01138473193150298
-.060000  -.620000   0.01139127727674833
-.020000  -.620000   0.01173550688746490
0.020000  -.620000   0.01201267704667341
0.060000  -.620000   0.01225455597527170
0.100000  -.620000   0.01239093200218840
0.140000  -.620000   0.01253093056628546
0.180000  -.620000   0.01268491151761322
0.220000  -.620000   0.01287687629692758
0.260000  -.620000   0.01268238843006854
0.300000  -.620000   0.01293241869229379
0.340000  -.620000   0.01266564860904835
0.380000  -.620000   0.01239991128240960
0.420000  -.620000   0.01216133162552245
0.460000  -.620000   0.01194103036372151
0.500000  -.620000   0.01172782913910356
0.540000  -.620000   0.01150211588351369
0.580000  -.620000   0.01118820394880181
0.620000  -.620000   0.01078725454828566
0.660000  -.620000   0.00971530502475532
0.700000  -.620000   0.00978522471189631
0.740000  -.620000   0.00934593335716584
0.780000  -.620000   0.01411433087502542
-.700000  -.580000   0.01025530397297305
-.660000  -.580000   0.00953560319574244
-.620000  -.580000   0.01073600930774919
-.580000  -.580000   0.00789493463487144
-.540000  -.580000   0.01107002947414239
-.500000  -.580000   0.01030514927386901
-.460000  -.580000   0.01009268407071709
-.420000  -.580000   0.01010423930405153
-.380000  -.580000   0.00923516556839483
-.340000  -.580000   0.00965919586057849
-.300000  -.580000   0.00986171075463128
-.260000  -.580000   0.01026363062819045
-.220000  -.580000   0.01025585818521318
-.180000  -.580000   0.01079439702303193
-.140000  -.580000   0.01129683742008330
-.100000  -.580000   0.01110302090163016
-.060000  -.580000   0.01149304751546349
-.020000  -.580000   0.01179764995996115
0.020000  -.580000   0.01202826446620882
0.060000  -.580000   0.01221823229851000
0.100000  -.580000   0.01237634509154539
0.140000  -.580000   0.01249041650899706
0.180000  -.580000   0.01257876674046731
0.220000  -.580000   0.01269799228713261
0.260000  -.580000   0.01256923928751087
0.300000  -.580000   0.01272635342929284
0.340000  -.580000   0.01253146559330450
0.380000  -.580000   0.01234928569537020
0.420000  -.580000   0.01261967998280530
0.460000  -.580000   0.01243989550125521
0.500000  -.580000   0.01229133346985487
0.540000  -.580000   0.01216461408794440
0.580000  -.580000   0.01178509398136364
0.620000  -.580000   0.01154874665898357
0.660000  -.580000   0.01134203859717543
0.700000  -.580000   0.01101869552634759
0.740000  -.580000   0.00963532493253705
0.780000  -.580000   0.01016938393885970
-.700000  -.540000   0.01150636389216681
-.660000  -.540000   0.01184510906703169
-.620000  -.540000   0.00821076074209780
-.580000  -.540000   0.01144544596529089
-.540000  -.540000   0.01041657981572828
-.500000  -.540000   0.01007283563570712
-.460000  -.540000   0.01006589765210962
-.420000  -.540000   0.01014520591493773
-.380000  -.540000   0.00962303385332895
-.340000  -.540000   0.00990368665675793
-.300000  -.540000   0.00994723756276772
-.260000  -.540000   0.01047079985341276
-.220000  -.540000   0.01028439497430963
-.180000  -.540000   0.01087110077902552
-.140000  -.540000   0.01054812137018287
-.100000  -.540000   0.01102367353878278
-.060000  -.540000   0.01139841380821980
-.020000  -.540000   0.01167486473746852
0.020000  -.540000   0.01187028229771636
0.060000  -.540000   0.01201177526126924
0.100000  -.540000   0.01212542807818508
0.140000  -.540000   0.01222406257396574
0.180000  -.540000   0.01232140114974363
0.220000  -.540000   0.01237488222045348
0.260000  -.540000   0.01230061925067864
0.300000  -.540000   0.01237571969026535
0.340000  -.540000   0.01223103400917032
0.380000  -.540000   0.01210192002423566
0.420000  -.540000   0.01227470668474509
0.460000  -.540000   0.01214874351826616
0.500000  -.540000   0.01207216302933282
0.540000  -.540000   0.01203840002974876
0.580000  -.540000   0.01203282869519689
0.620000  -.540000   0.01193970690420961
0.660000  -.540000   0.01172293236004689
0.700000  -.540000   0.01157888203916086
0.740000  -.540000   0.01092709374804228
0.780000  -.540000   0.01050495156821446
0.820000  -.540000   0.01170108371593982
-.740000  -.500000   0.00763334440757891
-.700000  -.500000   0.00765103738133220
-.660000  -.500000   0.00977609140309398
-.620000  -.500000   0.00705005582421989
-.580000  -.500000   0.01107528878048578
-.540000  -.500000   0.01039559939190312
-.500000  -.500000   0.01021147510150519
-.460000  -.500000   0.01019809281032721
-.420000  -.500000   0.01018316227188366
-.380000  -.500000   0.00982257341656931
-.340000  -.500000   0.00993458229433770
-.300000  -.500000   0.00982313212124496
-.260000  -.500000   0.01042923861936604
-.220000  -.500000   0.01009968723504658
-.180000  -.500000   0.01072278104336763
-.140000  -.500000   0.01027544849209084
-.100000  -.500000   0.01077200607789441
-.060000  -.500000   0.01114770032522179
-.020000  -.500000   0.01140283550189215
0.020000  -.500000   0.01157575036673383
0.060000  -.500000   0.01168392822732640
0.100000  -.500000   0.01176216226228448
0.140000  -.500000   0.01182105166991187
0.180000  -.500000   0.01194772136505417
0.220000  -.500000   0.01194702501559103
0.260000  -.500000   0.01190676528848196
0.300000  -.500000   0.01191218635261941
0.340000  -.500000   0.01179087155619931
0.380000  -.500000   0.01168649554515184
0.420000  -.500000   0.01178711002634699
0.460000  -.500000   0.01168911000194765
0.500000  -.500000   0.01165363938663335
0.540000  -.500000   0.01167946670986235
0.580000  -.500000   0.01175889235674857
0.620000  -.500000   0.01191579186947813
0.660000  -.500000   0.01195075593009917
0.700000  -.500000   0.01227061698090205
0.740000  -.500000   0.01241464777264605
0.780000  -.500000   0.01160317518464168
0.820000  -.500000   0.01002602257641752
0.860000  -.500000   0.01322962619330165
-.740000  -.460000   0.01231990514796616
-.700000  -.460000   0.00553274927105539
-.660000  -.460000   0.00906959331658712
-.620000  -.460000   0.00709710234286791
-.580000  -.460000   0.01134044505049011
-.540000  -.460000   0.01075006307424161
-.500000  -.460000   0.01049764073096321
-.460000  -.460000   0.01034154551225397
-.420000  -.460000   0.01013526417357350
-.380000  -.460000   0.00978503077343597
-.340000  -.460000   0.00973076128372314
-.300000  -.460000   0.00948715226027946
-.260000  -.460000   0.01014262086115486
-.220000  -.460000   0.00970148430417249
-.180000  -.460000   0.01038667814996876
-.140000  -.460000   0.00985269699870482
-.100000  -.460000   0.01038124692712160
-.060000  -.460000   0.01076817010869599
-.020000  -.460000   0.01101746724803096
0.020000  -.460000   0.01117433633340781
0.060000  -.460000   0.01126157855609131
0.100000  -.460000   0.01131940359341766
0.140000  -.460000   0.01134616121199438
0.180000  -.460000   0.01149443061981163
0.220000  -.460000   0.01144820534024475
0.260000  -.460000   0.01142507195456647
0.300000  -.460000   0.01137049616859604
0.340000  -.460000   0.01125273331755013
0.380000  -.460000   0.01114633690594777
0.420000  -.460000   0.01119711336821655
0.460000  -.460000   0.01109879559180672
0.500000  -.460000   0.01107246183530151
0.540000  -.460000   0.01112993963191704
0.580000  -.460000   0.01126141043687000
0.620000  -.460000   0.01155897764005790
0.660000  -.460000   0.01177155243052504
0.700000  -.460000   0.01239200605064701
0.740000  -.460000   0.01201789680140413
0.780000  -.460000   0.01169145562127467
0.820000  -.460000   0.01151399925824019
0.860000  -.460000   0.01293082215079780
-.780000  -.420000   0.01139807562922119
-.740000  -.420000   0.01072296387229250
-.700000  -.420000   0.01240145097428416
-.660000  -.420000   0.00948121910537728
-.620000  -.420000   0.00799085993004290
-.580000  -.420000   0.01197090743519048
-.540000  -.420000   0.01129373765682197
-.500000  -.420000   0.01081027462332455
-.460000  -.420000   0.01042182423316935
-.420000  -.420000   0.00998433603756693
-.380000  -.420000   0.00950663211755026
-.340000  -.420000   0.00931022394996778
-.300000  -.420000   0.00895360499757580
-.260000  -.420000   0.00964428827594434
-.220000  -.420000   0.00913465062451519
-.180000  -.420000   0.00988487433418302
-.140000  -.420000   0.00931251637121502
-.100000  -.420000   0.00987851198257771
-.060000  -.420000   0.01028796535419657
-.020000  -.420000   0.01054606725966360
0.020000  -.420000   0.01070172468860480
0.060000  -.420000   0.01078541612171965
0.100000  -.420000   0.01081919148424348
0.140000  -.420000   0.01082213621633503
0.180000  -.420000   0.01098883094222091
0.220000  -.420000   0.01090277657795519
0.260000  -.420000   0.01087666194969153
0.300000  -.420000   0.01078245719229390
0.340000  -.420000   0.01064235949092521
0.380000  -.420000   0.01050813014336480
0.420000  -.420000   0.01054834452857362
0.460000  -.420000   0.01042166051093386
0.500000  -.420000   0.01038095643577971
0.540000  -.420000   0.01043382140262229
0.580000  -.420000   0.01058879149353256
0.620000  -.420000   0.01095122644267961
0.660000  -.420000   0.01127790862942972
0.700000  -.420000   0.01146258634052172
0.740000  -.420000   0.01209844392060921
0.780000  -.420000   0.01242968939886930
0.820000  -.420000   0.01337949189425567
0.860000  -.420000   0.01224759165255093
0.900000  -.420000   0.01240760875099423
-.780000  -.380000   0.01003540627295620
-.740000  -.380000   0.01067830227840860
-.700000  -.380000   0.00607285632178230
-.660000  -.380000   0.01069195172477570
-.620000  -.380000   0.00937080912935664
-.580000  -.380000   0.00888065310585925
-.540000  -.380000   0.00885770442215243
-.500000  -.380000   0.00904534390228029
-.460000  -.380000   0.00920508579617308
-.420000  -.380000   0.00920216981664525
-.380000  -.380000   0.00902538806655181
-.340000  -.380000   0.00869076970966739
-.300000  -.380000   0.00823841038661274
-.260000  -.380000   0.00891037486787719
-.220000  -.380000   0.00839677768285630
-.180000  -.380000   0.00921666362468456
-.140000  -.380000   0.00864479625270212
-.100000  -.380000   0.00928360698039882
-.060000  -.380000   0.00974013127983433
-.020000  -.380000   0.01002955086865581
0.020000  -.380000   0.01019324183660983
0.060000  -.380000   0.01026753244873405
0.100000  -.380000   0.01028941227205488
0.140000  -.380000   0.01028813552998872
0.180000  -.380000   0.01044920482733622
0.220000  -.380000   0.01033433450537545
0.260000  -.380000   0.01029529409831703
0.300000  -.380000   0.01018438982801468
0.340000  -.380000   0.01000121702483970
0.380000  -.380000   0.00982275103034675
0.420000  -.380000   0.00966896101024184
0.460000  -.380000   0.00955671839954451
0.500000  -.380000   0.00952269411067428
0.540000  -.380000   0.00960573208538949
0.580000  -.380000   0.00981896547308601
0.620000  -.380000   0.01015120261753795
0.660000  -.380000   0.01055322861551432
0.700000  -.380000   0.01151843468117815
0.740000  -.380000   0.01174354998951204
0.780000  -.380000   0.01249944853783718
0.820000  -.380000   0.01248169732229197
0.860000  -.380000   0.01241991339791073
0.900000  -.380000   0.01284561108493216
-.820000  -.340000   0.01175635044494329
-.780000  -.340000   0.01039146738492080
-.740000  -.340000   0.01184570807916374
-.700000  -.340000   0.00814354927840905
-.660000  -.340000   0.01236011062720381
-.620000  -.340000   0.01105171514315227
-.580000  -.340000   0.01021706299300017
-.540000  -.340000   0.00976448091800158
-.500000  -.340000   0.00943698053400869
-.460000  -.340000   0.00917502308971087
-.420000  -.340000   0.00885537011728351
-.380000  -.340000   0.00844108750621660
-.340000  -.340000   0.00793417996128823
-.300000  -.340000   0.00849793269673355
-.260000  -.340000   0.00802116223905862
-.220000  -.340000   0.00753074051383386
-.180000  -.340000   0.00844808027056587
-.140000  -.340000   0.00792584259204268
-.100000  -.340000   0.00863445076941331
-.060000  -.340000   0.00914506415143245
-.020000  -.340000   0.00945913846734633
0.020000  -.340000   0.00964263015045856
0.060000  -.340000   0.00973358738597668
0.100000  -.340000   0.00976207652900044
0.140000  -.340000   0.00975236008158587
0.180000  -.340000   0.00989717660775303
0.220000  -.340000   0.00978033841237763
0.260000  -.340000   0.00970193604608527
0.300000  -.340000   0.00958718324080645
0.340000  -.340000   0.00937195088185562
0.380000  -.340000   0.00912812877262406
0.420000  -.340000   0.00890452594086783
0.460000  -.340000   0.00873300687933964
0.500000  -.340000   0.00864663655708795
0.540000  -.340000   0.00868480495078743
0.580000  -.340000   0.00887945615875291
0.620000  -.340000   0.00921638581616325
0.660000  -.340000   0.00963927619449402
0.700000  -.340000   0.01070186543754671
0.740000  -.340000   0.01105403372215603
0.780000  -.340000   0.01210959300698636
0.820000  -.340000   0.01265584807683659
0.860000  -.340000   0.01366822404928032
0.900000  -.340000   0.01403491625924682
0.940000  -.340000   0.01440806587198120
-.820000  -.300000   0.01272951893466001
-.780000  -.300000   0.01202304490347849
-.740000  -.300000   0.00621006028895869
-.700000  -.300000   0.01074494740379469
-.660000  -.300000   0.00881001122193795
-.620000  -.300000   0.01279474162862538
-.580000  -.300000   0.01165074648878554
-.540000  -.300000   0.01073025070577482
-.500000  -.300000   0.00994717618793945
-.460000  -.300000   0.00920603830241800
-.420000  -.300000   0.00849631431355861
-.380000  -.300000   0.00779745306944604
-.340000  -.300000   0.00779864555553854
-.300000  -.300000   0.00740197235741574
-.260000  -.300000   0.00696004645088386
-.220000  -.300000   0.00654280519396289
-.180000  -.300000   0.00752308873881741
-.140000  -.300000   0.00711701860296506
-.100000  -.300000   0.00792790709584334
-.060000  -.300000   0.00852501570115565
-.020000  -.300000   0.00890044645920052
0.020000  -.300000   0.00911329853921109
0.060000  -.300000   0.00921553606544781
0.100000  -.300000   0.00923324474517835
0.140000  -.300000   0.00923060140779680
0.180000  -.300000   0.00936018649178565
0.220000  -.300000   0.00925637715937517
0.260000  -.300000   0.00912764670682324
0.300000  -.300000   0.00895579329097981
0.340000  -.300000   0.00874783248871501
0.380000  -.300000   0.00849725126393495
0.420000  -.300000   0.00819234907503152
0.460000  -.300000   0.00793692558674282
0.500000  -.300000   0.00777553678217410
0.540000  -.300000   0.00774992019180793
0.580000  -.300000   0.00788943370682796
0.620000  -.300000   0.00819247366015445
0.660000  -.300000   0.00907028916420035
0.700000  -.300000   0.00969397395022848
0.740000  -.300000   0.01112718680852842
0.780000  -.300000   0.01134921557331095
0.820000  -.300000   0.01226009371414370
0.860000  -.300000   0.01399009650145933
0.900000  -.300000   0.01340015838022650
0.940000  -.300000   0.01319051926394071
-.820000  -.260000   0.00461374193463384
-.780000  -.260000   0.00612268941951022
-.740000  -.260000   0.00977237319040279
-.700000  -.260000   0.00663914636732728
-.660000  -.260000   0.01165737169262487
-.620000  -.260000   0.01036278805037170
-.580000  -.260000   0.00936478227702200
-.540000  -.260000   0.00871658530445937
-.500000  -.260000   0.00824721124229886
-.460000  -.260000   0.00786558937462978
-.420000  -.260000   0.00750647747531250
-.380000  -.260000   0.00712887911334651
-.340000  -.260000   0.00669940461477492
-.300000  -.260000   0.00624041591226758
-.260000  -.260000   0.00581965444453333
-.220000  -.260000   0.00691370314564544
-.180000  -.260000   0.00654252596499271
-.140000  -.260000   0.00761571113846189
-.100000  -.260000   0.00720217458050677
-.060000  -.260000   0.00787831316526238
-.020000  -.260000   0.00831030970674521
0.020000  -.260000   0.00856381510637872
0.060000  -.260000   0.00869710291199175
0.100000  -.260000   0.00874896511868870
0.140000  -.260000   0.00902582519542340
0.180000  -.260000   0.00885746981903668
0.220000  -.260000   0.00885958219887594
0.260000  -.260000   0.00863022439099777
0.300000  -.260000   0.00838182952888996
0.340000  -.260000   0.00808393595972453
0.380000  -.260000   0.00775022334847823
0.420000  -.260000   0.00739745214046042
0.460000  -.260000   0.00707686775118229
0.500000  -.260000   0.00684451562932477
0.540000  -.260000   0.00678161083091916
0.580000  -.260000   0.00694875696939184
0.620000  -.260000   0.00734741779184833
0.660000  -.260000   0.00791181567542407
0.700000  -.260000   0.00928895565295846
0.740000  -.260000   0.01004658034597114
0.780000  -.260000   0.01171722048843914
0.820000  -.260000   0.01312641607107921
0.860000  -.260000   0.01371912593172174
0.900000  -.260000   0.01416650178743215
0.940000  -.260000   0.01469931574051986
-.820000  -.220000   0.00897445068061345
-.780000  -.220000   0.01038442172229596
-.740000  -.220000   0.00547142379982257
-.700000  -.220000   0.01076477321501378
-.660000  -.220000   0.00887027823009971
-.620000  -.220000   0.01273073794951353
-.580000  -.220000   0.01141519366311341
-.540000  -.220000   0.01018003900922074
-.500000  -.220000   0.00911307861389441
-.460000  -.220000   0.00814837653893476
-.420000  -.220000   0.00724532307156986
-.380000  -.220000   0.00641467055588183
-.340000  -.220000   0.00567959083560768
-.300000  -.220000   0.00506081165678477
-.260000  -.220000   0.00590470443997547
-.220000  -.220000   0.00564778950291292
-.180000  -.220000   0.00549354350019678
-.140000  -.220000   0.00672286863961282
-.100000  -.220000   0.00649990004897113
-.060000  -.220000   0.00728594067367615
-.020000  -.220000   0.00779088009944308
0.020000  -.220000   0.00808198498436419
0.060000  -.220000   0.00823032230155720
0.100000  -.220000   0.00828168422312605
0.140000  -.220000   0.00854226202494691
0.180000  -.220000   0.00841128761935989
0.220000  -.220000   0.00835641242235245
0.260000  -.220000   0.00822660431269770
0.300000  -.220000   0.00793950400331906
0.340000  -.220000   0.00755210090403865
0.380000  -.220000   0.00713769094792664
0.420000  -.220000   0.00670478444181615
0.460000  -.220000   0.00628296794316478
0.500000  -.220000   0.00595685128703057
0.540000  -.220000   0.00579665165676601
0.580000  -.220000   0.00585105188427208
0.620000  -.220000   0.00615174276128124
0.660000  -.220000   0.00723146987104248
0.700000  -.220000   0.00805746248867588
0.740000  -.220000   0.00985633607145436
0.780000  -.220000   0.01053967606355405
0.820000  -.220000   0.01212386584172531
0.860000  -.220000   0.01294297089588378
0.900000  -.220000   0.01410893587025615
0.940000  -.220000   0.01366644020777245
-.860000  -.180000   0.00295306481485164
-.820000  -.180000   0.00337364631347309
-.780000  -.180000   0.00640008800285964
-.740000  -.180000   0.01070374458868978
-.700000  -.180000   0.00794468436201713
-.660000  -.180000   0.01255234798255977
-.620000  -.180000   0.01100310822446983
-.580000  -.180000   0.00967462051923886
-.540000  -.180000   0.00848142195682146
-.500000  -.180000   0.00752147405813114
-.460000  -.180000   0.00672643110425555
-.420000  -.180000   0.00604327834756117
-.380000  -.180000   0.00546711754984516
-.340000  -.180000   0.00500180349777354
-.300000  -.180000   0.00463497316403152
-.260000  -.180000   0.00439310266447147
-.220000  -.180000   0.00431828065379099
-.180000  -.180000   0.00585743101803597
-.140000  -.180000   0.00573713804492332
-.100000  -.180000   0.00579062578160564
-.060000  -.180000   0.00668642058900360
-.020000  -.180000   0.00727527143720619
0.020000  -.180000   0.00762453989830995
0.060000  -.180000   0.00781846637623839
0.100000  -.180000   0.00791835737131833
0.140000  -.180000   0.00813156454583241
0.180000  -.180000   0.00823601975669312
0.220000  -.180000   0.00795089582651142
0.260000  -.180000   0.00773796859842068
0.300000  -.180000   0.00741777606251451
0.340000  -.180000   0.00704910523657051
0.380000  -.180000   0.00655304264969279
0.420000  -.180000   0.00598460891768759
0.460000  -.180000   0.00544115259765950
0.500000  -.180000   0.00498531723044987
0.540000  -.180000   0.00474826519369324
0.580000  -.180000   0.00486014874436390
0.620000  -.180000   0.00525492040105633
0.660000  -.180000   0.00589527548771803
0.700000  -.180000   0.00758056974777922
0.740000  -.180000   0.00854910349569195
0.780000  -.180000   0.01057826485255781
0.820000  -.180000   0.01248543190285297
0.860000  -.180000   0.01382759132132011
0.900000  -.180000   0.01340701299338368
0.940000  -.180000   0.01420458313973450
0.980000  -.180000   0.01494434184247159
-.860000  -.140000   0.01089307095747179
-.820000  -.140000   0.01017921478639243
-.780000  -.140000   0.01216995596773962
-.740000  -.140000   0.00819919837959363
-.700000  -.140000   0.01275870924712046
-.660000  -.140000   0.01088222850683398
-.620000  -.140000   0.00923114163008427
-.580000  -.140000   0.00779001514957638
-.540000  -.140000   0.01052726934419827
-.500000  -.140000   0.00900717077400147
-.460000  -.140000   0.00759625223414880
-.420000  -.140000   0.00631420226412412
-.380000  -.140000   0.00514510580443150
-.340000  -.140000   0.00414037613747772
-.300000  -.140000   0.00338324418910188
-.260000  -.140000   0.00422570903994794
-.220000  -.140000   0.00430330444763866
-.180000  -.140000   0.00448444618781779
-.140000  -.140000   0.00479361558945986
-.100000  -.140000   0.00611134436187813
-.060000  -.140000   0.00613256778399278
-.020000  -.140000   0.00680453944074894
0.020000  -.140000   0.00720226242608614
0.060000  -.140000   0.00743106339164588
0.100000  -.140000   0.00783857466175640
0.140000  -.140000   0.00777152456959212
0.180000  -.140000   0.00780744676249591
0.220000  -.140000   0.00774919926393375
0.260000  -.140000   0.00752969508102028
0.300000  -.140000   0.00714221040758578
0.340000  -.140000   0.00665889906304640
0.380000  -.140000   0.00607917678792675
0.420000  -.140000   0.00554256474816903
0.460000  -.140000   0.00496477415154711
0.500000  -.140000   0.00437810704031373
0.540000  -.140000   0.00391824314617843
0.580000  -.140000   0.00378060185178519
0.620000  -.140000   0.00437404585671022
0.660000  -.140000   0.00521147001421490
0.700000  -.140000   0.00614583286111053
0.740000  -.140000   0.00829731736757373
0.780000  -.140000   0.00906194510246730
0.820000  -.140000   0.01108482220309582
0.860000  -.140000   0.01248317746764911
0.900000  -.140000   0.01463674333296725
0.940000  -.140000   0.01379956644831078
0.980000  -.140000   0.01422980439780942
-.860000  -.100000   0.00703905594081079
-.820000  -.100000   0.00735512018755232
-.780000  -.100000   0.01022373961424791
-.740000  -.100000   0.00597685389316815
-.700000  -.100000   0.01138997420968300
-.660000  -.100000   0.00935449140612320
-.620000  -.100000   0.00752243559984900
-.580000  -.100000   0.01120287013975036
-.540000  -.100000   0.00962988821306250
-.500000  -.100000   0.00808517011035131
-.460000  -.100000   0.00666141620596477
-.420000  -.100000   0.00538151159410363
-.380000  -.100000   0.00423757040707354
-.340000  -.100000   0.00327588053966023
-.300000  -.100000   0.00262249640777746
-.260000  -.100000   0.00244854252297900
-.220000  -.100000   0.00276911774332757
-.180000  -.100000   0.00338788793109653
-.140000  -.100000   0.00505536390573855
-.100000  -.100000   0.00533257097832467
-.060000  -.100000   0.00571139530935306
-.020000  -.100000   0.00644023538000669
0.020000  -.100000   0.00688609518034139
0.060000  -.100000   0.00713653648850011
0.100000  -.100000   0.00749819658929561
0.140000  -.100000   0.00775077328615866
0.180000  -.100000   0.00754873310011810
0.220000  -.100000   0.00742212744113239
0.260000  -.100000   0.00714665958895752
0.300000  -.100000   0.00674467378933294
0.340000  -.100000   0.00634771997637312
0.380000  -.100000   0.00558474797363559
0.420000  -.100000   0.00493535251214020
0.460000  -.100000   0.00402523647687284
0.500000  -.100000   0.00330239711470598
0.540000  -.100000   0.00285317086462992
0.580000  -.100000   0.00272663485107351
0.620000  -.100000   0.00344807027841694
0.660000  -.100000   0.00460298230818334
0.700000  -.100000   0.00575491787787363
0.740000  -.100000   0.00802160331685441
0.780000  -.100000   0.00907334538405985
0.820000  -.100000   0.01129420332965758
0.860000  -.100000   0.01293497019476664
0.900000  -.100000   0.01306357797506074
0.940000  -.100000   0.01531962398194163
0.980000  -.100000   0.01542436525707527
-.860000  -.060000   0.00427137150101594
-.820000  -.060000   0.00528961366988539
-.780000  -.060000   0.00880522887334264
-.740000  -.060000   0.01283749729240097
-.700000  -.060000   0.01036745130998482
-.660000  -.060000   0.00814989075248055
-.620000  -.060000   0.01218654008439824
-.580000  -.060000   0.01051298164938240
-.540000  -.060000   0.00889346843123800
-.500000  -.060000   0.00729363919629531
-.460000  -.060000   0.00580761551526917
-.420000  -.060000   0.00446547173673264
-.380000  -.060000   0.00326571340499476
-.340000  -.060000   0.00225983345302585
-.300000  -.060000   0.00166429084079948
-.260000  -.060000   0.00177490125684677
-.220000  -.060000   0.00240648990798265
-.180000  -.060000   0.00319855253152993
-.140000  -.060000   0.00399871142725686
-.100000  -.060000   0.00476046073472753
-.060000  -.060000   0.00598735060291147
-.020000  -.060000   0.00618122102714678
0.020000  -.060000   0.00667102041425237
0.060000  -.060000   0.00726933421319782
0.100000  -.060000   0.00723757868869650
0.140000  -.060000   0.00738498630659400
0.180000  -.060000   0.00742040468931313
0.220000  -.060000   0.00727167593872445
0.260000  -.060000   0.00700068143845270
0.300000  -.060000   0.00657139948094038
0.340000  -.060000   0.00611975937838487
0.380000  -.060000   0.00512543232511471
0.420000  -.060000   0.00463730026024662
0.460000  -.060000   0.00382297161492362
0.500000  -.060000   0.00287260754907072
0.540000  -.060000   0.00191012693330007
0.580000  -.060000   0.00166366322010571
0.620000  -.060000   0.00211197452076244
0.660000  -.060000   0.00407979525157625
0.700000  -.060000   0.00541963655877294
0.740000  -.060000   0.00651985042593690
0.780000  -.060000   0.00905927431889762
0.820000  -.060000   0.01136932375770517
0.860000  -.060000   0.01315192508214255
0.900000  -.060000   0.01365977394637148
0.940000  -.060000   0.01366967725442678
0.980000  -.060000   0.01475872244172012
-.860000  -.020000   0.00280113761833820
-.820000  -.020000   0.00420130937612355
-.780000  -.020000   0.00805174818020789
-.740000  -.020000   0.01234086797553729
-.700000  -.020000   0.00982428672691132
-.660000  -.020000   0.00747851068164127
-.620000  -.020000   0.01183370067546878
-.580000  -.020000   0.01012537263757670
-.540000  -.020000   0.00846638958349782
-.500000  -.020000   0.00681847038539078
-.460000  -.020000   0.00526780399234293
-.420000  -.020000   0.00384859251005825
-.380000  -.020000   0.00253893474675999
-.340000  -.020000   0.00134361018895727
-.300000  -.020000   0.00057137664948434
-.260000  -.020000   0.00122644023237922
-.220000  -.020000   0.00220048404777107
-.180000  -.020000   0.00313701529875530
-.140000  -.020000   0.00400054389082556
-.100000  -.020000   0.00477660241714520
-.060000  -.020000   0.00545861058059666
-.020000  -.020000   0.00603323794879164
0.020000  -.020000   0.00654600840345762
0.060000  -.020000   0.00697731506447698
0.100000  -.020000   0.00726953305916859
0.140000  -.020000   0.00741666127895897
0.180000  -.020000   0.00743718495540842
0.220000  -.020000   0.00726814752941037
0.260000  -.020000   0.00695925098856879
0.300000  -.020000   0.00666235159510032
0.340000  -.020000   0.00576732911903566
0.380000  -.020000   0.00539698679348339
0.420000  -.020000   0.00433670586762593
0.460000  -.020000   0.00342263702726833
0.500000  -.020000   0.00239752450135529
0.540000  -.020000   0.00100358480817578
0.580000  -.020000   0.00052051236269630
0.620000  -.020000   0.00156355107120554
0.660000  -.020000   0.00377176207270622
0.700000  -.020000   0.00524176633977385
0.740000  -.020000   0.00643675100725896
0.780000  -.020000   0.00904396101848738
0.820000  -.020000   0.01138809061299841
0.860000  -.020000   0.01323969100486874
0.900000  -.020000   0.01392994225357829
0.940000  -.020000   0.01417699719151488
0.980000  -.020000   0.01242053590933785
-.860000  0.020000   0.00280113761833820
-.820000  0.020000   0.00420130937612355
-.780000  0.020000   0.00805174818020789
-.740000  0.020000   0.01234086797553729
-.700000  0.020000   0.00982428672691132
-.660000  0.020000   0.00747851068164127
-.620000  0.020000   0.01183370067546878
-.580000  0.020000   0.01012537263757670
-.540000  0.020000   0.00846638958349782
-.500000  0.020000   0.00681847038539078
-.460000  0.020000   0.00526780399234293
-.420000  0.020000   0.00384859251005825
-.380000  0.020000   0.00253893474675999
-.340000  0.020000   0.00134361018895727
-.300000  0.020000   0.00057137664948434
-.260000  0.020000   0.00122644023237922
-.220000  0.020000   0.00220048404777107
-.180000  0.020000   0.00313701529875530
-.140000  0.020000   0.00400054389082556
-.100000  0.020000   0.00477660241714520
-.060000  0.020000   0.00545861058059666
-.020000  0.020000   0.00603323794879164
0.020000  0.020000   0.00654600840345762
0.060000  0.020000   0.00697731506447698
0.100000  0.020000   0.00726953305916859
0.140000  0.020000   0.00741666127895897
0.180000  0.020000   0.00743718495540842
0.220000  0.020000   0.00726814752941037
0.260000  0.020000   0.00695925098856878
0.300000  0.020000   0.00666235159510032
0.340000  0.020000   0.00576732911903566
0.380000  0.020000   0.00539698679348339
0.420000  0.020000   0.00433670586762593
0.460000  0.020000   0.00342263702726833
0.500000  0.020000   0.00239752450135529
0.540000  0.020000   0.00100358480817578
0.580000  0.020000   0.00052051236269630
0.620000  0.020000   0.00156355107120554
0.660000  0.020000   0.00377176207270622
0.700000  0.020000   0.00524176633977385
0.740000  0.020000   0.00643675100725896
0.780000  0.020000   0.00904396101848738
0.820000  0.020000   0.01138809061299841
0.860000  0.020000   0.01323969100486874
0.900000  0.020000   0.01392994225357829
0.940000  0.020000   0.01417699719151488
0.980000  0.020000   0.01242053590933785
-.860000  0.060000   0.00427137150101594
-.820000  0.060000   0.00528961366988539
-.780000  0.060000   0.00880522887334264
-.740000  0.060000   0.01283749729240097
-.700000  0.060000   0.01036745130998482
-.660000  0.060000   0.00814989075248055
-.620000  0.060000   0.01218654008439824
-.580000  0.060000   0.01051298164938240
-.540000  0.060000   0.00889346843123800
-.500000  0.060000   0.00729363919629531
-.460000  0.060000   0.00580761551526917
-.420000  0.060000   0.00446547173673264
-.380000  0.060000   0.00326571340499476
-.340000  0.060000   0.00225983345302585
-.300000  0.060000   0.00166429084079948
-.260000  0.060000   0.00177490125684677
-.220000  0.060000   0.00240648990798265
-.180000  0.060000   0.00319855253152993
-.140000  0.060000   0.00399871142725686
-.100000  0.060000   0.00476046073472753
-.060000  0.060000   0.00598735060291147
-.020000  0.060000   0.00618122102714678
0.020000  0.060000   0.00667102041425236
0.060000  0.060000   0.00726933421319782
0.100000  0.060000   0.00723757868869650
0.140000  0.060000   0.00738498630659400
0.180000  0.060000   0.00742040468931313
0.220000  0.060000   0.00727167593872445
0.260000  0.060000   0.00700068143845270
0.300000  0.060000   0.00657139948094038
0.340000  0.060000   0.00611975937838487
0.380000  0.060000   0.00512543232511471
0.420000  0.060000   0.00463730026024662
0.460000  0.060000   0.00382297161492362
0.500000  0.060000   0.00287260754907072
0.540000  0.060000   0.00191012693330007
0.580000  0.060000   0.00166366322010571
0.620000  0.060000   0.00211197452076244
0.660000  0.060000   0.00407979525157625
0.700000  0.060000   0.00541963655877294
0.740000  0.060000   0.00651985042593690
0.780000  0.060000   0.00905927431889762
0.820000  0.060000   0.01136932375770517
0.860000  0.060000   0.01315192508214255
0.900000  0.060000   0.01365977394637145
0.940000  0.060000   0.01366967725442678
0.980000  0.060000   0.01475872244172012
-.860000  0.100000   0.00703905594081079
-.820000  0.100000   0.00735512018755232
-.780000  0.100000   0.01022373961424791
-.740000  0.100000   0.00597685389316815
-.700000  0.100000   0.01138997420968300
-.660000  0.100000   0.00935449140612320
-.620000  0.100000   0.00752243559984900
-.580000  0.100000   0.01120287013975036
-.540000  0.100000   0.00962988821306250
-.500000  0.100000   0.00808517011035131
-.460000  0.100000   0.00666141620596477
-.420000  0.100000   0.00538151159410363
-.380000  0.100000   0.00423757040707354
-.340000  0.100000   0.00327588053966023
-.300000  0.100000   0.00262249640777746
-.260000  0.100000   0.00244854252297900
-.220000  0.100000   0.00276911774332757
-.180000  0.100000   0.00338788793109653
-.140000  0.100000   0.00505536390573855
-.100000  0.100000   0.00533257097832467
-.060000  0.100000   0.00571139530935306
-.020000  0.100000   0.00644023538000669
0.020000  0.100000   0.00688609518034139
0.060000  0.100000   0.00713653648850011
0.100000  0.100000   0.00749819658929561
0.140000  0.100000   0.00775077328615866
0.180000  0.100000   0.00754873310011810
0.220000  0.100000   0.00742212744113239
0.260000  0.100000   0.00714665958895752
0.300000  0.100000   0.00674467378933294
0.340000  0.100000   0.00634771997637312
0.380000  0.100000   0.00558474797363559
0.420000  0.100000   0.00493535251214020
0.460000  0.100000   0.00402523647687284
0.500000  0.100000   0.00330239711470598
0.540000  0.100000   0.00285317086462992
0.580000  0.100000   0.00272663485107351
0.620000  0.100000   0.00344807027841694
0.660000  0.100000   0.00460298230818334
0.700000  0.100000   0.00575491787787363
0.740000  0.100000   0.00802160331685441
0.780000  0.100000   0.00907334538405985
0.820000  0.100000   0.01129420332965758
0.860000  0.100000   0.01293497019476664
0.900000  0.100000   0.01306357797506074
0.940000  0.100000   0.01531962398194163
0.980000  0.100000   0.01542436525707527
-.860000  0.140000   0.01089307095747179
-.820000  0.140000   0.01017921478639243
-.780000  0.140000   0.01216995596773962
-.740000  0.140000   0.00819919837959363
-.700000  0.140000   0.01275870924712046
-.660000  0.140000   0.01088222850683392
-.620000  0.140000   0.00923114163008427
-.580000  0.140000   0.00779001514957643
-.540000  0.140000   0.01052726934419827
-.500000  0.140000   0.00900717077400147
-.460000  0.140000   0.00759625223414880
-.420000  0.140000   0.00631420226412412
-.380000  0.140000   0.00514510580443150
-.340000  0.140000   0.00414037613747775
-.300000  0.140000   0.00338324418910188
-.260000  0.140000   0.00422570903994794
-.220000  0.140000   0.00430330444763866
-.180000  0.140000   0.00448444618781779
-.140000  0.140000   0.00479361558945986
-.100000  0.140000   0.00611134436187813
-.060000  0.140000   0.00613256778399278
-.020000  0.140000   0.00680453944074894
0.020000  0.140000   0.00720226242608614
0.060000  0.140000   0.00743106339164588
0.100000  0.140000   0.00783857466175640
0.140000  0.140000   0.00777152456959212
0.180000  0.140000   0.00780744676249591
0.220000  0.140000   0.00774919926393374
0.260000  0.140000   0.00752969508102028
0.300000  0.140000   0.00714221040758580
0.340000  0.140000   0.00665889906304640
0.380000  0.140000   0.00607917678792677
0.420000  0.140000   0.00554256474816905
0.460000  0.140000   0.00496477415154711
0.500000  0.140000   0.00437810704031373
0.540000  0.140000   0.00391824314617843
0.580000  0.140000   0.00378060185178521
0.620000  0.140000   0.00437404585671024
0.660000  0.140000   0.00521147001421491
0.700000  0.140000   0.00614583286111053
0.740000  0.140000   0.00829731736757373
0.780000  0.140000   0.00906194510246730
0.820000  0.140000   0.01108482220309582
0.860000  0.140000   0.01248317746764911
0.900000  0.140000   0.01463674333296725
0.940000  0.140000   0.01379956644831078
0.980000  0.140000   0.01422980439780940
-.860000  0.180000   0.00295306481485164
-.820000  0.180000   0.00337364631347309
-.780000  0.180000   0.00640008800285964
-.740000  0.180000   0.01070374458868978
-.700000  0.180000   0.00794468436201713
-.660000  0.180000   0.01255234798255978
-.620000  0.180000   0.01100310822446983
-.580000  0.180000   0.00967462051923886
-.540000  0.180000   0.00848142195682146
-.500000  0.180000   0.00752147405813114
-.460000  0.180000   0.00672643110425555
-.420000  0.180000   0.00604327834756117
-.380000  0.180000   0.00546711754984516
-.340000  0.180000   0.00500180349777354
-.300000  0.180000   0.00463497316403152
-.260000  0.180000   0.00439310266447147
-.220000  0.180000   0.00431828065379099
-.180000  0.180000   0.00585743101803597
-.140000  0.180000   0.00573713804492332
-.100000  0.180000   0.00579062578160564
-.060000  0.180000   0.00668642058900360
-.020000  0.180000   0.00727527143720619
0.020000  0.180000   0.00762453989830996
0.060000  0.180000   0.00781846637623839
0.100000  0.180000   0.00791835737131833
0.140000  0.180000   0.00813156454583241
0.180000  0.180000   0.00823601975669312
0.220000  0.180000   0.00795089582651142
0.260000  0.180000   0.00773796859842068
0.300000  0.180000   0.00741777606251451
0.340000  0.180000   0.00704910523657051
0.380000  0.180000   0.00655304264969279
0.420000  0.180000   0.00598460891768759
0.460000  0.180000   0.00544115259765950
0.500000  0.180000   0.00498531723044987
0.540000  0.180000   0.00474826519369324
0.580000  0.180000   0.00486014874436390
0.620000  0.180000   0.00525492040105633
0.660000  0.180000   0.00589527548771803
0.700000  0.180000   0.00758056974777922
0.740000  0.180000   0.00854910349569195
0.780000  0.180000   0.01057826485255781
0.820000  0.180000   0.01248543190285297
0.860000  0.180000   0.01382759132132011
0.900000  0.180000   0.01340701299338368
0.940000  0.180000   0.01420458313973450
0.980000  0.180000   0.01494434184247159
-.820000  0.220000   0.00897445068061345
-.780000  0.220000   0.01038442172229596
-.740000  0.220000   0.00547142379982257
-.700000  0.220000   0.01076477321501378
-.660000  0.220000   0.00887027823009971
-.620000  0.220000   0.01273073794951353
-.580000  0.220000   0.01141519366311341
-.540000  0.220000   0.01018003900922074
-.500000  0.220000   0.00911307861389441
-.460000  0.220000   0.00814837653893476
-.420000  0.220000   0.00724532307156986
-.380000  0.220000   0.00641467055588183
-.340000  0.220000   0.00567959083560768
-.300000  0.220000   0.00506081165678477
-.260000  0.220000   0.00590470443997547
-.220000  0.220000   0.00564778950291292
-.180000  0.220000   0.00549354350019678
-.140000  0.220000   0.00672286863961282
-.100000  0.220000   0.00649990004897113
-.060000  0.220000   0.00728594067367615
-.020000  0.220000   0.00779088009944307
0.020000  0.220000   0.00808198498436419
0.060000  0.220000   0.00823032230155720
0.100000  0.220000   0.00828168422312606
0.140000  0.220000   0.00854226202494691
0.180000  0.220000   0.00841128761935989
0.220000  0.220000   0.00835641242235245
0.260000  0.220000   0.00822660431269770
0.300000  0.220000   0.00793950400331906
0.340000  0.220000   0.00755210090403865
0.380000  0.220000   0.00713769094792664
0.420000  0.220000   0.00670478444181615
0.460000  0.220000   0.00628296794316478
0.500000  0.220000   0.00595685128703057
0.540000  0.220000   0.00579665165676601
0.580000  0.220000   0.00585105188427208
0.620000  0.220000   0.00615174276128124
0.660000  0.220000   0.00723146987104248
0.700000  0.220000   0.00805746248867588
0.740000  0.220000   0.00985633607145437
0.780000  0.220000   0.01053967606355405
0.820000  0.220000   0.01212386584172531
0.860000  0.220000   0.01294297089588378
0.900000  0.220000   0.01410893587025615
0.940000  0.220000   0.01366644020777245
-.820000  0.260000   0.00461374193463384
-.780000  0.260000   0.00612268941951022
-.740000  0.260000   0.00977237319040279
-.700000  0.260000   0.00663914636732728
-.660000  0.260000   0.01165737169262487
-.620000  0.260000   0.01036278805037170
-.580000  0.260000   0.00936478227702200
-.540000  0.260000   0.00871658530445937
-.500000  0.260000   0.00824721124229886
-.460000  0.260000   0.00786558937462978
-.420000  0.260000   0.00750647747531250
-.380000  0.260000   0.00712887911334651
-.340000  0.260000   0.00669940461477492
-.300000  0.260000   0.00624041591226758
-.260000  0.260000   0.00581965444453333
-.220000  0.260000   0.00691370314564544
-.180000  0.260000   0.00654252596499271
-.140000  0.260000   0.00761571113846189
-.100000  0.260000   0.00720217458050677
-.060000  0.260000   0.00787831316526237
-.020000  0.260000   0.00831030970674521
0.020000  0.260000   0.00856381510637872
0.060000  0.260000   0.00869710291199175
0.100000  0.260000   0.00874896511868870
0.140000  0.260000   0.00902582519542340
0.180000  0.260000   0.00885746981903668
0.220000  0.260000   0.00885958219887594
0.260000  0.260000   0.00863022439099777
0.300000  0.260000   0.00838182952888996
0.340000  0.260000   0.00808393595972453
0.380000  0.260000   0.00775022334847823
0.420000  0.260000   0.00739745214046042
0.460000  0.260000   0.00707686775118230
0.500000  0.260000   0.00684451562932477
0.540000  0.260000   0.00678161083091916
0.580000  0.260000   0.00694875696939184
0.620000  0.260000   0.00734741779184833
0.660000  0.260000   0.00791181567542407
0.700000  0.260000   0.00928895565295846
0.740000  0.260000   0.01004658034597114
0.780000  0.260000   0.01171722048843914
0.820000  0.260000   0.01312641607107921
0.860000  0.260000   0.01371912593172174
0.900000  0.260000   0.01416650178743215
0.940000  0.260000   0.01469931574051985
-.820000  0.300000   0.01272951893466001
-.780000  0.300000   0.01202304490347849
-.740000  0.300000   0.00621006028895877
-.700000  0.300000   0.01074494740379475
-.660000  0.300000   0.00881001122193795
-.620000  0.300000   0.01279474162862540
-.580000  0.300000   0.01165074648878558
-.540000  0.300000   0.01073025070577482
-.500000  0.300000   0.00994717618793945
-.460000  0.300000   0.00920603830241800
-.420000  0.300000   0.00849631431355862
-.380000  0.300000   0.00779745306944604
-.340000  0.300000   0.00779864555553854
-.300000  0.300000   0.00740197235741574
-.260000  0.300000   0.00696004645088386
-.220000  0.300000   0.00654280519396289
-.180000  0.300000   0.00752308873881741
-.140000  0.300000   0.00711701860296506
-.100000  0.300000   0.00792790709584334
-.060000  0.300000   0.00852501570115567
-.020000  0.300000   0.00890044645920054
0.020000  0.300000   0.00911329853921110
0.060000  0.300000   0.00921553606544782
0.100000  0.300000   0.00923324474517835
0.140000  0.300000   0.00923060140779679
0.180000  0.300000   0.00936018649178565
0.220000  0.300000   0.00925637715937517
0.260000  0.300000   0.00912764670682324
0.300000  0.300000   0.00895579329097981
0.340000  0.300000   0.00874783248871501
0.380000  0.300000   0.00849725126393496
0.420000  0.300000   0.00819234907503152
0.460000  0.300000   0.00793692558674282
0.500000  0.300000   0.00777553678217410
0.540000  0.300000   0.00774992019180793
0.580000  0.300000   0.00788943370682796
0.620000  0.300000   0.00819247366015446
0.660000  0.300000   0.00907028916420035
0.700000  0.300000   0.00969397395022848
0.740000  0.300000   0.01112718680852841
0.780000  0.300000   0.01134921557331095
0.820000  0.300000   0.01226009371414368
0.860000  0.300000   0.01399009650145932
0.900000  0.300000   0.01340015838022652
0.940000  0.300000   0.01319051926394068
-.820000  0.340000   0.01175635044494323
-.780000  0.340000   0.01039146738492080
-.740000  0.340000   0.01184570807916381
-.700000  0.340000   0.00814354927840905
-.660000  0.340000   0.01236011062720381
-.620000  0.340000   0.01105171514315227
-.580000  0.340000   0.01021706299300017
-.540000  0.340000   0.00976448091800158
-.500000  0.340000   0.00943698053400869
-.460000  0.340000   0.00917502308971087
-.420000  0.340000   0.00885537011728351
-.380000  0.340000   0.00844108750621660
-.340000  0.340000   0.00793417996128823
-.300000  0.340000   0.00849793269673355
-.260000  0.340000   0.00802116223905862
-.220000  0.340000   0.00753074051383386
-.180000  0.340000   0.00844808027056587
-.140000  0.340000   0.00792584259204268
-.100000  0.340000   0.00863445076941330
-.060000  0.340000   0.00914506415143244
-.020000  0.340000   0.00945913846734633
0.020000  0.340000   0.00964263015045857
0.060000  0.340000   0.00973358738597668
0.100000  0.340000   0.00976207652900045
0.140000  0.340000   0.00975236008158587
0.180000  0.340000   0.00989717660775303
0.220000  0.340000   0.00978033841237763
0.260000  0.340000   0.00970193604608527
0.300000  0.340000   0.00958718324080645
0.340000  0.340000   0.00937195088185562
0.380000  0.340000   0.00912812877262406
0.420000  0.340000   0.00890452594086784
0.460000  0.340000   0.00873300687933965
0.500000  0.340000   0.00864663655708795
0.540000  0.340000   0.00868480495078745
0.580000  0.340000   0.00887945615875291
0.620000  0.340000   0.00921638581616325
0.660000  0.340000   0.00963927619449402
0.700000  0.340000   0.01070186543754671
0.740000  0.340000   0.01105403372215602
0.780000  0.340000   0.01210959300698636
0.820000  0.340000   0.01265584807683658
0.860000  0.340000   0.01366822404928033
0.900000  0.340000   0.01403491625924681
0.940000  0.340000   0.01440806587198095
-.780000  0.380000   0.01003540627295620
-.740000  0.380000   0.01067830227840856
-.700000  0.380000   0.00607285632178221
-.660000  0.380000   0.01069195172477574
-.620000  0.380000   0.00937080912935657
-.580000  0.380000   0.00888065310585925
-.540000  0.380000   0.00885770442215244
-.500000  0.380000   0.00904534390228031
-.460000  0.380000   0.00920508579617308
-.420000  0.380000   0.00920216981664525
-.380000  0.380000   0.00902538806655181
-.340000  0.380000   0.00869076970966739
-.300000  0.380000   0.00823841038661274
-.260000  0.380000   0.00891037486787719
-.220000  0.380000   0.00839677768285630
-.180000  0.380000   0.00921666362468456
-.140000  0.380000   0.00864479625270212
-.100000  0.380000   0.00928360698039882
-.060000  0.380000   0.00974013127983432
-.020000  0.380000   0.01002955086865581
0.020000  0.380000   0.01019324183660983
0.060000  0.380000   0.01026753244873403
0.100000  0.380000   0.01028941227205488
0.140000  0.380000   0.01028813552998873
0.180000  0.380000   0.01044920482733622
0.220000  0.380000   0.01033433450537545
0.260000  0.380000   0.01029529409831703
0.300000  0.380000   0.01018438982801468
0.340000  0.380000   0.01000121702483970
0.380000  0.380000   0.00982275103034674
0.420000  0.380000   0.00966896101024184
0.460000  0.380000   0.00955671839954452
0.500000  0.380000   0.00952269411067429
0.540000  0.380000   0.00960573208538950
0.580000  0.380000   0.00981896547308601
0.620000  0.380000   0.01015120261753795
0.660000  0.380000   0.01055322861551432
0.700000  0.380000   0.01151843468117815
0.740000  0.380000   0.01174354998951203
0.780000  0.380000   0.01249944853783718
0.820000  0.380000   0.01248169732229198
0.860000  0.380000   0.01241991339791072
0.900000  0.380000   0.01284561108493212
-.780000  0.420000   0.01139807562922110
-.740000  0.420000   0.01072296387229250
-.700000  0.420000   0.01240145097428420
-.660000  0.420000   0.00948121910537737
-.620000  0.420000   0.00799085993004290
-.580000  0.420000   0.01197090743519050
-.540000  0.420000   0.01129373765682196
-.500000  0.420000   0.01081027462332456
-.460000  0.420000   0.01042182423316936
-.420000  0.420000   0.00998433603756694
-.380000  0.420000   0.00950663211755026
-.340000  0.420000   0.00931022394996778
-.300000  0.420000   0.00895360499757580
-.260000  0.420000   0.00964428827594434
-.220000  0.420000   0.00913465062451519
-.180000  0.420000   0.00988487433418300
-.140000  0.420000   0.00931251637121500
-.100000  0.420000   0.00987851198257770
-.060000  0.420000   0.01028796535419657
-.020000  0.420000   0.01054606725966359
0.020000  0.420000   0.01070172468860480
0.060000  0.420000   0.01078541612171963
0.100000  0.420000   0.01081919148424347
0.140000  0.420000   0.01082213621633505
0.180000  0.420000   0.01098883094222090
0.220000  0.420000   0.01090277657795520
0.260000  0.420000   0.01087666194969153
0.300000  0.420000   0.01078245719229391
0.340000  0.420000   0.01064235949092521
0.380000  0.420000   0.01050813014336480
0.420000  0.420000   0.01054834452857363
0.460000  0.420000   0.01042166051093386
0.500000  0.420000   0.01038095643577974
0.540000  0.420000   0.01043382140262229
0.580000  0.420000   0.01058879149353256
0.620000  0.420000   0.01095122644267960
0.660000  0.420000   0.01127790862942972
0.700000  0.420000   0.01146258634052173
0.740000  0.420000   0.01209844392060921
0.780000  0.420000   0.01242968939886930
0.820000  0.420000   0.01337949189425566
0.860000  0.420000   0.01224759165255087
0.900000  0.420000   0.01240760875099413
-.740000  0.460000   0.01231990514796616
-.700000  0.460000   0.00553274927105539
-.660000  0.460000   0.00906959331658711
-.620000  0.460000   0.00709710234286791
-.580000  0.460000   0.01134044505049011
-.540000  0.460000   0.01075006307424160
-.500000  0.460000   0.01049764073096321
-.460000  0.460000   0.01034154551225397
-.420000  0.460000   0.01013526417357350
-.380000  0.460000   0.00978503077343597
-.340000  0.460000   0.00973076128372314
-.300000  0.460000   0.00948715226027946
-.260000  0.460000   0.01014262086115486
-.220000  0.460000   0.00970148430417249
-.180000  0.460000   0.01038667814996876
-.140000  0.460000   0.00985269699870482
-.100000  0.460000   0.01038124692712160
-.060000  0.460000   0.01076817010869599
-.020000  0.460000   0.01101746724803096
0.020000  0.460000   0.01117433633340781
0.060000  0.460000   0.01126157855609131
0.100000  0.460000   0.01131940359341766
0.140000  0.460000   0.01134616121199437
0.180000  0.460000   0.01149443061981163
0.220000  0.460000   0.01144820534024475
0.260000  0.460000   0.01142507195456647
0.300000  0.460000   0.01137049616859604
0.340000  0.460000   0.01125273331755013
0.380000  0.460000   0.01114633690594777
0.420000  0.460000   0.01119711336821655
0.460000  0.460000   0.01109879559180672
0.500000  0.460000   0.01107246183530151
0.540000  0.460000   0.01112993963191704
0.580000  0.460000   0.01126141043687000
0.620000  0.460000   0.01155897764005790
0.660000  0.460000   0.01177155243052504
0.700000  0.460000   0.01239200605064701
0.740000  0.460000   0.01201789680140413
0.780000  0.460000   0.01169145562127467
0.820000  0.460000   0.01151399925824020
0.860000  0.460000   0.01293082215079780
-.740000  0.500000   0.00763334440757891
-.700000  0.500000   0.00765103738133220
-.660000  0.500000   0.00977609140309398
-.620000  0.500000   0.00705005582421989
-.580000  0.500000   0.01107528878048578
-.540000  0.500000   0.01039559939190312
-.500000  0.500000   0.01021147510150519
-.460000  0.500000   0.01019809281032721
-.420000  0.500000   0.01018316227188366
-.380000  0.500000   0.00982257341656931
-.340000  0.500000   0.00993458229433770
-.300000  0.500000   0.00982313212124496
-.260000  0.500000   0.01042923861936604
-.220000  0.500000   0.01009968723504658
-.180000  0.500000   0.01072278104336763
-.140000  0.500000   0.01027544849209084
-.100000  0.500000   0.01077200607789441
-.060000  0.500000   0.01114770032522179
-.020000  0.500000   0.01140283550189215
0.020000  0.500000   0.01157575036673383
0.060000  0.500000   0.01168392822732640
0.100000  0.500000   0.01176216226228448
0.140000  0.500000   0.01182105166991187
0.180000  0.500000   0.01194772136505417
0.220000  0.500000   0.01194702501559103
0.260000  0.500000   0.01190676528848196
0.300000  0.500000   0.01191218635261941
0.340000  0.500000   0.01179087155619931
0.380000  0.500000   0.01168649554515184
0.420000  0.500000   0.01178711002634699
0.460000  0.500000   0.01168911000194765
0.500000  0.500000   0.01165363938663335
0.540000  0.500000   0.01167946670986235
0.580000  0.500000   0.01175889235674857
0.620000  0.500000   0.01191579186947813
0.660000  0.500000   0.01195075593009917
0.700000  0.500000   0.01227061698090205
0.740000  0.500000   0.01241464777264605
0.780000  0.500000   0.01160317518464168
0.820000  0.500000   0.01002602257641752
0.860000  0.500000   0.01322962619330165
-.700000  0.540000   0.01150636389216681
-.660000  0.540000   0.01184510906703170
-.620000  0.540000   0.00821076074209780
-.580000  0.540000   0.01144544596529089
-.540000  0.540000   0.01041657981572828
-.500000  0.540000   0.01007283563570712
-.460000  0.540000   0.01006589765210962
-.420000  0.540000   0.01014520591493773
-.380000  0.540000   0.00962303385332895
-.340000  0.540000   0.00990368665675793
-.300000  0.540000   0.00994723756276772
-.260000  0.540000   0.01047079985341276
-.220000  0.540000   0.01028439497430963
-.180000  0.540000   0.01087110077902552
-.140000  0.540000   0.01054812137018287
-.100000  0.540000   0.01102367353878278
-.060000  0.540000   0.01139841380821980
-.020000  0.540000   0.01167486473746852
0.020000  0.540000   0.01187028229771636
0.060000  0.540000   0.01201177526126924
0.100000  0.540000   0.01212542807818508
0.140000  0.540000   0.01222406257396574
0.180000  0.540000   0.01232140114974363
0.220000  0.540000   0.01237488222045348
0.260000  0.540000   0.01230061925067864
0.300000  0.540000   0.01237571969026535
0.340000  0.540000   0.01223103400917032
0.380000  0.540000   0.01210192002423566
0.420000  0.540000   0.01227470668474510
0.460000  0.540000   0.01214874351826616
0.500000  0.540000   0.01207216302933282
0.540000  0.540000   0.01203840002974876
0.580000  0.540000   0.01203282869519689
0.620000  0.540000   0.01193970690420961
0.660000  0.540000   0.01172293236004689
0.700000  0.540000   0.01157888203916086
0.740000  0.540000   0.01092709374804228
0.780000  0.540000   0.01050495156821447
0.820000  0.540000   0.01170108371593982
-.700000  0.580000   0.01025530397297312
-.660000  0.580000   0.00953560319574259
-.620000  0.580000   0.01073600930774919
-.580000  0.580000   0.00789493463487150
-.540000  0.580000   0.01107002947414243
-.500000  0.580000   0.01030514927386902
-.460000  0.580000   0.01009268407071711
-.420000  0.580000   0.01010423930405153
-.380000  0.580000   0.00923516556839484
-.340000  0.580000   0.00965919586057849
-.300000  0.580000   0.00986171075463127
-.260000  0.580000   0.01026363062819045
-.220000  0.580000   0.01025585818521318
-.180000  0.580000   0.01079439702303193
-.140000  0.580000   0.01129683742008331
-.100000  0.580000   0.01110302090163016
-.060000  0.580000   0.01149304751546349
-.020000  0.580000   0.01179764995996115
0.020000  0.580000   0.01202826446620882
0.060000  0.580000   0.01221823229851000
0.100000  0.580000   0.01237634509154539
0.140000  0.580000   0.01249041650899706
0.180000  0.580000   0.01257876674046731
0.220000  0.580000   0.01269799228713261
0.260000  0.580000   0.01256923928751088
0.300000  0.580000   0.01272635342929284
0.340000  0.580000   0.01253146559330450
0.380000  0.580000   0.01234928569537020
0.420000  0.580000   0.01261967998280531
0.460000  0.580000   0.01243989550125522
0.500000  0.580000   0.01229133346985488
0.540000  0.580000   0.01216461408794439
0.580000  0.580000   0.01178509398136363
0.620000  0.580000   0.01154874665898357
0.660000  0.580000   0.01134203859717542
0.700000  0.580000   0.01101869552634758
0.740000  0.580000   0.00963532493253703
0.780000  0.580000   0.01016938393885968
-.660000  0.620000   0.01588356874478711
-.620000  0.620000   0.00941028614625680
-.580000  0.620000   0.01083325789757647
-.540000  0.620000   0.00853545014001474
-.500000  0.620000   0.00758631223645027
-.460000  0.620000   0.00766107609883825
-.420000  0.620000   0.00820189524971984
-.380000  0.620000   0.00881191461342501
-.340000  0.620000   0.00929701062889359
-.300000  0.620000   0.00962057964934781
-.260000  0.620000   0.00982258621880910
-.220000  0.620000   0.01001476047746265
-.180000  0.620000   0.01048217253135443
-.140000  0.620000   0.01097799837943254
-.100000  0.620000   0.01138473193150298
-.060000  0.620000   0.01139127727674833
-.020000  0.620000   0.01173550688746490
0.020000  0.620000   0.01201267704667341
0.060000  0.620000   0.01225455597527170
0.100000  0.620000   0.01239093200218840
0.140000  0.620000   0.01253093056628546
0.180000  0.620000   0.01268491151761322
0.220000  0.620000   0.01287687629692758
0.260000  0.620000   0.01268238843006854
0.300000  0.620000   0.01293241869229379
0.340000  0.620000   0.01266564860904836
0.380000  0.620000   0.01239991128240960
0.420000  0.620000   0.01216133162552246
0.460000  0.620000   0.01194103036372152
0.500000  0.620000   0.01172782913910356
0.540000  0.620000   0.01150211588351369
0.580000  0.620000   0.01118820394880179
0.620000  0.620000   0.01078725454828566
0.660000  0.620000   0.00971530502475531
0.700000  0.620000   0.00978522471189629
0.740000  0.620000   0.00934593335716578
0.780000  0.620000   0.01411433087502526
-.620000  0.660000   0.01597709115635828
-.580000  0.660000   0.01064608035327030
-.540000  0.660000   0.01179058076449593
-.500000  0.660000   0.00973722913083972
-.460000  0.660000   0.00873034492077130
-.420000  0.660000   0.00850362775693152
-.380000  0.660000   0.00870674679604615
-.340000  0.660000   0.00903491834275628
-.300000  0.660000   0.00867607401266944
-.260000  0.660000   0.00920785787542547
-.220000  0.660000   0.00957851512821915
-.180000  0.660000   0.00993110822168202
-.140000  0.660000   0.01040543175620550
-.100000  0.660000   0.01083840148144248
-.060000  0.660000   0.01120007807053899
-.020000  0.660000   0.01148636661920966
0.020000  0.660000   0.01173925697214319
0.060000  0.660000   0.01195349140409904
0.100000  0.660000   0.01216446311245076
0.140000  0.660000   0.01237179289391377
0.180000  0.660000   0.01259692652940630
0.220000  0.660000   0.01235094453157901
0.260000  0.660000   0.01260310316817223
0.300000  0.660000   0.01226781677406317
0.340000  0.660000   0.01259784042602790
0.380000  0.660000   0.01221550966680997
0.420000  0.660000   0.01185063931133805
0.460000  0.660000   0.01149133323243802
0.500000  0.660000   0.01112129665180262
0.540000  0.660000   0.01068808571784195
0.580000  0.660000   0.00993828259017964
0.620000  0.660000   0.00894434011874320
0.660000  0.660000   0.00916130103954352
0.700000  0.660000   0.00992720881386239
0.740000  0.660000   0.01094141609930139
-.620000  0.700000   0.01440943402433011
-.580000  0.700000   0.01272297887174761
-.540000  0.700000   0.01277462103754988
-.500000  0.700000   0.00981236587963222
-.460000  0.700000   0.00801265298969765
-.420000  0.700000   0.01001969200408012
-.380000  0.700000   0.00719996759434586
-.340000  0.700000   0.00758281260816321
-.300000  0.700000   0.00809310269439269
-.260000  0.700000   0.00795065321345282
-.220000  0.700000   0.00863262975537831
-.180000  0.700000   0.00900044658419492
-.140000  0.700000   0.00956424731149115
-.100000  0.700000   0.00999744476675184
-.060000  0.700000   0.01041174547317555
-.020000  0.700000   0.01076984578540215
0.020000  0.700000   0.01109406213537968
0.060000  0.700000   0.01138330729249274
0.100000  0.700000   0.01166629567318709
0.140000  0.700000   0.01195871351646263
0.180000  0.700000   0.01163671424975429
0.220000  0.700000   0.01192968844626795
0.260000  0.700000   0.01148608192066341
0.300000  0.700000   0.01182197942860590
0.340000  0.700000   0.01132969571410886
0.380000  0.700000   0.01085861966284712
0.420000  0.700000   0.01125360115544898
0.460000  0.700000   0.00996664733326417
0.500000  0.700000   0.00947568941458409
0.540000  0.700000   0.00883342484179758
0.580000  0.700000   0.00821061930358616
0.620000  0.700000   0.00793149506653941
0.660000  0.700000   0.00952802658696074
0.700000  0.700000   0.01281498366313536
-.580000  0.740000   0.01852834058051053
-.540000  0.740000   0.01613473723770730
-.500000  0.740000   0.01206266194303438
-.460000  0.740000   0.01251815752702532
-.420000  0.740000   0.01048475750446643
-.380000  0.740000   0.00918750396016503
-.340000  0.740000   0.00852480707573948
-.300000  0.740000   0.00676775957753171
-.260000  0.740000   0.00723307683291891
-.220000  0.740000   0.00701203692832802
-.180000  0.740000   0.00780551871502694
-.140000  0.740000   0.00809246036215092
-.100000  0.740000   0.00847392814933319
-.060000  0.740000   0.00929419831629865
-.020000  0.740000   0.00970631806797064
0.020000  0.740000   0.01010376287787160
0.060000  0.740000   0.01048383924749719
0.100000  0.740000   0.01012484940556962
0.140000  0.740000   0.01046004779138562
0.180000  0.740000   0.01081541637199910
0.220000  0.740000   0.01022735953825929
0.260000  0.740000   0.01061312507147774
0.300000  0.740000   0.00998372817255568
0.340000  0.740000   0.01043382298760659
0.380000  0.740000   0.00974717276562645
0.420000  0.740000   0.00907719334132723
0.460000  0.740000   0.00838828811723969
0.500000  0.740000   0.00732265691214760
0.540000  0.740000   0.00640526017062873
0.580000  0.740000   0.00609079669434506
0.620000  0.740000   0.00844854451193604
0.660000  0.740000   0.01230055233753232
-.540000  0.780000   0.01869667595706811
-.500000  0.780000   0.01667844007531483
-.460000  0.780000   0.01597126259911447
-.420000  0.780000   0.01311566133775555
-.380000  0.780000   0.01097665072544839
-.340000  0.780000   0.00941823276218672
-.300000  0.780000   0.00838465471136349
-.260000  0.780000   0.00642903941779987
-.220000  0.780000   0.00655076065550081
-.180000  0.780000   0.00598511415300582
-.140000  0.780000   0.00678045575300563
-.100000  0.780000   0.00693522317633970
-.060000  0.780000   0.00722687167516521
-.020000  0.780000   0.00758530050918733
0.020000  0.780000   0.00795751332852583
0.060000  0.780000   0.00834043207706609
0.100000  0.780000   0.00874245669448566
0.140000  0.780000   0.00916341312026178
0.180000  0.780000   0.00842677674694298
0.220000  0.780000   0.00888198648683451
0.260000  0.780000   0.00806927811976221
0.300000  0.780000   0.00857582966251692
0.340000  0.780000   0.00772534170306014
0.380000  0.780000   0.00691936295983303
0.420000  0.780000   0.00615645859177661
0.460000  0.780000   0.00535144739562367
0.500000  0.780000   0.00513185468705793
0.540000  0.780000   0.00638037764241788
0.580000  0.780000   0.01000169982925139
0.620000  0.780000   0.01694054767427227
-.500000  0.820000   0.02280287144867198
-.460000  0.820000   0.01904420532455044
-.420000  0.820000   0.01550873026573438
-.380000  0.820000   0.01507251194740693
-.340000  0.820000   0.01274312032423364
-.300000  0.820000   0.01080890323595190
-.260000  0.820000   0.00812609973360598
-.220000  0.820000   0.00704297117332838
-.180000  0.820000   0.00546596884297028
-.140000  0.820000   0.00537519360701121
-.100000  0.820000   0.00480594549869333
-.060000  0.820000   0.00461052134075690
-.020000  0.820000   0.00466055610830305
0.020000  0.820000   0.00486948359638362
0.060000  0.820000   0.00519428985213329
0.100000  0.820000   0.00559792677046041
0.140000  0.820000   0.00605784195742345
0.180000  0.820000   0.00500105987029935
0.220000  0.820000   0.00553106623045684
0.260000  0.820000   0.00455020998910500
0.300000  0.820000   0.00507699019502276
0.340000  0.820000   0.00414291372792171
0.380000  0.820000   0.00343286525799515
0.420000  0.820000   0.00460245707149774
0.460000  0.820000   0.00487313130304904
0.500000  0.820000   0.00743738470186601
0.540000  0.820000   0.01382413304390705
-.420000  0.860000   0.01980583696550074
-.380000  0.860000   0.01935274810420173
-.340000  0.860000   0.01681164187996014
-.300000  0.860000   0.01467857027879991
-.260000  0.860000   0.01265318099627492
-.220000  0.860000   0.01072134953516949
-.180000  0.860000   0.00861301806384596
-.140000  0.860000   0.00709977122633146
-.100000  0.860000   0.00558224909687487
-.060000  0.860000   0.00436931436253767
-.020000  0.860000   0.00336815673863486
0.020000  0.860000   0.00256687338308989
0.060000  0.860000   0.00204435652747058
0.100000  0.860000   0.00187749907996156
0.140000  0.860000   0.00207257053840504
0.180000  0.860000   0.00047830232702259
0.220000  0.860000   0.00109160548311239
0.260000  0.860000   0.00111543018492741
0.300000  0.860000   0.00267503046808409
0.340000  0.860000   0.00424543163139987
0.380000  0.860000   0.00557452231809142
0.420000  0.860000   0.00931067357252912
0.460000  0.860000   0.01443363956658561
0.500000  0.860000   0.01900386852049363
-.380000  0.900000   0.02253108719054583
-.340000  0.900000   0.01959631034905683
-.300000  0.900000   0.02019179418324693
-.260000  0.900000   0.01837547872094185
-.220000  0.900000   0.01648514807961367
-.180000  0.900000   0.01444099545038673
-.140000  0.900000   0.01258249438701421
-.100000  0.900000   0.01053769731974783
-.060000  0.900000   0.00906217282281277
-.020000  0.900000   0.00781020041320459
0.020000  0.900000   0.00672190908934275
0.060000  0.900000   0.00577065901351361
0.100000  0.900000   0.00491511421558513
0.140000  0.900000   0.00578638705923727
0.180000  0.900000   0.00510252238846665
0.220000  0.900000   0.00657430195646371
0.260000  0.900000   0.00820584487007077
0.300000  0.900000   0.00977188357839559
0.340000  0.900000   0.01352202038507311
0.380000  0.900000   0.01626717810021009
0.420000  0.900000   0.01978445528469984
-.260000  0.940000   0.02031624193206023
-.220000  0.940000   0.02199678322622117
-.180000  0.940000   0.02117811548101066
-.140000  0.940000   0.01987434277857551
-.100000  0.940000   0.01861926885324698
-.060000  0.940000   0.01677243011673345
-.020000  0.940000   0.01567333689045124
0.020000  0.940000   0.01472815732739888
0.060000  0.940000   0.01388655580915699
0.100000  0.940000   0.01484361910492501
0.140000  0.940000   0.01415993331378610
0.180000  0.940000   0.01542613304664508
0.220000  0.940000   0.01662734657270069
0.260000  0.940000   0.01945334814435965
0.300000  0.940000   0.02090031973662158
0.340000  0.940000   0.02294404237318795
-.140000  0.980000   0.02098988916317521
-.100000  0.980000   0.02183404068655869
-.060000  0.980000   0.02295336821326823
-.020000  0.980000   0.02324742970262645
0.020000  0.980000   0.02305452811003755
0.060000  0.980000   0.02330016253871594
0.100000  0.980000   0.02356859904167227
0.140000  0.980000   0.02323044463556538
0.180000  0.980000   0.02250544726688888
