-.140000  -.980000   -0.0000002917843256
-.100000  -.980000   -0.0000004557568103
-.060000  -.980000   -0.0000004001120599
-.020000  -.980000   -0.0000001660466549
0.020000  -.980000   -0.0000002070359658
0.060000  -.980000   -0.0000005460345309
0.100000  -.980000   -0.0000006760077643
0.140000  -.980000   -0.0000004704335772
0.180000  -.980000   -0.0000002468880123
-.260000  -.940000   -0.0000003346254268
-.220000  -.940000   -0.0000001991065355
-.180000  -.940000   -0.0000002640472853
-.140000  -.940000   -0.0000002378898979
-.100000  -.940000   -0.0000005779400929
-.060000  -.940000   -0.0000003498032668
-.020000  -.940000   -0.0000005007809357
0.020000  -.940000   -0.0000005535927662
0.060000  -.940000   -0.0000004988405332
0.100000  -.940000   -0.0000008853839653
0.140000  -.940000   -0.0000006104608505
0.180000  -.940000   -0.0000007634280599
0.220000  -.940000   -0.0000007538984882
0.260000  -.940000   -0.0000010187646966
0.300000  -.940000   -0.0000007530458568
0.340000  -.940000    0.0000002699377413
-.380000  -.900000   -0.0000000178691166
-.340000  -.900000   -0.0000002645923537
-.300000  -.900000   -0.0000001431337947
-.260000  -.900000   -0.0000002746528775
-.220000  -.900000   -0.0000003566454663
-.180000  -.900000   -0.0000003678387268
-.140000  -.900000   -0.0000007456457011
-.100000  -.900000   -0.0000005596232560
-.060000  -.900000   -0.0000007517109411
-.020000  -.900000   -0.0000008505940881
0.020000  -.900000   -0.0000008473979596
0.060000  -.900000   -0.0000007400404302
0.100000  -.900000   -0.0000005278625379
0.140000  -.900000   -0.0000008303627572
0.180000  -.900000   -0.0000004380030961
0.220000  -.900000   -0.0000005808204825
0.260000  -.900000   -0.0000006319864525
0.300000  -.900000   -0.0000005714256012
0.340000  -.900000   -0.0000009117670591
0.380000  -.900000   -0.0000008820926216
0.420000  -.900000   -0.0000006294010291
-.420000  -.860000   -0.0000001193406500
-.380000  -.860000   -0.0000000579312074
-.340000  -.860000   -0.0000002368879134
-.300000  -.860000   -0.0000004191452118
-.260000  -.860000   -0.0000005575799799
-.220000  -.860000   -0.0000006264567234
-.180000  -.860000   -0.0000010650836821
-.140000  -.860000   -0.0000009237754701
-.100000  -.860000   -0.0000011706394762
-.060000  -.860000   -0.0000013202219106
-.020000  -.860000   -0.0000013603883556
0.020000  -.860000   -0.0000012896658945
0.060000  -.860000   -0.0000011120092322
0.100000  -.860000   -0.0000008318502118
0.140000  -.860000   -0.0000004519226426
0.180000  -.860000   -0.0000006488355651
0.220000  -.860000   -0.0000001204897984
0.260000  -.860000   -0.0000001985976804
0.300000  -.860000   -0.0000002173067453
0.340000  -.860000   -0.0000001786384422
0.380000  -.860000   -0.0000000542674683
0.420000  -.860000   -0.0000004068887834
0.460000  -.860000   -0.0000008872816679
0.500000  -.860000   -0.0000006792825773
-.500000  -.820000   -0.0000000033766866
-.460000  -.820000   -0.0000000478336102
-.420000  -.820000   -0.0000002566180953
-.380000  -.820000   -0.0000001562826137
-.340000  -.820000   -0.0000003760693197
-.300000  -.820000   -0.0000005705459549
-.260000  -.820000   -0.0000011300365007
-.220000  -.820000   -0.0000011632296280
-.180000  -.820000   -0.0000015939648910
-.140000  -.820000   -0.0000013696913457
-.100000  -.820000   -0.0000015701179737
-.060000  -.820000   -0.0000016618200404
-.020000  -.820000   -0.0000016353342473
0.020000  -.820000   -0.0000014908194805
0.060000  -.820000   -0.0000012350745323
0.100000  -.820000   -0.0000008751222184
0.140000  -.820000   -0.0000004151107768
0.180000  -.820000   -0.0000005680217065
0.220000  -.820000    0.0000000286157767
0.260000  -.820000   -0.0000000060739673
0.300000  -.820000    0.0000007022062649
0.340000  -.820000    0.0000007258979248
0.380000  -.820000    0.0000007865135005
0.420000  -.820000    0.0000002075320130
0.460000  -.820000    0.0000003692702010
0.500000  -.820000    0.0000000820539878
0.540000  -.820000   -0.0000007005810182
-.540000  -.780000   -0.0000000391934084
-.500000  -.780000   -0.0000000752069561
-.460000  -.780000   -0.0000000300862926
-.420000  -.780000   -0.0000002738292247
-.380000  -.780000   -0.0000005541455181
-.340000  -.780000   -0.0000008123823280
-.300000  -.780000   -0.0000010081069165
-.260000  -.780000   -0.0000015699202471
-.220000  -.780000   -0.0000015475273836
-.180000  -.780000   -0.0000019415590926
-.140000  -.780000   -0.0000016211969217
-.100000  -.780000   -0.0000017643289397
-.060000  -.780000   -0.0000017956607725
-.020000  -.780000   -0.0000017047958418
0.020000  -.780000   -0.0000014919071902
0.060000  -.780000   -0.0000011613920771
0.100000  -.780000   -0.0000007219913061
0.140000  -.780000   -0.0000001805341993
0.180000  -.780000   -0.0000003164053409
0.220000  -.780000    0.0000003673641447
0.260000  -.780000    0.0000003669228499
0.300000  -.780000    0.0000011520972788
0.340000  -.780000    0.0000012082507240
0.380000  -.780000    0.0000012903186054
0.420000  -.780000    0.0000013850340789
0.460000  -.780000    0.0000014995224341
0.500000  -.780000    0.0000009086769217
0.540000  -.780000    0.0000004708910143
0.580000  -.780000   -0.0000001836949191
0.620000  -.780000   -0.0000005685718294
-.580000  -.740000   -0.0000000271864929
-.540000  -.740000   -0.0000000310544346
-.500000  -.740000   -0.0000002758330322
-.460000  -.740000   -0.0000002775374769
-.420000  -.740000   -0.0000005950645033
-.380000  -.740000   -0.0000009069705963
-.340000  -.740000   -0.0000011647555167
-.300000  -.740000   -0.0000018025460046
-.260000  -.740000   -0.0000018506047443
-.220000  -.740000   -0.0000023487626771
-.180000  -.740000   -0.0000020923645215
-.140000  -.740000   -0.0000023421622713
-.100000  -.740000   -0.0000024744331145
-.060000  -.740000   -0.0000017190563624
-.020000  -.740000   -0.0000015669524379
0.020000  -.740000   -0.0000012916156671
0.060000  -.740000   -0.0000008979725139
0.100000  -.740000   -0.0000011904956926
0.140000  -.740000   -0.0000006009445067
0.180000  -.740000    0.0000000794010760
0.220000  -.740000    0.0000000669461208
0.260000  -.740000    0.0000008574591550
0.300000  -.740000    0.0000009518424113
0.340000  -.740000    0.0000018207614691
0.380000  -.740000    0.0000019397239388
0.420000  -.740000    0.0000020709757325
0.460000  -.740000    0.0000021977823995
0.500000  -.740000    0.0000015953292702
0.540000  -.740000    0.0000016827445692
0.580000  -.740000    0.0000011505253575
0.620000  -.740000    0.0000002769526791
0.660000  -.740000   -0.0000003147815328
-.620000  -.700000   -0.0000000293979473
-.580000  -.700000   -0.0000001259644730
-.540000  -.700000   -0.0000001425777487
-.500000  -.700000   -0.0000004749864035
-.460000  -.700000   -0.0000008710295761
-.420000  -.700000   -0.0000008708178618
-.380000  -.700000   -0.0000016046585895
-.340000  -.700000   -0.0000018512483283
-.300000  -.700000   -0.0000019779638252
-.260000  -.700000   -0.0000025664316205
-.220000  -.700000   -0.0000023885986731
-.180000  -.700000   -0.0000027493365487
-.140000  -.700000   -0.0000022240664983
-.100000  -.700000   -0.0000023033602848
-.060000  -.700000   -0.0000022563301171
-.020000  -.700000   -0.0000020748193276
0.020000  -.700000   -0.0000017627851059
0.060000  -.700000   -0.0000013271953088
0.100000  -.700000   -0.0000007764834520
0.140000  -.700000   -0.0000001220112419
0.180000  -.700000   -0.0000002191229380
0.220000  -.700000    0.0000005799381031
0.260000  -.700000    0.0000006673359554
0.300000  -.700000    0.0000015495591538
0.340000  -.700000    0.0000017083380004
0.380000  -.700000    0.0000019093244970
0.420000  -.700000    0.0000028336548354
0.460000  -.700000    0.0000022844260879
0.500000  -.700000    0.0000024089245723
0.540000  -.700000    0.0000025026162970
0.580000  -.700000    0.0000018975540979
0.620000  -.700000    0.0000013294662389
0.660000  -.700000    0.0000004120824388
0.700000  -.700000   -0.0000003775556814
-.620000  -.660000    0.0000000068461371
-.580000  -.660000   -0.0000002032843486
-.540000  -.660000   -0.0000002705456502
-.500000  -.660000   -0.0000006417721896
-.460000  -.660000   -0.0000010469298434
-.420000  -.660000   -0.0000014277426477
-.380000  -.660000   -0.0000017350900158
-.340000  -.660000   -0.0000019345434351
-.300000  -.660000   -0.0000025787022250
-.260000  -.660000   -0.0000024916997514
-.220000  -.660000   -0.0000029587899416
-.180000  -.660000   -0.0000025209893766
-.140000  -.660000   -0.0000027140898916
-.100000  -.660000   -0.0000027894899129
-.060000  -.660000   -0.0000027256205067
-.020000  -.660000   -0.0000025144096047
0.020000  -.660000   -0.0000021664891644
0.060000  -.660000   -0.0000016914560798
0.100000  -.660000   -0.0000011011886520
0.140000  -.660000   -0.0000004118328462
0.180000  -.660000    0.0000003692630845
0.220000  -.660000    0.0000003720502991
0.260000  -.660000    0.0000012704581794
0.300000  -.660000    0.0000014246644273
0.340000  -.660000    0.0000023932489883
0.380000  -.660000    0.0000025928560915
0.420000  -.660000    0.0000028236674395
0.460000  -.660000    0.0000030447511678
0.500000  -.660000    0.0000032352698100
0.540000  -.660000    0.0000033912632284
0.580000  -.660000    0.0000027935046054
0.620000  -.660000    0.0000028576659890
0.660000  -.660000    0.0000015921416100
0.700000  -.660000    0.0000006412234008
0.740000  -.660000   -0.0000000945805461
-.660000  -.620000    0.0000000012961031
-.620000  -.620000   -0.0000001895614791
-.580000  -.620000   -0.0000002660312365
-.540000  -.620000   -0.0000006610735135
-.500000  -.620000   -0.0000011130979085
-.460000  -.620000   -0.0000015607677212
-.420000  -.620000   -0.0000019504338230
-.380000  -.620000   -0.0000022422908313
-.340000  -.620000   -0.0000024008426665
-.300000  -.620000   -0.0000024076630865
-.260000  -.620000   -0.0000029470414590
-.220000  -.620000   -0.0000026131381865
-.180000  -.620000   -0.0000029222527560
-.140000  -.620000   -0.0000031297937917
-.100000  -.620000   -0.0000032018042164
-.060000  -.620000   -0.0000021414126338
-.020000  -.620000   -0.0000019084060316
0.020000  -.620000   -0.0000015384797976
0.060000  -.620000   -0.0000010380600791
0.100000  -.620000   -0.0000013688674747
0.140000  -.620000   -0.0000006491732326
0.180000  -.620000    0.0000001576003379
0.220000  -.620000    0.0000010479425929
0.260000  -.620000    0.0000011224273762
0.300000  -.620000    0.0000021084422694
0.340000  -.620000    0.0000022978288810
0.380000  -.620000    0.0000025572075040
0.420000  -.620000    0.0000028488669797
0.460000  -.620000    0.0000031291103837
0.500000  -.620000    0.0000033684879164
0.540000  -.620000    0.0000035549388854
0.580000  -.620000    0.0000036895983683
0.620000  -.620000    0.0000031145946791
0.660000  -.620000    0.0000031384067969
0.700000  -.620000    0.0000018635574134
0.740000  -.620000    0.0000009120857880
0.780000  -.620000   -0.0000002984670722
-.700000  -.580000   -0.0000000483305327
-.660000  -.580000   -0.0000001206966415
-.620000  -.580000   -0.0000001986594665
-.580000  -.580000   -0.0000005811038572
-.540000  -.580000   -0.0000007213109505
-.500000  -.580000   -0.0000011398942256
-.460000  -.580000   -0.0000015380899396
-.420000  -.580000   -0.0000018681478541
-.380000  -.580000   -0.0000026623945784
-.340000  -.580000   -0.0000027790951044
-.300000  -.580000   -0.0000027305088149
-.260000  -.580000   -0.0000033087144028
-.220000  -.580000   -0.0000029052557144
-.180000  -.580000   -0.0000032389334507
-.140000  -.580000   -0.0000034639801007
-.100000  -.580000   -0.0000024951248801
-.060000  -.580000   -0.0000023976968826
-.020000  -.580000   -0.0000021592336794
0.020000  -.580000   -0.0000017756121365
0.060000  -.580000   -0.0000012580007369
0.100000  -.580000   -0.0000006221307110
0.140000  -.580000   -0.0000008387087889
0.180000  -.580000   -0.0000000101261368
0.220000  -.580000    0.0000008950950105
0.260000  -.580000    0.0000010045593927
0.300000  -.580000    0.0000019924421791
0.340000  -.580000    0.0000022232431116
0.380000  -.580000    0.0000025307220536
0.420000  -.580000    0.0000035335242722
0.460000  -.580000    0.0000038176213378
0.500000  -.580000    0.0000040946506803
0.540000  -.580000    0.0000043460300314
0.580000  -.580000    0.0000038908130591
0.620000  -.580000    0.0000039958396448
0.660000  -.580000    0.0000034111786578
0.700000  -.580000    0.0000027661265696
0.740000  -.580000    0.0000021376683031
0.780000  -.580000    0.0000007663498547
-.700000  -.540000   -0.0000000392808493
-.660000  -.540000   -0.0000000969003781
-.620000  -.540000   -0.0000004253747287
-.580000  -.540000   -0.0000005846619966
-.540000  -.540000   -0.0000010083011428
-.500000  -.540000   -0.0000014428859275
-.460000  -.540000   -0.0000018355219702
-.420000  -.540000   -0.0000021414137757
-.380000  -.540000   -0.0000029764136151
-.340000  -.540000   -0.0000030502079030
-.300000  -.540000   -0.0000029535871362
-.260000  -.540000   -0.0000035641529874
-.220000  -.540000   -0.0000031023902276
-.180000  -.540000   -0.0000034650650954
-.140000  -.540000   -0.0000026244935511
-.100000  -.540000   -0.0000026768864481
-.060000  -.540000   -0.0000025883932825
-.020000  -.540000   -0.0000023477692073
0.020000  -.540000   -0.0000019573080100
0.060000  -.540000   -0.0000014258380403
0.100000  -.540000   -0.0000007748393978
0.140000  -.540000   -0.0000000158036181
0.180000  -.540000   -0.0000001390487435
0.220000  -.540000    0.0000007766379389
0.260000  -.540000    0.0000009116544594
0.300000  -.540000    0.0000018989695510
0.340000  -.540000    0.0000021573210967
0.380000  -.540000    0.0000024980370962
0.420000  -.540000    0.0000034814056295
0.460000  -.540000    0.0000037957243726
0.500000  -.540000    0.0000041061314147
0.540000  -.540000    0.0000043896286012
0.580000  -.540000    0.0000046384112434
0.620000  -.540000    0.0000041904380612
0.660000  -.540000    0.0000042780387253
0.700000  -.540000    0.0000036682192946
0.740000  -.540000    0.0000030129425076
0.780000  -.540000    0.0000018461282100
0.820000  -.540000    0.0000003806851209
-.740000  -.500000   -0.0000000558011467
-.700000  -.500000   -0.0000001354278183
-.660000  -.500000   -0.0000002397462621
-.620000  -.500000   -0.0000006346177938
-.580000  -.500000   -0.0000007979032800
-.540000  -.500000   -0.0000012355696729
-.500000  -.500000   -0.0000016647298701
-.460000  -.500000   -0.0000020367682420
-.420000  -.500000   -0.0000023130708218
-.380000  -.500000   -0.0000031659920030
-.340000  -.500000   -0.0000032032464175
-.300000  -.500000   -0.0000030638214227
-.260000  -.500000   -0.0000037048351967
-.220000  -.500000   -0.0000032001993069
-.180000  -.500000   -0.0000035954283087
-.140000  -.500000   -0.0000027049457563
-.100000  -.500000   -0.0000027814269064
-.060000  -.500000   -0.0000027103268187
-.020000  -.500000   -0.0000024751581801
0.020000  -.500000   -0.0000020831115981
0.060000  -.500000   -0.0000015438010418
0.100000  -.500000   -0.0000008815774292
0.140000  -.500000   -0.0000001125792908
0.180000  -.500000   -0.0000002329506634
0.220000  -.500000    0.0000006891656773
0.260000  -.500000    0.0000008385558153
0.300000  -.500000    0.0000018222465947
0.340000  -.500000    0.0000020944918831
0.380000  -.500000    0.0000024544373375
0.420000  -.500000    0.0000034220521539
0.460000  -.500000    0.0000037540116350
0.500000  -.500000    0.0000040874586992
0.540000  -.500000    0.0000043990140357
0.580000  -.500000    0.0000046728913135
0.620000  -.500000    0.0000043315653772
0.660000  -.500000    0.0000044389199816
0.700000  -.500000    0.0000039236790983
0.740000  -.500000    0.0000033152381882
0.780000  -.500000    0.0000026517774269
0.820000  -.500000    0.0000016201737235
0.860000  -.500000   -0.0000000327883441
-.740000  -.460000   -0.0000000147114026
-.700000  -.460000   -0.0000002381760231
-.660000  -.460000   -0.0000003702201539
-.620000  -.460000   -0.0000007963111009
-.580000  -.460000   -0.0000009553629336
-.540000  -.460000   -0.0000013845723960
-.500000  -.460000   -0.0000017925203080
-.460000  -.460000   -0.0000021335926234
-.420000  -.460000   -0.0000023754411742
-.380000  -.460000   -0.0000032230719432
-.340000  -.460000   -0.0000032283119202
-.300000  -.460000   -0.0000030606310547
-.260000  -.460000   -0.0000037262011313
-.220000  -.460000   -0.0000031950358208
-.180000  -.460000   -0.0000036268332569
-.140000  -.460000   -0.0000027050932351
-.100000  -.460000   -0.0000028145395353
-.060000  -.460000   -0.0000027667691225
-.020000  -.460000   -0.0000025456488735
0.020000  -.460000   -0.0000021559491378
0.060000  -.460000   -0.0000016143192686
0.100000  -.460000   -0.0000009445163700
0.140000  -.460000   -0.0000001690440173
0.180000  -.460000   -0.0000002911037830
0.220000  -.460000    0.0000006331723095
0.260000  -.460000    0.0000007843481219
0.300000  -.460000    0.0000017621553655
0.340000  -.460000    0.0000020361538671
0.380000  -.460000    0.0000023985894597
0.420000  -.460000    0.0000033529675083
0.460000  -.460000    0.0000036895291402
0.500000  -.460000    0.0000040347237826
0.540000  -.460000    0.0000043624264536
0.580000  -.460000    0.0000046580045372
0.620000  -.460000    0.0000043918840614
0.660000  -.460000    0.0000045331841170
0.700000  -.460000    0.0000041160389168
0.740000  -.460000    0.0000040901381502
0.780000  -.460000    0.0000034776400401
0.820000  -.460000    0.0000023150752796
0.860000  -.460000    0.0000007240717732
-.780000  -.420000   -0.0000000124934621
-.740000  -.420000   -0.0000000503544414
-.700000  -.420000   -0.0000001499838056
-.660000  -.420000   -0.0000004653383366
-.620000  -.420000   -0.0000008941114954
-.580000  -.420000   -0.0000010484263987
-.540000  -.420000   -0.0000014508412767
-.500000  -.420000   -0.0000018229184956
-.460000  -.420000   -0.0000021256446332
-.420000  -.420000   -0.0000023288625357
-.380000  -.420000   -0.0000031481564667
-.340000  -.420000   -0.0000031284931925
-.300000  -.420000   -0.0000029429060318
-.260000  -.420000   -0.0000036264237341
-.220000  -.420000   -0.0000030851751337
-.180000  -.420000   -0.0000035582694283
-.140000  -.420000   -0.0000026256886319
-.100000  -.420000   -0.0000027740209495
-.060000  -.420000   -0.0000027601826143
-.020000  -.420000   -0.0000025600294655
0.020000  -.420000   -0.0000021793012881
0.060000  -.420000   -0.0000016370148764
0.100000  -.420000   -0.0000009643501710
0.140000  -.420000   -0.0000001863827117
0.180000  -.420000   -0.0000003161699772
0.220000  -.420000    0.0000006068876119
0.260000  -.420000    0.0000007507585696
0.300000  -.420000    0.0000017200410249
0.340000  -.420000    0.0000019824349955
0.380000  -.420000    0.0000023321717678
0.420000  -.420000    0.0000032762974932
0.460000  -.420000    0.0000036059035992
0.500000  -.420000    0.0000039490255208
0.540000  -.420000    0.0000042817025281
0.580000  -.420000    0.0000045903226422
0.620000  -.420000    0.0000043734282134
0.660000  -.420000    0.0000045487683620
0.700000  -.420000    0.0000046891283364
0.740000  -.420000    0.0000042143528973
0.780000  -.420000    0.0000036588807854
0.820000  -.420000    0.0000025718175840
0.860000  -.420000    0.0000015854826257
0.900000  -.420000    0.0000001867810131
-.780000  -.380000   -0.0000000233523153
-.740000  -.380000   -0.0000000830743699
-.700000  -.380000   -0.0000003629524842
-.660000  -.380000   -0.0000005211488413
-.620000  -.380000   -0.0000009267952268
-.580000  -.380000   -0.0000013809088430
-.540000  -.380000   -0.0000018373389361
-.500000  -.380000   -0.0000022557503631
-.460000  -.380000   -0.0000025979840556
-.420000  -.380000   -0.0000028359163820
-.380000  -.380000   -0.0000029465217232
-.340000  -.380000   -0.0000029109315455
-.300000  -.380000   -0.0000027169502069
-.260000  -.380000   -0.0000034056913196
-.220000  -.380000   -0.0000028765858122
-.180000  -.380000   -0.0000033898469513
-.140000  -.380000   -0.0000024654983298
-.100000  -.380000   -0.0000026634505449
-.060000  -.380000   -0.0000026919523391
-.020000  -.380000   -0.0000025212197614
0.020000  -.380000   -0.0000021565457981
0.060000  -.380000   -0.0000016185623006
0.100000  -.380000   -0.0000009430297146
0.140000  -.380000   -0.0000001644942267
0.180000  -.380000   -0.0000003069038382
0.220000  -.380000    0.0000006122841878
0.260000  -.380000    0.0000007398341119
0.300000  -.380000    0.0000016990695493
0.340000  -.380000    0.0000019382764423
0.380000  -.380000    0.0000022634527711
0.420000  -.380000    0.0000026333607945
0.460000  -.380000    0.0000030183930116
0.500000  -.380000    0.0000033891450028
0.540000  -.380000    0.0000037299255208
0.580000  -.380000    0.0000040271858783
0.620000  -.380000    0.0000042770478830
0.660000  -.380000    0.0000044838613810
0.700000  -.380000    0.0000042111622434
0.740000  -.380000    0.0000042558099212
0.780000  -.380000    0.0000037750585447
0.820000  -.380000    0.0000032203497475
0.860000  -.380000    0.0000021953702665
0.900000  -.380000    0.0000007850650819
-.820000  -.340000   -0.0000000022009692
-.780000  -.340000   -0.0000000291775507
-.740000  -.340000   -0.0000001050747547
-.700000  -.340000   -0.0000003729870574
-.660000  -.340000   -0.0000005370298411
-.620000  -.340000   -0.0000009022423250
-.580000  -.340000   -0.0000013039523331
-.540000  -.340000   -0.0000017023008834
-.500000  -.340000   -0.0000020637850097
-.460000  -.340000   -0.0000023562971805
-.420000  -.340000   -0.0000025538413314
-.380000  -.340000   -0.0000026368353900
-.340000  -.340000   -0.0000025878587009
-.300000  -.340000   -0.0000033969316660
-.260000  -.340000   -0.0000030709878745
-.220000  -.340000   -0.0000025677351503
-.180000  -.340000   -0.0000031229261862
-.140000  -.340000   -0.0000022307242220
-.100000  -.340000   -0.0000024809741651
-.060000  -.340000   -0.0000025654001929
-.020000  -.340000   -0.0000024325644132
0.020000  -.340000   -0.0000020883905104
0.060000  -.340000   -0.0000015580906320
0.100000  -.340000   -0.0000008824725939
0.140000  -.340000   -0.0000001015527094
0.180000  -.340000   -0.0000002597308065
0.220000  -.340000    0.0000006538962879
0.260000  -.340000    0.0000007549412680
0.300000  -.340000    0.0000010146953187
0.340000  -.340000    0.0000019089038864
0.380000  -.340000    0.0000021955977263
0.420000  -.340000    0.0000025322511971
0.460000  -.340000    0.0000028870885018
0.500000  -.340000    0.0000032355266520
0.540000  -.340000    0.0000035622759576
0.580000  -.340000    0.0000038596361547
0.620000  -.340000    0.0000041199101021
0.660000  -.340000    0.0000043478857611
0.700000  -.340000    0.0000041140508789
0.740000  -.340000    0.0000042065983730
0.780000  -.340000    0.0000037989662858
0.820000  -.340000    0.0000033121645271
0.860000  -.340000    0.0000023568691791
0.900000  -.340000    0.0000012010823160
0.940000  -.340000    0.0000000606147702
-.820000  -.300000   -0.0000000025639720
-.780000  -.300000   -0.0000000294852081
-.740000  -.300000   -0.0000002231256871
-.700000  -.300000   -0.0000003556916346
-.660000  -.300000   -0.0000006926220032
-.620000  -.300000   -0.0000008371083928
-.580000  -.300000   -0.0000011732086461
-.540000  -.300000   -0.0000015029734801
-.500000  -.300000   -0.0000017986301933
-.460000  -.300000   -0.0000020337095812
-.420000  -.300000   -0.0000021888755417
-.380000  -.300000   -0.0000022432926462
-.340000  -.300000   -0.0000030667588407
-.300000  -.300000   -0.0000029276020334
-.260000  -.300000   -0.0000026325867429
-.220000  -.300000   -0.0000021742207877
-.180000  -.300000   -0.0000027563754682
-.140000  -.300000   -0.0000019217873835
-.100000  -.300000   -0.0000022342969818
-.060000  -.300000   -0.0000023828211424
-.020000  -.300000   -0.0000022993047486
0.020000  -.300000   -0.0000019791720983
0.060000  -.300000   -0.0000014569255907
0.100000  -.300000   -0.0000007809105498
0.140000  -.300000    0.0000000032971141
0.180000  -.300000   -0.0000001729776526
0.220000  -.300000    0.0000007333123584
0.260000  -.300000    0.0000008011240568
0.300000  -.300000    0.0000010176471345
0.340000  -.300000    0.0000013277620021
0.380000  -.300000    0.0000021412004702
0.420000  -.300000    0.0000024324765611
0.460000  -.300000    0.0000027457338945
0.500000  -.300000    0.0000030622903677
0.540000  -.300000    0.0000033682334590
0.580000  -.300000    0.0000036528352645
0.620000  -.300000    0.0000039151756039
0.660000  -.300000    0.0000037907014902
0.700000  -.300000    0.0000039411630080
0.740000  -.300000    0.0000037047450980
0.780000  -.300000    0.0000037306607845
0.820000  -.300000    0.0000033163354715
0.860000  -.300000    0.0000024553514493
0.900000  -.300000    0.0000016303492936
0.940000  -.300000    0.0000004371237065
-.820000  -.260000   -0.0000000340157189
-.780000  -.260000   -0.0000000958966465
-.740000  -.260000   -0.0000001907817087
-.700000  -.260000   -0.0000004670914045
-.660000  -.260000   -0.0000006017725593
-.620000  -.260000   -0.0000009291525096
-.580000  -.260000   -0.0000012793283318
-.540000  -.260000   -0.0000016251934861
-.500000  -.260000   -0.0000019411871015
-.460000  -.260000   -0.0000022053596351
-.420000  -.260000   -0.0000023968409284
-.380000  -.260000   -0.0000024984993881
-.340000  -.260000   -0.0000024953551469
-.300000  -.260000   -0.0000023715219239
-.260000  -.260000   -0.0000021152992786
-.220000  -.260000   -0.0000028604113779
-.180000  -.260000   -0.0000022979041386
-.140000  -.260000   -0.0000029173971210
-.100000  -.260000   -0.0000019203241835
-.060000  -.260000   -0.0000021472603986
-.020000  -.260000   -0.0000021260008259
0.020000  -.260000   -0.0000018348379849
0.060000  -.260000   -0.0000013178251193
0.100000  -.260000   -0.0000006395614501
0.140000  -.260000   -0.0000008977455221
0.180000  -.260000   -0.0000000432705685
0.220000  -.260000    0.0000000196321287
0.260000  -.260000    0.0000008828786148
0.300000  -.260000    0.0000010499692061
0.340000  -.260000    0.0000013034704139
0.380000  -.260000    0.0000016020967364
0.420000  -.260000    0.0000019189096116
0.460000  -.260000    0.0000022396096300
0.500000  -.260000    0.0000025488206924
0.540000  -.260000    0.0000028348837430
0.580000  -.260000    0.0000030965107725
0.620000  -.260000    0.0000033261871912
0.660000  -.260000    0.0000035237824957
0.700000  -.260000    0.0000034125091014
0.740000  -.260000    0.0000034927807268
0.780000  -.260000    0.0000032354090800
0.820000  -.260000    0.0000028900876517
0.860000  -.260000    0.0000024635314376
0.900000  -.260000    0.0000017060503662
0.940000  -.260000    0.0000006695665230
-.820000  -.220000   -0.0000000183506689
-.780000  -.220000   -0.0000000679110171
-.740000  -.220000   -0.0000002582655780
-.700000  -.220000   -0.0000003723630388
-.660000  -.220000   -0.0000006549296706
-.620000  -.220000   -0.0000007562521151
-.580000  -.220000   -0.0000010210691381
-.540000  -.220000   -0.0000012802075504
-.500000  -.220000   -0.0000015140267107
-.460000  -.220000   -0.0000017042011533
-.420000  -.220000   -0.0000018388938459
-.380000  -.220000   -0.0000019035237855
-.340000  -.220000   -0.0000018866901473
-.300000  -.220000   -0.0000017741384516
-.260000  -.220000   -0.0000025331521365
-.220000  -.220000   -0.0000022280936619
-.180000  -.220000   -0.0000017626273378
-.140000  -.220000   -0.0000024248862304
-.100000  -.220000   -0.0000015434410024
-.060000  -.220000   -0.0000018581615986
-.020000  -.220000   -0.0000019139575211
0.020000  -.220000   -0.0000016561833216
0.060000  -.220000   -0.0000011404699558
0.100000  -.220000   -0.0000004533589127
0.140000  -.220000   -0.0000007136575127
0.180000  -.220000    0.0000001328652192
0.220000  -.220000    0.0000001599834789
0.260000  -.220000    0.0000003352108240
0.300000  -.220000    0.0000011110606918
0.340000  -.220000    0.0000012969070755
0.380000  -.220000    0.0000015389464469
0.420000  -.220000    0.0000018007320949
0.460000  -.220000    0.0000020650577447
0.500000  -.220000    0.0000023258658014
0.540000  -.220000    0.0000025749088615
0.580000  -.220000    0.0000028031651947
0.620000  -.220000    0.0000030210819249
0.660000  -.220000    0.0000029636203806
0.700000  -.220000    0.0000030973864346
0.740000  -.220000    0.0000029657840057
0.780000  -.220000    0.0000029984783514
0.820000  -.220000    0.0000027214119918
0.860000  -.220000    0.0000023785081111
0.900000  -.220000    0.0000017144218146
0.940000  -.220000    0.0000009139909074
-.860000  -.180000   -0.0000000004614929
-.820000  -.180000   -0.0000000439518486
-.780000  -.180000   -0.0000001010443378
-.740000  -.180000   -0.0000001821087282
-.700000  -.180000   -0.0000003924590628
-.660000  -.180000   -0.0000004926260567
-.620000  -.180000   -0.0000007278770981
-.580000  -.180000   -0.0000009787492485
-.540000  -.180000   -0.0000012263218849
-.500000  -.180000   -0.0000014564500353
-.460000  -.180000   -0.0000016541470848
-.420000  -.180000   -0.0000018093434945
-.380000  -.180000   -0.0000019105178672
-.340000  -.180000   -0.0000019505575276
-.300000  -.180000   -0.0000019115881635
-.260000  -.180000   -0.0000017826532583
-.220000  -.180000   -0.0000015464029130
-.180000  -.180000   -0.0000023461904067
-.140000  -.180000   -0.0000018395459063
-.100000  -.180000   -0.0000011052970124
-.060000  -.180000   -0.0000015181124527
-.020000  -.180000   -0.0000016689111467
0.020000  -.180000   -0.0000014485150280
0.060000  -.180000   -0.0000009227263933
0.100000  -.180000   -0.0000002182917792
0.140000  -.180000   -0.0000004735927184
0.180000  -.180000   -0.0000004400273348
0.220000  -.180000    0.0000003421704759
0.260000  -.180000    0.0000004566818350
0.300000  -.180000    0.0000006416790168
0.340000  -.180000    0.0000008823388100
0.380000  -.180000    0.0000011196234156
0.420000  -.180000    0.0000013386526493
0.460000  -.180000    0.0000015805819263
0.500000  -.180000    0.0000018177901357
0.540000  -.180000    0.0000020428203084
0.580000  -.180000    0.0000022608838543
0.620000  -.180000    0.0000024329511272
0.660000  -.180000    0.0000025921144540
0.700000  -.180000    0.0000025337830874
0.740000  -.180000    0.0000026127981517
0.780000  -.180000    0.0000024591515017
0.820000  -.180000    0.0000022428817523
0.860000  -.180000    0.0000019600559395
0.900000  -.180000    0.0000016389744152
0.940000  -.180000    0.0000009220815422
0.980000  -.180000    0.0000000929570606
-.860000  -.140000   -0.0000000014838473
-.820000  -.140000   -0.0000000159993433
-.780000  -.140000   -0.0000000574601916
-.740000  -.140000   -0.0000001839966556
-.700000  -.140000   -0.0000002661331227
-.660000  -.140000   -0.0000004440194156
-.620000  -.140000   -0.0000006500538798
-.580000  -.140000   -0.0000008704726707
-.540000  -.140000   -0.0000008325491152
-.500000  -.140000   -0.0000009749974528
-.460000  -.140000   -0.0000010922580154
-.420000  -.140000   -0.0000011801449241
-.380000  -.140000   -0.0000012282580232
-.340000  -.140000   -0.0000012323027319
-.300000  -.140000   -0.0000011845256091
-.260000  -.140000   -0.0000018589030261
-.220000  -.140000   -0.0000017497043096
-.180000  -.140000   -0.0000015366738885
-.140000  -.140000   -0.0000011778055838
-.100000  -.140000   -0.0000019570687165
-.060000  -.140000   -0.0000011178113434
-.020000  -.140000   -0.0000013932200819
0.020000  -.140000   -0.0000012121409966
0.060000  -.140000   -0.0000006601028067
0.100000  -.140000   -0.0000009809550270
0.140000  -.140000   -0.0000001750792969
0.180000  -.140000   -0.0000001737657908
0.220000  -.140000   -0.0000000474321558
0.260000  -.140000    0.0000001391308837
0.300000  -.140000    0.0000007186727970
0.340000  -.140000    0.0000008631903235
0.380000  -.140000    0.0000009840843361
0.420000  -.140000    0.0000012631737781
0.460000  -.140000    0.0000014834892599
0.500000  -.140000    0.0000016353516213
0.540000  -.140000    0.0000017550575154
0.580000  -.140000    0.0000017216992510
0.620000  -.140000    0.0000018859514145
0.660000  -.140000    0.0000019987997178
0.700000  -.140000    0.0000021099000038
0.740000  -.140000    0.0000020319132940
0.780000  -.140000    0.0000020789055876
0.820000  -.140000    0.0000019129406580
0.860000  -.140000    0.0000017065909686
0.900000  -.140000    0.0000012807808553
0.940000  -.140000    0.0000008669895335
0.980000  -.140000    0.0000001989523429
-.860000  -.100000   -0.0000000037734687
-.820000  -.100000   -0.0000000213548554
-.780000  -.100000   -0.0000000554478538
-.740000  -.100000   -0.0000001587636791
-.700000  -.100000   -0.0000002165861621
-.660000  -.100000   -0.0000003561487919
-.620000  -.100000   -0.0000005168201334
-.580000  -.100000   -0.0000005265590424
-.540000  -.100000   -0.0000006511896036
-.500000  -.100000   -0.0000007668465491
-.460000  -.100000   -0.0000008659608053
-.420000  -.100000   -0.0000009474173841
-.380000  -.100000   -0.0000010034869920
-.340000  -.100000   -0.0000010338360452
-.300000  -.100000   -0.0000010330561439
-.260000  -.100000   -0.0000009933531423
-.220000  -.100000   -0.0000009074914361
-.180000  -.100000   -0.0000007604353336
-.140000  -.100000   -0.0000015106994333
-.100000  -.100000   -0.0000012239862032
-.060000  -.100000   -0.0000006492825053
-.020000  -.100000   -0.0000010846682795
0.020000  -.100000   -0.0000009496239604
0.060000  -.100000   -0.0000003378286324
0.100000  -.100000   -0.0000005873986870
0.140000  -.100000   -0.0000005385921761
0.180000  -.100000    0.0000001221342577
0.220000  -.100000    0.0000001734765593
0.260000  -.100000    0.0000002742030444
0.300000  -.100000    0.0000004054008849
0.340000  -.100000    0.0000004981835191
0.380000  -.100000    0.0000007587716922
0.420000  -.100000    0.0000008331800435
0.460000  -.100000    0.0000007266163632
0.500000  -.100000    0.0000009134977042
0.540000  -.100000    0.0000012110889060
0.580000  -.100000    0.0000013571819740
0.620000  -.100000    0.0000013292114218
0.660000  -.100000    0.0000014297234926
0.700000  -.100000    0.0000014989683998
0.740000  -.100000    0.0000014560672389
0.780000  -.100000    0.0000014806820093
0.820000  -.100000    0.0000013695862315
0.860000  -.100000    0.0000012218904389
0.900000  -.100000    0.0000010487534325
0.940000  -.100000    0.0000006246111166
0.980000  -.100000    0.0000001857131558
-.860000  -.060000   -0.0000000040790570
-.820000  -.060000   -0.0000000177015379
-.780000  -.060000   -0.0000000398844058
-.740000  -.060000   -0.0000000710433835
-.700000  -.060000   -0.0000001419544348
-.660000  -.060000   -0.0000002314960892
-.620000  -.060000   -0.0000002557615579
-.580000  -.060000   -0.0000003359182539
-.540000  -.060000   -0.0000004163534895
-.500000  -.060000   -0.0000004916224411
-.460000  -.060000   -0.0000005585166008
-.420000  -.060000   -0.0000006170973362
-.380000  -.060000   -0.0000006621917473
-.340000  -.060000   -0.0000006956352268
-.300000  -.060000   -0.0000007133781057
-.260000  -.060000   -0.0000007152446124
-.220000  -.060000   -0.0000006990900993
-.180000  -.060000   -0.0000006602712701
-.140000  -.060000   -0.0000005857807730
-.100000  -.060000   -0.0000004431591525
-.060000  -.060000   -0.0000013256770773
-.020000  -.060000   -0.0000007313762940
0.020000  -.060000   -0.0000006424415882
0.060000  -.060000   -0.0000008836149176
0.100000  -.060000   -0.0000001317240055
0.140000  -.060000   -0.0000001291222271
0.180000  -.060000   -0.0000000696073204
0.220000  -.060000    0.0000000124592382
0.260000  -.060000    0.0000001024795578
0.300000  -.060000    0.0000001972627750
0.340000  -.060000    0.0000002770689885
0.380000  -.060000    0.0000004562200060
0.420000  -.060000    0.0000002261105686
0.460000  -.060000    0.0000008828121255
0.500000  -.060000    0.0000009334791724
0.540000  -.060000    0.0000006254668097
0.580000  -.060000    0.0000008130668294
0.620000  -.060000    0.0000008508699763
0.660000  -.060000    0.0000008587015381
0.700000  -.060000    0.0000008969027143
0.740000  -.060000    0.0000009355302294
0.780000  -.060000    0.0000008866138031
0.820000  -.060000    0.0000008250292156
0.860000  -.060000    0.0000007369767915
0.900000  -.060000    0.0000006295957934
0.940000  -.060000    0.0000004432406775
0.980000  -.060000    0.0000001454865370
-.860000  -.020000   -0.0000000017429352
-.820000  -.020000   -0.0000000067860254
-.780000  -.020000   -0.0000000144414701
-.740000  -.020000   -0.0000000250091059
-.700000  -.020000   -0.0000000494611755
-.660000  -.020000   -0.0000000803816440
-.620000  -.020000   -0.0000000880487762
-.580000  -.020000   -0.0000001156267486
-.540000  -.020000   -0.0000001433577697
-.500000  -.020000   -0.0000001693849655
-.460000  -.020000   -0.0000001930653596
-.420000  -.020000   -0.0000002145331614
-.380000  -.020000   -0.0000002319788750
-.340000  -.020000   -0.0000002462239108
-.300000  -.020000   -0.0000002554075481
-.260000  -.020000   -0.0000002618642819
-.220000  -.020000   -0.0000002659173386
-.180000  -.020000   -0.0000002662809990
-.140000  -.020000   -0.0000002650120377
-.100000  -.020000   -0.0000002663466142
-.060000  -.020000   -0.0000002722244627
-.020000  -.020000   -0.0000002222535527
0.020000  -.020000   -0.0000001945402058
0.060000  -.020000   -0.0000001833257318
0.100000  -.020000   -0.0000001299379192
0.140000  -.020000   -0.0000000881039267
0.180000  -.020000   -0.0000000484515531
0.220000  -.020000   -0.0000000105597140
0.260000  -.020000    0.0000000239280400
0.300000  -.020000    0.0000000571140512
0.340000  -.020000    0.0000000986591367
0.380000  -.020000    0.0000001107213088
0.420000  -.020000    0.0000001793278885
0.460000  -.020000    0.0000002010028990
0.500000  -.020000    0.0000000891697934
0.540000  -.020000    0.0000002928234420
0.580000  -.020000    0.0000002535453098
0.620000  -.020000    0.0000002861658830
0.660000  -.020000    0.0000002859706845
0.700000  -.020000    0.0000002988349871
0.740000  -.020000    0.0000003115451244
0.780000  -.020000    0.0000002952487226
0.820000  -.020000    0.0000002758389332
0.860000  -.020000    0.0000002462811600
0.900000  -.020000    0.0000002104861546
0.940000  -.020000    0.0000001471060848
0.980000  -.020000    0.0000000644393944
-.860000  0.020000    0.0000000017429352
-.820000  0.020000    0.0000000067860254
-.780000  0.020000    0.0000000144414701
-.740000  0.020000    0.0000000250091059
-.700000  0.020000    0.0000000494611755
-.660000  0.020000    0.0000000803816440
-.620000  0.020000    0.0000000880487762
-.580000  0.020000    0.0000001156267486
-.540000  0.020000    0.0000001433577697
-.500000  0.020000    0.0000001693849655
-.460000  0.020000    0.0000001930653596
-.420000  0.020000    0.0000002145331614
-.380000  0.020000    0.0000002319788750
-.340000  0.020000    0.0000002462239108
-.300000  0.020000    0.0000002554075481
-.260000  0.020000    0.0000002618642819
-.220000  0.020000    0.0000002659173386
-.180000  0.020000    0.0000002662809990
-.140000  0.020000    0.0000002650120377
-.100000  0.020000    0.0000002663466142
-.060000  0.020000    0.0000002722244627
-.020000  0.020000    0.0000002222535527
0.020000  0.020000    0.0000001945402058
0.060000  0.020000    0.0000001833257318
0.100000  0.020000    0.0000001299379192
0.140000  0.020000    0.0000000881039267
0.180000  0.020000    0.0000000484515531
0.220000  0.020000    0.0000000105597140
0.260000  0.020000   -0.0000000239280400
0.300000  0.020000   -0.0000000571140512
0.340000  0.020000   -0.0000000986591367
0.380000  0.020000   -0.0000001107213088
0.420000  0.020000   -0.0000001793278885
0.460000  0.020000   -0.0000002010028990
0.500000  0.020000   -0.0000000891697934
0.540000  0.020000   -0.0000002928234420
0.580000  0.020000   -0.0000002535453098
0.620000  0.020000   -0.0000002861658830
0.660000  0.020000   -0.0000002859706845
0.700000  0.020000   -0.0000002988349871
0.740000  0.020000   -0.0000003115451244
0.780000  0.020000   -0.0000002952487226
0.820000  0.020000   -0.0000002758389332
0.860000  0.020000   -0.0000002462811600
0.900000  0.020000   -0.0000002104861546
0.940000  0.020000   -0.0000001471060848
0.980000  0.020000   -0.0000000644393944
-.860000  0.060000    0.0000000040790570
-.820000  0.060000    0.0000000177015379
-.780000  0.060000    0.0000000398844058
-.740000  0.060000    0.0000000710433835
-.700000  0.060000    0.0000001419544348
-.660000  0.060000    0.0000002314960892
-.620000  0.060000    0.0000002557615579
-.580000  0.060000    0.0000003359182539
-.540000  0.060000    0.0000004163534895
-.500000  0.060000    0.0000004916224411
-.460000  0.060000    0.0000005585166008
-.420000  0.060000    0.0000006170973362
-.380000  0.060000    0.0000006621917473
-.340000  0.060000    0.0000006956352268
-.300000  0.060000    0.0000007133781057
-.260000  0.060000    0.0000007152446124
-.220000  0.060000    0.0000006990900993
-.180000  0.060000    0.0000006602712701
-.140000  0.060000    0.0000005857807730
-.100000  0.060000    0.0000004431591525
-.060000  0.060000    0.0000013256770773
-.020000  0.060000    0.0000007313762940
0.020000  0.060000    0.0000006424415882
0.060000  0.060000    0.0000008836149176
0.100000  0.060000    0.0000001317240055
0.140000  0.060000    0.0000001291222271
0.180000  0.060000    0.0000000696073204
0.220000  0.060000   -0.0000000124592382
0.260000  0.060000   -0.0000001024795578
0.300000  0.060000   -0.0000001972627750
0.340000  0.060000   -0.0000002770689885
0.380000  0.060000   -0.0000004562200060
0.420000  0.060000   -0.0000002261105686
0.460000  0.060000   -0.0000008828121255
0.500000  0.060000   -0.0000009334791724
0.540000  0.060000   -0.0000006254668097
0.580000  0.060000   -0.0000008130668294
0.620000  0.060000   -0.0000008508699763
0.660000  0.060000   -0.0000008587015381
0.700000  0.060000   -0.0000008969027143
0.740000  0.060000   -0.0000009355302294
0.780000  0.060000   -0.0000008866138031
0.820000  0.060000   -0.0000008250292156
0.860000  0.060000   -0.0000007369767915
0.900000  0.060000   -0.0000006295957934
0.940000  0.060000   -0.0000004432406775
0.980000  0.060000   -0.0000001454865370
-.860000  0.100000    0.0000000037734687
-.820000  0.100000    0.0000000213548554
-.780000  0.100000    0.0000000554478538
-.740000  0.100000    0.0000001587636791
-.700000  0.100000    0.0000002165861621
-.660000  0.100000    0.0000003561487919
-.620000  0.100000    0.0000005168201334
-.580000  0.100000    0.0000005265590424
-.540000  0.100000    0.0000006511896036
-.500000  0.100000    0.0000007668465491
-.460000  0.100000    0.0000008659608053
-.420000  0.100000    0.0000009474173841
-.380000  0.100000    0.0000010034869920
-.340000  0.100000    0.0000010338360452
-.300000  0.100000    0.0000010330561439
-.260000  0.100000    0.0000009933531423
-.220000  0.100000    0.0000009074914361
-.180000  0.100000    0.0000007604353336
-.140000  0.100000    0.0000015106994333
-.100000  0.100000    0.0000012239862032
-.060000  0.100000    0.0000006492825053
-.020000  0.100000    0.0000010846682795
0.020000  0.100000    0.0000009496239604
0.060000  0.100000    0.0000003378286324
0.100000  0.100000    0.0000005873986870
0.140000  0.100000    0.0000005385921761
0.180000  0.100000   -0.0000001221342577
0.220000  0.100000   -0.0000001734765593
0.260000  0.100000   -0.0000002742030444
0.300000  0.100000   -0.0000004054008849
0.340000  0.100000   -0.0000004981835191
0.380000  0.100000   -0.0000007587716922
0.420000  0.100000   -0.0000008331800435
0.460000  0.100000   -0.0000007266163632
0.500000  0.100000   -0.0000009134977042
0.540000  0.100000   -0.0000012110889060
0.580000  0.100000   -0.0000013571819740
0.620000  0.100000   -0.0000013292114218
0.660000  0.100000   -0.0000014297234926
0.700000  0.100000   -0.0000014989683998
0.740000  0.100000   -0.0000014560672389
0.780000  0.100000   -0.0000014806820093
0.820000  0.100000   -0.0000013695862315
0.860000  0.100000   -0.0000012218904389
0.900000  0.100000   -0.0000010487534325
0.940000  0.100000   -0.0000006246111166
0.980000  0.100000   -0.0000001857131558
-.860000  0.140000    0.0000000014838473
-.820000  0.140000    0.0000000159993433
-.780000  0.140000    0.0000000574601916
-.740000  0.140000    0.0000001839966556
-.700000  0.140000    0.0000002661331227
-.660000  0.140000    0.0000004440194156
-.620000  0.140000    0.0000006500538798
-.580000  0.140000    0.0000008704726707
-.540000  0.140000    0.0000008325491152
-.500000  0.140000    0.0000009749974528
-.460000  0.140000    0.0000010922580154
-.420000  0.140000    0.0000011801449241
-.380000  0.140000    0.0000012282580232
-.340000  0.140000    0.0000012323027319
-.300000  0.140000    0.0000011845256091
-.260000  0.140000    0.0000018589030261
-.220000  0.140000    0.0000017497043096
-.180000  0.140000    0.0000015366738885
-.140000  0.140000    0.0000011778055838
-.100000  0.140000    0.0000019570687165
-.060000  0.140000    0.0000011178113434
-.020000  0.140000    0.0000013932200819
0.020000  0.140000    0.0000012121409966
0.060000  0.140000    0.0000006601028067
0.100000  0.140000    0.0000009809550270
0.140000  0.140000    0.0000001750792969
0.180000  0.140000    0.0000001737657908
0.220000  0.140000    0.0000000474321558
0.260000  0.140000   -0.0000001391308837
0.300000  0.140000   -0.0000007186727970
0.340000  0.140000   -0.0000008631903235
0.380000  0.140000   -0.0000009840843361
0.420000  0.140000   -0.0000012631737781
0.460000  0.140000   -0.0000014834892599
0.500000  0.140000   -0.0000016353516213
0.540000  0.140000   -0.0000017550575154
0.580000  0.140000   -0.0000017216992510
0.620000  0.140000   -0.0000018859514145
0.660000  0.140000   -0.0000019987997178
0.700000  0.140000   -0.0000021099000038
0.740000  0.140000   -0.0000020319132940
0.780000  0.140000   -0.0000020789055876
0.820000  0.140000   -0.0000019129406580
0.860000  0.140000   -0.0000017065909686
0.900000  0.140000   -0.0000012807808553
0.940000  0.140000   -0.0000008669895335
0.980000  0.140000   -0.0000001989523429
-.860000  0.180000    0.0000000004614929
-.820000  0.180000    0.0000000439518486
-.780000  0.180000    0.0000001010443378
-.740000  0.180000    0.0000001821087282
-.700000  0.180000    0.0000003924590628
-.660000  0.180000    0.0000004926260567
-.620000  0.180000    0.0000007278770981
-.580000  0.180000    0.0000009787492485
-.540000  0.180000    0.0000012263218849
-.500000  0.180000    0.0000014564500353
-.460000  0.180000    0.0000016541470848
-.420000  0.180000    0.0000018093434945
-.380000  0.180000    0.0000019105178672
-.340000  0.180000    0.0000019505575276
-.300000  0.180000    0.0000019115881635
-.260000  0.180000    0.0000017826532583
-.220000  0.180000    0.0000015464029130
-.180000  0.180000    0.0000023461904067
-.140000  0.180000    0.0000018395459063
-.100000  0.180000    0.0000011052970124
-.060000  0.180000    0.0000015181124527
-.020000  0.180000    0.0000016689111467
0.020000  0.180000    0.0000014485150280
0.060000  0.180000    0.0000009227263933
0.100000  0.180000    0.0000002182917792
0.140000  0.180000    0.0000004735927184
0.180000  0.180000    0.0000004400273348
0.220000  0.180000   -0.0000003421704759
0.260000  0.180000   -0.0000004566818350
0.300000  0.180000   -0.0000006416790168
0.340000  0.180000   -0.0000008823388100
0.380000  0.180000   -0.0000011196234156
0.420000  0.180000   -0.0000013386526493
0.460000  0.180000   -0.0000015805819263
0.500000  0.180000   -0.0000018177901357
0.540000  0.180000   -0.0000020428203084
0.580000  0.180000   -0.0000022608838543
0.620000  0.180000   -0.0000024329511272
0.660000  0.180000   -0.0000025921144540
0.700000  0.180000   -0.0000025337830874
0.740000  0.180000   -0.0000026127981517
0.780000  0.180000   -0.0000024591515017
0.820000  0.180000   -0.0000022428817523
0.860000  0.180000   -0.0000019600559395
0.900000  0.180000   -0.0000016389744152
0.940000  0.180000   -0.0000009220815422
0.980000  0.180000   -0.0000000929570606
-.820000  0.220000    0.0000000183506689
-.780000  0.220000    0.0000000679110171
-.740000  0.220000    0.0000002582655780
-.700000  0.220000    0.0000003723630388
-.660000  0.220000    0.0000006549296706
-.620000  0.220000    0.0000007562521151
-.580000  0.220000    0.0000010210691381
-.540000  0.220000    0.0000012802075504
-.500000  0.220000    0.0000015140267107
-.460000  0.220000    0.0000017042011533
-.420000  0.220000    0.0000018388938459
-.380000  0.220000    0.0000019035237855
-.340000  0.220000    0.0000018866901473
-.300000  0.220000    0.0000017741384516
-.260000  0.220000    0.0000025331521365
-.220000  0.220000    0.0000022280936619
-.180000  0.220000    0.0000017626273378
-.140000  0.220000    0.0000024248862304
-.100000  0.220000    0.0000015434410024
-.060000  0.220000    0.0000018581615986
-.020000  0.220000    0.0000019139575211
0.020000  0.220000    0.0000016561833216
0.060000  0.220000    0.0000011404699558
0.100000  0.220000    0.0000004533589127
0.140000  0.220000    0.0000007136575127
0.180000  0.220000   -0.0000001328652192
0.220000  0.220000   -0.0000001599834789
0.260000  0.220000   -0.0000003352108240
0.300000  0.220000   -0.0000011110606918
0.340000  0.220000   -0.0000012969070755
0.380000  0.220000   -0.0000015389464469
0.420000  0.220000   -0.0000018007320949
0.460000  0.220000   -0.0000020650577447
0.500000  0.220000   -0.0000023258658014
0.540000  0.220000   -0.0000025749088615
0.580000  0.220000   -0.0000028031651947
0.620000  0.220000   -0.0000030210819249
0.660000  0.220000   -0.0000029636203806
0.700000  0.220000   -0.0000030973864346
0.740000  0.220000   -0.0000029657840057
0.780000  0.220000   -0.0000029984783514
0.820000  0.220000   -0.0000027214119918
0.860000  0.220000   -0.0000023785081111
0.900000  0.220000   -0.0000017144218146
0.940000  0.220000   -0.0000009139909074
-.820000  0.260000    0.0000000340157189
-.780000  0.260000    0.0000000958966465
-.740000  0.260000    0.0000001907817087
-.700000  0.260000    0.0000004670914045
-.660000  0.260000    0.0000006017725593
-.620000  0.260000    0.0000009291525096
-.580000  0.260000    0.0000012793283318
-.540000  0.260000    0.0000016251934861
-.500000  0.260000    0.0000019411871015
-.460000  0.260000    0.0000022053596351
-.420000  0.260000    0.0000023968409284
-.380000  0.260000    0.0000024984993881
-.340000  0.260000    0.0000024953551469
-.300000  0.260000    0.0000023715219239
-.260000  0.260000    0.0000021152992786
-.220000  0.260000    0.0000028604113779
-.180000  0.260000    0.0000022979041386
-.140000  0.260000    0.0000029173971210
-.100000  0.260000    0.0000019203241835
-.060000  0.260000    0.0000021472603986
-.020000  0.260000    0.0000021260008259
0.020000  0.260000    0.0000018348379849
0.060000  0.260000    0.0000013178251193
0.100000  0.260000    0.0000006395614501
0.140000  0.260000    0.0000008977455221
0.180000  0.260000    0.0000000432705685
0.220000  0.260000   -0.0000000196321287
0.260000  0.260000   -0.0000008828786148
0.300000  0.260000   -0.0000010499692061
0.340000  0.260000   -0.0000013034704139
0.380000  0.260000   -0.0000016020967364
0.420000  0.260000   -0.0000019189096116
0.460000  0.260000   -0.0000022396096300
0.500000  0.260000   -0.0000025488206924
0.540000  0.260000   -0.0000028348837430
0.580000  0.260000   -0.0000030965107725
0.620000  0.260000   -0.0000033261871912
0.660000  0.260000   -0.0000035237824957
0.700000  0.260000   -0.0000034125091014
0.740000  0.260000   -0.0000034927807268
0.780000  0.260000   -0.0000032354090800
0.820000  0.260000   -0.0000028900876517
0.860000  0.260000   -0.0000024635314376
0.900000  0.260000   -0.0000017060503662
0.940000  0.260000   -0.0000006695665230
-.820000  0.300000    0.0000000025639720
-.780000  0.300000    0.0000000294852081
-.740000  0.300000    0.0000002231256871
-.700000  0.300000    0.0000003556916346
-.660000  0.300000    0.0000006926220032
-.620000  0.300000    0.0000008371083928
-.580000  0.300000    0.0000011732086461
-.540000  0.300000    0.0000015029734801
-.500000  0.300000    0.0000017986301933
-.460000  0.300000    0.0000020337095812
-.420000  0.300000    0.0000021888755417
-.380000  0.300000    0.0000022432926462
-.340000  0.300000    0.0000030667588407
-.300000  0.300000    0.0000029276020334
-.260000  0.300000    0.0000026325867429
-.220000  0.300000    0.0000021742207877
-.180000  0.300000    0.0000027563754682
-.140000  0.300000    0.0000019217873835
-.100000  0.300000    0.0000022342969818
-.060000  0.300000    0.0000023828211424
-.020000  0.300000    0.0000022993047486
0.020000  0.300000    0.0000019791720983
0.060000  0.300000    0.0000014569255907
0.100000  0.300000    0.0000007809105498
0.140000  0.300000   -0.0000000032971141
0.180000  0.300000    0.0000001729776526
0.220000  0.300000   -0.0000007333123584
0.260000  0.300000   -0.0000008011240568
0.300000  0.300000   -0.0000010176471345
0.340000  0.300000   -0.0000013277620021
0.380000  0.300000   -0.0000021412004702
0.420000  0.300000   -0.0000024324765611
0.460000  0.300000   -0.0000027457338945
0.500000  0.300000   -0.0000030622903677
0.540000  0.300000   -0.0000033682334590
0.580000  0.300000   -0.0000036528352645
0.620000  0.300000   -0.0000039151756039
0.660000  0.300000   -0.0000037907014902
0.700000  0.300000   -0.0000039411630080
0.740000  0.300000   -0.0000037047450980
0.780000  0.300000   -0.0000037306607845
0.820000  0.300000   -0.0000033163354715
0.860000  0.300000   -0.0000024553514493
0.900000  0.300000   -0.0000016303492936
0.940000  0.300000   -0.0000004371237065
-.820000  0.340000    0.0000000022009692
-.780000  0.340000    0.0000000291775507
-.740000  0.340000    0.0000001050747547
-.700000  0.340000    0.0000003729870574
-.660000  0.340000    0.0000005370298411
-.620000  0.340000    0.0000009022423250
-.580000  0.340000    0.0000013039523331
-.540000  0.340000    0.0000017023008834
-.500000  0.340000    0.0000020637850097
-.460000  0.340000    0.0000023562971805
-.420000  0.340000    0.0000025538413314
-.380000  0.340000    0.0000026368353900
-.340000  0.340000    0.0000025878587009
-.300000  0.340000    0.0000033969316660
-.260000  0.340000    0.0000030709878745
-.220000  0.340000    0.0000025677351503
-.180000  0.340000    0.0000031229261862
-.140000  0.340000    0.0000022307242220
-.100000  0.340000    0.0000024809741651
-.060000  0.340000    0.0000025654001929
-.020000  0.340000    0.0000024325644132
0.020000  0.340000    0.0000020883905104
0.060000  0.340000    0.0000015580906320
0.100000  0.340000    0.0000008824725939
0.140000  0.340000    0.0000001015527094
0.180000  0.340000    0.0000002597308065
0.220000  0.340000   -0.0000006538962879
0.260000  0.340000   -0.0000007549412680
0.300000  0.340000   -0.0000010146953187
0.340000  0.340000   -0.0000019089038864
0.380000  0.340000   -0.0000021955977263
0.420000  0.340000   -0.0000025322511971
0.460000  0.340000   -0.0000028870885018
0.500000  0.340000   -0.0000032355266520
0.540000  0.340000   -0.0000035622759576
0.580000  0.340000   -0.0000038596361547
0.620000  0.340000   -0.0000041199101021
0.660000  0.340000   -0.0000043478857611
0.700000  0.340000   -0.0000041140508789
0.740000  0.340000   -0.0000042065983730
0.780000  0.340000   -0.0000037989662858
0.820000  0.340000   -0.0000033121645271
0.860000  0.340000   -0.0000023568691791
0.900000  0.340000   -0.0000012010823160
0.940000  0.340000   -0.0000000606147702
-.780000  0.380000    0.0000000233523153
-.740000  0.380000    0.0000000830743699
-.700000  0.380000    0.0000003629524842
-.660000  0.380000    0.0000005211488413
-.620000  0.380000    0.0000009267952268
-.580000  0.380000    0.0000013809088430
-.540000  0.380000    0.0000018373389361
-.500000  0.380000    0.0000022557503631
-.460000  0.380000    0.0000025979840556
-.420000  0.380000    0.0000028359163820
-.380000  0.380000    0.0000029465217232
-.340000  0.380000    0.0000029109315455
-.300000  0.380000    0.0000027169502069
-.260000  0.380000    0.0000034056913196
-.220000  0.380000    0.0000028765858122
-.180000  0.380000    0.0000033898469513
-.140000  0.380000    0.0000024654983298
-.100000  0.380000    0.0000026634505449
-.060000  0.380000    0.0000026919523391
-.020000  0.380000    0.0000025212197614
0.020000  0.380000    0.0000021565457981
0.060000  0.380000    0.0000016185623006
0.100000  0.380000    0.0000009430297146
0.140000  0.380000    0.0000001644942267
0.180000  0.380000    0.0000003069038382
0.220000  0.380000   -0.0000006122841878
0.260000  0.380000   -0.0000007398341119
0.300000  0.380000   -0.0000016990695493
0.340000  0.380000   -0.0000019382764423
0.380000  0.380000   -0.0000022634527711
0.420000  0.380000   -0.0000026333607945
0.460000  0.380000   -0.0000030183930116
0.500000  0.380000   -0.0000033891450028
0.540000  0.380000   -0.0000037299255208
0.580000  0.380000   -0.0000040271858783
0.620000  0.380000   -0.0000042770478830
0.660000  0.380000   -0.0000044838613810
0.700000  0.380000   -0.0000042111622434
0.740000  0.380000   -0.0000042558099212
0.780000  0.380000   -0.0000037750585447
0.820000  0.380000   -0.0000032203497475
0.860000  0.380000   -0.0000021953702665
0.900000  0.380000   -0.0000007850650819
-.780000  0.420000    0.0000000124934621
-.740000  0.420000    0.0000000503544414
-.700000  0.420000    0.0000001499838056
-.660000  0.420000    0.0000004653383366
-.620000  0.420000    0.0000008941114954
-.580000  0.420000    0.0000010484263987
-.540000  0.420000    0.0000014508412767
-.500000  0.420000    0.0000018229184956
-.460000  0.420000    0.0000021256446332
-.420000  0.420000    0.0000023288625357
-.380000  0.420000    0.0000031481564667
-.340000  0.420000    0.0000031284931925
-.300000  0.420000    0.0000029429060318
-.260000  0.420000    0.0000036264237341
-.220000  0.420000    0.0000030851751337
-.180000  0.420000    0.0000035582694283
-.140000  0.420000    0.0000026256886319
-.100000  0.420000    0.0000027740209495
-.060000  0.420000    0.0000027601826143
-.020000  0.420000    0.0000025600294655
0.020000  0.420000    0.0000021793012881
0.060000  0.420000    0.0000016370148764
0.100000  0.420000    0.0000009643501710
0.140000  0.420000    0.0000001863827117
0.180000  0.420000    0.0000003161699772
0.220000  0.420000   -0.0000006068876119
0.260000  0.420000   -0.0000007507585696
0.300000  0.420000   -0.0000017200410249
0.340000  0.420000   -0.0000019824349955
0.380000  0.420000   -0.0000023321717678
0.420000  0.420000   -0.0000032762974932
0.460000  0.420000   -0.0000036059035992
0.500000  0.420000   -0.0000039490255208
0.540000  0.420000   -0.0000042817025281
0.580000  0.420000   -0.0000045903226422
0.620000  0.420000   -0.0000043734282134
0.660000  0.420000   -0.0000045487683620
0.700000  0.420000   -0.0000046891283364
0.740000  0.420000   -0.0000042143528973
0.780000  0.420000   -0.0000036588807854
0.820000  0.420000   -0.0000025718175840
0.860000  0.420000   -0.0000015854826257
0.900000  0.420000   -0.0000001867810131
-.740000  0.460000    0.0000000147114026
-.700000  0.460000    0.0000002381760231
-.660000  0.460000    0.0000003702201539
-.620000  0.460000    0.0000007963111009
-.580000  0.460000    0.0000009553629336
-.540000  0.460000    0.0000013845723960
-.500000  0.460000    0.0000017925203080
-.460000  0.460000    0.0000021335926234
-.420000  0.460000    0.0000023754411742
-.380000  0.460000    0.0000032230719432
-.340000  0.460000    0.0000032283119202
-.300000  0.460000    0.0000030606310547
-.260000  0.460000    0.0000037262011313
-.220000  0.460000    0.0000031950358208
-.180000  0.460000    0.0000036268332569
-.140000  0.460000    0.0000027050932351
-.100000  0.460000    0.0000028145395353
-.060000  0.460000    0.0000027667691225
-.020000  0.460000    0.0000025456488735
0.020000  0.460000    0.0000021559491378
0.060000  0.460000    0.0000016143192686
0.100000  0.460000    0.0000009445163700
0.140000  0.460000    0.0000001690440173
0.180000  0.460000    0.0000002911037830
0.220000  0.460000   -0.0000006331723095
0.260000  0.460000   -0.0000007843481219
0.300000  0.460000   -0.0000017621553655
0.340000  0.460000   -0.0000020361538671
0.380000  0.460000   -0.0000023985894597
0.420000  0.460000   -0.0000033529675083
0.460000  0.460000   -0.0000036895291402
0.500000  0.460000   -0.0000040347237826
0.540000  0.460000   -0.0000043624264536
0.580000  0.460000   -0.0000046580045372
0.620000  0.460000   -0.0000043918840614
0.660000  0.460000   -0.0000045331841170
0.700000  0.460000   -0.0000041160389168
0.740000  0.460000   -0.0000040901381502
0.780000  0.460000   -0.0000034776400401
0.820000  0.460000   -0.0000023150752796
0.860000  0.460000   -0.0000007240717732
-.740000  0.500000    0.0000000558011467
-.700000  0.500000    0.0000001354278183
-.660000  0.500000    0.0000002397462621
-.620000  0.500000    0.0000006346177938
-.580000  0.500000    0.0000007979032800
-.540000  0.500000    0.0000012355696729
-.500000  0.500000    0.0000016647298701
-.460000  0.500000    0.0000020367682420
-.420000  0.500000    0.0000023130708218
-.380000  0.500000    0.0000031659920030
-.340000  0.500000    0.0000032032464175
-.300000  0.500000    0.0000030638214227
-.260000  0.500000    0.0000037048351967
-.220000  0.500000    0.0000032001993069
-.180000  0.500000    0.0000035954283087
-.140000  0.500000    0.0000027049457563
-.100000  0.500000    0.0000027814269064
-.060000  0.500000    0.0000027103268187
-.020000  0.500000    0.0000024751581801
0.020000  0.500000    0.0000020831115981
0.060000  0.500000    0.0000015438010418
0.100000  0.500000    0.0000008815774292
0.140000  0.500000    0.0000001125792908
0.180000  0.500000    0.0000002329506634
0.220000  0.500000   -0.0000006891656773
0.260000  0.500000   -0.0000008385558153
0.300000  0.500000   -0.0000018222465947
0.340000  0.500000   -0.0000020944918831
0.380000  0.500000   -0.0000024544373375
0.420000  0.500000   -0.0000034220521539
0.460000  0.500000   -0.0000037540116350
0.500000  0.500000   -0.0000040874586992
0.540000  0.500000   -0.0000043990140357
0.580000  0.500000   -0.0000046728913135
0.620000  0.500000   -0.0000043315653772
0.660000  0.500000   -0.0000044389199816
0.700000  0.500000   -0.0000039236790983
0.740000  0.500000   -0.0000033152381882
0.780000  0.500000   -0.0000026517774269
0.820000  0.500000   -0.0000016201737235
0.860000  0.500000    0.0000000327883441
-.700000  0.540000    0.0000000392808493
-.660000  0.540000    0.0000000969003781
-.620000  0.540000    0.0000004253747287
-.580000  0.540000    0.0000005846619966
-.540000  0.540000    0.0000010083011428
-.500000  0.540000    0.0000014428859275
-.460000  0.540000    0.0000018355219702
-.420000  0.540000    0.0000021414137757
-.380000  0.540000    0.0000029764136151
-.340000  0.540000    0.0000030502079030
-.300000  0.540000    0.0000029535871362
-.260000  0.540000    0.0000035641529874
-.220000  0.540000    0.0000031023902276
-.180000  0.540000    0.0000034650650954
-.140000  0.540000    0.0000026244935511
-.100000  0.540000    0.0000026768864481
-.060000  0.540000    0.0000025883932825
-.020000  0.540000    0.0000023477692073
0.020000  0.540000    0.0000019573080100
0.060000  0.540000    0.0000014258380403
0.100000  0.540000    0.0000007748393978
0.140000  0.540000    0.0000000158036181
0.180000  0.540000    0.0000001390487435
0.220000  0.540000   -0.0000007766379389
0.260000  0.540000   -0.0000009116544594
0.300000  0.540000   -0.0000018989695510
0.340000  0.540000   -0.0000021573210967
0.380000  0.540000   -0.0000024980370962
0.420000  0.540000   -0.0000034814056295
0.460000  0.540000   -0.0000037957243726
0.500000  0.540000   -0.0000041061314147
0.540000  0.540000   -0.0000043896286012
0.580000  0.540000   -0.0000046384112434
0.620000  0.540000   -0.0000041904380612
0.660000  0.540000   -0.0000042780387253
0.700000  0.540000   -0.0000036682192946
0.740000  0.540000   -0.0000030129425076
0.780000  0.540000   -0.0000018461282100
0.820000  0.540000   -0.0000003806851209
-.700000  0.580000    0.0000000483305327
-.660000  0.580000    0.0000001206966415
-.620000  0.580000    0.0000001986594665
-.580000  0.580000    0.0000005811038572
-.540000  0.580000    0.0000007213109505
-.500000  0.580000    0.0000011398942256
-.460000  0.580000    0.0000015380899396
-.420000  0.580000    0.0000018681478541
-.380000  0.580000    0.0000026623945784
-.340000  0.580000    0.0000027790951044
-.300000  0.580000    0.0000027305088149
-.260000  0.580000    0.0000033087144028
-.220000  0.580000    0.0000029052557144
-.180000  0.580000    0.0000032389334507
-.140000  0.580000    0.0000034639801007
-.100000  0.580000    0.0000024951248801
-.060000  0.580000    0.0000023976968826
-.020000  0.580000    0.0000021592336794
0.020000  0.580000    0.0000017756121365
0.060000  0.580000    0.0000012580007369
0.100000  0.580000    0.0000006221307110
0.140000  0.580000    0.0000008387087889
0.180000  0.580000    0.0000000101261368
0.220000  0.580000   -0.0000008950950105
0.260000  0.580000   -0.0000010045593927
0.300000  0.580000   -0.0000019924421791
0.340000  0.580000   -0.0000022232431116
0.380000  0.580000   -0.0000025307220536
0.420000  0.580000   -0.0000035335242722
0.460000  0.580000   -0.0000038176213378
0.500000  0.580000   -0.0000040946506803
0.540000  0.580000   -0.0000043460300314
0.580000  0.580000   -0.0000038908130591
0.620000  0.580000   -0.0000039958396448
0.660000  0.580000   -0.0000034111786578
0.700000  0.580000   -0.0000027661265696
0.740000  0.580000   -0.0000021376683031
0.780000  0.580000   -0.0000007663498547
-.660000  0.620000   -0.0000000012961031
-.620000  0.620000    0.0000001895614791
-.580000  0.620000    0.0000002660312365
-.540000  0.620000    0.0000006610735135
-.500000  0.620000    0.0000011130979085
-.460000  0.620000    0.0000015607677212
-.420000  0.620000    0.0000019504338230
-.380000  0.620000    0.0000022422908313
-.340000  0.620000    0.0000024008426665
-.300000  0.620000    0.0000024076630865
-.260000  0.620000    0.0000029470414590
-.220000  0.620000    0.0000026131381865
-.180000  0.620000    0.0000029222527560
-.140000  0.620000    0.0000031297937917
-.100000  0.620000    0.0000032018042164
-.060000  0.620000    0.0000021414126338
-.020000  0.620000    0.0000019084060316
0.020000  0.620000    0.0000015384797976
0.060000  0.620000    0.0000010380600791
0.100000  0.620000    0.0000013688674747
0.140000  0.620000    0.0000006491732326
0.180000  0.620000   -0.0000001576003379
0.220000  0.620000   -0.0000010479425929
0.260000  0.620000   -0.0000011224273762
0.300000  0.620000   -0.0000021084422694
0.340000  0.620000   -0.0000022978288810
0.380000  0.620000   -0.0000025572075040
0.420000  0.620000   -0.0000028488669797
0.460000  0.620000   -0.0000031291103837
0.500000  0.620000   -0.0000033684879164
0.540000  0.620000   -0.0000035549388854
0.580000  0.620000   -0.0000036895983683
0.620000  0.620000   -0.0000031145946791
0.660000  0.620000   -0.0000031384067969
0.700000  0.620000   -0.0000018635574134
0.740000  0.620000   -0.0000009120857880
0.780000  0.620000    0.0000002984670722
-.620000  0.660000   -0.0000000068461371
-.580000  0.660000    0.0000002032843486
-.540000  0.660000    0.0000002705456502
-.500000  0.660000    0.0000006417721896
-.460000  0.660000    0.0000010469298434
-.420000  0.660000    0.0000014277426477
-.380000  0.660000    0.0000017350900158
-.340000  0.660000    0.0000019345434351
-.300000  0.660000    0.0000025787022250
-.260000  0.660000    0.0000024916997514
-.220000  0.660000    0.0000029587899416
-.180000  0.660000    0.0000025209893766
-.140000  0.660000    0.0000027140898916
-.100000  0.660000    0.0000027894899129
-.060000  0.660000    0.0000027256205067
-.020000  0.660000    0.0000025144096047
0.020000  0.660000    0.0000021664891644
0.060000  0.660000    0.0000016914560798
0.100000  0.660000    0.0000011011886520
0.140000  0.660000    0.0000004118328462
0.180000  0.660000   -0.0000003692630845
0.220000  0.660000   -0.0000003720502991
0.260000  0.660000   -0.0000012704581794
0.300000  0.660000   -0.0000014246644273
0.340000  0.660000   -0.0000023932489883
0.380000  0.660000   -0.0000025928560915
0.420000  0.660000   -0.0000028236674395
0.460000  0.660000   -0.0000030447511678
0.500000  0.660000   -0.0000032352698100
0.540000  0.660000   -0.0000033912632284
0.580000  0.660000   -0.0000027935046054
0.620000  0.660000   -0.0000028576659890
0.660000  0.660000   -0.0000015921416100
0.700000  0.660000   -0.0000006412234008
0.740000  0.660000    0.0000000945805461
-.620000  0.700000    0.0000000293979473
-.580000  0.700000    0.0000001259644730
-.540000  0.700000    0.0000001425777487
-.500000  0.700000    0.0000004749864035
-.460000  0.700000    0.0000008710295761
-.420000  0.700000    0.0000008708178618
-.380000  0.700000    0.0000016046585895
-.340000  0.700000    0.0000018512483283
-.300000  0.700000    0.0000019779638252
-.260000  0.700000    0.0000025664316205
-.220000  0.700000    0.0000023885986731
-.180000  0.700000    0.0000027493365487
-.140000  0.700000    0.0000022240664983
-.100000  0.700000    0.0000023033602848
-.060000  0.700000    0.0000022563301171
-.020000  0.700000    0.0000020748193276
0.020000  0.700000    0.0000017627851059
0.060000  0.700000    0.0000013271953088
0.100000  0.700000    0.0000007764834520
0.140000  0.700000    0.0000001220112419
0.180000  0.700000    0.0000002191229380
0.220000  0.700000   -0.0000005799381031
0.260000  0.700000   -0.0000006673359554
0.300000  0.700000   -0.0000015495591538
0.340000  0.700000   -0.0000017083380004
0.380000  0.700000   -0.0000019093244970
0.420000  0.700000   -0.0000028336548354
0.460000  0.700000   -0.0000022844260879
0.500000  0.700000   -0.0000024089245723
0.540000  0.700000   -0.0000025026162970
0.580000  0.700000   -0.0000018975540979
0.620000  0.700000   -0.0000013294662389
0.660000  0.700000   -0.0000004120824388
0.700000  0.700000    0.0000003775556814
-.580000  0.740000    0.0000000271864929
-.540000  0.740000    0.0000000310544346
-.500000  0.740000    0.0000002758330322
-.460000  0.740000    0.0000002775374769
-.420000  0.740000    0.0000005950645033
-.380000  0.740000    0.0000009069705963
-.340000  0.740000    0.0000011647555167
-.300000  0.740000    0.0000018025460046
-.260000  0.740000    0.0000018506047443
-.220000  0.740000    0.0000023487626771
-.180000  0.740000    0.0000020923645215
-.140000  0.740000    0.0000023421622713
-.100000  0.740000    0.0000024744331145
-.060000  0.740000    0.0000017190563624
-.020000  0.740000    0.0000015669524379
0.020000  0.740000    0.0000012916156671
0.060000  0.740000    0.0000008979725139
0.100000  0.740000    0.0000011904956926
0.140000  0.740000    0.0000006009445067
0.180000  0.740000   -0.0000000794010760
0.220000  0.740000   -0.0000000669461208
0.260000  0.740000   -0.0000008574591550
0.300000  0.740000   -0.0000009518424113
0.340000  0.740000   -0.0000018207614691
0.380000  0.740000   -0.0000019397239388
0.420000  0.740000   -0.0000020709757325
0.460000  0.740000   -0.0000021977823995
0.500000  0.740000   -0.0000015953292702
0.540000  0.740000   -0.0000016827445692
0.580000  0.740000   -0.0000011505253575
0.620000  0.740000   -0.0000002769526791
0.660000  0.740000    0.0000003147815328
-.540000  0.780000    0.0000000391934084
-.500000  0.780000    0.0000000752069561
-.460000  0.780000    0.0000000300862926
-.420000  0.780000    0.0000002738292247
-.380000  0.780000    0.0000005541455181
-.340000  0.780000    0.0000008123823280
-.300000  0.780000    0.0000010081069165
-.260000  0.780000    0.0000015699202471
-.220000  0.780000    0.0000015475273836
-.180000  0.780000    0.0000019415590926
-.140000  0.780000    0.0000016211969217
-.100000  0.780000    0.0000017643289397
-.060000  0.780000    0.0000017956607725
-.020000  0.780000    0.0000017047958418
0.020000  0.780000    0.0000014919071902
0.060000  0.780000    0.0000011613920771
0.100000  0.780000    0.0000007219913061
0.140000  0.780000    0.0000001805341993
0.180000  0.780000    0.0000003164053409
0.220000  0.780000   -0.0000003673641447
0.260000  0.780000   -0.0000003669228499
0.300000  0.780000   -0.0000011520972788
0.340000  0.780000   -0.0000012082507240
0.380000  0.780000   -0.0000012903186054
0.420000  0.780000   -0.0000013850340789
0.460000  0.780000   -0.0000014995224341
0.500000  0.780000   -0.0000009086769217
0.540000  0.780000   -0.0000004708910143
0.580000  0.780000    0.0000001836949191
0.620000  0.780000    0.0000005685718294
-.500000  0.820000    0.0000000033766866
-.460000  0.820000    0.0000000478336102
-.420000  0.820000    0.0000002566180953
-.380000  0.820000    0.0000001562826137
-.340000  0.820000    0.0000003760693197
-.300000  0.820000    0.0000005705459549
-.260000  0.820000    0.0000011300365007
-.220000  0.820000    0.0000011632296280
-.180000  0.820000    0.0000015939648910
-.140000  0.820000    0.0000013696913457
-.100000  0.820000    0.0000015701179737
-.060000  0.820000    0.0000016618200404
-.020000  0.820000    0.0000016353342473
0.020000  0.820000    0.0000014908194805
0.060000  0.820000    0.0000012350745323
0.100000  0.820000    0.0000008751222184
0.140000  0.820000    0.0000004151107768
0.180000  0.820000    0.0000005680217065
0.220000  0.820000   -0.0000000286157767
0.260000  0.820000    0.0000000060739673
0.300000  0.820000   -0.0000007022062649
0.340000  0.820000   -0.0000007258979248
0.380000  0.820000   -0.0000007865135005
0.420000  0.820000   -0.0000002075320130
0.460000  0.820000   -0.0000003692702010
0.500000  0.820000   -0.0000000820539878
0.540000  0.820000    0.0000007005810182
-.420000  0.860000    0.0000001193406500
-.380000  0.860000    0.0000000579312074
-.340000  0.860000    0.0000002368879134
-.300000  0.860000    0.0000004191452118
-.260000  0.860000    0.0000005575799799
-.220000  0.860000    0.0000006264567234
-.180000  0.860000    0.0000010650836821
-.140000  0.860000    0.0000009237754701
-.100000  0.860000    0.0000011706394762
-.060000  0.860000    0.0000013202219106
-.020000  0.860000    0.0000013603883556
0.020000  0.860000    0.0000012896658945
0.060000  0.860000    0.0000011120092322
0.100000  0.860000    0.0000008318502118
0.140000  0.860000    0.0000004519226426
0.180000  0.860000    0.0000006488355651
0.220000  0.860000    0.0000001204897984
0.260000  0.860000    0.0000001985976804
0.300000  0.860000    0.0000002173067453
0.340000  0.860000    0.0000001786384422
0.380000  0.860000    0.0000000542674683
0.420000  0.860000    0.0000004068887834
0.460000  0.860000    0.0000008872816679
0.500000  0.860000    0.0000006792825773
-.380000  0.900000    0.0000000178691166
-.340000  0.900000    0.0000002645923537
-.300000  0.900000    0.0000001431337947
-.260000  0.900000    0.0000002746528775
-.220000  0.900000    0.0000003566454663
-.180000  0.900000    0.0000003678387268
-.140000  0.900000    0.0000007456457011
-.100000  0.900000    0.0000005596232560
-.060000  0.900000    0.0000007517109411
-.020000  0.900000    0.0000008505940881
0.020000  0.900000    0.0000008473979596
0.060000  0.900000    0.0000007400404302
0.100000  0.900000    0.0000005278625379
0.140000  0.900000    0.0000008303627572
0.180000  0.900000    0.0000004380030961
0.220000  0.900000    0.0000005808204825
0.260000  0.900000    0.0000006319864525
0.300000  0.900000    0.0000005714256012
0.340000  0.900000    0.0000009117670591
0.380000  0.900000    0.0000008820926216
0.420000  0.900000    0.0000006294010291
-.260000  0.940000    0.0000003346254268
-.220000  0.940000    0.0000001991065355
-.180000  0.940000    0.0000002640472853
-.140000  0.940000    0.0000002378898979
-.100000  0.940000    0.0000005779400929
-.060000  0.940000    0.0000003498032668
-.020000  0.940000    0.0000005007809357
0.020000  0.940000    0.0000005535927662
0.060000  0.940000    0.0000004988405332
0.100000  0.940000    0.0000008853839653
0.140000  0.940000    0.0000006104608505
0.180000  0.940000    0.0000007634280599
0.220000  0.940000    0.0000007538984882
0.260000  0.940000    0.0000010187646966
0.300000  0.940000    0.0000007530458568
0.340000  0.940000   -0.0000002699377413
-.140000  0.980000    0.0000002917843256
-.100000  0.980000    0.0000004557568103
-.060000  0.980000    0.0000004001120599
-.020000  0.980000    0.0000001660466549
0.020000  0.980000    0.0000002070359658
0.060000  0.980000    0.0000005460345309
0.100000  0.980000    0.0000006760077643
0.140000  0.980000    0.0000004704335772
0.180000  0.980000    0.0000002468880123
