-.140000  -.980000   -0.0000000694862773
-.100000  -.980000   -0.0000000990228212
-.060000  -.980000   -0.0000001117385086
-.020000  -.980000   -0.0000001394201914
0.020000  -.980000   -0.0000001959848556
0.060000  -.980000   -0.0000002636909287
0.100000  -.980000   -0.0000003042554253
0.140000  -.980000   -0.0000002994250936
0.180000  -.980000   -0.0000001615736041
-.260000  -.940000   -0.0000000390998105
-.220000  -.940000   -0.0000000357662323
-.180000  -.940000   -0.0000000498443475
-.140000  -.940000   -0.0000001055815795
-.100000  -.940000   -0.0000001971708367
-.060000  -.940000   -0.0000002974784355
-.020000  -.940000   -0.0000003911849549
0.020000  -.940000   -0.0000004684325201
0.060000  -.940000   -0.0000005234718341
0.100000  -.940000   -0.0000005631599716
0.140000  -.940000   -0.0000005788134780
0.180000  -.940000   -0.0000005994802600
0.220000  -.940000   -0.0000006148433840
0.260000  -.940000   -0.0000006402024098
0.300000  -.940000   -0.0000006184866571
0.340000  -.940000   -0.0000000181466784
-.340000  -.900000   -0.0000000190231184
-.300000  -.900000   -0.0000000117605605
-.260000  -.900000   -0.0000000298174960
-.220000  -.900000   -0.0000001054804635
-.180000  -.900000   -0.0000002336712030
-.140000  -.900000   -0.0000003620392347
-.100000  -.900000   -0.0000005170327842
-.060000  -.900000   -0.0000006211868684
-.020000  -.900000   -0.0000006968107310
0.020000  -.900000   -0.0000007351565838
0.060000  -.900000   -0.0000007348698056
0.100000  -.900000   -0.0000006943508318
0.140000  -.900000   -0.0000006434929352
0.180000  -.900000   -0.0000005538505739
0.220000  -.900000   -0.0000004973327278
0.260000  -.900000   -0.0000004545596395
0.300000  -.900000   -0.0000004397266715
0.340000  -.900000   -0.0000005085876989
0.380000  -.900000   -0.0000005899253492
0.420000  -.900000   -0.0000005925310606
-.380000  -.860000   -0.0000000064717999
-.340000  -.860000   -0.0000000104316121
-.300000  -.860000   -0.0000000750834407
-.260000  -.860000   -0.0000002074607281
-.220000  -.860000   -0.0000003908848059
-.180000  -.860000   -0.0000005535979190
-.140000  -.860000   -0.0000007474935175
-.100000  -.860000   -0.0000008725181708
-.060000  -.860000   -0.0000009592169347
-.020000  -.860000   -0.0000009989972284
0.020000  -.860000   -0.0000009857042058
0.060000  -.860000   -0.0000009197916082
0.100000  -.860000   -0.0000008040429625
0.140000  -.860000   -0.0000006394983308
0.180000  -.860000   -0.0000004984917974
0.220000  -.860000   -0.0000002863983457
0.260000  -.860000   -0.0000001504738861
0.300000  -.860000   -0.0000000374802372
0.340000  -.860000    0.0000000301903543
0.380000  -.860000    0.0000000418243940
0.420000  -.860000   -0.0000001148793740
0.460000  -.860000   -0.0000003679080674
0.500000  -.860000   -0.0000005129701604
-.420000  -.820000   -0.0000000078427523
-.380000  -.820000   -0.0000000325337894
-.340000  -.820000   -0.0000001444384729
-.300000  -.820000   -0.0000003284353890
-.260000  -.820000   -0.0000005126796163
-.220000  -.820000   -0.0000007519548091
-.180000  -.820000   -0.0000009419212910
-.140000  -.820000   -0.0000011321774377
-.100000  -.820000   -0.0000012403221952
-.060000  -.820000   -0.0000012971772184
-.020000  -.820000   -0.0000012911794515
0.020000  -.820000   -0.0000012212911310
0.060000  -.820000   -0.0000010861246017
0.100000  -.820000   -0.0000008904331718
0.140000  -.820000   -0.0000006392125098
0.180000  -.820000   -0.0000004338758448
0.220000  -.820000   -0.0000001203489580
0.260000  -.820000    0.0000001016148609
0.300000  -.820000    0.0000004327828441
0.340000  -.820000    0.0000006061201707
0.380000  -.820000    0.0000007286182977
0.420000  -.820000    0.0000006287509414
0.460000  -.820000    0.0000005762410353
0.500000  -.820000    0.0000002937133844
0.540000  -.820000   -0.0000002051454045
-.460000  -.780000   -0.0000000026881582
-.420000  -.780000   -0.0000000536636410
-.380000  -.780000   -0.0000001872849246
-.340000  -.780000   -0.0000003962653157
-.300000  -.780000   -0.0000006553309012
-.260000  -.780000   -0.0000008858233578
-.220000  -.780000   -0.0000011454889383
-.180000  -.780000   -0.0000013402401628
-.140000  -.780000   -0.0000014899806726
-.100000  -.780000   -0.0000015729854331
-.060000  -.780000   -0.0000015902500636
-.020000  -.780000   -0.0000015367466644
0.020000  -.780000   -0.0000014079316015
0.060000  -.780000   -0.0000012076902498
0.100000  -.780000   -0.0000009368737526
0.140000  -.780000   -0.0000006012540367
0.180000  -.780000   -0.0000003593763394
0.220000  -.780000    0.0000000512496785
0.260000  -.780000    0.0000003359873098
0.300000  -.780000    0.0000007774100464
0.340000  -.780000    0.0000010348967406
0.380000  -.780000    0.0000012540988110
0.420000  -.780000    0.0000014109713572
0.460000  -.780000    0.0000014871204213
0.500000  -.780000    0.0000012550832335
0.540000  -.780000    0.0000009166691761
0.580000  -.780000    0.0000003522376049
0.620000  -.780000   -0.0000002664368609
-.500000  -.740000   -0.0000000094407572
-.460000  -.740000   -0.0000000678039227
-.420000  -.740000   -0.0000002139327481
-.380000  -.740000   -0.0000004385181436
-.340000  -.740000   -0.0000007164924512
-.300000  -.740000   -0.0000009786798601
-.260000  -.740000   -0.0000012667105341
-.220000  -.740000   -0.0000015092717961
-.180000  -.740000   -0.0000016920289598
-.140000  -.740000   -0.0000018267940624
-.100000  -.740000   -0.0000018985878553
-.060000  -.740000   -0.0000017943239777
-.020000  -.740000   -0.0000016913678245
0.020000  -.740000   -0.0000015090450065
0.060000  -.740000   -0.0000012466601374
0.100000  -.740000   -0.0000010785133152
0.140000  -.740000   -0.0000006932047631
0.180000  -.740000   -0.0000002496610695
0.220000  -.740000    0.0000000599889146
0.260000  -.740000    0.0000005665746815
0.300000  -.740000    0.0000009047834319
0.340000  -.740000    0.0000014263979884
0.380000  -.740000    0.0000017258924374
0.420000  -.740000    0.0000019764904161
0.460000  -.740000    0.0000021593253650
0.500000  -.740000    0.0000020230972175
0.540000  -.740000    0.0000019765863118
0.580000  -.740000    0.0000015795053356
0.620000  -.740000    0.0000008877007346
0.660000  -.740000    0.0000000275222725
-.540000  -.700000   -0.0000000066981460
-.500000  -.700000   -0.0000000597889626
-.460000  -.700000   -0.0000001981754717
-.420000  -.700000   -0.0000004507975562
-.380000  -.700000   -0.0000007017354288
-.340000  -.700000   -0.0000010172566445
-.300000  -.700000   -0.0000013293396435
-.260000  -.700000   -0.0000016153700468
-.220000  -.700000   -0.0000018313961778
-.180000  -.700000   -0.0000020247619753
-.140000  -.700000   -0.0000020515134589
-.100000  -.700000   -0.0000020868062301
-.060000  -.700000   -0.0000020446520197
-.020000  -.700000   -0.0000019178817504
0.020000  -.700000   -0.0000017038444118
0.060000  -.700000   -0.0000014068048971
0.100000  -.700000   -0.0000010316229411
0.140000  -.700000   -0.0000005842425729
0.180000  -.700000   -0.0000003079355014
0.220000  -.700000    0.0000002338427691
0.260000  -.700000    0.0000005961801405
0.300000  -.700000    0.0000011823975023
0.340000  -.700000    0.0000015590357311
0.380000  -.700000    0.0000019262662737
0.420000  -.700000    0.0000024713491916
0.460000  -.700000    0.0000025160429863
0.500000  -.700000    0.0000026907462451
0.540000  -.700000    0.0000027606448099
0.580000  -.700000    0.0000024639365859
0.620000  -.700000    0.0000020178802264
0.660000  -.700000    0.0000012596885823
0.700000  -.700000    0.0000002741383686
-.580000  -.660000   -0.0000000070284512
-.540000  -.660000   -0.0000000521116939
-.500000  -.660000   -0.0000001809226489
-.460000  -.660000   -0.0000003948579583
-.420000  -.660000   -0.0000006775303603
-.380000  -.660000   -0.0000010013574867
-.340000  -.660000   -0.0000013275591964
-.300000  -.660000   -0.0000016411810048
-.260000  -.660000   -0.0000018880840534
-.220000  -.660000   -0.0000021368099162
-.180000  -.660000   -0.0000022031361426
-.140000  -.660000   -0.0000023065672133
-.100000  -.660000   -0.0000023360409111
-.060000  -.660000   -0.0000022771517219
-.020000  -.660000   -0.0000021294638155
0.020000  -.660000   -0.0000018889940131
0.060000  -.660000   -0.0000015621672450
0.100000  -.660000   -0.0000011536070734
0.140000  -.660000   -0.0000006718315870
0.180000  -.660000   -0.0000001265052636
0.220000  -.660000    0.0000001991344554
0.260000  -.660000    0.0000008202186010
0.300000  -.660000    0.0000012189068301
0.340000  -.660000    0.0000018683716768
0.380000  -.660000    0.0000022653329902
0.420000  -.660000    0.0000026475770192
0.460000  -.660000    0.0000029825432907
0.500000  -.660000    0.0000032496583559
0.540000  -.660000    0.0000034283692871
0.580000  -.660000    0.0000032326576093
0.620000  -.660000    0.0000031466337737
0.660000  -.660000    0.0000023858695722
0.700000  -.660000    0.0000015440499870
0.740000  -.660000    0.0000004198118274
-.620000  -.620000   -0.0000000036588902
-.580000  -.620000   -0.0000000324618629
-.540000  -.620000   -0.0000001378854099
-.500000  -.620000   -0.0000003295714950
-.460000  -.620000   -0.0000005990087682
-.420000  -.620000   -0.0000009208947176
-.380000  -.620000   -0.0000012631385898
-.340000  -.620000   -0.0000015889190760
-.300000  -.620000   -0.0000018624905225
-.260000  -.620000   -0.0000021495604001
-.220000  -.620000   -0.0000022580030429
-.180000  -.620000   -0.0000024252912652
-.140000  -.620000   -0.0000025298774257
-.100000  -.620000   -0.0000025552092430
-.060000  -.620000   -0.0000021967136271
-.020000  -.620000   -0.0000020170770563
0.020000  -.620000   -0.0000017448379238
0.060000  -.620000   -0.0000013850441512
0.100000  -.620000   -0.0000012693918031
0.140000  -.620000   -0.0000007591826725
0.180000  -.620000   -0.0000001860017631
0.220000  -.620000    0.0000004391432869
0.260000  -.620000    0.0000007997590344
0.300000  -.620000    0.0000014818585151
0.340000  -.620000    0.0000018983829455
0.380000  -.620000    0.0000023308191921
0.420000  -.620000    0.0000027578046875
0.460000  -.620000    0.0000031444739430
0.500000  -.620000    0.0000034725010501
0.540000  -.620000    0.0000037190522956
0.580000  -.620000    0.0000038664991595
0.620000  -.620000    0.0000036315955413
0.660000  -.620000    0.0000034982597124
0.700000  -.620000    0.0000026595414911
0.740000  -.620000    0.0000017193748777
0.780000  -.620000    0.0000003126580173
-.620000  -.580000   -0.0000000161103682
-.580000  -.580000   -0.0000000933216641
-.540000  -.580000   -0.0000002710367350
-.500000  -.580000   -0.0000005123617520
-.460000  -.580000   -0.0000008146075689
-.420000  -.580000   -0.0000011472429130
-.380000  -.580000   -0.0000015057213380
-.340000  -.580000   -0.0000018198503425
-.300000  -.580000   -0.0000020647863734
-.260000  -.580000   -0.0000023690150855
-.220000  -.580000   -0.0000024307841185
-.180000  -.580000   -0.0000026052752901
-.140000  -.580000   -0.0000027152841198
-.100000  -.580000   -0.0000024094503081
-.060000  -.580000   -0.0000023146049929
-.020000  -.580000   -0.0000021271814663
0.020000  -.580000   -0.0000018421509488
0.060000  -.580000   -0.0000014673969026
0.100000  -.580000   -0.0000010090447350
0.140000  -.580000   -0.0000008405871683
0.180000  -.580000   -0.0000002463792055
0.220000  -.580000    0.0000003980211958
0.260000  -.580000    0.0000007636057027
0.300000  -.580000    0.0000014637523796
0.340000  -.580000    0.0000018939714051
0.380000  -.580000    0.0000023491140596
0.420000  -.580000    0.0000030339533881
0.460000  -.580000    0.0000034488596255
0.500000  -.580000    0.0000038236589226
0.540000  -.580000    0.0000041407443615
0.580000  -.580000    0.0000041229118884
0.620000  -.580000    0.0000042307608178
0.660000  -.580000    0.0000039397476800
0.700000  -.580000    0.0000034754050427
0.740000  -.580000    0.0000028302729986
0.780000  -.580000    0.0000016222466293
-.660000  -.540000   -0.0000000046457647
-.620000  -.540000   -0.0000000525605212
-.580000  -.540000   -0.0000001885864854
-.540000  -.540000   -0.0000003941517348
-.500000  -.540000   -0.0000006694115292
-.460000  -.540000   -0.0000009904780648
-.420000  -.540000   -0.0000013271377772
-.380000  -.540000   -0.0000017115191138
-.340000  -.540000   -0.0000020044333907
-.300000  -.540000   -0.0000022187629266
-.260000  -.540000   -0.0000025348055149
-.220000  -.540000   -0.0000025484581237
-.180000  -.540000   -0.0000027353761091
-.140000  -.540000   -0.0000024919553203
-.100000  -.540000   -0.0000024892633466
-.060000  -.540000   -0.0000023977710725
-.020000  -.540000   -0.0000022061811994
0.020000  -.540000   -0.0000019166497779
0.060000  -.540000   -0.0000015282641443
0.100000  -.540000   -0.0000010581209850
0.140000  -.540000   -0.0000005137535354
0.180000  -.540000   -0.0000003002592061
0.220000  -.540000    0.0000003565553037
0.260000  -.540000    0.0000007180595344
0.300000  -.540000    0.0000014287041318
0.340000  -.540000    0.0000018638917761
0.380000  -.540000    0.0000023282366186
0.420000  -.540000    0.0000030215307008
0.460000  -.540000    0.0000034553364946
0.500000  -.540000    0.0000038580919460
0.540000  -.540000    0.0000042108136018
0.580000  -.540000    0.0000044955609721
0.620000  -.540000    0.0000044384944717
0.660000  -.540000    0.0000045020398312
0.700000  -.540000    0.0000041481735623
0.740000  -.540000    0.0000036164258885
0.780000  -.540000    0.0000026500429364
0.820000  -.540000    0.0000012876081718
-.660000  -.500000   -0.0000000215549783
-.620000  -.500000   -0.0000001072003584
-.580000  -.500000   -0.0000002797461088
-.540000  -.500000   -0.0000005157285671
-.500000  -.500000   -0.0000008105312601
-.460000  -.500000   -0.0000011378401411
-.420000  -.500000   -0.0000014662014721
-.380000  -.500000   -0.0000018658546940
-.340000  -.500000   -0.0000021334873269
-.300000  -.500000   -0.0000023113757423
-.260000  -.500000   -0.0000026397521048
-.220000  -.500000   -0.0000026120049505
-.180000  -.500000   -0.0000028088637097
-.140000  -.500000   -0.0000025177197407
-.100000  -.500000   -0.0000025249686363
-.060000  -.500000   -0.0000024391138329
-.020000  -.500000   -0.0000022507259515
0.020000  -.500000   -0.0000019564442087
0.060000  -.500000   -0.0000015667467670
0.100000  -.500000   -0.0000010873836791
0.140000  -.500000   -0.0000005362808950
0.180000  -.500000   -0.0000003438337105
0.220000  -.500000    0.0000003198719295
0.260000  -.500000    0.0000006702444872
0.300000  -.500000    0.0000013833017089
0.340000  -.500000    0.0000018121358940
0.380000  -.500000    0.0000022761540451
0.420000  -.500000    0.0000029682243349
0.460000  -.500000    0.0000034082428343
0.500000  -.500000    0.0000038255021271
0.540000  -.500000    0.0000042031741811
0.580000  -.500000    0.0000045202220388
0.620000  -.500000    0.0000045347808999
0.660000  -.500000    0.0000046564987263
0.700000  -.500000    0.0000044067630503
0.740000  -.500000    0.0000039864340115
0.780000  -.500000    0.0000033781812383
0.820000  -.500000    0.0000023628291801
0.860000  -.500000    0.0000007063242172
-.700000  -.460000   -0.0000000055058208
-.660000  -.460000   -0.0000000512719533
-.620000  -.460000   -0.0000001697590226
-.580000  -.460000   -0.0000003686821693
-.540000  -.460000   -0.0000006232141292
-.500000  -.460000   -0.0000009240172685
-.460000  -.460000   -0.0000012458889763
-.420000  -.460000   -0.0000015555166706
-.380000  -.460000   -0.0000019588408001
-.340000  -.460000   -0.0000021956560304
-.300000  -.460000   -0.0000023394522289
-.260000  -.460000   -0.0000026774407902
-.220000  -.460000   -0.0000026103442351
-.180000  -.460000   -0.0000028235787942
-.140000  -.460000   -0.0000024922682651
-.100000  -.460000   -0.0000025136094580
-.060000  -.460000   -0.0000024394714883
-.020000  -.460000   -0.0000022581420642
0.020000  -.460000   -0.0000019689356166
0.060000  -.460000   -0.0000015765898103
0.100000  -.460000   -0.0000010944511598
0.140000  -.460000   -0.0000005401434760
0.180000  -.460000   -0.0000003728798548
0.220000  -.460000    0.0000002916722372
0.260000  -.460000    0.0000006236336539
0.300000  -.460000    0.0000013325287010
0.340000  -.460000    0.0000017464312490
0.380000  -.460000    0.0000021988917745
0.420000  -.460000    0.0000028823298765
0.460000  -.460000    0.0000033165325284
0.500000  -.460000    0.0000037353860778
0.540000  -.460000    0.0000041234294810
0.580000  -.460000    0.0000044605496423
0.620000  -.460000    0.0000045293394134
0.660000  -.460000    0.0000046979513641
0.700000  -.460000    0.0000045368880403
0.740000  -.460000    0.0000044592143886
0.780000  -.460000    0.0000039724125104
0.820000  -.460000    0.0000030372661704
0.860000  -.460000    0.0000016719970360
-.700000  -.420000   -0.0000000167215203
-.660000  -.420000   -0.0000000881225619
-.620000  -.420000   -0.0000002308170360
-.580000  -.420000   -0.0000004464174886
-.540000  -.420000   -0.0000007056179594
-.500000  -.420000   -0.0000010007421520
-.460000  -.420000   -0.0000013051299108
-.420000  -.420000   -0.0000015894079663
-.380000  -.420000   -0.0000019841142341
-.340000  -.420000   -0.0000021890558880
-.300000  -.420000   -0.0000022978938946
-.260000  -.420000   -0.0000026419818621
-.220000  -.420000   -0.0000025441818004
-.180000  -.420000   -0.0000027752715975
-.140000  -.420000   -0.0000024129178625
-.100000  -.420000   -0.0000024545809804
-.060000  -.420000   -0.0000023983507547
-.020000  -.420000   -0.0000022307562531
0.020000  -.420000   -0.0000019478354436
0.060000  -.420000   -0.0000015584359084
0.100000  -.420000   -0.0000010780068532
0.140000  -.420000   -0.0000005244022988
0.180000  -.420000   -0.0000003838228584
0.220000  -.420000    0.0000002765413171
0.260000  -.420000    0.0000005853270074
0.300000  -.420000    0.0000012825210327
0.340000  -.420000    0.0000016722549321
0.380000  -.420000    0.0000021032655957
0.420000  -.420000    0.0000027704168276
0.460000  -.420000    0.0000031889297208
0.500000  -.420000    0.0000035982560485
0.540000  -.420000    0.0000039827723283
0.580000  -.420000    0.0000043273609896
0.620000  -.420000    0.0000044313372495
0.660000  -.420000    0.0000046332088351
0.700000  -.420000    0.0000047568229673
0.740000  -.420000    0.0000045301075357
0.780000  -.420000    0.0000041436580115
0.820000  -.420000    0.0000033417380008
0.860000  -.420000    0.0000023953511937
0.900000  -.420000    0.0000008913737484
-.700000  -.380000   -0.0000000340804876
-.660000  -.380000   -0.0000001263410977
-.620000  -.380000   -0.0000002825031592
-.580000  -.380000   -0.0000005033443792
-.540000  -.380000   -0.0000007784929730
-.500000  -.380000   -0.0000010865249074
-.460000  -.380000   -0.0000014014352888
-.420000  -.380000   -0.0000016947181674
-.380000  -.380000   -0.0000019394843646
-.340000  -.380000   -0.0000021114213970
-.300000  -.380000   -0.0000021882076925
-.260000  -.380000   -0.0000025333226696
-.220000  -.380000   -0.0000024132407563
-.180000  -.380000   -0.0000026606641573
-.140000  -.380000   -0.0000022809912627
-.100000  -.380000   -0.0000023465519007
-.060000  -.380000   -0.0000023153160827
-.020000  -.380000   -0.0000021644743647
0.020000  -.380000   -0.0000018945294205
0.060000  -.380000   -0.0000015121754988
0.100000  -.380000   -0.0000010346978361
0.140000  -.380000   -0.0000004862518453
0.180000  -.380000   -0.0000003741422884
0.220000  -.380000    0.0000002773275864
0.260000  -.380000    0.0000005564017662
0.300000  -.380000    0.0000012357824422
0.340000  -.380000    0.0000015946841404
0.380000  -.380000    0.0000019956324602
0.420000  -.380000    0.0000024180020164
0.460000  -.380000    0.0000028414378696
0.500000  -.380000    0.0000032508387362
0.540000  -.380000    0.0000036316149589
0.580000  -.380000    0.0000039690698535
0.620000  -.380000    0.0000042543676146
0.660000  -.380000    0.0000044788440351
0.700000  -.380000    0.0000044452407011
0.740000  -.380000    0.0000044826055632
0.780000  -.380000    0.0000041846107777
0.820000  -.380000    0.0000037265816695
0.860000  -.380000    0.0000028678011360
0.900000  -.380000    0.0000015948062786
-.740000  -.340000   -0.0000000050151349
-.700000  -.340000   -0.0000000520526868
-.660000  -.340000   -0.0000001608843352
-.620000  -.340000   -0.0000003207684041
-.580000  -.340000   -0.0000005364848899
-.540000  -.340000   -0.0000007959804534
-.500000  -.340000   -0.0000010786652620
-.460000  -.340000   -0.0000013604175586
-.420000  -.340000   -0.0000016176764652
-.380000  -.340000   -0.0000018278738837
-.340000  -.340000   -0.0000019658164889
-.300000  -.340000   -0.0000023611329409
-.260000  -.340000   -0.0000023507550725
-.220000  -.340000   -0.0000022158789842
-.180000  -.340000   -0.0000024843067535
-.140000  -.340000   -0.0000020960890407
-.100000  -.340000   -0.0000021908840087
-.060000  -.340000   -0.0000021890848580
-.020000  -.340000   -0.0000020655269365
0.020000  -.340000   -0.0000018096751972
0.060000  -.340000   -0.0000014351661514
0.100000  -.340000   -0.0000009657596740
0.140000  -.340000   -0.0000004235126700
0.180000  -.340000   -0.0000003400838111
0.220000  -.340000    0.0000002966236264
0.260000  -.340000    0.0000005422615915
0.300000  -.340000    0.0000008735075890
0.340000  -.340000    0.0000015175100155
0.380000  -.340000    0.0000018807880738
0.420000  -.340000    0.0000022676335945
0.460000  -.340000    0.0000026579358741
0.500000  -.340000    0.0000030409243028
0.540000  -.340000    0.0000033987807266
0.580000  -.340000    0.0000037257038705
0.620000  -.340000    0.0000040080398824
0.660000  -.340000    0.0000042439161801
0.700000  -.340000    0.0000042502148566
0.740000  -.340000    0.0000043258947708
0.780000  -.340000    0.0000041075852727
0.820000  -.340000    0.0000037410950268
0.860000  -.340000    0.0000030053429637
0.900000  -.340000    0.0000019880896287
0.940000  -.340000    0.0000004300880647
-.740000  -.300000   -0.0000000126675889
-.700000  -.300000   -0.0000000697530063
-.660000  -.300000   -0.0000001793257392
-.620000  -.300000   -0.0000003441715683
-.580000  -.300000   -0.0000005446744914
-.540000  -.300000   -0.0000007783107438
-.500000  -.300000   -0.0000010268941995
-.460000  -.300000   -0.0000012698940414
-.420000  -.300000   -0.0000014862538873
-.380000  -.300000   -0.0000016562411270
-.340000  -.300000   -0.0000020509009281
-.300000  -.300000   -0.0000021257327952
-.260000  -.300000   -0.0000021005099592
-.220000  -.300000   -0.0000019589694281
-.180000  -.300000   -0.0000022401764158
-.140000  -.300000   -0.0000018592113419
-.100000  -.300000   -0.0000019887980551
-.060000  -.300000   -0.0000020252354696
-.020000  -.300000   -0.0000019308253627
0.020000  -.300000   -0.0000016955633688
0.060000  -.300000   -0.0000013323683069
0.100000  -.300000   -0.0000008685429394
0.140000  -.300000   -0.0000003359318050
0.180000  -.300000   -0.0000002820188028
0.220000  -.300000    0.0000003368133960
0.260000  -.300000    0.0000005449194128
0.300000  -.300000    0.0000008363467111
0.340000  -.300000    0.0000011786695515
0.380000  -.300000    0.0000017614596812
0.420000  -.300000    0.0000021038470793
0.460000  -.300000    0.0000024530049502
0.500000  -.300000    0.0000027999524359
0.540000  -.300000    0.0000031300279342
0.580000  -.300000    0.0000034341853861
0.620000  -.300000    0.0000037064767853
0.660000  -.300000    0.0000038070540227
0.700000  -.300000    0.0000039684653832
0.740000  -.300000    0.0000039168090603
0.780000  -.300000    0.0000039205279753
0.820000  -.300000    0.0000036349753563
0.860000  -.300000    0.0000030133402686
0.900000  -.300000    0.0000022613326293
0.940000  -.300000    0.0000010849321366
-.740000  -.260000   -0.0000000191035182
-.700000  -.260000   -0.0000000822990107
-.660000  -.260000   -0.0000001906033927
-.620000  -.260000   -0.0000003440235567
-.580000  -.260000   -0.0000005404869647
-.540000  -.260000   -0.0000007684455079
-.500000  -.260000   -0.0000010124316171
-.460000  -.260000   -0.0000012531554880
-.420000  -.260000   -0.0000014724146064
-.380000  -.260000   -0.0000016525330217
-.340000  -.260000   -0.0000017754317361
-.300000  -.260000   -0.0000018264182581
-.260000  -.260000   -0.0000017884063091
-.220000  -.260000   -0.0000021515504498
-.180000  -.260000   -0.0000019344008979
-.140000  -.260000   -0.0000022296766681
-.100000  -.260000   -0.0000017417539838
-.060000  -.260000   -0.0000018223979250
-.020000  -.260000   -0.0000017659678027
0.020000  -.260000   -0.0000015542186784
0.060000  -.260000   -0.0000012019676769
0.100000  -.260000   -0.0000007435688945
0.140000  -.260000   -0.0000007825126531
0.180000  -.260000   -0.0000001956809477
0.220000  -.260000   -0.0000000318148117
0.260000  -.260000    0.0000005647426462
0.300000  -.260000    0.0000008105516112
0.340000  -.260000    0.0000011024736364
0.380000  -.260000    0.0000014234689787
0.420000  -.260000    0.0000017561606304
0.460000  -.260000    0.0000020894368108
0.500000  -.260000    0.0000024098582750
0.540000  -.260000    0.0000027123048708
0.580000  -.260000    0.0000029918744725
0.620000  -.260000    0.0000032377796502
0.660000  -.260000    0.0000034489431737
0.700000  -.260000    0.0000035048330457
0.740000  -.260000    0.0000035959341609
0.780000  -.260000    0.0000034826908003
0.820000  -.260000    0.0000032581431317
0.860000  -.260000    0.0000029075338817
0.900000  -.260000    0.0000022679930419
0.940000  -.260000    0.0000013154551604
-.740000  -.220000   -0.0000000255532366
-.700000  -.220000   -0.0000000865231418
-.660000  -.220000   -0.0000001891252724
-.620000  -.220000   -0.0000003273453835
-.580000  -.220000   -0.0000004934388281
-.540000  -.220000   -0.0000006811175683
-.500000  -.220000   -0.0000008768285209
-.460000  -.220000   -0.0000010672297075
-.420000  -.220000   -0.0000012365088336
-.380000  -.220000   -0.0000013703813353
-.340000  -.220000   -0.0000014573528452
-.300000  -.220000   -0.0000014829268028
-.260000  -.220000   -0.0000018485806032
-.220000  -.220000   -0.0000017669176566
-.180000  -.220000   -0.0000015738527547
-.140000  -.220000   -0.0000018939421659
-.100000  -.220000   -0.0000014496235963
-.060000  -.220000   -0.0000015813113333
-.020000  -.220000   -0.0000015726651532
0.020000  -.220000   -0.0000013873345285
0.060000  -.220000   -0.0000010422183379
0.100000  -.220000   -0.0000005885466660
0.140000  -.220000   -0.0000006445525592
0.180000  -.220000   -0.0000000797168031
0.220000  -.220000    0.0000000490242044
0.260000  -.220000    0.0000002614654049
0.300000  -.220000    0.0000007945091351
0.340000  -.220000    0.0000010309636614
0.380000  -.220000    0.0000012945157341
0.420000  -.220000    0.0000015719928546
0.460000  -.220000    0.0000018455455961
0.500000  -.220000    0.0000021264782003
0.540000  -.220000    0.0000023922677323
0.580000  -.220000    0.0000026357158292
0.620000  -.220000    0.0000028580100984
0.660000  -.220000    0.0000029561919414
0.700000  -.220000    0.0000030950849767
0.740000  -.220000    0.0000030964095797
0.780000  -.220000    0.0000031282148768
0.820000  -.220000    0.0000029648518442
0.860000  -.220000    0.0000026956796799
0.900000  -.220000    0.0000021639789920
0.940000  -.220000    0.0000014247471370
-.780000  -.180000   -0.0000000016358320
-.740000  -.180000   -0.0000000271489503
-.700000  -.180000   -0.0000000847503235
-.660000  -.180000   -0.0000001751508757
-.620000  -.180000   -0.0000002943671502
-.580000  -.180000   -0.0000004424569334
-.540000  -.180000   -0.0000006113758573
-.500000  -.180000   -0.0000007886529921
-.460000  -.180000   -0.0000009643407103
-.420000  -.180000   -0.0000011252894981
-.380000  -.180000   -0.0000012613881714
-.340000  -.180000   -0.0000013623331232
-.300000  -.180000   -0.0000014163371498
-.260000  -.180000   -0.0000014128669553
-.220000  -.180000   -0.0000013381682855
-.180000  -.180000   -0.0000017237228508
-.140000  -.180000   -0.0000014963121344
-.100000  -.180000   -0.0000011141054488
-.060000  -.180000   -0.0000013055427802
-.020000  -.180000   -0.0000013532928179
0.020000  -.180000   -0.0000011961313300
0.060000  -.180000   -0.0000008553229712
0.100000  -.180000   -0.0000004034368467
0.140000  -.180000   -0.0000004690052075
0.180000  -.180000   -0.0000003781209839
0.220000  -.180000    0.0000001515038748
0.260000  -.180000    0.0000003131957319
0.300000  -.180000    0.0000005201889669
0.340000  -.180000    0.0000007513572300
0.380000  -.180000    0.0000009979269775
0.420000  -.180000    0.0000012393460421
0.460000  -.180000    0.0000014959829392
0.500000  -.180000    0.0000017300000027
0.540000  -.180000    0.0000019289934162
0.580000  -.180000    0.0000021312829667
0.620000  -.180000    0.0000023164468010
0.660000  -.180000    0.0000024955613059
0.700000  -.180000    0.0000025715894507
0.740000  -.180000    0.0000026475525785
0.780000  -.180000    0.0000026023573053
0.820000  -.180000    0.0000024763241042
0.860000  -.180000    0.0000022638830140
0.900000  -.180000    0.0000019633811333
0.940000  -.180000    0.0000013472282948
0.980000  -.180000    0.0000004567180311
-.780000  -.140000   -0.0000000026429985
-.740000  -.140000   -0.0000000259400915
-.700000  -.140000   -0.0000000754509816
-.660000  -.140000   -0.0000001494022210
-.620000  -.140000   -0.0000002498713499
-.580000  -.140000   -0.0000003742448542
-.540000  -.140000   -0.0000004754910092
-.500000  -.140000   -0.0000005996805365
-.460000  -.140000   -0.0000007189635844
-.420000  -.140000   -0.0000008252539985
-.380000  -.140000   -0.0000009106554023
-.340000  -.140000   -0.0000009677504354
-.300000  -.140000   -0.0000009917556127
-.260000  -.140000   -0.0000013123153095
-.220000  -.140000   -0.0000012988274742
-.180000  -.140000   -0.0000012198285499
-.140000  -.140000   -0.0000010475378863
-.100000  -.140000   -0.0000014305945326
-.060000  -.140000   -0.0000009897007042
-.020000  -.140000   -0.0000011114332697
0.020000  -.140000   -0.0000009850887677
0.060000  -.140000   -0.0000006379448894
0.100000  -.140000   -0.0000007816911181
0.140000  -.140000   -0.0000002617130205
0.180000  -.140000   -0.0000001969867244
0.220000  -.140000   -0.0000000594970120
0.260000  -.140000    0.0000001186838969
0.300000  -.140000    0.0000005120756888
0.340000  -.140000    0.0000006777678677
0.380000  -.140000    0.0000008525353514
0.420000  -.140000    0.0000010394627484
0.460000  -.140000    0.0000012290057660
0.500000  -.140000    0.0000013644062867
0.540000  -.140000    0.0000016104948092
0.580000  -.140000    0.0000017538320038
0.620000  -.140000    0.0000018995822311
0.660000  -.140000    0.0000019648224617
0.700000  -.140000    0.0000020539953716
0.740000  -.140000    0.0000020861510506
0.780000  -.140000    0.0000021227493383
0.820000  -.140000    0.0000020391277014
0.860000  -.140000    0.0000018875746951
0.900000  -.140000    0.0000015689628361
0.940000  -.140000    0.0000011778024613
0.980000  -.140000    0.0000005261399958
-.780000  -.100000   -0.0000000028220508
-.740000  -.100000   -0.0000000220681233
-.700000  -.100000   -0.0000000581134712
-.660000  -.100000   -0.0000001147577575
-.620000  -.100000   -0.0000001917181634
-.580000  -.100000   -0.0000002661933139
-.540000  -.100000   -0.0000003568642150
-.500000  -.100000   -0.0000004516723407
-.460000  -.100000   -0.0000005443986984
-.420000  -.100000   -0.0000006295345387
-.380000  -.100000   -0.0000007018754414
-.340000  -.100000   -0.0000007572124140
-.300000  -.100000   -0.0000007921478307
-.260000  -.100000   -0.0000008006283357
-.220000  -.100000   -0.0000007773161095
-.180000  -.100000   -0.0000007119845023
-.140000  -.100000   -0.0000010812070635
-.100000  -.100000   -0.0000009423053436
-.060000  -.100000   -0.0000006314900034
-.020000  -.100000   -0.0000008475523001
0.020000  -.100000   -0.0000007542712847
0.060000  -.100000   -0.0000003834193308
0.100000  -.100000   -0.0000004924851782
0.140000  -.100000   -0.0000004323077539
0.180000  -.100000   -0.0000000057563607
0.220000  -.100000    0.0000000730199896
0.260000  -.100000    0.0000001844398996
0.300000  -.100000    0.0000003102389676
0.340000  -.100000    0.0000004466971528
0.380000  -.100000    0.0000005786148496
0.420000  -.100000    0.0000007366763344
0.460000  -.100000    0.0000008326224843
0.500000  -.100000    0.0000010366473835
0.540000  -.100000    0.0000011397313380
0.580000  -.100000    0.0000010810982295
0.620000  -.100000    0.0000011731646684
0.660000  -.100000    0.0000014432442611
0.700000  -.100000    0.0000014776592580
0.740000  -.100000    0.0000015035340324
0.780000  -.100000    0.0000015258781858
0.820000  -.100000    0.0000014706625941
0.860000  -.100000    0.0000013671324425
0.900000  -.100000    0.0000012116966433
0.940000  -.100000    0.0000008708015283
0.980000  -.100000    0.0000004450365239
-.780000  -.060000   -0.0000000020488754
-.740000  -.060000   -0.0000000145289852
-.700000  -.060000   -0.0000000368734329
-.660000  -.060000   -0.0000000720809414
-.620000  -.060000   -0.0000001144355418
-.580000  -.060000   -0.0000001654108516
-.540000  -.060000   -0.0000002219733759
-.500000  -.060000   -0.0000002814352471
-.460000  -.060000   -0.0000003399019877
-.420000  -.060000   -0.0000003959594433
-.380000  -.060000   -0.0000004448866813
-.340000  -.060000   -0.0000004866500001
-.300000  -.060000   -0.0000005157098966
-.260000  -.060000   -0.0000005363055658
-.220000  -.060000   -0.0000005405113287
-.180000  -.060000   -0.0000005294761965
-.140000  -.060000   -0.0000004944451366
-.100000  -.060000   -0.0000004170009754
-.060000  -.060000   -0.0000008656935400
-.020000  -.060000   -0.0000005539909047
0.020000  -.060000   -0.0000004953988643
0.060000  -.060000   -0.0000006353407333
0.100000  -.060000   -0.0000001696746316
0.140000  -.060000   -0.0000001437845103
0.180000  -.060000   -0.0000000833363432
0.220000  -.060000   -0.0000000065066481
0.260000  -.060000    0.0000000764269311
0.300000  -.060000    0.0000001623495549
0.340000  -.060000    0.0000002522853291
0.380000  -.060000    0.0000003379395701
0.420000  -.060000    0.0000004346914037
0.460000  -.060000    0.0000004905282450
0.500000  -.060000    0.0000006546717250
0.540000  -.060000    0.0000005251386791
0.580000  -.060000    0.0000009633104930
0.620000  -.060000    0.0000010165054737
0.660000  -.060000    0.0000007400140480
0.700000  -.060000    0.0000009268168116
0.740000  -.060000    0.0000009240087353
0.780000  -.060000    0.0000009191810330
0.820000  -.060000    0.0000008880102704
0.860000  -.060000    0.0000008277789815
0.900000  -.060000    0.0000007352553634
0.940000  -.060000    0.0000005711364620
0.980000  -.060000    0.0000003018528421
-.780000  -.020000   -0.0000000007433846
-.740000  -.020000   -0.0000000050439683
-.700000  -.020000   -0.0000000126819303
-.660000  -.020000   -0.0000000245719513
-.620000  -.020000   -0.0000000388675959
-.580000  -.020000   -0.0000000561500552
-.540000  -.020000   -0.0000000754246487
-.500000  -.020000   -0.0000000956383436
-.460000  -.020000   -0.0000001154172824
-.420000  -.020000   -0.0000001352606220
-.380000  -.020000   -0.0000001525172139
-.340000  -.020000   -0.0000001684647088
-.300000  -.020000   -0.0000001795515922
-.260000  -.020000   -0.0000001895382600
-.220000  -.020000   -0.0000001953426492
-.180000  -.020000   -0.0000001992128710
-.140000  -.020000   -0.0000001997771088
-.100000  -.020000   -0.0000002008209835
-.060000  -.020000   -0.0000002023182502
-.020000  -.020000   -0.0000001733456163
0.020000  -.020000   -0.0000001543184539
0.060000  -.020000   -0.0000001437031172
0.100000  -.020000   -0.0000001069722883
0.140000  -.020000   -0.0000000745241745
0.180000  -.020000   -0.0000000427758897
0.220000  -.020000   -0.0000000102273361
0.260000  -.020000    0.0000000193721307
0.300000  -.020000    0.0000000496850138
0.340000  -.020000    0.0000000812023984
0.380000  -.020000    0.0000001116945532
0.420000  -.020000    0.0000001433627657
0.460000  -.020000    0.0000001642582815
0.500000  -.020000    0.0000002045615693
0.540000  -.020000    0.0000002195017099
0.580000  -.020000    0.0000002462003052
0.620000  -.020000    0.0000002304951135
0.660000  -.020000    0.0000002795393488
0.700000  -.020000    0.0000003084740018
0.740000  -.020000    0.0000003067741007
0.780000  -.020000    0.0000003072619980
0.820000  -.020000    0.0000002970516974
0.860000  -.020000    0.0000002772457996
0.900000  -.020000    0.0000002462201563
0.940000  -.020000    0.0000001922101060
0.980000  -.020000    0.0000001086612629
-.780000  0.020000    0.0000000007433846
-.740000  0.020000    0.0000000050439683
-.700000  0.020000    0.0000000126819303
-.660000  0.020000    0.0000000245719513
-.620000  0.020000    0.0000000388675959
-.580000  0.020000    0.0000000561500552
-.540000  0.020000    0.0000000754246487
-.500000  0.020000    0.0000000956383436
-.460000  0.020000    0.0000001154172824
-.420000  0.020000    0.0000001352606220
-.380000  0.020000    0.0000001525172139
-.340000  0.020000    0.0000001684647088
-.300000  0.020000    0.0000001795515922
-.260000  0.020000    0.0000001895382600
-.220000  0.020000    0.0000001953426492
-.180000  0.020000    0.0000001992128710
-.140000  0.020000    0.0000001997771088
-.100000  0.020000    0.0000002008209835
-.060000  0.020000    0.0000002023182502
-.020000  0.020000    0.0000001733456163
0.020000  0.020000    0.0000001543184539
0.060000  0.020000    0.0000001437031172
0.100000  0.020000    0.0000001069722883
0.140000  0.020000    0.0000000745241745
0.180000  0.020000    0.0000000427758897
0.220000  0.020000    0.0000000102273361
0.260000  0.020000   -0.0000000193721307
0.300000  0.020000   -0.0000000496850138
0.340000  0.020000   -0.0000000812023984
0.380000  0.020000   -0.0000001116945532
0.420000  0.020000   -0.0000001433627657
0.460000  0.020000   -0.0000001642582815
0.500000  0.020000   -0.0000002045615693
0.540000  0.020000   -0.0000002195017099
0.580000  0.020000   -0.0000002462003052
0.620000  0.020000   -0.0000002304951135
0.660000  0.020000   -0.0000002795393488
0.700000  0.020000   -0.0000003084740018
0.740000  0.020000   -0.0000003067741007
0.780000  0.020000   -0.0000003072619980
0.820000  0.020000   -0.0000002970516974
0.860000  0.020000   -0.0000002772457996
0.900000  0.020000   -0.0000002462201563
0.940000  0.020000   -0.0000001922101060
0.980000  0.020000   -0.0000001086612629
-.780000  0.060000    0.0000000020488754
-.740000  0.060000    0.0000000145289852
-.700000  0.060000    0.0000000368734329
-.660000  0.060000    0.0000000720809414
-.620000  0.060000    0.0000001144355418
-.580000  0.060000    0.0000001654108516
-.540000  0.060000    0.0000002219733759
-.500000  0.060000    0.0000002814352471
-.460000  0.060000    0.0000003399019877
-.420000  0.060000    0.0000003959594433
-.380000  0.060000    0.0000004448866813
-.340000  0.060000    0.0000004866500001
-.300000  0.060000    0.0000005157098966
-.260000  0.060000    0.0000005363055658
-.220000  0.060000    0.0000005405113287
-.180000  0.060000    0.0000005294761965
-.140000  0.060000    0.0000004944451366
-.100000  0.060000    0.0000004170009754
-.060000  0.060000    0.0000008656935400
-.020000  0.060000    0.0000005539909047
0.020000  0.060000    0.0000004953988643
0.060000  0.060000    0.0000006353407333
0.100000  0.060000    0.0000001696746316
0.140000  0.060000    0.0000001437845103
0.180000  0.060000    0.0000000833363432
0.220000  0.060000    0.0000000065066481
0.260000  0.060000   -0.0000000764269311
0.300000  0.060000   -0.0000001623495549
0.340000  0.060000   -0.0000002522853291
0.380000  0.060000   -0.0000003379395701
0.420000  0.060000   -0.0000004346914037
0.460000  0.060000   -0.0000004905282450
0.500000  0.060000   -0.0000006546717250
0.540000  0.060000   -0.0000005251386791
0.580000  0.060000   -0.0000009633104930
0.620000  0.060000   -0.0000010165054737
0.660000  0.060000   -0.0000007400140480
0.700000  0.060000   -0.0000009268168116
0.740000  0.060000   -0.0000009240087353
0.780000  0.060000   -0.0000009191810330
0.820000  0.060000   -0.0000008880102704
0.860000  0.060000   -0.0000008277789815
0.900000  0.060000   -0.0000007352553634
0.940000  0.060000   -0.0000005711364620
0.980000  0.060000   -0.0000003018528421
-.780000  0.100000    0.0000000028220508
-.740000  0.100000    0.0000000220681233
-.700000  0.100000    0.0000000581134712
-.660000  0.100000    0.0000001147577575
-.620000  0.100000    0.0000001917181634
-.580000  0.100000    0.0000002661933139
-.540000  0.100000    0.0000003568642150
-.500000  0.100000    0.0000004516723407
-.460000  0.100000    0.0000005443986984
-.420000  0.100000    0.0000006295345387
-.380000  0.100000    0.0000007018754414
-.340000  0.100000    0.0000007572124140
-.300000  0.100000    0.0000007921478307
-.260000  0.100000    0.0000008006283357
-.220000  0.100000    0.0000007773161095
-.180000  0.100000    0.0000007119845023
-.140000  0.100000    0.0000010812070635
-.100000  0.100000    0.0000009423053436
-.060000  0.100000    0.0000006314900034
-.020000  0.100000    0.0000008475523001
0.020000  0.100000    0.0000007542712847
0.060000  0.100000    0.0000003834193308
0.100000  0.100000    0.0000004924851782
0.140000  0.100000    0.0000004323077539
0.180000  0.100000    0.0000000057563607
0.220000  0.100000   -0.0000000730199896
0.260000  0.100000   -0.0000001844398996
0.300000  0.100000   -0.0000003102389676
0.340000  0.100000   -0.0000004466971528
0.380000  0.100000   -0.0000005786148496
0.420000  0.100000   -0.0000007366763344
0.460000  0.100000   -0.0000008326224843
0.500000  0.100000   -0.0000010366473835
0.540000  0.100000   -0.0000011397313380
0.580000  0.100000   -0.0000010810982295
0.620000  0.100000   -0.0000011731646684
0.660000  0.100000   -0.0000014432442611
0.700000  0.100000   -0.0000014776592580
0.740000  0.100000   -0.0000015035340324
0.780000  0.100000   -0.0000015258781858
0.820000  0.100000   -0.0000014706625941
0.860000  0.100000   -0.0000013671324425
0.900000  0.100000   -0.0000012116966433
0.940000  0.100000   -0.0000008708015283
0.980000  0.100000   -0.0000004450365239
-.780000  0.140000    0.0000000026429985
-.740000  0.140000    0.0000000259400915
-.700000  0.140000    0.0000000754509816
-.660000  0.140000    0.0000001494022210
-.620000  0.140000    0.0000002498713499
-.580000  0.140000    0.0000003742448542
-.540000  0.140000    0.0000004754910092
-.500000  0.140000    0.0000005996805365
-.460000  0.140000    0.0000007189635844
-.420000  0.140000    0.0000008252539985
-.380000  0.140000    0.0000009106554023
-.340000  0.140000    0.0000009677504354
-.300000  0.140000    0.0000009917556127
-.260000  0.140000    0.0000013123153095
-.220000  0.140000    0.0000012988274742
-.180000  0.140000    0.0000012198285499
-.140000  0.140000    0.0000010475378863
-.100000  0.140000    0.0000014305945326
-.060000  0.140000    0.0000009897007042
-.020000  0.140000    0.0000011114332697
0.020000  0.140000    0.0000009850887677
0.060000  0.140000    0.0000006379448894
0.100000  0.140000    0.0000007816911181
0.140000  0.140000    0.0000002617130205
0.180000  0.140000    0.0000001969867244
0.220000  0.140000    0.0000000594970120
0.260000  0.140000   -0.0000001186838969
0.300000  0.140000   -0.0000005120756888
0.340000  0.140000   -0.0000006777678677
0.380000  0.140000   -0.0000008525353514
0.420000  0.140000   -0.0000010394627484
0.460000  0.140000   -0.0000012290057660
0.500000  0.140000   -0.0000013644062867
0.540000  0.140000   -0.0000016104948092
0.580000  0.140000   -0.0000017538320038
0.620000  0.140000   -0.0000018995822311
0.660000  0.140000   -0.0000019648224617
0.700000  0.140000   -0.0000020539953716
0.740000  0.140000   -0.0000020861510506
0.780000  0.140000   -0.0000021227493383
0.820000  0.140000   -0.0000020391277014
0.860000  0.140000   -0.0000018875746951
0.900000  0.140000   -0.0000015689628361
0.940000  0.140000   -0.0000011778024613
0.980000  0.140000   -0.0000005261399958
-.780000  0.180000    0.0000000016358320
-.740000  0.180000    0.0000000271489503
-.700000  0.180000    0.0000000847503235
-.660000  0.180000    0.0000001751508757
-.620000  0.180000    0.0000002943671502
-.580000  0.180000    0.0000004424569334
-.540000  0.180000    0.0000006113758573
-.500000  0.180000    0.0000007886529921
-.460000  0.180000    0.0000009643407103
-.420000  0.180000    0.0000011252894981
-.380000  0.180000    0.0000012613881714
-.340000  0.180000    0.0000013623331232
-.300000  0.180000    0.0000014163371498
-.260000  0.180000    0.0000014128669553
-.220000  0.180000    0.0000013381682855
-.180000  0.180000    0.0000017237228508
-.140000  0.180000    0.0000014963121344
-.100000  0.180000    0.0000011141054488
-.060000  0.180000    0.0000013055427802
-.020000  0.180000    0.0000013532928179
0.020000  0.180000    0.0000011961313300
0.060000  0.180000    0.0000008553229712
0.100000  0.180000    0.0000004034368467
0.140000  0.180000    0.0000004690052075
0.180000  0.180000    0.0000003781209839
0.220000  0.180000   -0.0000001515038748
0.260000  0.180000   -0.0000003131957319
0.300000  0.180000   -0.0000005201889669
0.340000  0.180000   -0.0000007513572300
0.380000  0.180000   -0.0000009979269775
0.420000  0.180000   -0.0000012393460421
0.460000  0.180000   -0.0000014959829392
0.500000  0.180000   -0.0000017300000027
0.540000  0.180000   -0.0000019289934162
0.580000  0.180000   -0.0000021312829667
0.620000  0.180000   -0.0000023164468010
0.660000  0.180000   -0.0000024955613059
0.700000  0.180000   -0.0000025715894507
0.740000  0.180000   -0.0000026475525785
0.780000  0.180000   -0.0000026023573053
0.820000  0.180000   -0.0000024763241042
0.860000  0.180000   -0.0000022638830140
0.900000  0.180000   -0.0000019633811333
0.940000  0.180000   -0.0000013472282948
0.980000  0.180000   -0.0000004567180311
-.740000  0.220000    0.0000000255532366
-.700000  0.220000    0.0000000865231418
-.660000  0.220000    0.0000001891252724
-.620000  0.220000    0.0000003273453835
-.580000  0.220000    0.0000004934388281
-.540000  0.220000    0.0000006811175683
-.500000  0.220000    0.0000008768285209
-.460000  0.220000    0.0000010672297075
-.420000  0.220000    0.0000012365088336
-.380000  0.220000    0.0000013703813353
-.340000  0.220000    0.0000014573528452
-.300000  0.220000    0.0000014829268028
-.260000  0.220000    0.0000018485806032
-.220000  0.220000    0.0000017669176566
-.180000  0.220000    0.0000015738527547
-.140000  0.220000    0.0000018939421659
-.100000  0.220000    0.0000014496235963
-.060000  0.220000    0.0000015813113333
-.020000  0.220000    0.0000015726651532
0.020000  0.220000    0.0000013873345285
0.060000  0.220000    0.0000010422183379
0.100000  0.220000    0.0000005885466660
0.140000  0.220000    0.0000006445525592
0.180000  0.220000    0.0000000797168031
0.220000  0.220000   -0.0000000490242044
0.260000  0.220000   -0.0000002614654049
0.300000  0.220000   -0.0000007945091351
0.340000  0.220000   -0.0000010309636614
0.380000  0.220000   -0.0000012945157341
0.420000  0.220000   -0.0000015719928546
0.460000  0.220000   -0.0000018455455961
0.500000  0.220000   -0.0000021264782003
0.540000  0.220000   -0.0000023922677323
0.580000  0.220000   -0.0000026357158292
0.620000  0.220000   -0.0000028580100984
0.660000  0.220000   -0.0000029561919414
0.700000  0.220000   -0.0000030950849767
0.740000  0.220000   -0.0000030964095797
0.780000  0.220000   -0.0000031282148768
0.820000  0.220000   -0.0000029648518442
0.860000  0.220000   -0.0000026956796799
0.900000  0.220000   -0.0000021639789920
0.940000  0.220000   -0.0000014247471370
-.740000  0.260000    0.0000000191035182
-.700000  0.260000    0.0000000822990107
-.660000  0.260000    0.0000001906033927
-.620000  0.260000    0.0000003440235567
-.580000  0.260000    0.0000005404869647
-.540000  0.260000    0.0000007684455079
-.500000  0.260000    0.0000010124316171
-.460000  0.260000    0.0000012531554880
-.420000  0.260000    0.0000014724146064
-.380000  0.260000    0.0000016525330217
-.340000  0.260000    0.0000017754317361
-.300000  0.260000    0.0000018264182581
-.260000  0.260000    0.0000017884063091
-.220000  0.260000    0.0000021515504498
-.180000  0.260000    0.0000019344008979
-.140000  0.260000    0.0000022296766681
-.100000  0.260000    0.0000017417539838
-.060000  0.260000    0.0000018223979250
-.020000  0.260000    0.0000017659678027
0.020000  0.260000    0.0000015542186784
0.060000  0.260000    0.0000012019676769
0.100000  0.260000    0.0000007435688945
0.140000  0.260000    0.0000007825126531
0.180000  0.260000    0.0000001956809477
0.220000  0.260000    0.0000000318148117
0.260000  0.260000   -0.0000005647426462
0.300000  0.260000   -0.0000008105516112
0.340000  0.260000   -0.0000011024736364
0.380000  0.260000   -0.0000014234689787
0.420000  0.260000   -0.0000017561606304
0.460000  0.260000   -0.0000020894368108
0.500000  0.260000   -0.0000024098582750
0.540000  0.260000   -0.0000027123048708
0.580000  0.260000   -0.0000029918744725
0.620000  0.260000   -0.0000032377796502
0.660000  0.260000   -0.0000034489431737
0.700000  0.260000   -0.0000035048330457
0.740000  0.260000   -0.0000035959341609
0.780000  0.260000   -0.0000034826908003
0.820000  0.260000   -0.0000032581431317
0.860000  0.260000   -0.0000029075338817
0.900000  0.260000   -0.0000022679930419
0.940000  0.260000   -0.0000013154551604
-.740000  0.300000    0.0000000126675889
-.700000  0.300000    0.0000000697530063
-.660000  0.300000    0.0000001793257392
-.620000  0.300000    0.0000003441715683
-.580000  0.300000    0.0000005446744914
-.540000  0.300000    0.0000007783107438
-.500000  0.300000    0.0000010268941995
-.460000  0.300000    0.0000012698940414
-.420000  0.300000    0.0000014862538873
-.380000  0.300000    0.0000016562411270
-.340000  0.300000    0.0000020509009281
-.300000  0.300000    0.0000021257327952
-.260000  0.300000    0.0000021005099592
-.220000  0.300000    0.0000019589694281
-.180000  0.300000    0.0000022401764158
-.140000  0.300000    0.0000018592113419
-.100000  0.300000    0.0000019887980551
-.060000  0.300000    0.0000020252354696
-.020000  0.300000    0.0000019308253627
0.020000  0.300000    0.0000016955633688
0.060000  0.300000    0.0000013323683069
0.100000  0.300000    0.0000008685429394
0.140000  0.300000    0.0000003359318050
0.180000  0.300000    0.0000002820188028
0.220000  0.300000   -0.0000003368133960
0.260000  0.300000   -0.0000005449194128
0.300000  0.300000   -0.0000008363467111
0.340000  0.300000   -0.0000011786695515
0.380000  0.300000   -0.0000017614596812
0.420000  0.300000   -0.0000021038470793
0.460000  0.300000   -0.0000024530049502
0.500000  0.300000   -0.0000027999524359
0.540000  0.300000   -0.0000031300279342
0.580000  0.300000   -0.0000034341853861
0.620000  0.300000   -0.0000037064767853
0.660000  0.300000   -0.0000038070540227
0.700000  0.300000   -0.0000039684653832
0.740000  0.300000   -0.0000039168090603
0.780000  0.300000   -0.0000039205279753
0.820000  0.300000   -0.0000036349753563
0.860000  0.300000   -0.0000030133402686
0.900000  0.300000   -0.0000022613326293
0.940000  0.300000   -0.0000010849321366
-.740000  0.340000    0.0000000050151349
-.700000  0.340000    0.0000000520526868
-.660000  0.340000    0.0000001608843352
-.620000  0.340000    0.0000003207684041
-.580000  0.340000    0.0000005364848899
-.540000  0.340000    0.0000007959804534
-.500000  0.340000    0.0000010786652620
-.460000  0.340000    0.0000013604175586
-.420000  0.340000    0.0000016176764652
-.380000  0.340000    0.0000018278738837
-.340000  0.340000    0.0000019658164889
-.300000  0.340000    0.0000023611329409
-.260000  0.340000    0.0000023507550725
-.220000  0.340000    0.0000022158789842
-.180000  0.340000    0.0000024843067535
-.140000  0.340000    0.0000020960890407
-.100000  0.340000    0.0000021908840087
-.060000  0.340000    0.0000021890848580
-.020000  0.340000    0.0000020655269365
0.020000  0.340000    0.0000018096751972
0.060000  0.340000    0.0000014351661514
0.100000  0.340000    0.0000009657596740
0.140000  0.340000    0.0000004235126700
0.180000  0.340000    0.0000003400838111
0.220000  0.340000   -0.0000002966236264
0.260000  0.340000   -0.0000005422615915
0.300000  0.340000   -0.0000008735075890
0.340000  0.340000   -0.0000015175100155
0.380000  0.340000   -0.0000018807880738
0.420000  0.340000   -0.0000022676335945
0.460000  0.340000   -0.0000026579358741
0.500000  0.340000   -0.0000030409243028
0.540000  0.340000   -0.0000033987807266
0.580000  0.340000   -0.0000037257038705
0.620000  0.340000   -0.0000040080398824
0.660000  0.340000   -0.0000042439161801
0.700000  0.340000   -0.0000042502148566
0.740000  0.340000   -0.0000043258947708
0.780000  0.340000   -0.0000041075852727
0.820000  0.340000   -0.0000037410950268
0.860000  0.340000   -0.0000030053429637
0.900000  0.340000   -0.0000019880896287
0.940000  0.340000   -0.0000004300880647
-.700000  0.380000    0.0000000340804876
-.660000  0.380000    0.0000001263410977
-.620000  0.380000    0.0000002825031592
-.580000  0.380000    0.0000005033443792
-.540000  0.380000    0.0000007784929730
-.500000  0.380000    0.0000010865249074
-.460000  0.380000    0.0000014014352888
-.420000  0.380000    0.0000016947181674
-.380000  0.380000    0.0000019394843646
-.340000  0.380000    0.0000021114213970
-.300000  0.380000    0.0000021882076925
-.260000  0.380000    0.0000025333226696
-.220000  0.380000    0.0000024132407563
-.180000  0.380000    0.0000026606641573
-.140000  0.380000    0.0000022809912627
-.100000  0.380000    0.0000023465519007
-.060000  0.380000    0.0000023153160827
-.020000  0.380000    0.0000021644743647
0.020000  0.380000    0.0000018945294205
0.060000  0.380000    0.0000015121754988
0.100000  0.380000    0.0000010346978361
0.140000  0.380000    0.0000004862518453
0.180000  0.380000    0.0000003741422884
0.220000  0.380000   -0.0000002773275864
0.260000  0.380000   -0.0000005564017662
0.300000  0.380000   -0.0000012357824422
0.340000  0.380000   -0.0000015946841404
0.380000  0.380000   -0.0000019956324602
0.420000  0.380000   -0.0000024180020164
0.460000  0.380000   -0.0000028414378696
0.500000  0.380000   -0.0000032508387362
0.540000  0.380000   -0.0000036316149589
0.580000  0.380000   -0.0000039690698535
0.620000  0.380000   -0.0000042543676146
0.660000  0.380000   -0.0000044788440351
0.700000  0.380000   -0.0000044452407011
0.740000  0.380000   -0.0000044826055632
0.780000  0.380000   -0.0000041846107777
0.820000  0.380000   -0.0000037265816695
0.860000  0.380000   -0.0000028678011360
0.900000  0.380000   -0.0000015948062786
-.700000  0.420000    0.0000000167215203
-.660000  0.420000    0.0000000881225619
-.620000  0.420000    0.0000002308170360
-.580000  0.420000    0.0000004464174886
-.540000  0.420000    0.0000007056179594
-.500000  0.420000    0.0000010007421520
-.460000  0.420000    0.0000013051299108
-.420000  0.420000    0.0000015894079663
-.380000  0.420000    0.0000019841142341
-.340000  0.420000    0.0000021890558880
-.300000  0.420000    0.0000022978938946
-.260000  0.420000    0.0000026419818621
-.220000  0.420000    0.0000025441818004
-.180000  0.420000    0.0000027752715975
-.140000  0.420000    0.0000024129178625
-.100000  0.420000    0.0000024545809804
-.060000  0.420000    0.0000023983507547
-.020000  0.420000    0.0000022307562531
0.020000  0.420000    0.0000019478354436
0.060000  0.420000    0.0000015584359084
0.100000  0.420000    0.0000010780068532
0.140000  0.420000    0.0000005244022988
0.180000  0.420000    0.0000003838228584
0.220000  0.420000   -0.0000002765413171
0.260000  0.420000   -0.0000005853270074
0.300000  0.420000   -0.0000012825210327
0.340000  0.420000   -0.0000016722549321
0.380000  0.420000   -0.0000021032655957
0.420000  0.420000   -0.0000027704168276
0.460000  0.420000   -0.0000031889297208
0.500000  0.420000   -0.0000035982560485
0.540000  0.420000   -0.0000039827723283
0.580000  0.420000   -0.0000043273609896
0.620000  0.420000   -0.0000044313372495
0.660000  0.420000   -0.0000046332088351
0.700000  0.420000   -0.0000047568229673
0.740000  0.420000   -0.0000045301075357
0.780000  0.420000   -0.0000041436580115
0.820000  0.420000   -0.0000033417380008
0.860000  0.420000   -0.0000023953511937
0.900000  0.420000   -0.0000008913737484
-.700000  0.460000    0.0000000055058208
-.660000  0.460000    0.0000000512719533
-.620000  0.460000    0.0000001697590226
-.580000  0.460000    0.0000003686821693
-.540000  0.460000    0.0000006232141292
-.500000  0.460000    0.0000009240172685
-.460000  0.460000    0.0000012458889763
-.420000  0.460000    0.0000015555166706
-.380000  0.460000    0.0000019588408001
-.340000  0.460000    0.0000021956560304
-.300000  0.460000    0.0000023394522289
-.260000  0.460000    0.0000026774407902
-.220000  0.460000    0.0000026103442351
-.180000  0.460000    0.0000028235787942
-.140000  0.460000    0.0000024922682651
-.100000  0.460000    0.0000025136094580
-.060000  0.460000    0.0000024394714883
-.020000  0.460000    0.0000022581420642
0.020000  0.460000    0.0000019689356166
0.060000  0.460000    0.0000015765898103
0.100000  0.460000    0.0000010944511598
0.140000  0.460000    0.0000005401434760
0.180000  0.460000    0.0000003728798548
0.220000  0.460000   -0.0000002916722372
0.260000  0.460000   -0.0000006236336539
0.300000  0.460000   -0.0000013325287010
0.340000  0.460000   -0.0000017464312490
0.380000  0.460000   -0.0000021988917745
0.420000  0.460000   -0.0000028823298765
0.460000  0.460000   -0.0000033165325284
0.500000  0.460000   -0.0000037353860778
0.540000  0.460000   -0.0000041234294810
0.580000  0.460000   -0.0000044605496423
0.620000  0.460000   -0.0000045293394134
0.660000  0.460000   -0.0000046979513641
0.700000  0.460000   -0.0000045368880403
0.740000  0.460000   -0.0000044592143886
0.780000  0.460000   -0.0000039724125104
0.820000  0.460000   -0.0000030372661704
0.860000  0.460000   -0.0000016719970360
-.660000  0.500000    0.0000000215549783
-.620000  0.500000    0.0000001072003584
-.580000  0.500000    0.0000002797461088
-.540000  0.500000    0.0000005157285671
-.500000  0.500000    0.0000008105312601
-.460000  0.500000    0.0000011378401411
-.420000  0.500000    0.0000014662014721
-.380000  0.500000    0.0000018658546940
-.340000  0.500000    0.0000021334873269
-.300000  0.500000    0.0000023113757423
-.260000  0.500000    0.0000026397521048
-.220000  0.500000    0.0000026120049505
-.180000  0.500000    0.0000028088637097
-.140000  0.500000    0.0000025177197407
-.100000  0.500000    0.0000025249686363
-.060000  0.500000    0.0000024391138329
-.020000  0.500000    0.0000022507259515
0.020000  0.500000    0.0000019564442087
0.060000  0.500000    0.0000015667467670
0.100000  0.500000    0.0000010873836791
0.140000  0.500000    0.0000005362808950
0.180000  0.500000    0.0000003438337105
0.220000  0.500000   -0.0000003198719295
0.260000  0.500000   -0.0000006702444872
0.300000  0.500000   -0.0000013833017089
0.340000  0.500000   -0.0000018121358940
0.380000  0.500000   -0.0000022761540451
0.420000  0.500000   -0.0000029682243349
0.460000  0.500000   -0.0000034082428343
0.500000  0.500000   -0.0000038255021271
0.540000  0.500000   -0.0000042031741811
0.580000  0.500000   -0.0000045202220388
0.620000  0.500000   -0.0000045347808999
0.660000  0.500000   -0.0000046564987263
0.700000  0.500000   -0.0000044067630503
0.740000  0.500000   -0.0000039864340115
0.780000  0.500000   -0.0000033781812383
0.820000  0.500000   -0.0000023628291801
0.860000  0.500000   -0.0000007063242172
-.660000  0.540000    0.0000000046457647
-.620000  0.540000    0.0000000525605212
-.580000  0.540000    0.0000001885864854
-.540000  0.540000    0.0000003941517348
-.500000  0.540000    0.0000006694115292
-.460000  0.540000    0.0000009904780648
-.420000  0.540000    0.0000013271377772
-.380000  0.540000    0.0000017115191138
-.340000  0.540000    0.0000020044333907
-.300000  0.540000    0.0000022187629266
-.260000  0.540000    0.0000025348055149
-.220000  0.540000    0.0000025484581237
-.180000  0.540000    0.0000027353761091
-.140000  0.540000    0.0000024919553203
-.100000  0.540000    0.0000024892633466
-.060000  0.540000    0.0000023977710725
-.020000  0.540000    0.0000022061811994
0.020000  0.540000    0.0000019166497779
0.060000  0.540000    0.0000015282641443
0.100000  0.540000    0.0000010581209850
0.140000  0.540000    0.0000005137535354
0.180000  0.540000    0.0000003002592061
0.220000  0.540000   -0.0000003565553037
0.260000  0.540000   -0.0000007180595344
0.300000  0.540000   -0.0000014287041318
0.340000  0.540000   -0.0000018638917761
0.380000  0.540000   -0.0000023282366186
0.420000  0.540000   -0.0000030215307008
0.460000  0.540000   -0.0000034553364946
0.500000  0.540000   -0.0000038580919460
0.540000  0.540000   -0.0000042108136018
0.580000  0.540000   -0.0000044955609721
0.620000  0.540000   -0.0000044384944717
0.660000  0.540000   -0.0000045020398312
0.700000  0.540000   -0.0000041481735623
0.740000  0.540000   -0.0000036164258885
0.780000  0.540000   -0.0000026500429364
0.820000  0.540000   -0.0000012876081718
-.620000  0.580000    0.0000000161103682
-.580000  0.580000    0.0000000933216641
-.540000  0.580000    0.0000002710367350
-.500000  0.580000    0.0000005123617520
-.460000  0.580000    0.0000008146075689
-.420000  0.580000    0.0000011472429130
-.380000  0.580000    0.0000015057213380
-.340000  0.580000    0.0000018198503425
-.300000  0.580000    0.0000020647863734
-.260000  0.580000    0.0000023690150855
-.220000  0.580000    0.0000024307841185
-.180000  0.580000    0.0000026052752901
-.140000  0.580000    0.0000027152841198
-.100000  0.580000    0.0000024094503081
-.060000  0.580000    0.0000023146049929
-.020000  0.580000    0.0000021271814663
0.020000  0.580000    0.0000018421509488
0.060000  0.580000    0.0000014673969026
0.100000  0.580000    0.0000010090447350
0.140000  0.580000    0.0000008405871683
0.180000  0.580000    0.0000002463792055
0.220000  0.580000   -0.0000003980211958
0.260000  0.580000   -0.0000007636057027
0.300000  0.580000   -0.0000014637523796
0.340000  0.580000   -0.0000018939714051
0.380000  0.580000   -0.0000023491140596
0.420000  0.580000   -0.0000030339533881
0.460000  0.580000   -0.0000034488596255
0.500000  0.580000   -0.0000038236589226
0.540000  0.580000   -0.0000041407443615
0.580000  0.580000   -0.0000041229118884
0.620000  0.580000   -0.0000042307608178
0.660000  0.580000   -0.0000039397476800
0.700000  0.580000   -0.0000034754050427
0.740000  0.580000   -0.0000028302729986
0.780000  0.580000   -0.0000016222466293
-.620000  0.620000    0.0000000036588902
-.580000  0.620000    0.0000000324618629
-.540000  0.620000    0.0000001378854099
-.500000  0.620000    0.0000003295714950
-.460000  0.620000    0.0000005990087682
-.420000  0.620000    0.0000009208947176
-.380000  0.620000    0.0000012631385898
-.340000  0.620000    0.0000015889190760
-.300000  0.620000    0.0000018624905225
-.260000  0.620000    0.0000021495604001
-.220000  0.620000    0.0000022580030429
-.180000  0.620000    0.0000024252912652
-.140000  0.620000    0.0000025298774257
-.100000  0.620000    0.0000025552092430
-.060000  0.620000    0.0000021967136271
-.020000  0.620000    0.0000020170770563
0.020000  0.620000    0.0000017448379238
0.060000  0.620000    0.0000013850441512
0.100000  0.620000    0.0000012693918031
0.140000  0.620000    0.0000007591826725
0.180000  0.620000    0.0000001860017631
0.220000  0.620000   -0.0000004391432869
0.260000  0.620000   -0.0000007997590344
0.300000  0.620000   -0.0000014818585151
0.340000  0.620000   -0.0000018983829455
0.380000  0.620000   -0.0000023308191921
0.420000  0.620000   -0.0000027578046875
0.460000  0.620000   -0.0000031444739430
0.500000  0.620000   -0.0000034725010501
0.540000  0.620000   -0.0000037190522956
0.580000  0.620000   -0.0000038664991595
0.620000  0.620000   -0.0000036315955413
0.660000  0.620000   -0.0000034982597124
0.700000  0.620000   -0.0000026595414911
0.740000  0.620000   -0.0000017193748777
0.780000  0.620000   -0.0000003126580173
-.580000  0.660000    0.0000000070284512
-.540000  0.660000    0.0000000521116939
-.500000  0.660000    0.0000001809226489
-.460000  0.660000    0.0000003948579583
-.420000  0.660000    0.0000006775303603
-.380000  0.660000    0.0000010013574867
-.340000  0.660000    0.0000013275591964
-.300000  0.660000    0.0000016411810048
-.260000  0.660000    0.0000018880840534
-.220000  0.660000    0.0000021368099162
-.180000  0.660000    0.0000022031361426
-.140000  0.660000    0.0000023065672133
-.100000  0.660000    0.0000023360409111
-.060000  0.660000    0.0000022771517219
-.020000  0.660000    0.0000021294638155
0.020000  0.660000    0.0000018889940131
0.060000  0.660000    0.0000015621672450
0.100000  0.660000    0.0000011536070734
0.140000  0.660000    0.0000006718315870
0.180000  0.660000    0.0000001265052636
0.220000  0.660000   -0.0000001991344554
0.260000  0.660000   -0.0000008202186010
0.300000  0.660000   -0.0000012189068301
0.340000  0.660000   -0.0000018683716768
0.380000  0.660000   -0.0000022653329902
0.420000  0.660000   -0.0000026475770192
0.460000  0.660000   -0.0000029825432907
0.500000  0.660000   -0.0000032496583559
0.540000  0.660000   -0.0000034283692871
0.580000  0.660000   -0.0000032326576093
0.620000  0.660000   -0.0000031466337737
0.660000  0.660000   -0.0000023858695722
0.700000  0.660000   -0.0000015440499870
0.740000  0.660000   -0.0000004198118274
-.540000  0.700000    0.0000000066981460
-.500000  0.700000    0.0000000597889626
-.460000  0.700000    0.0000001981754717
-.420000  0.700000    0.0000004507975562
-.380000  0.700000    0.0000007017354288
-.340000  0.700000    0.0000010172566445
-.300000  0.700000    0.0000013293396435
-.260000  0.700000    0.0000016153700468
-.220000  0.700000    0.0000018313961778
-.180000  0.700000    0.0000020247619753
-.140000  0.700000    0.0000020515134589
-.100000  0.700000    0.0000020868062301
-.060000  0.700000    0.0000020446520197
-.020000  0.700000    0.0000019178817504
0.020000  0.700000    0.0000017038444118
0.060000  0.700000    0.0000014068048971
0.100000  0.700000    0.0000010316229411
0.140000  0.700000    0.0000005842425729
0.180000  0.700000    0.0000003079355014
0.220000  0.700000   -0.0000002338427691
0.260000  0.700000   -0.0000005961801405
0.300000  0.700000   -0.0000011823975023
0.340000  0.700000   -0.0000015590357311
0.380000  0.700000   -0.0000019262662737
0.420000  0.700000   -0.0000024713491916
0.460000  0.700000   -0.0000025160429863
0.500000  0.700000   -0.0000026907462451
0.540000  0.700000   -0.0000027606448099
0.580000  0.700000   -0.0000024639365859
0.620000  0.700000   -0.0000020178802264
0.660000  0.700000   -0.0000012596885823
0.700000  0.700000   -0.0000002741383686
-.500000  0.740000    0.0000000094407572
-.460000  0.740000    0.0000000678039227
-.420000  0.740000    0.0000002139327481
-.380000  0.740000    0.0000004385181436
-.340000  0.740000    0.0000007164924512
-.300000  0.740000    0.0000009786798601
-.260000  0.740000    0.0000012667105341
-.220000  0.740000    0.0000015092717961
-.180000  0.740000    0.0000016920289598
-.140000  0.740000    0.0000018267940624
-.100000  0.740000    0.0000018985878553
-.060000  0.740000    0.0000017943239777
-.020000  0.740000    0.0000016913678245
0.020000  0.740000    0.0000015090450065
0.060000  0.740000    0.0000012466601374
0.100000  0.740000    0.0000010785133152
0.140000  0.740000    0.0000006932047631
0.180000  0.740000    0.0000002496610695
0.220000  0.740000   -0.0000000599889146
0.260000  0.740000   -0.0000005665746815
0.300000  0.740000   -0.0000009047834319
0.340000  0.740000   -0.0000014263979884
0.380000  0.740000   -0.0000017258924374
0.420000  0.740000   -0.0000019764904161
0.460000  0.740000   -0.0000021593253650
0.500000  0.740000   -0.0000020230972175
0.540000  0.740000   -0.0000019765863118
0.580000  0.740000   -0.0000015795053356
0.620000  0.740000   -0.0000008877007346
0.660000  0.740000   -0.0000000275222725
-.460000  0.780000    0.0000000026881582
-.420000  0.780000    0.0000000536636410
-.380000  0.780000    0.0000001872849246
-.340000  0.780000    0.0000003962653157
-.300000  0.780000    0.0000006553309012
-.260000  0.780000    0.0000008858233578
-.220000  0.780000    0.0000011454889383
-.180000  0.780000    0.0000013402401628
-.140000  0.780000    0.0000014899806726
-.100000  0.780000    0.0000015729854331
-.060000  0.780000    0.0000015902500636
-.020000  0.780000    0.0000015367466644
0.020000  0.780000    0.0000014079316015
0.060000  0.780000    0.0000012076902498
0.100000  0.780000    0.0000009368737526
0.140000  0.780000    0.0000006012540367
0.180000  0.780000    0.0000003593763394
0.220000  0.780000   -0.0000000512496785
0.260000  0.780000   -0.0000003359873098
0.300000  0.780000   -0.0000007774100464
0.340000  0.780000   -0.0000010348967406
0.380000  0.780000   -0.0000012540988110
0.420000  0.780000   -0.0000014109713572
0.460000  0.780000   -0.0000014871204213
0.500000  0.780000   -0.0000012550832335
0.540000  0.780000   -0.0000009166691761
0.580000  0.780000   -0.0000003522376049
0.620000  0.780000    0.0000002664368609
-.420000  0.820000    0.0000000078427523
-.380000  0.820000    0.0000000325337894
-.340000  0.820000    0.0000001444384729
-.300000  0.820000    0.0000003284353890
-.260000  0.820000    0.0000005126796163
-.220000  0.820000    0.0000007519548091
-.180000  0.820000    0.0000009419212910
-.140000  0.820000    0.0000011321774377
-.100000  0.820000    0.0000012403221952
-.060000  0.820000    0.0000012971772184
-.020000  0.820000    0.0000012911794515
0.020000  0.820000    0.0000012212911310
0.060000  0.820000    0.0000010861246017
0.100000  0.820000    0.0000008904331718
0.140000  0.820000    0.0000006392125098
0.180000  0.820000    0.0000004338758448
0.220000  0.820000    0.0000001203489580
0.260000  0.820000   -0.0000001016148609
0.300000  0.820000   -0.0000004327828441
0.340000  0.820000   -0.0000006061201707
0.380000  0.820000   -0.0000007286182977
0.420000  0.820000   -0.0000006287509414
0.460000  0.820000   -0.0000005762410353
0.500000  0.820000   -0.0000002937133844
0.540000  0.820000    0.0000002051454045
-.380000  0.860000    0.0000000064717999
-.340000  0.860000    0.0000000104316121
-.300000  0.860000    0.0000000750834407
-.260000  0.860000    0.0000002074607281
-.220000  0.860000    0.0000003908848059
-.180000  0.860000    0.0000005535979190
-.140000  0.860000    0.0000007474935175
-.100000  0.860000    0.0000008725181708
-.060000  0.860000    0.0000009592169347
-.020000  0.860000    0.0000009989972284
0.020000  0.860000    0.0000009857042058
0.060000  0.860000    0.0000009197916082
0.100000  0.860000    0.0000008040429625
0.140000  0.860000    0.0000006394983308
0.180000  0.860000    0.0000004984917974
0.220000  0.860000    0.0000002863983457
0.260000  0.860000    0.0000001504738861
0.300000  0.860000    0.0000000374802372
0.340000  0.860000   -0.0000000301903543
0.380000  0.860000   -0.0000000418243940
0.420000  0.860000    0.0000001148793740
0.460000  0.860000    0.0000003679080674
0.500000  0.860000    0.0000005129701604
-.340000  0.900000    0.0000000190231184
-.300000  0.900000    0.0000000117605605
-.260000  0.900000    0.0000000298174960
-.220000  0.900000    0.0000001054804635
-.180000  0.900000    0.0000002336712030
-.140000  0.900000    0.0000003620392347
-.100000  0.900000    0.0000005170327842
-.060000  0.900000    0.0000006211868684
-.020000  0.900000    0.0000006968107310
0.020000  0.900000    0.0000007351565838
0.060000  0.900000    0.0000007348698056
0.100000  0.900000    0.0000006943508318
0.140000  0.900000    0.0000006434929352
0.180000  0.900000    0.0000005538505739
0.220000  0.900000    0.0000004973327278
0.260000  0.900000    0.0000004545596395
0.300000  0.900000    0.0000004397266715
0.340000  0.900000    0.0000005085876989
0.380000  0.900000    0.0000005899253492
0.420000  0.900000    0.0000005925310606
-.260000  0.940000    0.0000000390998105
-.220000  0.940000    0.0000000357662323
-.180000  0.940000    0.0000000498443475
-.140000  0.940000    0.0000001055815795
-.100000  0.940000    0.0000001971708367
-.060000  0.940000    0.0000002974784355
-.020000  0.940000    0.0000003911849549
0.020000  0.940000    0.0000004684325201
0.060000  0.940000    0.0000005234718341
0.100000  0.940000    0.0000005631599716
0.140000  0.940000    0.0000005788134780
0.180000  0.940000    0.0000005994802600
0.220000  0.940000    0.0000006148433840
0.260000  0.940000    0.0000006402024098
0.300000  0.940000    0.0000006184866571
0.340000  0.940000    0.0000000181466784
-.140000  0.980000    0.0000000694862773
-.100000  0.980000    0.0000000990228212
-.060000  0.980000    0.0000001117385086
-.020000  0.980000    0.0000001394201914
0.020000  0.980000    0.0000001959848556
0.060000  0.980000    0.0000002636909287
0.100000  0.980000    0.0000003042554253
0.140000  0.980000    0.0000002994250936
0.180000  0.980000    0.0000001615736041
