-.140000  -.980000   -0.0000001107184246
-.100000  -.980000   -0.0000001964321293
-.060000  -.980000   -0.0000002114891053
-.020000  -.980000   -0.0000002407933706
0.020000  -.980000   -0.0000002717392382
0.060000  -.980000   -0.0000002726449749
0.100000  -.980000   -0.0000002471524845
0.140000  -.980000   -0.0000001868056819
0.180000  -.980000    0.0000000867621430
-.260000  -.940000   -0.0000000376686022
-.220000  -.940000   -0.0000001619627397
-.180000  -.940000   -0.0000002118975689
-.140000  -.940000   -0.0000002857112299
-.100000  -.940000   -0.0000003684467357
-.060000  -.940000   -0.0000004890495347
-.020000  -.940000   -0.0000005688007177
0.020000  -.940000   -0.0000006283158798
0.060000  -.940000   -0.0000006612182423
0.100000  -.940000   -0.0000006356370257
0.140000  -.940000   -0.0000006259636178
0.180000  -.940000   -0.0000005775170370
0.220000  -.940000   -0.0000005302053399
0.260000  -.940000   -0.0000004559704383
0.300000  -.940000   -0.0000003575300190
0.340000  -.940000    0.0000004684408091
-.300000  -.900000   -0.0000001261775783
-.260000  -.900000   -0.0000001962915840
-.220000  -.900000   -0.0000003031176996
-.180000  -.900000   -0.0000004604985402
-.140000  -.900000   -0.0000005918828332
-.100000  -.900000   -0.0000007736691009
-.060000  -.900000   -0.0000008706277383
-.020000  -.900000   -0.0000009319309116
0.020000  -.900000   -0.0000009492949401
0.060000  -.900000   -0.0000009199366378
0.100000  -.900000   -0.0000008426951944
0.140000  -.900000   -0.0000007214493909
0.180000  -.900000   -0.0000005865097532
0.220000  -.900000   -0.0000004535145486
0.260000  -.900000   -0.0000003355989517
0.300000  -.900000   -0.0000002496378926
0.340000  -.900000   -0.0000002257931440
0.380000  -.900000   -0.0000002441008723
0.420000  -.900000   -0.0000001637716715
-.380000  -.860000   -0.0000000586042923
-.340000  -.860000   -0.0000001465731949
-.300000  -.860000   -0.0000002554132121
-.260000  -.860000   -0.0000004249057784
-.220000  -.860000   -0.0000006452731659
-.180000  -.860000   -0.0000008172202354
-.140000  -.860000   -0.0000010411870759
-.100000  -.860000   -0.0000011645052265
-.060000  -.860000   -0.0000012427858941
-.020000  -.860000   -0.0000012664769035
0.020000  -.860000   -0.0000012283834358
0.060000  -.860000   -0.0000011294091793
0.100000  -.860000   -0.0000009685075039
0.140000  -.860000   -0.0000007518218381
0.180000  -.860000   -0.0000005421745437
0.220000  -.860000   -0.0000002640434087
0.260000  -.860000   -0.0000000460913412
0.300000  -.860000    0.0000001467983285
0.340000  -.860000    0.0000002981446902
0.380000  -.860000    0.0000003844788456
0.420000  -.860000    0.0000003048682053
0.460000  -.860000    0.0000001223182608
0.500000  -.860000    0.0000000104335421
-.420000  -.820000   -0.0000000742514741
-.380000  -.820000   -0.0000001740258852
-.340000  -.820000   -0.0000003352386619
-.300000  -.820000   -0.0000005609030429
-.260000  -.820000   -0.0000007649388859
-.220000  -.820000   -0.0000010408621975
-.180000  -.820000   -0.0000012409561443
-.140000  -.820000   -0.0000014539399769
-.100000  -.820000   -0.0000015619013641
-.060000  -.820000   -0.0000016087522564
-.020000  -.820000   -0.0000015866010900
0.020000  -.820000   -0.0000014904332166
0.060000  -.820000   -0.0000013194903057
0.100000  -.820000   -0.0000010774357056
0.140000  -.820000   -0.0000007668968932
0.180000  -.820000   -0.0000005013256058
0.220000  -.820000   -0.0000001113250197
0.260000  -.820000    0.0000001841584797
0.300000  -.820000    0.0000006042965020
0.340000  -.820000    0.0000008639480281
0.380000  -.820000    0.0000010731860998
0.420000  -.820000    0.0000010546491324
0.460000  -.820000    0.0000010825121810
0.500000  -.820000    0.0000008571186970
0.540000  -.820000    0.0000004067939303
-.460000  -.780000   -0.0000000668515322
-.420000  -.780000   -0.0000001871188783
-.380000  -.780000   -0.0000003700450726
-.340000  -.780000   -0.0000006203797404
-.300000  -.780000   -0.0000009162950592
-.260000  -.780000   -0.0000011667711092
-.220000  -.780000   -0.0000014573782369
-.180000  -.780000   -0.0000016651101914
-.140000  -.780000   -0.0000018278901456
-.100000  -.780000   -0.0000019095770825
-.060000  -.780000   -0.0000019173049630
-.020000  -.780000   -0.0000018468913062
0.020000  -.780000   -0.0000016919814017
0.060000  -.780000   -0.0000014524137068
0.100000  -.780000   -0.0000011326431831
0.140000  -.780000   -0.0000007391860074
0.180000  -.780000   -0.0000004476880253
0.220000  -.780000    0.0000000416270228
0.260000  -.780000    0.0000003932758742
0.300000  -.780000    0.0000009298915004
0.340000  -.780000    0.0000012762879640
0.380000  -.780000    0.0000015841805188
0.420000  -.780000    0.0000018342503930
0.460000  -.780000    0.0000020014275326
0.500000  -.780000    0.0000018406675190
0.540000  -.780000    0.0000015690399561
0.580000  -.780000    0.0000010465933441
0.620000  -.780000    0.0000003598195282
-.500000  -.740000   -0.0000000563627410
-.460000  -.740000   -0.0000001866344988
-.420000  -.740000   -0.0000003824771984
-.380000  -.740000   -0.0000006483907972
-.340000  -.740000   -0.0000009625916785
-.300000  -.740000   -0.0000012470641646
-.260000  -.740000   -0.0000015673688051
-.220000  -.740000   -0.0000018264474009
-.180000  -.740000   -0.0000020291437987
-.140000  -.740000   -0.0000021724469170
-.100000  -.740000   -0.0000022453502090
-.060000  -.740000   -0.0000021202922799
-.020000  -.740000   -0.0000020000083026
0.020000  -.740000   -0.0000017884527129
0.060000  -.740000   -0.0000014880718735
0.100000  -.740000   -0.0000013010730129
0.140000  -.740000   -0.0000008574927193
0.180000  -.740000   -0.0000003446329365
0.220000  -.740000    0.0000000106718245
0.260000  -.740000    0.0000006074718178
0.300000  -.740000    0.0000010161339643
0.340000  -.740000    0.0000016438512773
0.380000  -.740000    0.0000020308508650
0.420000  -.740000    0.0000023750919148
0.460000  -.740000    0.0000026519321017
0.500000  -.740000    0.0000025920705145
0.540000  -.740000    0.0000026409303562
0.580000  -.740000    0.0000023044796350
0.620000  -.740000    0.0000016518414376
0.660000  -.740000    0.0000007580107556
-.540000  -.700000   -0.0000000337734215
-.500000  -.700000   -0.0000001532651090
-.460000  -.700000   -0.0000003383313645
-.420000  -.700000   -0.0000006395504537
-.380000  -.700000   -0.0000009153079292
-.340000  -.700000   -0.0000012659678169
-.300000  -.700000   -0.0000016089180669
-.260000  -.700000   -0.0000019154984648
-.220000  -.700000   -0.0000021541898225
-.180000  -.700000   -0.0000023648954617
-.140000  -.700000   -0.0000023907087511
-.100000  -.700000   -0.0000024259413437
-.060000  -.700000   -0.0000023756584043
-.020000  -.700000   -0.0000022345998849
0.020000  -.700000   -0.0000019974484321
0.060000  -.700000   -0.0000016636570837
0.100000  -.700000   -0.0000012412236082
0.140000  -.700000   -0.0000007388865475
0.180000  -.700000   -0.0000004364279366
0.220000  -.700000    0.0000001837564314
0.260000  -.700000    0.0000005915756725
0.300000  -.700000    0.0000012775033305
0.340000  -.700000    0.0000017264336345
0.380000  -.700000    0.0000021693858015
0.420000  -.700000    0.0000028395820427
0.460000  -.700000    0.0000029446664695
0.500000  -.700000    0.0000032271801749
0.540000  -.700000    0.0000034040742378
0.580000  -.700000    0.0000031756428944
0.620000  -.700000    0.0000027956650840
0.660000  -.700000    0.0000020716041359
0.700000  -.700000    0.0000010651580967
-.580000  -.660000   -0.0000000079060563
-.540000  -.660000   -0.0000001227148346
-.500000  -.660000   -0.0000003025596408
-.460000  -.660000   -0.0000005548074531
-.420000  -.660000   -0.0000008702207188
-.380000  -.660000   -0.0000012248569325
-.340000  -.660000   -0.0000015819487507
-.300000  -.660000   -0.0000019199872474
-.260000  -.660000   -0.0000021919765030
-.220000  -.660000   -0.0000024604388209
-.180000  -.660000   -0.0000025322770634
-.140000  -.660000   -0.0000026457305764
-.100000  -.660000   -0.0000026771283093
-.060000  -.660000   -0.0000026150468949
-.020000  -.660000   -0.0000024575754946
0.020000  -.660000   -0.0000021961010381
0.060000  -.660000   -0.0000018346925329
0.100000  -.660000   -0.0000013826743460
0.140000  -.660000   -0.0000008481501027
0.180000  -.660000   -0.0000002388493773
0.220000  -.660000    0.0000001133200968
0.260000  -.660000    0.0000008207615888
0.300000  -.660000    0.0000012694681624
0.340000  -.660000    0.0000020224735725
0.380000  -.660000    0.0000024934816188
0.420000  -.660000    0.0000029550202026
0.460000  -.660000    0.0000033818032548
0.500000  -.660000    0.0000037529992371
0.540000  -.660000    0.0000040397444580
0.580000  -.660000    0.0000039143993066
0.620000  -.660000    0.0000039319632535
0.660000  -.660000    0.0000032032003103
0.700000  -.660000    0.0000023901110582
0.740000  -.660000    0.0000012245162884
-.580000  -.620000   -0.0000000729137768
-.540000  -.620000   -0.0000002292225663
-.500000  -.620000   -0.0000004576901408
-.460000  -.620000   -0.0000007561294215
-.420000  -.620000   -0.0000011096077254
-.380000  -.620000   -0.0000014828855471
-.340000  -.620000   -0.0000018405015168
-.300000  -.620000   -0.0000021356223276
-.260000  -.620000   -0.0000024481533099
-.220000  -.620000   -0.0000025654606633
-.180000  -.620000   -0.0000027501449255
-.140000  -.620000   -0.0000028660846836
-.100000  -.620000   -0.0000028965821696
-.060000  -.620000   -0.0000025020098224
-.020000  -.620000   -0.0000023061303381
0.020000  -.620000   -0.0000020144452589
0.060000  -.620000   -0.0000016215184779
0.100000  -.620000   -0.0000015167948187
0.140000  -.620000   -0.0000009544251012
0.180000  -.620000   -0.0000003183423450
0.220000  -.620000    0.0000003771399737
0.260000  -.620000    0.0000007690946028
0.300000  -.620000    0.0000015406819127
0.340000  -.620000    0.0000020113173216
0.380000  -.620000    0.0000025079245673
0.420000  -.620000    0.0000030047383387
0.460000  -.620000    0.0000034785909331
0.500000  -.620000    0.0000039034997797
0.540000  -.620000    0.0000042569469872
0.580000  -.620000    0.0000045182191754
0.620000  -.620000    0.0000043503582121
0.660000  -.620000    0.0000043226036521
0.700000  -.620000    0.0000035108877384
0.740000  -.620000    0.0000025906002478
0.780000  -.620000    0.0000010566539840
-.620000  -.580000   -0.0000000262495601
-.580000  -.580000   -0.0000001547779223
-.540000  -.580000   -0.0000003761753852
-.500000  -.580000   -0.0000006484846597
-.460000  -.580000   -0.0000009776257984
-.420000  -.580000   -0.0000013379043511
-.380000  -.580000   -0.0000017188648392
-.340000  -.580000   -0.0000020625325453
-.300000  -.580000   -0.0000023319561721
-.260000  -.580000   -0.0000026587312379
-.220000  -.580000   -0.0000027281032113
-.180000  -.580000   -0.0000029210298855
-.140000  -.580000   -0.0000030437330362
-.100000  -.580000   -0.0000027120789818
-.060000  -.580000   -0.0000026152931720
-.020000  -.580000   -0.0000024161197483
0.020000  -.580000   -0.0000021129892736
0.060000  -.580000   -0.0000017084471778
0.100000  -.580000   -0.0000012099143669
0.140000  -.580000   -0.0000010513017792
0.180000  -.580000   -0.0000003959592534
0.220000  -.580000    0.0000003188578595
0.260000  -.580000    0.0000007051240008
0.300000  -.580000    0.0000014938992363
0.340000  -.580000    0.0000019692598838
0.380000  -.580000    0.0000024779451882
0.420000  -.580000    0.0000032773937080
0.460000  -.580000    0.0000037661303224
0.500000  -.580000    0.0000042300087663
0.540000  -.580000    0.0000046454027202
0.580000  -.580000    0.0000046942182640
0.620000  -.580000    0.0000049143764786
0.660000  -.580000    0.0000046948333398
0.700000  -.580000    0.0000042989586789
0.740000  -.580000    0.0000037090296400
0.780000  -.580000    0.0000024882943418
-.620000  -.540000   -0.0000000841551775
-.580000  -.540000   -0.0000002653076686
-.540000  -.540000   -0.0000005007004200
-.500000  -.540000   -0.0000008012080198
-.460000  -.540000   -0.0000011474509085
-.420000  -.540000   -0.0000015106374616
-.380000  -.540000   -0.0000019150979377
-.340000  -.540000   -0.0000022380776425
-.300000  -.540000   -0.0000024731362663
-.260000  -.540000   -0.0000028139607302
-.220000  -.540000   -0.0000028363668923
-.180000  -.540000   -0.0000030389998628
-.140000  -.540000   -0.0000027787305976
-.100000  -.540000   -0.0000027820302488
-.060000  -.540000   -0.0000026886337071
-.020000  -.540000   -0.0000024895402500
0.020000  -.540000   -0.0000021829717998
0.060000  -.540000   -0.0000017686230664
0.100000  -.540000   -0.0000012625907064
0.140000  -.540000   -0.0000006688454405
0.180000  -.540000   -0.0000004624423702
0.220000  -.540000    0.0000002642675897
0.260000  -.540000    0.0000006369608372
0.300000  -.540000    0.0000014361704967
0.340000  -.540000    0.0000019054092085
0.380000  -.540000    0.0000024180471959
0.420000  -.540000    0.0000032234822401
0.460000  -.540000    0.0000037265410708
0.500000  -.540000    0.0000042090061649
0.540000  -.540000    0.0000046520676202
0.580000  -.540000    0.0000050337175980
0.620000  -.540000    0.0000050457319996
0.660000  -.540000    0.0000052199055860
0.700000  -.540000    0.0000049392083434
0.740000  -.540000    0.0000044691954296
0.780000  -.540000    0.0000035190450516
0.820000  -.540000    0.0000021292431189
-.660000  -.500000   -0.0000000245682438
-.620000  -.500000   -0.0000001504997741
-.580000  -.500000   -0.0000003595748491
-.540000  -.500000   -0.0000006194869272
-.500000  -.500000   -0.0000009361854972
-.460000  -.500000   -0.0000012867973996
-.420000  -.500000   -0.0000016408363301
-.380000  -.500000   -0.0000020595977722
-.340000  -.500000   -0.0000023546339040
-.300000  -.500000   -0.0000025525787458
-.260000  -.500000   -0.0000029058237053
-.220000  -.500000   -0.0000028832213685
-.180000  -.500000   -0.0000030997251418
-.140000  -.500000   -0.0000027897527773
-.100000  -.500000   -0.0000028040072102
-.060000  -.500000   -0.0000027203506018
-.020000  -.500000   -0.0000025245408762
0.020000  -.500000   -0.0000022194913973
0.060000  -.500000   -0.0000018022750725
0.100000  -.500000   -0.0000012915718993
0.140000  -.500000   -0.0000006935064032
0.180000  -.500000   -0.0000005138252883
0.220000  -.500000    0.0000002177512560
0.260000  -.500000    0.0000005730037651
0.300000  -.500000    0.0000013735107402
0.340000  -.500000    0.0000018304822116
0.380000  -.500000    0.0000023343341697
0.420000  -.500000    0.0000031364046398
0.460000  -.500000    0.0000036381774251
0.500000  -.500000    0.0000041282734738
0.540000  -.500000    0.0000045854232258
0.580000  -.500000    0.0000049933694830
0.620000  -.500000    0.0000050697896046
0.660000  -.500000    0.0000052995490200
0.700000  -.500000    0.0000051192924682
0.740000  -.500000    0.0000047648007667
0.780000  -.500000    0.0000042184431194
0.820000  -.500000    0.0000032116260747
0.860000  -.500000    0.0000014510814971
-.660000  -.460000   -0.0000000679852669
-.620000  -.460000   -0.0000002184620258
-.580000  -.460000   -0.0000004471857172
-.540000  -.460000   -0.0000007204373624
-.500000  -.460000   -0.0000010412388879
-.460000  -.460000   -0.0000013852978723
-.420000  -.460000   -0.0000017185737059
-.380000  -.460000   -0.0000021417636443
-.340000  -.460000   -0.0000024048915021
-.300000  -.460000   -0.0000025645683796
-.260000  -.460000   -0.0000029260790529
-.220000  -.460000   -0.0000028639208801
-.180000  -.460000   -0.0000030955499877
-.140000  -.460000   -0.0000027473130666
-.100000  -.460000   -0.0000027771172539
-.060000  -.460000   -0.0000027066039281
-.020000  -.460000   -0.0000025245253248
0.020000  -.460000   -0.0000022232294764
0.060000  -.460000   -0.0000018072270191
0.100000  -.460000   -0.0000012950551855
0.140000  -.460000   -0.0000006961765118
0.180000  -.460000   -0.0000005447574161
0.220000  -.460000    0.0000001853546398
0.260000  -.460000    0.0000005182867369
0.300000  -.460000    0.0000013127314641
0.340000  -.460000    0.0000017488433531
0.380000  -.460000    0.0000022359266268
0.420000  -.460000    0.0000030232727910
0.460000  -.460000    0.0000035134016240
0.500000  -.460000    0.0000039969299357
0.540000  -.460000    0.0000044580590314
0.580000  -.460000    0.0000048756030401
0.620000  -.460000    0.0000049968397336
0.660000  -.460000    0.0000052677325570
0.700000  -.460000    0.0000051691659255
0.740000  -.460000    0.0000052030388728
0.780000  -.460000    0.0000047768729879
0.820000  -.460000    0.0000038596006714
0.860000  -.460000    0.0000024569816459
-.700000  -.420000   -0.0000000081375535
-.660000  -.420000   -0.0000001136628304
-.620000  -.420000   -0.0000002802173316
-.580000  -.420000   -0.0000005200081429
-.540000  -.420000   -0.0000007966910822
-.500000  -.420000   -0.0000011112501047
-.460000  -.420000   -0.0000014358669079
-.420000  -.420000   -0.0000017404304784
-.380000  -.420000   -0.0000021539984851
-.340000  -.420000   -0.0000023829260795
-.300000  -.420000   -0.0000025058852875
-.260000  -.420000   -0.0000028725056000
-.220000  -.420000   -0.0000027784127699
-.180000  -.420000   -0.0000030276134385
-.140000  -.420000   -0.0000026477890881
-.100000  -.420000   -0.0000027003729240
-.060000  -.420000   -0.0000026490498040
-.020000  -.420000   -0.0000024816603748
0.020000  -.420000   -0.0000021910161798
0.060000  -.420000   -0.0000017786920521
0.100000  -.420000   -0.0000012687307050
0.140000  -.420000   -0.0000006731280706
0.180000  -.420000   -0.0000005529804257
0.220000  -.420000    0.0000001722981107
0.260000  -.420000    0.0000004787114904
0.300000  -.420000    0.0000012576821371
0.340000  -.420000    0.0000016675249719
0.380000  -.420000    0.0000021288800323
0.420000  -.420000    0.0000028924478987
0.460000  -.420000    0.0000033604371834
0.500000  -.420000    0.0000038270761519
0.540000  -.420000    0.0000042779569389
0.580000  -.420000    0.0000046930818263
0.620000  -.420000    0.0000048426299245
0.660000  -.420000    0.0000051377418561
0.700000  -.420000    0.0000053525857714
0.740000  -.420000    0.0000051973379576
0.780000  -.420000    0.0000048761509281
0.820000  -.420000    0.0000040915852951
0.860000  -.420000    0.0000031631925629
0.900000  -.420000    0.0000015883287806
-.700000  -.380000   -0.0000000328275476
-.660000  -.380000   -0.0000001560941085
-.620000  -.380000   -0.0000003311317894
-.580000  -.380000   -0.0000005645433543
-.540000  -.380000   -0.0000008520649111
-.500000  -.380000   -0.0000011767283594
-.460000  -.380000   -0.0000015122239375
-.420000  -.380000   -0.0000018280675317
-.380000  -.380000   -0.0000020965813221
-.340000  -.380000   -0.0000022885711827
-.300000  -.380000   -0.0000023759675826
-.260000  -.380000   -0.0000027432405190
-.220000  -.380000   -0.0000026230414597
-.180000  -.380000   -0.0000028923508437
-.140000  -.380000   -0.0000024928151177
-.100000  -.380000   -0.0000025717890071
-.060000  -.380000   -0.0000025469786118
-.020000  -.380000   -0.0000024012704112
0.020000  -.380000   -0.0000021236692493
0.060000  -.380000   -0.0000017208269901
0.100000  -.380000   -0.0000012151222846
0.140000  -.380000   -0.0000006238177547
0.180000  -.380000   -0.0000005360326854
0.220000  -.380000    0.0000001795339234
0.260000  -.380000    0.0000004559728533
0.300000  -.380000    0.0000012122925484
0.340000  -.380000    0.0000015904679749
0.380000  -.380000    0.0000020181876545
0.420000  -.380000    0.0000024768703236
0.460000  -.380000    0.0000029456065416
0.500000  -.380000    0.0000034085070420
0.540000  -.380000    0.0000038492939478
0.580000  -.380000    0.0000042563375478
0.620000  -.380000    0.0000046180254253
0.660000  -.380000    0.0000049225579493
0.700000  -.380000    0.0000049415524703
0.740000  -.380000    0.0000050739839793
0.780000  -.380000    0.0000048431698525
0.820000  -.380000    0.0000044404728795
0.860000  -.380000    0.0000035947205931
0.900000  -.380000    0.0000022901874975
-.700000  -.340000   -0.0000000578945522
-.660000  -.340000   -0.0000001914173147
-.620000  -.340000   -0.0000003669567951
-.580000  -.340000   -0.0000005937285709
-.540000  -.340000   -0.0000008647635982
-.500000  -.340000   -0.0000011632819628
-.460000  -.340000   -0.0000014641978092
-.420000  -.340000   -0.0000017427430298
-.380000  -.340000   -0.0000019709882227
-.340000  -.340000   -0.0000021240779166
-.300000  -.340000   -0.0000025373710402
-.260000  -.340000   -0.0000025378582800
-.220000  -.340000   -0.0000024016440267
-.180000  -.340000   -0.0000026897107766
-.140000  -.340000   -0.0000022837594411
-.100000  -.340000   -0.0000023952313018
-.060000  -.340000   -0.0000024028818906
-.020000  -.340000   -0.0000022823166458
0.020000  -.340000   -0.0000020219424183
0.060000  -.340000   -0.0000016301128557
0.100000  -.340000   -0.0000011283626875
0.140000  -.340000   -0.0000005498271325
0.180000  -.340000   -0.0000004873713720
0.220000  -.340000    0.0000002071295112
0.260000  -.340000    0.0000004536833545
0.300000  -.340000    0.0000007902061111
0.340000  -.340000    0.0000015169055890
0.380000  -.340000    0.0000019049150331
0.420000  -.340000    0.0000023242978928
0.460000  -.340000    0.0000027543623607
0.500000  -.340000    0.0000031827697695
0.540000  -.340000    0.0000035963978305
0.580000  -.340000    0.0000039816538663
0.620000  -.340000    0.0000043305606133
0.660000  -.340000    0.0000046320662209
0.700000  -.340000    0.0000046851910535
0.740000  -.340000    0.0000048482374295
0.780000  -.340000    0.0000046891033289
0.820000  -.340000    0.0000043817021428
0.860000  -.340000    0.0000036637397093
0.900000  -.340000    0.0000026374561148
0.940000  -.340000    0.0000008236723312
-.740000  -.300000   -0.0000000013739907
-.700000  -.300000   -0.0000000797525124
-.660000  -.300000   -0.0000002060585122
-.620000  -.300000   -0.0000003860788762
-.580000  -.300000   -0.0000005973914907
-.540000  -.300000   -0.0000008434291974
-.500000  -.300000   -0.0000011063188311
-.460000  -.300000   -0.0000013663203771
-.420000  -.300000   -0.0000015989296747
-.380000  -.300000   -0.0000017821396210
-.340000  -.300000   -0.0000021924566160
-.300000  -.300000   -0.0000022809758996
-.260000  -.300000   -0.0000022633296360
-.220000  -.300000   -0.0000021153904492
-.180000  -.300000   -0.0000024208513928
-.140000  -.300000   -0.0000020212703829
-.100000  -.300000   -0.0000021680826294
-.060000  -.300000   -0.0000022156462021
-.020000  -.300000   -0.0000021280883129
0.020000  -.300000   -0.0000018906243171
0.060000  -.300000   -0.0000015085713077
0.100000  -.300000   -0.0000010134108064
0.140000  -.300000   -0.0000004424601243
0.180000  -.300000   -0.0000004122563017
0.220000  -.300000    0.0000002642112833
0.260000  -.300000    0.0000004743099227
0.300000  -.300000    0.0000007703854532
0.340000  -.300000    0.0000011260037088
0.380000  -.300000    0.0000017912335618
0.420000  -.300000    0.0000021610819599
0.460000  -.300000    0.0000025480979180
0.500000  -.300000    0.0000029326907896
0.540000  -.300000    0.0000033096150919
0.580000  -.300000    0.0000036625501486
0.620000  -.300000    0.0000039875293615
0.660000  -.300000    0.0000041191530532
0.700000  -.300000    0.0000043527242965
0.740000  -.300000    0.0000043448519660
0.780000  -.300000    0.0000044298803777
0.820000  -.300000    0.0000042030476706
0.860000  -.300000    0.0000036006581948
0.900000  -.300000    0.0000028628893850
0.940000  -.300000    0.0000016491097086
-.740000  -.260000   -0.0000000119341592
-.700000  -.260000   -0.0000000913640444
-.660000  -.260000   -0.0000002172119117
-.620000  -.260000   -0.0000003783165021
-.580000  -.260000   -0.0000005817903482
-.540000  -.260000   -0.0000008191899819
-.500000  -.260000   -0.0000010747746818
-.460000  -.260000   -0.0000013305815700
-.420000  -.260000   -0.0000015664388439
-.380000  -.260000   -0.0000017617166291
-.340000  -.260000   -0.0000018990249526
-.300000  -.260000   -0.0000019611906741
-.260000  -.260000   -0.0000019255813774
-.220000  -.260000   -0.0000023060317064
-.180000  -.260000   -0.0000020871029350
-.140000  -.260000   -0.0000024015383231
-.100000  -.260000   -0.0000018947718354
-.060000  -.260000   -0.0000019884505105
-.020000  -.260000   -0.0000019400055258
0.020000  -.260000   -0.0000017267083079
0.060000  -.260000   -0.0000013568047088
0.100000  -.260000   -0.0000008687771611
0.140000  -.260000   -0.0000009448230427
0.180000  -.260000   -0.0000003036187288
0.220000  -.260000   -0.0000001516997430
0.260000  -.260000    0.0000005130030367
0.300000  -.260000    0.0000007653405427
0.340000  -.260000    0.0000010714775660
0.380000  -.260000    0.0000014118113099
0.420000  -.260000    0.0000017721619085
0.460000  -.260000    0.0000021358699995
0.500000  -.260000    0.0000024966183304
0.540000  -.260000    0.0000028400222496
0.580000  -.260000    0.0000031627573179
0.620000  -.260000    0.0000034578947011
0.660000  -.260000    0.0000037204392516
0.700000  -.260000    0.0000038067314596
0.740000  -.260000    0.0000039703577305
0.780000  -.260000    0.0000039022759976
0.820000  -.260000    0.0000037255649220
0.860000  -.260000    0.0000034221656150
0.900000  -.260000    0.0000027979374187
0.940000  -.260000    0.0000018247846677
-.740000  -.220000   -0.0000000200999144
-.700000  -.220000   -0.0000000980747630
-.660000  -.220000   -0.0000002094463047
-.620000  -.220000   -0.0000003579861809
-.580000  -.220000   -0.0000005313751196
-.540000  -.220000   -0.0000007278906405
-.500000  -.220000   -0.0000009347653606
-.460000  -.220000   -0.0000011362460370
-.420000  -.220000   -0.0000013185029470
-.380000  -.220000   -0.0000014642648702
-.340000  -.220000   -0.0000015602746382
-.300000  -.220000   -0.0000015901578393
-.260000  -.220000   -0.0000019746684019
-.220000  -.220000   -0.0000018950325345
-.180000  -.220000   -0.0000016961354009
-.140000  -.220000   -0.0000020372322351
-.100000  -.220000   -0.0000015747739065
-.060000  -.220000   -0.0000017233379586
-.020000  -.220000   -0.0000017241950873
0.020000  -.220000   -0.0000015387216466
0.060000  -.220000   -0.0000011753297614
0.100000  -.220000   -0.0000006900427656
0.140000  -.220000   -0.0000007787205895
0.180000  -.220000   -0.0000001592676949
0.220000  -.220000   -0.0000000412132868
0.260000  -.220000    0.0000001740113425
0.300000  -.220000    0.0000007684509249
0.340000  -.220000    0.0000010211241564
0.380000  -.220000    0.0000013016197018
0.420000  -.220000    0.0000016021066668
0.460000  -.220000    0.0000019060197979
0.500000  -.220000    0.0000022084431557
0.540000  -.220000    0.0000025113408991
0.580000  -.220000    0.0000027938155869
0.620000  -.220000    0.0000030528075335
0.660000  -.220000    0.0000031769502677
0.700000  -.220000    0.0000033610901835
0.740000  -.220000    0.0000033898219277
0.780000  -.220000    0.0000034888614268
0.820000  -.220000    0.0000033670414970
0.860000  -.220000    0.0000031368268162
0.900000  -.220000    0.0000026220556539
0.940000  -.220000    0.0000018746819602
-.740000  -.180000   -0.0000000251868878
-.700000  -.180000   -0.0000000932285250
-.660000  -.180000   -0.0000001929296788
-.620000  -.180000   -0.0000003182011372
-.580000  -.180000   -0.0000004706277644
-.540000  -.180000   -0.0000006456957329
-.500000  -.180000   -0.0000008320371535
-.460000  -.180000   -0.0000010172895245
-.420000  -.180000   -0.0000011905472743
-.380000  -.180000   -0.0000013373640922
-.340000  -.180000   -0.0000014479927877
-.300000  -.180000   -0.0000015106847911
-.260000  -.180000   -0.0000015122912426
-.220000  -.180000   -0.0000014351712161
-.180000  -.180000   -0.0000018401830645
-.140000  -.180000   -0.0000016093950996
-.100000  -.180000   -0.0000012097334508
-.060000  -.180000   -0.0000014203373157
-.020000  -.180000   -0.0000014815416711
0.020000  -.180000   -0.0000013238664983
0.060000  -.180000   -0.0000009630158396
0.100000  -.180000   -0.0000004796757832
0.140000  -.180000   -0.0000005717103934
0.180000  -.180000   -0.0000005001548967
0.220000  -.180000    0.0000000915102470
0.260000  -.180000    0.0000002560658987
0.300000  -.180000    0.0000004731282305
0.340000  -.180000    0.0000007168105055
0.380000  -.180000    0.0000009799061580
0.420000  -.180000    0.0000012479448397
0.460000  -.180000    0.0000015124596487
0.500000  -.180000    0.0000017943689329
0.540000  -.180000    0.0000020304980301
0.580000  -.180000    0.0000022418435729
0.620000  -.180000    0.0000024567589815
0.660000  -.180000    0.0000026564352912
0.700000  -.180000    0.0000027674023944
0.740000  -.180000    0.0000029006940174
0.780000  -.180000    0.0000028807622765
0.820000  -.180000    0.0000027908680364
0.860000  -.180000    0.0000026146524725
0.900000  -.180000    0.0000023474284250
0.940000  -.180000    0.0000017228480139
0.980000  -.180000    0.0000007709394014
-.740000  -.140000   -0.0000000249400572
-.700000  -.140000   -0.0000000838144576
-.660000  -.140000   -0.0000001622890501
-.620000  -.140000   -0.0000002659947547
-.580000  -.140000   -0.0000003933251985
-.540000  -.140000   -0.0000005056644420
-.500000  -.140000   -0.0000006374950013
-.460000  -.140000   -0.0000007651049795
-.420000  -.140000   -0.0000008786479403
-.380000  -.140000   -0.0000009703017916
-.340000  -.140000   -0.0000010331332573
-.300000  -.140000   -0.0000010590758813
-.260000  -.140000   -0.0000013907618495
-.220000  -.140000   -0.0000013818065564
-.180000  -.140000   -0.0000013057928795
-.140000  -.140000   -0.0000011298708970
-.100000  -.140000   -0.0000015337962062
-.060000  -.140000   -0.0000010767363440
-.020000  -.140000   -0.0000012139014029
0.020000  -.140000   -0.0000010889954770
0.060000  -.140000   -0.0000007190573259
0.100000  -.140000   -0.0000008979215647
0.140000  -.140000   -0.0000003272692101
0.180000  -.140000   -0.0000002734780349
0.220000  -.140000   -0.0000001366513241
0.260000  -.140000    0.0000000457004951
0.300000  -.140000    0.0000004923725604
0.340000  -.140000    0.0000006674153866
0.380000  -.140000    0.0000008602033091
0.420000  -.140000    0.0000010474886430
0.460000  -.140000    0.0000012779121519
0.500000  -.140000    0.0000014516610619
0.540000  -.140000    0.0000016191503281
0.580000  -.140000    0.0000018187761784
0.620000  -.140000    0.0000020206468102
0.660000  -.140000    0.0000021642198399
0.700000  -.140000    0.0000022058102210
0.740000  -.140000    0.0000022724937765
0.780000  -.140000    0.0000023421308528
0.820000  -.140000    0.0000022911909639
0.860000  -.140000    0.0000021700338669
0.900000  -.140000    0.0000018625178096
0.940000  -.140000    0.0000014778582014
0.980000  -.140000    0.0000007967812641
-.740000  -.100000   -0.0000000210919491
-.700000  -.100000   -0.0000000643419833
-.660000  -.100000   -0.0000001236067852
-.620000  -.100000   -0.0000002014741791
-.580000  -.100000   -0.0000002835707297
-.540000  -.100000   -0.0000003781141204
-.500000  -.100000   -0.0000004786882102
-.460000  -.100000   -0.0000005755550720
-.420000  -.100000   -0.0000006663014922
-.380000  -.100000   -0.0000007442559437
-.340000  -.100000   -0.0000008056228457
-.300000  -.100000   -0.0000008433820074
-.260000  -.100000   -0.0000008546917671
-.220000  -.100000   -0.0000008326459674
-.180000  -.100000   -0.0000007648896543
-.140000  -.100000   -0.0000011506536011
-.100000  -.100000   -0.0000010117382256
-.060000  -.100000   -0.0000006864758820
-.020000  -.100000   -0.0000009245409675
0.020000  -.100000   -0.0000008319428991
0.060000  -.100000   -0.0000004355052133
0.100000  -.100000   -0.0000005659653623
0.140000  -.100000   -0.0000005184497006
0.180000  -.100000   -0.0000000432305493
0.220000  -.100000    0.0000000361283652
0.260000  -.100000    0.0000001517229167
0.300000  -.100000    0.0000002856981226
0.340000  -.100000    0.0000004294578854
0.380000  -.100000    0.0000005821336817
0.420000  -.100000    0.0000007241017289
0.460000  -.100000    0.0000009105262873
0.500000  -.100000    0.0000009793163617
0.540000  -.100000    0.0000012633359817
0.580000  -.100000    0.0000012504048610
0.620000  -.100000    0.0000011938601677
0.660000  -.100000    0.0000013761398399
0.700000  -.100000    0.0000016700329588
0.740000  -.100000    0.0000016047341552
0.780000  -.100000    0.0000016886571354
0.820000  -.100000    0.0000016471202719
0.860000  -.100000    0.0000015621774423
0.900000  -.100000    0.0000014277544090
0.940000  -.100000    0.0000010858417335
0.980000  -.100000    0.0000006428498729
-.740000  -.060000   -0.0000000146212366
-.700000  -.060000   -0.0000000406605376
-.660000  -.060000   -0.0000000773031396
-.620000  -.060000   -0.0000001221843456
-.580000  -.060000   -0.0000001749357284
-.540000  -.060000   -0.0000002349007659
-.500000  -.060000   -0.0000002974153681
-.460000  -.060000   -0.0000003587600602
-.420000  -.060000   -0.0000004173235248
-.380000  -.060000   -0.0000004708289403
-.340000  -.060000   -0.0000005144274626
-.300000  -.060000   -0.0000005483173379
-.260000  -.060000   -0.0000005681510941
-.220000  -.060000   -0.0000005760325651
-.180000  -.060000   -0.0000005656973984
-.140000  -.060000   -0.0000005308941672
-.100000  -.060000   -0.0000004506750711
-.060000  -.060000   -0.0000009212986047
-.020000  -.060000   -0.0000006022089011
0.020000  -.060000   -0.0000005450780393
0.060000  -.060000   -0.0000007149088661
0.100000  -.060000   -0.0000001979300099
0.140000  -.060000   -0.0000001762350776
0.180000  -.060000   -0.0000001160951355
0.220000  -.060000   -0.0000000399378937
0.260000  -.060000    0.0000000481948672
0.300000  -.060000    0.0000001427841867
0.340000  -.060000    0.0000002375026031
0.380000  -.060000    0.0000003355737951
0.420000  -.060000    0.0000004282257691
0.460000  -.060000    0.0000005250340969
0.500000  -.060000    0.0000006058122346
0.540000  -.060000    0.0000007258362687
0.580000  -.060000    0.0000006708234262
0.620000  -.060000    0.0000011696348433
0.660000  -.060000    0.0000009801793571
0.700000  -.060000    0.0000009101167532
0.740000  -.060000    0.0000010107555886
0.780000  -.060000    0.0000010183411646
0.820000  -.060000    0.0000009926652825
0.860000  -.060000    0.0000009427464735
0.900000  -.060000    0.0000008639394332
0.940000  -.060000    0.0000007016849645
0.980000  -.060000    0.0000004224723984
-.740000  -.020000   -0.0000000050849756
-.700000  -.020000   -0.0000000137438754
-.660000  -.020000   -0.0000000265229992
-.620000  -.020000   -0.0000000412531164
-.580000  -.020000   -0.0000000585301055
-.540000  -.020000   -0.0000000792296039
-.500000  -.020000   -0.0000001007024882
-.460000  -.020000   -0.0000001223281550
-.420000  -.020000   -0.0000001429202191
-.380000  -.020000   -0.0000001620158953
-.340000  -.020000   -0.0000001768737566
-.300000  -.020000   -0.0000001902273107
-.260000  -.020000   -0.0000002012882237
-.220000  -.020000   -0.0000002063574413
-.180000  -.020000   -0.0000002104949447
-.140000  -.020000   -0.0000002121498951
-.100000  -.020000   -0.0000002136049805
-.060000  -.020000   -0.0000002169538539
-.020000  -.020000   -0.0000001867664669
0.020000  -.020000   -0.0000001700323319
0.060000  -.020000   -0.0000001614544201
0.100000  -.020000   -0.0000001228841228
0.140000  -.020000   -0.0000000892456984
0.180000  -.020000   -0.0000000568383501
0.220000  -.020000   -0.0000000250158693
0.260000  -.020000    0.0000000082214725
0.300000  -.020000    0.0000000425972192
0.340000  -.020000    0.0000000756379543
0.380000  -.020000    0.0000001068930053
0.420000  -.020000    0.0000001435225575
0.460000  -.020000    0.0000001673305452
0.500000  -.020000    0.0000002161908700
0.540000  -.020000    0.0000002002527294
0.580000  -.020000    0.0000003548929085
0.620000  -.020000    0.0000001017302704
0.660000  -.020000    0.0000004116965456
0.700000  -.020000    0.0000002728561976
0.740000  -.020000    0.0000003466071812
0.780000  -.020000    0.0000003395409782
0.820000  -.020000    0.0000003311830130
0.860000  -.020000    0.0000003150475524
0.900000  -.020000    0.0000002885589538
0.940000  -.020000    0.0000002353007365
0.980000  -.020000    0.0000001508067951
-.740000  0.020000    0.0000000050849756
-.700000  0.020000    0.0000000137438754
-.660000  0.020000    0.0000000265229992
-.620000  0.020000    0.0000000412531164
-.580000  0.020000    0.0000000585301055
-.540000  0.020000    0.0000000792296039
-.500000  0.020000    0.0000001007024882
-.460000  0.020000    0.0000001223281550
-.420000  0.020000    0.0000001429202191
-.380000  0.020000    0.0000001620158953
-.340000  0.020000    0.0000001768737566
-.300000  0.020000    0.0000001902273107
-.260000  0.020000    0.0000002012882237
-.220000  0.020000    0.0000002063574413
-.180000  0.020000    0.0000002104949447
-.140000  0.020000    0.0000002121498951
-.100000  0.020000    0.0000002136049805
-.060000  0.020000    0.0000002169538539
-.020000  0.020000    0.0000001867664669
0.020000  0.020000    0.0000001700323319
0.060000  0.020000    0.0000001614544201
0.100000  0.020000    0.0000001228841228
0.140000  0.020000    0.0000000892456984
0.180000  0.020000    0.0000000568383501
0.220000  0.020000    0.0000000250158693
0.260000  0.020000   -0.0000000082214725
0.300000  0.020000   -0.0000000425972192
0.340000  0.020000   -0.0000000756379543
0.380000  0.020000   -0.0000001068930053
0.420000  0.020000   -0.0000001435225575
0.460000  0.020000   -0.0000001673305452
0.500000  0.020000   -0.0000002161908700
0.540000  0.020000   -0.0000002002527294
0.580000  0.020000   -0.0000003548929085
0.620000  0.020000   -0.0000001017302704
0.660000  0.020000   -0.0000004116965456
0.700000  0.020000   -0.0000002728561976
0.740000  0.020000   -0.0000003466071812
0.780000  0.020000   -0.0000003395409782
0.820000  0.020000   -0.0000003311830130
0.860000  0.020000   -0.0000003150475524
0.900000  0.020000   -0.0000002885589538
0.940000  0.020000   -0.0000002353007365
0.980000  0.020000   -0.0000001508067951
-.740000  0.060000    0.0000000146212366
-.700000  0.060000    0.0000000406605376
-.660000  0.060000    0.0000000773031396
-.620000  0.060000    0.0000001221843456
-.580000  0.060000    0.0000001749357284
-.540000  0.060000    0.0000002349007659
-.500000  0.060000    0.0000002974153681
-.460000  0.060000    0.0000003587600602
-.420000  0.060000    0.0000004173235248
-.380000  0.060000    0.0000004708289403
-.340000  0.060000    0.0000005144274626
-.300000  0.060000    0.0000005483173379
-.260000  0.060000    0.0000005681510941
-.220000  0.060000    0.0000005760325651
-.180000  0.060000    0.0000005656973984
-.140000  0.060000    0.0000005308941672
-.100000  0.060000    0.0000004506750711
-.060000  0.060000    0.0000009212986047
-.020000  0.060000    0.0000006022089011
0.020000  0.060000    0.0000005450780393
0.060000  0.060000    0.0000007149088661
0.100000  0.060000    0.0000001979300099
0.140000  0.060000    0.0000001762350776
0.180000  0.060000    0.0000001160951355
0.220000  0.060000    0.0000000399378937
0.260000  0.060000   -0.0000000481948672
0.300000  0.060000   -0.0000001427841867
0.340000  0.060000   -0.0000002375026031
0.380000  0.060000   -0.0000003355737951
0.420000  0.060000   -0.0000004282257691
0.460000  0.060000   -0.0000005250340969
0.500000  0.060000   -0.0000006058122346
0.540000  0.060000   -0.0000007258362687
0.580000  0.060000   -0.0000006708234262
0.620000  0.060000   -0.0000011696348433
0.660000  0.060000   -0.0000009801793571
0.700000  0.060000   -0.0000009101167532
0.740000  0.060000   -0.0000010107555886
0.780000  0.060000   -0.0000010183411646
0.820000  0.060000   -0.0000009926652825
0.860000  0.060000   -0.0000009427464735
0.900000  0.060000   -0.0000008639394332
0.940000  0.060000   -0.0000007016849645
0.980000  0.060000   -0.0000004224723984
-.740000  0.100000    0.0000000210919491
-.700000  0.100000    0.0000000643419833
-.660000  0.100000    0.0000001236067852
-.620000  0.100000    0.0000002014741791
-.580000  0.100000    0.0000002835707297
-.540000  0.100000    0.0000003781141204
-.500000  0.100000    0.0000004786882102
-.460000  0.100000    0.0000005755550720
-.420000  0.100000    0.0000006663014922
-.380000  0.100000    0.0000007442559437
-.340000  0.100000    0.0000008056228457
-.300000  0.100000    0.0000008433820074
-.260000  0.100000    0.0000008546917671
-.220000  0.100000    0.0000008326459674
-.180000  0.100000    0.0000007648896543
-.140000  0.100000    0.0000011506536011
-.100000  0.100000    0.0000010117382256
-.060000  0.100000    0.0000006864758820
-.020000  0.100000    0.0000009245409675
0.020000  0.100000    0.0000008319428991
0.060000  0.100000    0.0000004355052133
0.100000  0.100000    0.0000005659653623
0.140000  0.100000    0.0000005184497006
0.180000  0.100000    0.0000000432305493
0.220000  0.100000   -0.0000000361283652
0.260000  0.100000   -0.0000001517229167
0.300000  0.100000   -0.0000002856981226
0.340000  0.100000   -0.0000004294578854
0.380000  0.100000   -0.0000005821336817
0.420000  0.100000   -0.0000007241017289
0.460000  0.100000   -0.0000009105262873
0.500000  0.100000   -0.0000009793163617
0.540000  0.100000   -0.0000012633359817
0.580000  0.100000   -0.0000012504048610
0.620000  0.100000   -0.0000011938601677
0.660000  0.100000   -0.0000013761398399
0.700000  0.100000   -0.0000016700329588
0.740000  0.100000   -0.0000016047341552
0.780000  0.100000   -0.0000016886571354
0.820000  0.100000   -0.0000016471202719
0.860000  0.100000   -0.0000015621774423
0.900000  0.100000   -0.0000014277544090
0.940000  0.100000   -0.0000010858417335
0.980000  0.100000   -0.0000006428498729
-.740000  0.140000    0.0000000249400572
-.700000  0.140000    0.0000000838144576
-.660000  0.140000    0.0000001622890501
-.620000  0.140000    0.0000002659947547
-.580000  0.140000    0.0000003933251985
-.540000  0.140000    0.0000005056644420
-.500000  0.140000    0.0000006374950013
-.460000  0.140000    0.0000007651049795
-.420000  0.140000    0.0000008786479403
-.380000  0.140000    0.0000009703017916
-.340000  0.140000    0.0000010331332573
-.300000  0.140000    0.0000010590758813
-.260000  0.140000    0.0000013907618495
-.220000  0.140000    0.0000013818065564
-.180000  0.140000    0.0000013057928795
-.140000  0.140000    0.0000011298708970
-.100000  0.140000    0.0000015337962062
-.060000  0.140000    0.0000010767363440
-.020000  0.140000    0.0000012139014029
0.020000  0.140000    0.0000010889954770
0.060000  0.140000    0.0000007190573259
0.100000  0.140000    0.0000008979215647
0.140000  0.140000    0.0000003272692101
0.180000  0.140000    0.0000002734780349
0.220000  0.140000    0.0000001366513241
0.260000  0.140000   -0.0000000457004951
0.300000  0.140000   -0.0000004923725604
0.340000  0.140000   -0.0000006674153866
0.380000  0.140000   -0.0000008602033091
0.420000  0.140000   -0.0000010474886430
0.460000  0.140000   -0.0000012779121519
0.500000  0.140000   -0.0000014516610619
0.540000  0.140000   -0.0000016191503281
0.580000  0.140000   -0.0000018187761784
0.620000  0.140000   -0.0000020206468102
0.660000  0.140000   -0.0000021642198399
0.700000  0.140000   -0.0000022058102210
0.740000  0.140000   -0.0000022724937765
0.780000  0.140000   -0.0000023421308528
0.820000  0.140000   -0.0000022911909639
0.860000  0.140000   -0.0000021700338669
0.900000  0.140000   -0.0000018625178096
0.940000  0.140000   -0.0000014778582014
0.980000  0.140000   -0.0000007967812641
-.740000  0.180000    0.0000000251868878
-.700000  0.180000    0.0000000932285250
-.660000  0.180000    0.0000001929296788
-.620000  0.180000    0.0000003182011372
-.580000  0.180000    0.0000004706277644
-.540000  0.180000    0.0000006456957329
-.500000  0.180000    0.0000008320371535
-.460000  0.180000    0.0000010172895245
-.420000  0.180000    0.0000011905472743
-.380000  0.180000    0.0000013373640922
-.340000  0.180000    0.0000014479927877
-.300000  0.180000    0.0000015106847911
-.260000  0.180000    0.0000015122912426
-.220000  0.180000    0.0000014351712161
-.180000  0.180000    0.0000018401830645
-.140000  0.180000    0.0000016093950996
-.100000  0.180000    0.0000012097334508
-.060000  0.180000    0.0000014203373157
-.020000  0.180000    0.0000014815416711
0.020000  0.180000    0.0000013238664983
0.060000  0.180000    0.0000009630158396
0.100000  0.180000    0.0000004796757832
0.140000  0.180000    0.0000005717103934
0.180000  0.180000    0.0000005001548967
0.220000  0.180000   -0.0000000915102470
0.260000  0.180000   -0.0000002560658987
0.300000  0.180000   -0.0000004731282305
0.340000  0.180000   -0.0000007168105055
0.380000  0.180000   -0.0000009799061580
0.420000  0.180000   -0.0000012479448397
0.460000  0.180000   -0.0000015124596487
0.500000  0.180000   -0.0000017943689329
0.540000  0.180000   -0.0000020304980301
0.580000  0.180000   -0.0000022418435729
0.620000  0.180000   -0.0000024567589815
0.660000  0.180000   -0.0000026564352912
0.700000  0.180000   -0.0000027674023944
0.740000  0.180000   -0.0000029006940174
0.780000  0.180000   -0.0000028807622765
0.820000  0.180000   -0.0000027908680364
0.860000  0.180000   -0.0000026146524725
0.900000  0.180000   -0.0000023474284250
0.940000  0.180000   -0.0000017228480139
0.980000  0.180000   -0.0000007709394014
-.740000  0.220000    0.0000000200999144
-.700000  0.220000    0.0000000980747630
-.660000  0.220000    0.0000002094463047
-.620000  0.220000    0.0000003579861809
-.580000  0.220000    0.0000005313751196
-.540000  0.220000    0.0000007278906405
-.500000  0.220000    0.0000009347653606
-.460000  0.220000    0.0000011362460370
-.420000  0.220000    0.0000013185029470
-.380000  0.220000    0.0000014642648702
-.340000  0.220000    0.0000015602746382
-.300000  0.220000    0.0000015901578393
-.260000  0.220000    0.0000019746684019
-.220000  0.220000    0.0000018950325345
-.180000  0.220000    0.0000016961354009
-.140000  0.220000    0.0000020372322351
-.100000  0.220000    0.0000015747739065
-.060000  0.220000    0.0000017233379586
-.020000  0.220000    0.0000017241950873
0.020000  0.220000    0.0000015387216466
0.060000  0.220000    0.0000011753297614
0.100000  0.220000    0.0000006900427656
0.140000  0.220000    0.0000007787205895
0.180000  0.220000    0.0000001592676949
0.220000  0.220000    0.0000000412132868
0.260000  0.220000   -0.0000001740113425
0.300000  0.220000   -0.0000007684509249
0.340000  0.220000   -0.0000010211241564
0.380000  0.220000   -0.0000013016197018
0.420000  0.220000   -0.0000016021066668
0.460000  0.220000   -0.0000019060197979
0.500000  0.220000   -0.0000022084431557
0.540000  0.220000   -0.0000025113408991
0.580000  0.220000   -0.0000027938155869
0.620000  0.220000   -0.0000030528075335
0.660000  0.220000   -0.0000031769502677
0.700000  0.220000   -0.0000033610901835
0.740000  0.220000   -0.0000033898219277
0.780000  0.220000   -0.0000034888614268
0.820000  0.220000   -0.0000033670414970
0.860000  0.220000   -0.0000031368268162
0.900000  0.220000   -0.0000026220556539
0.940000  0.220000   -0.0000018746819602
-.740000  0.260000    0.0000000119341592
-.700000  0.260000    0.0000000913640444
-.660000  0.260000    0.0000002172119117
-.620000  0.260000    0.0000003783165021
-.580000  0.260000    0.0000005817903482
-.540000  0.260000    0.0000008191899819
-.500000  0.260000    0.0000010747746818
-.460000  0.260000    0.0000013305815700
-.420000  0.260000    0.0000015664388439
-.380000  0.260000    0.0000017617166291
-.340000  0.260000    0.0000018990249526
-.300000  0.260000    0.0000019611906741
-.260000  0.260000    0.0000019255813774
-.220000  0.260000    0.0000023060317064
-.180000  0.260000    0.0000020871029350
-.140000  0.260000    0.0000024015383231
-.100000  0.260000    0.0000018947718354
-.060000  0.260000    0.0000019884505105
-.020000  0.260000    0.0000019400055258
0.020000  0.260000    0.0000017267083079
0.060000  0.260000    0.0000013568047088
0.100000  0.260000    0.0000008687771611
0.140000  0.260000    0.0000009448230427
0.180000  0.260000    0.0000003036187288
0.220000  0.260000    0.0000001516997430
0.260000  0.260000   -0.0000005130030367
0.300000  0.260000   -0.0000007653405427
0.340000  0.260000   -0.0000010714775660
0.380000  0.260000   -0.0000014118113099
0.420000  0.260000   -0.0000017721619085
0.460000  0.260000   -0.0000021358699995
0.500000  0.260000   -0.0000024966183304
0.540000  0.260000   -0.0000028400222496
0.580000  0.260000   -0.0000031627573179
0.620000  0.260000   -0.0000034578947011
0.660000  0.260000   -0.0000037204392516
0.700000  0.260000   -0.0000038067314596
0.740000  0.260000   -0.0000039703577305
0.780000  0.260000   -0.0000039022759976
0.820000  0.260000   -0.0000037255649220
0.860000  0.260000   -0.0000034221656150
0.900000  0.260000   -0.0000027979374187
0.940000  0.260000   -0.0000018247846677
-.740000  0.300000    0.0000000013739907
-.700000  0.300000    0.0000000797525124
-.660000  0.300000    0.0000002060585122
-.620000  0.300000    0.0000003860788762
-.580000  0.300000    0.0000005973914907
-.540000  0.300000    0.0000008434291974
-.500000  0.300000    0.0000011063188311
-.460000  0.300000    0.0000013663203771
-.420000  0.300000    0.0000015989296747
-.380000  0.300000    0.0000017821396210
-.340000  0.300000    0.0000021924566160
-.300000  0.300000    0.0000022809758996
-.260000  0.300000    0.0000022633296360
-.220000  0.300000    0.0000021153904492
-.180000  0.300000    0.0000024208513928
-.140000  0.300000    0.0000020212703829
-.100000  0.300000    0.0000021680826294
-.060000  0.300000    0.0000022156462021
-.020000  0.300000    0.0000021280883129
0.020000  0.300000    0.0000018906243171
0.060000  0.300000    0.0000015085713077
0.100000  0.300000    0.0000010134108064
0.140000  0.300000    0.0000004424601243
0.180000  0.300000    0.0000004122563017
0.220000  0.300000   -0.0000002642112833
0.260000  0.300000   -0.0000004743099227
0.300000  0.300000   -0.0000007703854532
0.340000  0.300000   -0.0000011260037088
0.380000  0.300000   -0.0000017912335618
0.420000  0.300000   -0.0000021610819599
0.460000  0.300000   -0.0000025480979180
0.500000  0.300000   -0.0000029326907896
0.540000  0.300000   -0.0000033096150919
0.580000  0.300000   -0.0000036625501486
0.620000  0.300000   -0.0000039875293615
0.660000  0.300000   -0.0000041191530532
0.700000  0.300000   -0.0000043527242965
0.740000  0.300000   -0.0000043448519660
0.780000  0.300000   -0.0000044298803777
0.820000  0.300000   -0.0000042030476706
0.860000  0.300000   -0.0000036006581948
0.900000  0.300000   -0.0000028628893850
0.940000  0.300000   -0.0000016491097086
-.700000  0.340000    0.0000000578945522
-.660000  0.340000    0.0000001914173147
-.620000  0.340000    0.0000003669567951
-.580000  0.340000    0.0000005937285709
-.540000  0.340000    0.0000008647635982
-.500000  0.340000    0.0000011632819628
-.460000  0.340000    0.0000014641978092
-.420000  0.340000    0.0000017427430298
-.380000  0.340000    0.0000019709882227
-.340000  0.340000    0.0000021240779166
-.300000  0.340000    0.0000025373710402
-.260000  0.340000    0.0000025378582800
-.220000  0.340000    0.0000024016440267
-.180000  0.340000    0.0000026897107766
-.140000  0.340000    0.0000022837594411
-.100000  0.340000    0.0000023952313018
-.060000  0.340000    0.0000024028818906
-.020000  0.340000    0.0000022823166458
0.020000  0.340000    0.0000020219424183
0.060000  0.340000    0.0000016301128557
0.100000  0.340000    0.0000011283626875
0.140000  0.340000    0.0000005498271325
0.180000  0.340000    0.0000004873713720
0.220000  0.340000   -0.0000002071295112
0.260000  0.340000   -0.0000004536833545
0.300000  0.340000   -0.0000007902061111
0.340000  0.340000   -0.0000015169055890
0.380000  0.340000   -0.0000019049150331
0.420000  0.340000   -0.0000023242978928
0.460000  0.340000   -0.0000027543623607
0.500000  0.340000   -0.0000031827697695
0.540000  0.340000   -0.0000035963978305
0.580000  0.340000   -0.0000039816538663
0.620000  0.340000   -0.0000043305606133
0.660000  0.340000   -0.0000046320662209
0.700000  0.340000   -0.0000046851910535
0.740000  0.340000   -0.0000048482374295
0.780000  0.340000   -0.0000046891033289
0.820000  0.340000   -0.0000043817021428
0.860000  0.340000   -0.0000036637397093
0.900000  0.340000   -0.0000026374561148
0.940000  0.340000   -0.0000008236723312
-.700000  0.380000    0.0000000328275476
-.660000  0.380000    0.0000001560941085
-.620000  0.380000    0.0000003311317894
-.580000  0.380000    0.0000005645433543
-.540000  0.380000    0.0000008520649111
-.500000  0.380000    0.0000011767283594
-.460000  0.380000    0.0000015122239375
-.420000  0.380000    0.0000018280675317
-.380000  0.380000    0.0000020965813221
-.340000  0.380000    0.0000022885711827
-.300000  0.380000    0.0000023759675826
-.260000  0.380000    0.0000027432405190
-.220000  0.380000    0.0000026230414597
-.180000  0.380000    0.0000028923508437
-.140000  0.380000    0.0000024928151177
-.100000  0.380000    0.0000025717890071
-.060000  0.380000    0.0000025469786118
-.020000  0.380000    0.0000024012704112
0.020000  0.380000    0.0000021236692493
0.060000  0.380000    0.0000017208269901
0.100000  0.380000    0.0000012151222846
0.140000  0.380000    0.0000006238177547
0.180000  0.380000    0.0000005360326854
0.220000  0.380000   -0.0000001795339234
0.260000  0.380000   -0.0000004559728533
0.300000  0.380000   -0.0000012122925484
0.340000  0.380000   -0.0000015904679749
0.380000  0.380000   -0.0000020181876545
0.420000  0.380000   -0.0000024768703236
0.460000  0.380000   -0.0000029456065416
0.500000  0.380000   -0.0000034085070420
0.540000  0.380000   -0.0000038492939478
0.580000  0.380000   -0.0000042563375478
0.620000  0.380000   -0.0000046180254253
0.660000  0.380000   -0.0000049225579493
0.700000  0.380000   -0.0000049415524703
0.740000  0.380000   -0.0000050739839793
0.780000  0.380000   -0.0000048431698525
0.820000  0.380000   -0.0000044404728795
0.860000  0.380000   -0.0000035947205931
0.900000  0.380000   -0.0000022901874975
-.700000  0.420000    0.0000000081375535
-.660000  0.420000    0.0000001136628304
-.620000  0.420000    0.0000002802173316
-.580000  0.420000    0.0000005200081429
-.540000  0.420000    0.0000007966910822
-.500000  0.420000    0.0000011112501047
-.460000  0.420000    0.0000014358669079
-.420000  0.420000    0.0000017404304784
-.380000  0.420000    0.0000021539984851
-.340000  0.420000    0.0000023829260795
-.300000  0.420000    0.0000025058852875
-.260000  0.420000    0.0000028725056000
-.220000  0.420000    0.0000027784127699
-.180000  0.420000    0.0000030276134385
-.140000  0.420000    0.0000026477890881
-.100000  0.420000    0.0000027003729240
-.060000  0.420000    0.0000026490498040
-.020000  0.420000    0.0000024816603748
0.020000  0.420000    0.0000021910161798
0.060000  0.420000    0.0000017786920521
0.100000  0.420000    0.0000012687307050
0.140000  0.420000    0.0000006731280706
0.180000  0.420000    0.0000005529804257
0.220000  0.420000   -0.0000001722981107
0.260000  0.420000   -0.0000004787114904
0.300000  0.420000   -0.0000012576821371
0.340000  0.420000   -0.0000016675249719
0.380000  0.420000   -0.0000021288800323
0.420000  0.420000   -0.0000028924478987
0.460000  0.420000   -0.0000033604371834
0.500000  0.420000   -0.0000038270761519
0.540000  0.420000   -0.0000042779569389
0.580000  0.420000   -0.0000046930818263
0.620000  0.420000   -0.0000048426299245
0.660000  0.420000   -0.0000051377418561
0.700000  0.420000   -0.0000053525857714
0.740000  0.420000   -0.0000051973379576
0.780000  0.420000   -0.0000048761509281
0.820000  0.420000   -0.0000040915852951
0.860000  0.420000   -0.0000031631925629
0.900000  0.420000   -0.0000015883287806
-.660000  0.460000    0.0000000679852669
-.620000  0.460000    0.0000002184620258
-.580000  0.460000    0.0000004471857172
-.540000  0.460000    0.0000007204373624
-.500000  0.460000    0.0000010412388879
-.460000  0.460000    0.0000013852978723
-.420000  0.460000    0.0000017185737059
-.380000  0.460000    0.0000021417636443
-.340000  0.460000    0.0000024048915021
-.300000  0.460000    0.0000025645683796
-.260000  0.460000    0.0000029260790529
-.220000  0.460000    0.0000028639208801
-.180000  0.460000    0.0000030955499877
-.140000  0.460000    0.0000027473130666
-.100000  0.460000    0.0000027771172539
-.060000  0.460000    0.0000027066039281
-.020000  0.460000    0.0000025245253248
0.020000  0.460000    0.0000022232294764
0.060000  0.460000    0.0000018072270191
0.100000  0.460000    0.0000012950551855
0.140000  0.460000    0.0000006961765118
0.180000  0.460000    0.0000005447574161
0.220000  0.460000   -0.0000001853546398
0.260000  0.460000   -0.0000005182867369
0.300000  0.460000   -0.0000013127314641
0.340000  0.460000   -0.0000017488433531
0.380000  0.460000   -0.0000022359266268
0.420000  0.460000   -0.0000030232727910
0.460000  0.460000   -0.0000035134016240
0.500000  0.460000   -0.0000039969299357
0.540000  0.460000   -0.0000044580590314
0.580000  0.460000   -0.0000048756030401
0.620000  0.460000   -0.0000049968397336
0.660000  0.460000   -0.0000052677325570
0.700000  0.460000   -0.0000051691659255
0.740000  0.460000   -0.0000052030388728
0.780000  0.460000   -0.0000047768729879
0.820000  0.460000   -0.0000038596006714
0.860000  0.460000   -0.0000024569816459
-.660000  0.500000    0.0000000245682438
-.620000  0.500000    0.0000001504997741
-.580000  0.500000    0.0000003595748491
-.540000  0.500000    0.0000006194869272
-.500000  0.500000    0.0000009361854972
-.460000  0.500000    0.0000012867973996
-.420000  0.500000    0.0000016408363301
-.380000  0.500000    0.0000020595977722
-.340000  0.500000    0.0000023546339040
-.300000  0.500000    0.0000025525787458
-.260000  0.500000    0.0000029058237053
-.220000  0.500000    0.0000028832213685
-.180000  0.500000    0.0000030997251418
-.140000  0.500000    0.0000027897527773
-.100000  0.500000    0.0000028040072102
-.060000  0.500000    0.0000027203506018
-.020000  0.500000    0.0000025245408762
0.020000  0.500000    0.0000022194913973
0.060000  0.500000    0.0000018022750725
0.100000  0.500000    0.0000012915718993
0.140000  0.500000    0.0000006935064032
0.180000  0.500000    0.0000005138252883
0.220000  0.500000   -0.0000002177512560
0.260000  0.500000   -0.0000005730037651
0.300000  0.500000   -0.0000013735107402
0.340000  0.500000   -0.0000018304822116
0.380000  0.500000   -0.0000023343341697
0.420000  0.500000   -0.0000031364046398
0.460000  0.500000   -0.0000036381774251
0.500000  0.500000   -0.0000041282734738
0.540000  0.500000   -0.0000045854232258
0.580000  0.500000   -0.0000049933694830
0.620000  0.500000   -0.0000050697896046
0.660000  0.500000   -0.0000052995490200
0.700000  0.500000   -0.0000051192924682
0.740000  0.500000   -0.0000047648007667
0.780000  0.500000   -0.0000042184431194
0.820000  0.500000   -0.0000032116260747
0.860000  0.500000   -0.0000014510814971
-.620000  0.540000    0.0000000841551775
-.580000  0.540000    0.0000002653076686
-.540000  0.540000    0.0000005007004200
-.500000  0.540000    0.0000008012080198
-.460000  0.540000    0.0000011474509085
-.420000  0.540000    0.0000015106374616
-.380000  0.540000    0.0000019150979377
-.340000  0.540000    0.0000022380776425
-.300000  0.540000    0.0000024731362663
-.260000  0.540000    0.0000028139607302
-.220000  0.540000    0.0000028363668923
-.180000  0.540000    0.0000030389998628
-.140000  0.540000    0.0000027787305976
-.100000  0.540000    0.0000027820302488
-.060000  0.540000    0.0000026886337071
-.020000  0.540000    0.0000024895402500
0.020000  0.540000    0.0000021829717998
0.060000  0.540000    0.0000017686230664
0.100000  0.540000    0.0000012625907064
0.140000  0.540000    0.0000006688454405
0.180000  0.540000    0.0000004624423702
0.220000  0.540000   -0.0000002642675897
0.260000  0.540000   -0.0000006369608372
0.300000  0.540000   -0.0000014361704967
0.340000  0.540000   -0.0000019054092085
0.380000  0.540000   -0.0000024180471959
0.420000  0.540000   -0.0000032234822401
0.460000  0.540000   -0.0000037265410708
0.500000  0.540000   -0.0000042090061649
0.540000  0.540000   -0.0000046520676202
0.580000  0.540000   -0.0000050337175980
0.620000  0.540000   -0.0000050457319996
0.660000  0.540000   -0.0000052199055860
0.700000  0.540000   -0.0000049392083434
0.740000  0.540000   -0.0000044691954296
0.780000  0.540000   -0.0000035190450516
0.820000  0.540000   -0.0000021292431189
-.620000  0.580000    0.0000000262495601
-.580000  0.580000    0.0000001547779223
-.540000  0.580000    0.0000003761753852
-.500000  0.580000    0.0000006484846597
-.460000  0.580000    0.0000009776257984
-.420000  0.580000    0.0000013379043511
-.380000  0.580000    0.0000017188648392
-.340000  0.580000    0.0000020625325453
-.300000  0.580000    0.0000023319561721
-.260000  0.580000    0.0000026587312379
-.220000  0.580000    0.0000027281032113
-.180000  0.580000    0.0000029210298855
-.140000  0.580000    0.0000030437330362
-.100000  0.580000    0.0000027120789818
-.060000  0.580000    0.0000026152931720
-.020000  0.580000    0.0000024161197483
0.020000  0.580000    0.0000021129892736
0.060000  0.580000    0.0000017084471778
0.100000  0.580000    0.0000012099143669
0.140000  0.580000    0.0000010513017792
0.180000  0.580000    0.0000003959592534
0.220000  0.580000   -0.0000003188578595
0.260000  0.580000   -0.0000007051240008
0.300000  0.580000   -0.0000014938992363
0.340000  0.580000   -0.0000019692598838
0.380000  0.580000   -0.0000024779451882
0.420000  0.580000   -0.0000032773937080
0.460000  0.580000   -0.0000037661303224
0.500000  0.580000   -0.0000042300087663
0.540000  0.580000   -0.0000046454027202
0.580000  0.580000   -0.0000046942182640
0.620000  0.580000   -0.0000049143764786
0.660000  0.580000   -0.0000046948333398
0.700000  0.580000   -0.0000042989586789
0.740000  0.580000   -0.0000037090296400
0.780000  0.580000   -0.0000024882943418
-.580000  0.620000    0.0000000729137768
-.540000  0.620000    0.0000002292225663
-.500000  0.620000    0.0000004576901408
-.460000  0.620000    0.0000007561294215
-.420000  0.620000    0.0000011096077254
-.380000  0.620000    0.0000014828855471
-.340000  0.620000    0.0000018405015168
-.300000  0.620000    0.0000021356223276
-.260000  0.620000    0.0000024481533099
-.220000  0.620000    0.0000025654606633
-.180000  0.620000    0.0000027501449255
-.140000  0.620000    0.0000028660846836
-.100000  0.620000    0.0000028965821696
-.060000  0.620000    0.0000025020098224
-.020000  0.620000    0.0000023061303381
0.020000  0.620000    0.0000020144452589
0.060000  0.620000    0.0000016215184779
0.100000  0.620000    0.0000015167948187
0.140000  0.620000    0.0000009544251012
0.180000  0.620000    0.0000003183423450
0.220000  0.620000   -0.0000003771399737
0.260000  0.620000   -0.0000007690946028
0.300000  0.620000   -0.0000015406819127
0.340000  0.620000   -0.0000020113173216
0.380000  0.620000   -0.0000025079245673
0.420000  0.620000   -0.0000030047383387
0.460000  0.620000   -0.0000034785909331
0.500000  0.620000   -0.0000039034997797
0.540000  0.620000   -0.0000042569469872
0.580000  0.620000   -0.0000045182191754
0.620000  0.620000   -0.0000043503582121
0.660000  0.620000   -0.0000043226036521
0.700000  0.620000   -0.0000035108877384
0.740000  0.620000   -0.0000025906002478
0.780000  0.620000   -0.0000010566539840
-.580000  0.660000    0.0000000079060563
-.540000  0.660000    0.0000001227148346
-.500000  0.660000    0.0000003025596408
-.460000  0.660000    0.0000005548074531
-.420000  0.660000    0.0000008702207188
-.380000  0.660000    0.0000012248569325
-.340000  0.660000    0.0000015819487507
-.300000  0.660000    0.0000019199872474
-.260000  0.660000    0.0000021919765030
-.220000  0.660000    0.0000024604388209
-.180000  0.660000    0.0000025322770634
-.140000  0.660000    0.0000026457305764
-.100000  0.660000    0.0000026771283093
-.060000  0.660000    0.0000026150468949
-.020000  0.660000    0.0000024575754946
0.020000  0.660000    0.0000021961010381
0.060000  0.660000    0.0000018346925329
0.100000  0.660000    0.0000013826743460
0.140000  0.660000    0.0000008481501027
0.180000  0.660000    0.0000002388493773
0.220000  0.660000   -0.0000001133200968
0.260000  0.660000   -0.0000008207615888
0.300000  0.660000   -0.0000012694681624
0.340000  0.660000   -0.0000020224735725
0.380000  0.660000   -0.0000024934816188
0.420000  0.660000   -0.0000029550202026
0.460000  0.660000   -0.0000033818032548
0.500000  0.660000   -0.0000037529992371
0.540000  0.660000   -0.0000040397444580
0.580000  0.660000   -0.0000039143993066
0.620000  0.660000   -0.0000039319632535
0.660000  0.660000   -0.0000032032003103
0.700000  0.660000   -0.0000023901110582
0.740000  0.660000   -0.0000012245162884
-.540000  0.700000    0.0000000337734215
-.500000  0.700000    0.0000001532651090
-.460000  0.700000    0.0000003383313645
-.420000  0.700000    0.0000006395504537
-.380000  0.700000    0.0000009153079292
-.340000  0.700000    0.0000012659678169
-.300000  0.700000    0.0000016089180669
-.260000  0.700000    0.0000019154984648
-.220000  0.700000    0.0000021541898225
-.180000  0.700000    0.0000023648954617
-.140000  0.700000    0.0000023907087511
-.100000  0.700000    0.0000024259413437
-.060000  0.700000    0.0000023756584043
-.020000  0.700000    0.0000022345998849
0.020000  0.700000    0.0000019974484321
0.060000  0.700000    0.0000016636570837
0.100000  0.700000    0.0000012412236082
0.140000  0.700000    0.0000007388865475
0.180000  0.700000    0.0000004364279366
0.220000  0.700000   -0.0000001837564314
0.260000  0.700000   -0.0000005915756725
0.300000  0.700000   -0.0000012775033305
0.340000  0.700000   -0.0000017264336345
0.380000  0.700000   -0.0000021693858015
0.420000  0.700000   -0.0000028395820427
0.460000  0.700000   -0.0000029446664695
0.500000  0.700000   -0.0000032271801749
0.540000  0.700000   -0.0000034040742378
0.580000  0.700000   -0.0000031756428944
0.620000  0.700000   -0.0000027956650840
0.660000  0.700000   -0.0000020716041359
0.700000  0.700000   -0.0000010651580967
-.500000  0.740000    0.0000000563627410
-.460000  0.740000    0.0000001866344988
-.420000  0.740000    0.0000003824771984
-.380000  0.740000    0.0000006483907972
-.340000  0.740000    0.0000009625916785
-.300000  0.740000    0.0000012470641646
-.260000  0.740000    0.0000015673688051
-.220000  0.740000    0.0000018264474009
-.180000  0.740000    0.0000020291437987
-.140000  0.740000    0.0000021724469170
-.100000  0.740000    0.0000022453502090
-.060000  0.740000    0.0000021202922799
-.020000  0.740000    0.0000020000083026
0.020000  0.740000    0.0000017884527129
0.060000  0.740000    0.0000014880718735
0.100000  0.740000    0.0000013010730129
0.140000  0.740000    0.0000008574927193
0.180000  0.740000    0.0000003446329365
0.220000  0.740000   -0.0000000106718245
0.260000  0.740000   -0.0000006074718178
0.300000  0.740000   -0.0000010161339643
0.340000  0.740000   -0.0000016438512773
0.380000  0.740000   -0.0000020308508650
0.420000  0.740000   -0.0000023750919148
0.460000  0.740000   -0.0000026519321017
0.500000  0.740000   -0.0000025920705145
0.540000  0.740000   -0.0000026409303562
0.580000  0.740000   -0.0000023044796350
0.620000  0.740000   -0.0000016518414376
0.660000  0.740000   -0.0000007580107556
-.460000  0.780000    0.0000000668515322
-.420000  0.780000    0.0000001871188783
-.380000  0.780000    0.0000003700450726
-.340000  0.780000    0.0000006203797404
-.300000  0.780000    0.0000009162950592
-.260000  0.780000    0.0000011667711092
-.220000  0.780000    0.0000014573782369
-.180000  0.780000    0.0000016651101914
-.140000  0.780000    0.0000018278901456
-.100000  0.780000    0.0000019095770825
-.060000  0.780000    0.0000019173049630
-.020000  0.780000    0.0000018468913062
0.020000  0.780000    0.0000016919814017
0.060000  0.780000    0.0000014524137068
0.100000  0.780000    0.0000011326431831
0.140000  0.780000    0.0000007391860074
0.180000  0.780000    0.0000004476880253
0.220000  0.780000   -0.0000000416270228
0.260000  0.780000   -0.0000003932758742
0.300000  0.780000   -0.0000009298915004
0.340000  0.780000   -0.0000012762879640
0.380000  0.780000   -0.0000015841805188
0.420000  0.780000   -0.0000018342503930
0.460000  0.780000   -0.0000020014275326
0.500000  0.780000   -0.0000018406675190
0.540000  0.780000   -0.0000015690399561
0.580000  0.780000   -0.0000010465933441
0.620000  0.780000   -0.0000003598195282
-.420000  0.820000    0.0000000742514741
-.380000  0.820000    0.0000001740258852
-.340000  0.820000    0.0000003352386619
-.300000  0.820000    0.0000005609030429
-.260000  0.820000    0.0000007649388859
-.220000  0.820000    0.0000010408621975
-.180000  0.820000    0.0000012409561443
-.140000  0.820000    0.0000014539399769
-.100000  0.820000    0.0000015619013641
-.060000  0.820000    0.0000016087522564
-.020000  0.820000    0.0000015866010900
0.020000  0.820000    0.0000014904332166
0.060000  0.820000    0.0000013194903057
0.100000  0.820000    0.0000010774357056
0.140000  0.820000    0.0000007668968932
0.180000  0.820000    0.0000005013256058
0.220000  0.820000    0.0000001113250197
0.260000  0.820000   -0.0000001841584797
0.300000  0.820000   -0.0000006042965020
0.340000  0.820000   -0.0000008639480281
0.380000  0.820000   -0.0000010731860998
0.420000  0.820000   -0.0000010546491324
0.460000  0.820000   -0.0000010825121810
0.500000  0.820000   -0.0000008571186970
0.540000  0.820000   -0.0000004067939303
-.380000  0.860000    0.0000000586042923
-.340000  0.860000    0.0000001465731949
-.300000  0.860000    0.0000002554132121
-.260000  0.860000    0.0000004249057784
-.220000  0.860000    0.0000006452731659
-.180000  0.860000    0.0000008172202354
-.140000  0.860000    0.0000010411870759
-.100000  0.860000    0.0000011645052265
-.060000  0.860000    0.0000012427858941
-.020000  0.860000    0.0000012664769035
0.020000  0.860000    0.0000012283834358
0.060000  0.860000    0.0000011294091793
0.100000  0.860000    0.0000009685075039
0.140000  0.860000    0.0000007518218381
0.180000  0.860000    0.0000005421745437
0.220000  0.860000    0.0000002640434087
0.260000  0.860000    0.0000000460913412
0.300000  0.860000   -0.0000001467983285
0.340000  0.860000   -0.0000002981446902
0.380000  0.860000   -0.0000003844788456
0.420000  0.860000   -0.0000003048682053
0.460000  0.860000   -0.0000001223182608
0.500000  0.860000   -0.0000000104335421
-.300000  0.900000    0.0000001261775783
-.260000  0.900000    0.0000001962915840
-.220000  0.900000    0.0000003031176996
-.180000  0.900000    0.0000004604985402
-.140000  0.900000    0.0000005918828332
-.100000  0.900000    0.0000007736691009
-.060000  0.900000    0.0000008706277383
-.020000  0.900000    0.0000009319309116
0.020000  0.900000    0.0000009492949401
0.060000  0.900000    0.0000009199366378
0.100000  0.900000    0.0000008426951944
0.140000  0.900000    0.0000007214493909
0.180000  0.900000    0.0000005865097532
0.220000  0.900000    0.0000004535145486
0.260000  0.900000    0.0000003355989517
0.300000  0.900000    0.0000002496378926
0.340000  0.900000    0.0000002257931440
0.380000  0.900000    0.0000002441008723
0.420000  0.900000    0.0000001637716715
-.260000  0.940000    0.0000000376686022
-.220000  0.940000    0.0000001619627397
-.180000  0.940000    0.0000002118975689
-.140000  0.940000    0.0000002857112299
-.100000  0.940000    0.0000003684467357
-.060000  0.940000    0.0000004890495347
-.020000  0.940000    0.0000005688007177
0.020000  0.940000    0.0000006283158798
0.060000  0.940000    0.0000006612182423
0.100000  0.940000    0.0000006356370257
0.140000  0.940000    0.0000006259636178
0.180000  0.940000    0.0000005775170370
0.220000  0.940000    0.0000005302053399
0.260000  0.940000    0.0000004559704383
0.300000  0.940000    0.0000003575300190
0.340000  0.940000   -0.0000004684408091
-.140000  0.980000    0.0000001107184246
-.100000  0.980000    0.0000001964321293
-.060000  0.980000    0.0000002114891053
-.020000  0.980000    0.0000002407933706
0.020000  0.980000    0.0000002717392382
0.060000  0.980000    0.0000002726449749
0.100000  0.980000    0.0000002471524845
0.140000  0.980000    0.0000001868056819
0.180000  0.980000   -0.0000000867621430
