-.180000  -.980000   -0.0000045565823464
-.140000  -.980000   -0.0000148624002287
-.100000  -.980000   -0.0000174877807884
-.060000  -.980000   -0.0000182661818002
-.020000  -.980000   -0.0000182842547928
0.020000  -.980000   -0.0000190433467942
0.060000  -.980000   -0.0000207264542949
0.100000  -.980000   -0.0000221230630921
0.140000  -.980000   -0.0000231006009447
0.180000  -.980000   -0.0000262282016953
-.300000  -.940000   -0.0000074802055301
-.260000  -.940000   -0.0000133545327063
-.220000  -.940000   -0.0000148043126645
-.180000  -.940000   -0.0000158640518790
-.140000  -.940000   -0.0000164803976552
-.100000  -.940000   -0.0000174396914255
-.060000  -.940000   -0.0000176731664282
-.020000  -.940000   -0.0000183520907436
0.020000  -.940000   -0.0000188937429900
0.060000  -.940000   -0.0000192819261857
0.100000  -.940000   -0.0000202683311641
0.140000  -.940000   -0.0000203695415010
0.180000  -.940000   -0.0000211404501746
0.220000  -.940000   -0.0000217659330358
0.260000  -.940000   -0.0000233452800402
0.300000  -.940000   -0.0000247167737434
0.340000  -.940000   -0.0000312374240782
-.380000  -.900000   -0.0000081108160635
-.340000  -.900000   -0.0000124190691299
-.300000  -.900000   -0.0000139062022227
-.260000  -.900000   -0.0000150138718022
-.220000  -.900000   -0.0000158340973723
-.180000  -.900000   -0.0000165247576144
-.140000  -.900000   -0.0000173772417166
-.100000  -.900000   -0.0000179168436196
-.060000  -.900000   -0.0000186489718368
-.020000  -.900000   -0.0000192934510518
0.020000  -.900000   -0.0000198501524728
0.060000  -.900000   -0.0000202922887238
0.100000  -.900000   -0.0000205743377249
0.140000  -.900000   -0.0000212823967756
0.180000  -.900000   -0.0000212930033705
0.220000  -.900000   -0.0000218076490755
0.260000  -.900000   -0.0000221978603196
0.300000  -.900000   -0.0000224493305626
0.340000  -.900000   -0.0000235134190240
0.380000  -.900000   -0.0000245212322651
0.420000  -.900000   -0.0000274936279398
-.460000  -.860000   -0.0000048795098849
-.420000  -.860000   -0.0000106717976684
-.380000  -.860000   -0.0000127481267092
-.340000  -.860000   -0.0000140560419957
-.300000  -.860000   -0.0000150150155032
-.260000  -.860000   -0.0000158937014818
-.220000  -.860000   -0.0000167286435690
-.180000  -.860000   -0.0000175192577329
-.140000  -.860000   -0.0000183092964964
-.100000  -.860000   -0.0000190726511881
-.060000  -.860000   -0.0000197774847480
-.020000  -.860000   -0.0000204301956314
0.020000  -.860000   -0.0000210218847859
0.060000  -.860000   -0.0000215282444777
0.100000  -.860000   -0.0000219107673287
0.140000  -.860000   -0.0000221118092198
0.180000  -.860000   -0.0000226377430852
0.220000  -.860000   -0.0000225689872956
0.260000  -.860000   -0.0000229113768455
0.300000  -.860000   -0.0000231224747034
0.340000  -.860000   -0.0000232279457794
0.380000  -.860000   -0.0000231289043621
0.420000  -.860000   -0.0000238433412470
0.460000  -.860000   -0.0000255298255592
0.500000  -.860000   -0.0000292435037863
-.500000  -.820000   -0.0000075979475385
-.460000  -.820000   -0.0000111700052819
-.420000  -.820000   -0.0000128236622038
-.380000  -.820000   -0.0000140283691876
-.340000  -.820000   -0.0000150116658418
-.300000  -.820000   -0.0000159306043613
-.260000  -.820000   -0.0000166633708483
-.220000  -.820000   -0.0000176377438743
-.180000  -.820000   -0.0000183590834769
-.140000  -.820000   -0.0000192773056253
-.100000  -.820000   -0.0000200226988316
-.060000  -.820000   -0.0000207256413045
-.020000  -.820000   -0.0000213847875994
0.020000  -.820000   -0.0000219830062139
0.060000  -.820000   -0.0000224973808064
0.100000  -.820000   -0.0000228924010599
0.140000  -.820000   -0.0000231164452026
0.180000  -.820000   -0.0000235983243047
0.220000  -.820000   -0.0000236159005263
0.260000  -.820000   -0.0000239075692070
0.300000  -.820000   -0.0000235031109485
0.340000  -.820000   -0.0000236025269809
0.380000  -.820000   -0.0000235212640436
0.420000  -.820000   -0.0000241123111162
0.460000  -.820000   -0.0000237929622580
0.500000  -.820000   -0.0000240920962432
0.540000  -.820000   -0.0000266520592693
-.580000  -.780000   -0.0000000735238510
-.540000  -.780000   -0.0000084094783941
-.500000  -.780000   -0.0000112362575853
-.460000  -.780000   -0.0000127850350285
-.420000  -.780000   -0.0000138946818966
-.380000  -.780000   -0.0000148459627155
-.340000  -.780000   -0.0000157927758419
-.300000  -.780000   -0.0000167389457747
-.260000  -.780000   -0.0000174161124075
-.220000  -.780000   -0.0000184395484500
-.180000  -.780000   -0.0000191596216066
-.140000  -.780000   -0.0000200559578987
-.100000  -.780000   -0.0000207987525167
-.060000  -.780000   -0.0000214957504875
-.020000  -.780000   -0.0000221429804207
0.020000  -.780000   -0.0000227211420130
0.060000  -.780000   -0.0000232036898308
0.100000  -.780000   -0.0000235549334612
0.140000  -.780000   -0.0000237232966527
0.180000  -.780000   -0.0000242976664428
0.220000  -.780000   -0.0000242526850783
0.260000  -.780000   -0.0000245940833852
0.300000  -.780000   -0.0000241757088161
0.340000  -.780000   -0.0000243389053156
0.380000  -.780000   -0.0000243303633558
0.420000  -.780000   -0.0000241675258864
0.460000  -.780000   -0.0000237557413812
0.500000  -.780000   -0.0000242792935940
0.540000  -.780000   -0.0000245872296923
0.580000  -.780000   -0.0000257847860099
0.620000  -.780000   -0.0000308936858439
-.620000  -.740000   -0.0000011552746759
-.580000  -.740000   -0.0000083828692048
-.540000  -.740000   -0.0000110555289125
-.500000  -.740000   -0.0000123179949892
-.460000  -.740000   -0.0000136886974463
-.420000  -.740000   -0.0000146171717917
-.380000  -.740000   -0.0000155477397475
-.340000  -.740000   -0.0000164970864629
-.300000  -.740000   -0.0000170402491756
-.260000  -.740000   -0.0000181441547676
-.220000  -.740000   -0.0000187556449155
-.180000  -.740000   -0.0000198431831497
-.140000  -.740000   -0.0000205587922488
-.100000  -.740000   -0.0000212621152872
-.060000  -.740000   -0.0000219976495343
-.020000  -.740000   -0.0000226115643115
0.020000  -.740000   -0.0000231399872361
0.060000  -.740000   -0.0000235534060354
0.100000  -.740000   -0.0000242342626970
0.140000  -.740000   -0.0000245342995593
0.180000  -.740000   -0.0000246271269651
0.220000  -.740000   -0.0000250448838880
0.260000  -.740000   -0.0000249234267590
0.300000  -.740000   -0.0000251447632732
0.340000  -.740000   -0.0000245847193024
0.380000  -.740000   -0.0000246533154575
0.420000  -.740000   -0.0000245522485781
0.460000  -.740000   -0.0000242662221077
0.500000  -.740000   -0.0000246746888001
0.540000  -.740000   -0.0000242310602490
0.580000  -.740000   -0.0000244567233624
0.620000  -.740000   -0.0000256195772608
0.660000  -.740000   -0.0000283052332698
-.660000  -.700000   -0.0000006443090302
-.620000  -.700000   -0.0000079065261097
-.580000  -.700000   -0.0000105310115595
-.540000  -.700000   -0.0000121607751170
-.500000  -.700000   -0.0000129987274149
-.460000  -.700000   -0.0000137418603590
-.420000  -.700000   -0.0000152716514230
-.380000  -.700000   -0.0000155819337895
-.340000  -.700000   -0.0000166658165450
-.300000  -.700000   -0.0000177521443611
-.260000  -.700000   -0.0000182436428011
-.220000  -.700000   -0.0000194125305721
-.180000  -.700000   -0.0000200564851831
-.140000  -.700000   -0.0000210240053737
-.100000  -.700000   -0.0000217263796177
-.060000  -.700000   -0.0000223954882121
-.020000  -.700000   -0.0000230258983461
0.020000  -.700000   -0.0000235897309405
0.060000  -.700000   -0.0000240577308440
0.100000  -.700000   -0.0000243931117749
0.140000  -.700000   -0.0000245444533547
0.180000  -.700000   -0.0000251495894302
0.220000  -.700000   -0.0000251210504135
0.260000  -.700000   -0.0000254501885844
0.300000  -.700000   -0.0000251566402245
0.340000  -.700000   -0.0000253308421523
0.380000  -.700000   -0.0000252954186802
0.420000  -.700000   -0.0000244102147700
0.460000  -.700000   -0.0000249676523103
0.500000  -.700000   -0.0000247724906368
0.540000  -.700000   -0.0000244233365049
0.580000  -.700000   -0.0000246902385806
0.620000  -.700000   -0.0000249817471860
0.660000  -.700000   -0.0000261095494444
0.700000  -.700000   -0.0000291171572826
-.660000  -.660000   -0.0000070157115121
-.620000  -.660000   -0.0000101955413628
-.580000  -.660000   -0.0000115113687920
-.540000  -.660000   -0.0000129331691988
-.500000  -.660000   -0.0000137218076197
-.460000  -.660000   -0.0000145058578835
-.420000  -.660000   -0.0000153860480420
-.380000  -.660000   -0.0000163552125213
-.340000  -.660000   -0.0000173373715843
-.300000  -.660000   -0.0000177545660217
-.260000  -.660000   -0.0000188997380813
-.220000  -.660000   -0.0000194475641763
-.180000  -.660000   -0.0000205141182487
-.140000  -.660000   -0.0000211888180475
-.100000  -.660000   -0.0000218631351332
-.060000  -.660000   -0.0000225358160691
-.020000  -.660000   -0.0000231815376075
0.020000  -.660000   -0.0000237736254796
0.060000  -.660000   -0.0000242835018424
0.100000  -.660000   -0.0000246746977064
0.140000  -.660000   -0.0000248992957347
0.180000  -.660000   -0.0000248929832102
0.220000  -.660000   -0.0000254454404023
0.260000  -.660000   -0.0000252130408629
0.300000  -.660000   -0.0000255291689217
0.340000  -.660000   -0.0000248952606461
0.380000  -.660000   -0.0000250683067373
0.420000  -.660000   -0.0000250399058009
0.460000  -.660000   -0.0000248733087007
0.500000  -.660000   -0.0000245934373570
0.540000  -.660000   -0.0000241306171510
0.580000  -.660000   -0.0000245070695003
0.620000  -.660000   -0.0000237631788493
0.660000  -.660000   -0.0000250540330313
0.700000  -.660000   -0.0000262498555061
0.740000  -.660000   -0.0000287934516306
-.700000  -.620000   -0.0000057062779238
-.660000  -.620000   -0.0000094786662788
-.620000  -.620000   -0.0000108596729434
-.580000  -.620000   -0.0000123378744386
-.540000  -.620000   -0.0000129460531221
-.500000  -.620000   -0.0000135542340466
-.460000  -.620000   -0.0000142968548701
-.420000  -.620000   -0.0000152176520107
-.380000  -.620000   -0.0000162631740547
-.340000  -.620000   -0.0000173481060779
-.300000  -.620000   -0.0000183679621616
-.260000  -.620000   -0.0000188514122700
-.220000  -.620000   -0.0000199061044601
-.180000  -.620000   -0.0000205256335095
-.140000  -.620000   -0.0000211514731477
-.100000  -.620000   -0.0000218114654775
-.060000  -.620000   -0.0000225825073260
-.020000  -.620000   -0.0000231520167059
0.020000  -.620000   -0.0000236471386049
0.060000  -.620000   -0.0000240243231123
0.100000  -.620000   -0.0000247371922870
0.140000  -.620000   -0.0000250159074008
0.180000  -.620000   -0.0000250818708071
0.220000  -.620000   -0.0000248399296377
0.260000  -.620000   -0.0000254044834783
0.300000  -.620000   -0.0000248169607745
0.340000  -.620000   -0.0000251791911919
0.380000  -.620000   -0.0000252715879437
0.420000  -.620000   -0.0000251633114645
0.460000  -.620000   -0.0000249517088113
0.500000  -.620000   -0.0000247166330709
0.540000  -.620000   -0.0000244627643847
0.580000  -.620000   -0.0000240599076402
0.620000  -.620000   -0.0000242834375861
0.660000  -.620000   -0.0000235744647365
0.700000  -.620000   -0.0000249785833303
0.740000  -.620000   -0.0000261121470336
0.780000  -.620000   -0.0000317465136087
-.740000  -.580000   -0.0000035995881481
-.700000  -.580000   -0.0000082488329072
-.660000  -.580000   -0.0000102902434872
-.620000  -.580000   -0.0000117862857640
-.580000  -.580000   -0.0000122726853836
-.540000  -.580000   -0.0000137521416922
-.500000  -.580000   -0.0000144532735809
-.460000  -.580000   -0.0000152301363927
-.420000  -.580000   -0.0000160737758854
-.380000  -.580000   -0.0000160378539029
-.340000  -.580000   -0.0000172119689277
-.300000  -.580000   -0.0000183273240959
-.260000  -.580000   -0.0000186666473186
-.220000  -.580000   -0.0000198451178844
-.180000  -.580000   -0.0000203867028993
-.140000  -.580000   -0.0000209704401735
-.100000  -.580000   -0.0000219204254959
-.060000  -.580000   -0.0000225358949006
-.020000  -.580000   -0.0000231146890951
0.020000  -.580000   -0.0000236273436781
0.060000  -.580000   -0.0000240291228026
0.100000  -.580000   -0.0000242743002078
0.140000  -.580000   -0.0000249619904297
0.180000  -.580000   -0.0000250812053469
0.220000  -.580000   -0.0000249004149292
0.260000  -.580000   -0.0000253773863640
0.300000  -.580000   -0.0000249017962872
0.340000  -.580000   -0.0000251942099942
0.380000  -.580000   -0.0000251968483566
0.420000  -.580000   -0.0000242630545116
0.460000  -.580000   -0.0000242050456046
0.500000  -.580000   -0.0000239649617824
0.540000  -.580000   -0.0000235396653900
0.580000  -.580000   -0.0000240501985578
0.620000  -.580000   -0.0000236644365185
0.660000  -.580000   -0.0000239473762330
0.700000  -.580000   -0.0000242776063441
0.740000  -.580000   -0.0000245301830876
0.780000  -.580000   -0.0000267807132913
-.780000  -.540000   -0.0000000932312246
-.740000  -.540000   -0.0000070052304045
-.700000  -.540000   -0.0000097018117386
-.660000  -.540000   -0.0000112892783101
-.620000  -.540000   -0.0000117952771646
-.580000  -.540000   -0.0000131791546019
-.540000  -.540000   -0.0000137789907450
-.500000  -.540000   -0.0000144121153693
-.460000  -.540000   -0.0000151711159690
-.420000  -.540000   -0.0000160293415354
-.380000  -.540000   -0.0000157647035522
-.340000  -.540000   -0.0000170051883855
-.300000  -.540000   -0.0000181929243365
-.260000  -.540000   -0.0000183956254220
-.220000  -.540000   -0.0000196783275686
-.180000  -.540000   -0.0000201452002217
-.140000  -.540000   -0.0000211675125787
-.100000  -.540000   -0.0000217643397164
-.060000  -.540000   -0.0000223737126062
-.020000  -.540000   -0.0000229589075044
0.020000  -.540000   -0.0000234882364087
0.060000  -.540000   -0.0000239105330072
0.100000  -.540000   -0.0000241771369105
0.140000  -.540000   -0.0000242266079335
0.180000  -.540000   -0.0000249453624720
0.220000  -.540000   -0.0000248016140379
0.260000  -.540000   -0.0000252071927269
0.300000  -.540000   -0.0000247980944074
0.340000  -.540000   -0.0000250328461469
0.380000  -.540000   -0.0000249611075926
0.420000  -.540000   -0.0000241821333097
0.460000  -.540000   -0.0000241186822257
0.500000  -.540000   -0.0000238973810415
0.540000  -.540000   -0.0000235365430373
0.580000  -.540000   -0.0000229778900520
0.620000  -.540000   -0.0000235231418111
0.660000  -.540000   -0.0000229628260127
0.700000  -.540000   -0.0000234096489624
0.740000  -.540000   -0.0000236964320516
0.780000  -.540000   -0.0000250632837170
0.820000  -.540000   -0.0000283405592375
-.780000  -.500000   -0.0000046871072579
-.740000  -.500000   -0.0000083247525487
-.700000  -.500000   -0.0000100885349563
-.660000  -.500000   -0.0000114968607783
-.620000  -.500000   -0.0000116895546572
-.580000  -.500000   -0.0000132359324999
-.540000  -.500000   -0.0000137526067706
-.500000  -.500000   -0.0000143485848610
-.460000  -.500000   -0.0000150879360540
-.420000  -.500000   -0.0000159488097672
-.380000  -.500000   -0.0000155056181026
-.340000  -.500000   -0.0000167806464057
-.300000  -.500000   -0.0000180132374360
-.260000  -.500000   -0.0000180885526278
-.220000  -.500000   -0.0000194455724778
-.180000  -.500000   -0.0000198401556149
-.140000  -.500000   -0.0000209576041829
-.100000  -.500000   -0.0000215285923328
-.060000  -.500000   -0.0000221283663470
-.020000  -.500000   -0.0000227230772363
0.020000  -.500000   -0.0000232672716810
0.060000  -.500000   -0.0000237041848369
0.100000  -.500000   -0.0000239848960067
0.140000  -.500000   -0.0000240430682022
0.180000  -.500000   -0.0000247158480828
0.220000  -.500000   -0.0000245871172151
0.260000  -.500000   -0.0000249393568953
0.300000  -.500000   -0.0000245542633852
0.340000  -.500000   -0.0000247563267560
0.380000  -.500000   -0.0000246470888945
0.420000  -.500000   -0.0000239078191032
0.460000  -.500000   -0.0000238406110722
0.500000  -.500000   -0.0000236203442847
0.540000  -.500000   -0.0000232749523176
0.580000  -.500000   -0.0000227785491053
0.620000  -.500000   -0.0000231134641426
0.660000  -.500000   -0.0000228145249369
0.700000  -.500000   -0.0000230795123964
0.740000  -.500000   -0.0000234581004345
0.780000  -.500000   -0.0000240345418847
0.820000  -.500000   -0.0000251366235481
0.860000  -.500000   -0.0000314002285137
-.820000  -.460000   -0.0000007763739530
-.780000  -.460000   -0.0000070844310827
-.740000  -.460000   -0.0000096551470039
-.700000  -.460000   -0.0000102072902044
-.660000  -.460000   -0.0000115946603770
-.620000  -.460000   -0.0000116327386934
-.580000  -.460000   -0.0000132773549826
-.540000  -.460000   -0.0000137534873074
-.500000  -.460000   -0.0000143306366640
-.460000  -.460000   -0.0000150434997785
-.420000  -.460000   -0.0000158811708881
-.380000  -.460000   -0.0000153102104377
-.340000  -.460000   -0.0000165815870742
-.300000  -.460000   -0.0000178262650047
-.260000  -.460000   -0.0000177821863738
-.220000  -.460000   -0.0000191861832085
-.180000  -.460000   -0.0000195031394363
-.140000  -.460000   -0.0000207009103550
-.100000  -.460000   -0.0000212383093707
-.060000  -.460000   -0.0000218263879027
-.020000  -.460000   -0.0000224304067996
0.020000  -.460000   -0.0000229883923384
0.060000  -.460000   -0.0000234386601723
0.100000  -.460000   -0.0000237259727313
0.140000  -.460000   -0.0000237792612847
0.180000  -.460000   -0.0000244255153069
0.220000  -.460000   -0.0000242879145679
0.260000  -.460000   -0.0000246167338874
0.300000  -.460000   -0.0000242055546140
0.340000  -.460000   -0.0000244085274467
0.380000  -.460000   -0.0000242962575402
0.420000  -.460000   -0.0000234767567083
0.460000  -.460000   -0.0000234134974905
0.500000  -.460000   -0.0000231952234442
0.540000  -.460000   -0.0000228491224005
0.580000  -.460000   -0.0000223505695643
0.620000  -.460000   -0.0000226532580342
0.660000  -.460000   -0.0000224102235349
0.700000  -.460000   -0.0000224777646219
0.740000  -.460000   -0.0000221676906745
0.780000  -.460000   -0.0000224427847785
0.820000  -.460000   -0.0000241329436482
0.860000  -.460000   -0.0000277113387696
-.820000  -.420000   -0.0000041455867666
-.780000  -.420000   -0.0000083148459781
-.740000  -.420000   -0.0000101662911334
-.700000  -.420000   -0.0000114262825642
-.660000  -.420000   -0.0000117237322567
-.620000  -.420000   -0.0000117082255886
-.580000  -.420000   -0.0000133537124565
-.540000  -.420000   -0.0000138107522450
-.500000  -.420000   -0.0000143833868913
-.460000  -.420000   -0.0000150715127825
-.420000  -.420000   -0.0000158621178457
-.380000  -.420000   -0.0000152344094415
-.340000  -.420000   -0.0000164672665291
-.300000  -.420000   -0.0000176747108792
-.260000  -.420000   -0.0000175210577870
-.220000  -.420000   -0.0000189429325207
-.180000  -.420000   -0.0000191657267783
-.140000  -.420000   -0.0000204215837611
-.100000  -.420000   -0.0000209156524905
-.060000  -.420000   -0.0000214909688156
-.020000  -.420000   -0.0000221059838486
0.020000  -.420000   -0.0000226751305270
0.060000  -.420000   -0.0000231369099614
0.100000  -.420000   -0.0000234244079194
0.140000  -.420000   -0.0000234586762300
0.180000  -.420000   -0.0000240980787265
0.220000  -.420000   -0.0000239248157536
0.260000  -.420000   -0.0000242613402533
0.300000  -.420000   -0.0000237626056030
0.340000  -.420000   -0.0000239964813559
0.380000  -.420000   -0.0000239229082948
0.420000  -.420000   -0.0000228826866282
0.460000  -.420000   -0.0000228348154606
0.500000  -.420000   -0.0000226181311616
0.540000  -.420000   -0.0000222520863186
0.580000  -.420000   -0.0000217177076405
0.620000  -.420000   -0.0000222062847348
0.660000  -.420000   -0.0000218918370051
0.700000  -.420000   -0.0000210321589299
0.740000  -.420000   -0.0000217362721428
0.780000  -.420000   -0.0000222231368530
0.820000  -.420000   -0.0000237019518884
0.860000  -.420000   -0.0000254407414647
0.900000  -.420000   -0.0000306114769046
-.820000  -.380000   -0.0000063328585576
-.780000  -.380000   -0.0000090504758027
-.740000  -.380000   -0.0000105478330001
-.700000  -.380000   -0.0000105531608783
-.660000  -.380000   -0.0000119291052114
-.620000  -.380000   -0.0000119448358370
-.580000  -.380000   -0.0000119612371611
-.540000  -.380000   -0.0000121751789408
-.500000  -.380000   -0.0000126137270663
-.460000  -.380000   -0.0000132879026164
-.420000  -.380000   -0.0000141939739275
-.380000  -.380000   -0.0000152839791851
-.340000  -.380000   -0.0000164601487138
-.300000  -.380000   -0.0000176001521212
-.260000  -.380000   -0.0000173259547804
-.220000  -.380000   -0.0000187350943384
-.180000  -.380000   -0.0000188376121255
-.140000  -.380000   -0.0000201315651316
-.100000  -.380000   -0.0000205803219508
-.060000  -.380000   -0.0000211467577855
-.020000  -.380000   -0.0000217636754169
0.020000  -.380000   -0.0000223488697187
0.060000  -.380000   -0.0000228170153943
0.100000  -.380000   -0.0000230980386908
0.140000  -.380000   -0.0000230957087997
0.180000  -.380000   -0.0000237483060034
0.220000  -.380000   -0.0000235032412298
0.260000  -.380000   -0.0000238801877287
0.300000  -.380000   -0.0000232159983732
0.340000  -.380000   -0.0000235096691916
0.380000  -.380000   -0.0000235063211290
0.420000  -.380000   -0.0000232993876989
0.460000  -.380000   -0.0000229804052786
0.500000  -.380000   -0.0000226354862267
0.540000  -.380000   -0.0000223153180213
0.580000  -.380000   -0.0000220363970269
0.620000  -.380000   -0.0000217366050020
0.660000  -.380000   -0.0000212496587206
0.700000  -.380000   -0.0000214065046726
0.740000  -.380000   -0.0000210878332046
0.780000  -.380000   -0.0000216427199077
0.820000  -.380000   -0.0000220596923987
0.860000  -.380000   -0.0000238155207369
0.900000  -.380000   -0.0000276470880834
-.860000  -.340000   -0.0000025087576705
-.820000  -.340000   -0.0000075202917213
-.780000  -.340000   -0.0000096082737373
-.740000  -.340000   -0.0000108888507782
-.700000  -.340000   -0.0000109288756514
-.660000  -.340000   -0.0000121787392610
-.620000  -.340000   -0.0000122990194782
-.580000  -.340000   -0.0000123852745440
-.540000  -.340000   -0.0000125980002622
-.500000  -.340000   -0.0000130299370808
-.460000  -.340000   -0.0000136727365700
-.420000  -.340000   -0.0000144997073564
-.380000  -.340000   -0.0000154757759972
-.340000  -.340000   -0.0000165339286892
-.300000  -.340000   -0.0000157326389843
-.260000  -.340000   -0.0000172390454164
-.220000  -.340000   -0.0000185752446532
-.180000  -.340000   -0.0000185802967414
-.140000  -.340000   -0.0000198825690458
-.100000  -.340000   -0.0000202704450718
-.060000  -.340000   -0.0000207993907154
-.020000  -.340000   -0.0000214145072234
0.020000  -.340000   -0.0000220175843116
0.060000  -.340000   -0.0000224964562222
0.100000  -.340000   -0.0000227580558253
0.140000  -.340000   -0.0000226979166966
0.180000  -.340000   -0.0000233852067627
0.220000  -.340000   -0.0000230138194521
0.260000  -.340000   -0.0000234598466641
0.300000  -.340000   -0.0000234809238836
0.340000  -.340000   -0.0000228903912953
0.380000  -.340000   -0.0000229796460010
0.420000  -.340000   -0.0000228621849864
0.460000  -.340000   -0.0000226147198332
0.500000  -.340000   -0.0000223009381302
0.540000  -.340000   -0.0000219577532141
0.580000  -.340000   -0.0000215816166233
0.620000  -.340000   -0.0000210984756909
0.660000  -.340000   -0.0000203520057640
0.700000  -.340000   -0.0000209096646259
0.740000  -.340000   -0.0000202142104093
0.780000  -.340000   -0.0000208906278399
0.820000  -.340000   -0.0000214019518097
0.860000  -.340000   -0.0000232804554068
0.900000  -.340000   -0.0000260580270025
0.940000  -.340000   -0.0000328613763441
-.860000  -.300000   -0.0000044644774552
-.820000  -.300000   -0.0000083368602069
-.780000  -.300000   -0.0000100758827097
-.740000  -.300000   -0.0000101680820199
-.700000  -.300000   -0.0000113943586950
-.660000  -.300000   -0.0000111225939125
-.620000  -.300000   -0.0000126470330183
-.580000  -.300000   -0.0000128810347519
-.540000  -.300000   -0.0000131622696544
-.500000  -.300000   -0.0000135778402095
-.460000  -.300000   -0.0000141777826480
-.420000  -.300000   -0.0000149378479322
-.380000  -.300000   -0.0000158088774903
-.340000  -.300000   -0.0000145354651717
-.300000  -.300000   -0.0000159243613748
-.260000  -.300000   -0.0000173058271342
-.220000  -.300000   -0.0000185268425674
-.180000  -.300000   -0.0000183919972548
-.140000  -.300000   -0.0000196694361025
-.100000  -.300000   -0.0000199635362213
-.060000  -.300000   -0.0000204559897233
-.020000  -.300000   -0.0000210842401127
0.020000  -.300000   -0.0000217060640226
0.060000  -.300000   -0.0000221843491807
0.100000  -.300000   -0.0000224129643191
0.140000  -.300000   -0.0000222628586187
0.180000  -.300000   -0.0000230016746955
0.220000  -.300000   -0.0000224259363310
0.260000  -.300000   -0.0000229704917952
0.300000  -.300000   -0.0000231276947527
0.340000  -.300000   -0.0000229695024570
0.380000  -.300000   -0.0000222207192002
0.420000  -.300000   -0.0000221935999813
0.460000  -.300000   -0.0000220083577581
0.500000  -.300000   -0.0000217026375981
0.540000  -.300000   -0.0000213051827961
0.580000  -.300000   -0.0000207789348606
0.620000  -.300000   -0.0000200544828526
0.660000  -.300000   -0.0000206292334556
0.700000  -.300000   -0.0000201875563809
0.740000  -.300000   -0.0000204340616546
0.780000  -.300000   -0.0000198926607200
0.820000  -.300000   -0.0000204705780518
0.860000  -.300000   -0.0000224799591724
0.900000  -.300000   -0.0000243622749742
0.940000  -.300000   -0.0000291974109125
-.860000  -.260000   -0.0000057734713721
-.820000  -.260000   -0.0000082913929992
-.780000  -.260000   -0.0000096398309062
-.740000  -.260000   -0.0000107776817869
-.700000  -.260000   -0.0000103000958848
-.660000  -.260000   -0.0000117984527035
-.620000  -.260000   -0.0000116507920915
-.580000  -.260000   -0.0000115499042596
-.540000  -.260000   -0.0000115841272462
-.500000  -.260000   -0.0000118394886796
-.460000  -.260000   -0.0000123500467091
-.420000  -.260000   -0.0000130948108892
-.380000  -.260000   -0.0000140367700923
-.340000  -.260000   -0.0000151279316064
-.300000  -.260000   -0.0000163094190171
-.260000  -.260000   -0.0000174863194185
-.220000  -.260000   -0.0000167702941443
-.180000  -.260000   -0.0000183374760806
-.140000  -.260000   -0.0000181993120093
-.100000  -.260000   -0.0000197405278103
-.060000  -.260000   -0.0000201565923383
-.020000  -.260000   -0.0000207701510582
0.020000  -.260000   -0.0000214023023559
0.060000  -.260000   -0.0000218819727389
0.100000  -.260000   -0.0000220685652937
0.140000  -.260000   -0.0000226711459307
0.180000  -.260000   -0.0000225799139381
0.220000  -.260000   -0.0000229100861592
0.260000  -.260000   -0.0000223000259957
0.300000  -.260000   -0.0000226016418426
0.340000  -.260000   -0.0000226291825945
0.380000  -.260000   -0.0000224555491578
0.420000  -.260000   -0.0000221662947096
0.460000  -.260000   -0.0000218280981678
0.500000  -.260000   -0.0000214890812849
0.540000  -.260000   -0.0000211613506054
0.580000  -.260000   -0.0000208498434726
0.620000  -.260000   -0.0000204909958482
0.660000  -.260000   -0.0000199301540445
0.700000  -.260000   -0.0000199501805279
0.740000  -.260000   -0.0000198037793209
0.780000  -.260000   -0.0000201656131869
0.820000  -.260000   -0.0000207148529060
0.860000  -.260000   -0.0000216466486883
0.900000  -.260000   -0.0000235928672608
0.940000  -.260000   -0.0000275645784793
-.900000  -.220000   -0.0000009507724120
-.860000  -.220000   -0.0000067381504537
-.820000  -.220000   -0.0000090050682823
-.780000  -.220000   -0.0000102990807616
-.740000  -.220000   -0.0000099039191527
-.700000  -.220000   -0.0000112021179107
-.660000  -.220000   -0.0000107338516779
-.620000  -.220000   -0.0000124121818007
-.580000  -.220000   -0.0000125349873898
-.540000  -.220000   -0.0000127283866663
-.500000  -.220000   -0.0000130382360451
-.460000  -.220000   -0.0000135061071765
-.420000  -.220000   -0.0000141485436913
-.380000  -.220000   -0.0000149515618372
-.340000  -.220000   -0.0000158708879066
-.300000  -.220000   -0.0000168414821960
-.260000  -.220000   -0.0000155532901179
-.220000  -.220000   -0.0000170441710193
-.180000  -.220000   -0.0000184178797269
-.140000  -.220000   -0.0000180574764399
-.100000  -.220000   -0.0000195475153379
-.060000  -.220000   -0.0000198778920912
-.020000  -.220000   -0.0000204854029595
0.020000  -.220000   -0.0000211497233742
0.060000  -.220000   -0.0000216205085934
0.100000  -.220000   -0.0000216967713007
0.140000  -.220000   -0.0000223967600472
0.180000  -.220000   -0.0000220475153248
0.220000  -.220000   -0.0000225162581184
0.260000  -.220000   -0.0000226222687822
0.300000  -.220000   -0.0000217915614154
0.340000  -.220000   -0.0000219778507030
0.380000  -.220000   -0.0000219567971773
0.420000  -.220000   -0.0000217901933086
0.460000  -.220000   -0.0000214965197640
0.500000  -.220000   -0.0000211376873565
0.540000  -.220000   -0.0000207089960940
0.580000  -.220000   -0.0000201710849856
0.620000  -.220000   -0.0000194337832632
0.660000  -.220000   -0.0000198574329372
0.700000  -.220000   -0.0000195009789113
0.740000  -.220000   -0.0000195021954031
0.780000  -.220000   -0.0000193329849914
0.820000  -.220000   -0.0000199621357392
0.860000  -.220000   -0.0000205848680070
0.900000  -.220000   -0.0000226829707220
0.940000  -.220000   -0.0000257676491648
-.900000  -.180000   -0.0000024974993470
-.860000  -.180000   -0.0000069434966825
-.820000  -.180000   -0.0000086490039184
-.780000  -.180000   -0.0000097918170130
-.740000  -.180000   -0.0000108655588543
-.700000  -.180000   -0.0000103201837177
-.660000  -.180000   -0.0000118058285976
-.620000  -.180000   -0.0000116295490577
-.580000  -.180000   -0.0000114827245631
-.540000  -.180000   -0.0000114579105100
-.500000  -.180000   -0.0000115927554687
-.460000  -.180000   -0.0000119238631936
-.420000  -.180000   -0.0000124680018503
-.380000  -.180000   -0.0000132227445634
-.340000  -.180000   -0.0000141638967950
-.300000  -.180000   -0.0000152491471521
-.260000  -.180000   -0.0000164223874298
-.220000  -.180000   -0.0000176035776136
-.180000  -.180000   -0.0000163988626251
-.140000  -.180000   -0.0000181391172943
-.100000  -.180000   -0.0000195053191512
-.060000  -.180000   -0.0000196621127763
-.020000  -.180000   -0.0000202220301280
0.020000  -.180000   -0.0000209070819834
0.060000  -.180000   -0.0000213508318121
0.100000  -.180000   -0.0000212882096238
0.140000  -.180000   -0.0000220793325039
0.180000  -.180000   -0.0000223309559971
0.220000  -.180000   -0.0000219105689182
0.260000  -.180000   -0.0000222219020718
0.300000  -.180000   -0.0000221743330654
0.340000  -.180000   -0.0000220151838623
0.380000  -.180000   -0.0000217786202563
0.420000  -.180000   -0.0000214980463858
0.460000  -.180000   -0.0000212493452780
0.500000  -.180000   -0.0000209371170129
0.540000  -.180000   -0.0000206025682502
0.580000  -.180000   -0.0000202489735661
0.620000  -.180000   -0.0000197889047538
0.660000  -.180000   -0.0000190868043661
0.700000  -.180000   -0.0000193012024624
0.740000  -.180000   -0.0000189874129151
0.780000  -.180000   -0.0000193426449887
0.820000  -.180000   -0.0000197364395197
0.860000  -.180000   -0.0000206756951604
0.900000  -.180000   -0.0000215060853754
0.940000  -.180000   -0.0000249200748632
0.980000  -.180000   -0.0000324258730482
-.900000  -.140000   -0.0000033918727341
-.860000  -.140000   -0.0000077024799902
-.820000  -.140000   -0.0000094953946856
-.780000  -.140000   -0.0000106005774635
-.740000  -.140000   -0.0000102920188243
-.700000  -.140000   -0.0000114649462665
-.660000  -.140000   -0.0000111556395887
-.620000  -.140000   -0.0000107053173577
-.580000  -.140000   -0.0000103397951197
-.540000  -.140000   -0.0000129691883254
-.500000  -.140000   -0.0000132866438364
-.460000  -.140000   -0.0000137107790972
-.420000  -.140000   -0.0000142482513125
-.380000  -.140000   -0.0000148989108065
-.340000  -.140000   -0.0000156515705023
-.300000  -.140000   -0.0000164795261894
-.260000  -.140000   -0.0000143873024281
-.220000  -.140000   -0.0000157198938457
-.180000  -.140000   -0.0000171237167554
-.140000  -.140000   -0.0000184802753591
-.100000  -.140000   -0.0000178107798132
-.060000  -.140000   -0.0000195525305438
-.020000  -.140000   -0.0000200304294655
0.020000  -.140000   -0.0000207501170846
0.060000  -.140000   -0.0000211205892966
0.100000  -.140000   -0.0000218182510784
0.140000  -.140000   -0.0000215824672797
0.180000  -.140000   -0.0000220772439524
0.220000  -.140000   -0.0000222126693333
0.260000  -.140000   -0.0000219798593158
0.300000  -.140000   -0.0000214080930157
0.340000  -.140000   -0.0000215991107964
0.380000  -.140000   -0.0000215112469517
0.420000  -.140000   -0.0000212711067265
0.460000  -.140000   -0.0000207043373005
0.500000  -.140000   -0.0000203282571265
0.540000  -.140000   -0.0000198068165448
0.580000  -.140000   -0.0000198255583456
0.620000  -.140000   -0.0000196216524372
0.660000  -.140000   -0.0000192636024051
0.700000  -.140000   -0.0000185177563711
0.740000  -.140000   -0.0000189504451132
0.780000  -.140000   -0.0000182444719571
0.820000  -.140000   -0.0000190037213607
0.860000  -.140000   -0.0000196615029712
0.900000  -.140000   -0.0000217720964797
0.940000  -.140000   -0.0000238372218387
0.980000  -.140000   -0.0000300748984307
-.900000  -.100000   -0.0000042170238385
-.860000  -.100000   -0.0000077567413451
-.820000  -.100000   -0.0000093083751510
-.780000  -.100000   -0.0000103897151323
-.740000  -.100000   -0.0000097216945471
-.700000  -.100000   -0.0000110686433784
-.660000  -.100000   -0.0000105027380689
-.620000  -.100000   -0.0000098533064089
-.580000  -.100000   -0.0000122674853727
-.540000  -.100000   -0.0000123462720114
-.500000  -.100000   -0.0000125315166964
-.460000  -.100000   -0.0000128407560830
-.420000  -.100000   -0.0000132813587231
-.380000  -.100000   -0.0000138517788391
-.340000  -.100000   -0.0000145461383702
-.300000  -.100000   -0.0000153485933198
-.260000  -.100000   -0.0000162370655234
-.220000  -.100000   -0.0000171831267347
-.180000  -.100000   -0.0000181451011108
-.140000  -.100000   -0.0000164043130118
-.100000  -.100000   -0.0000180783549794
-.060000  -.100000   -0.0000195520683950
-.020000  -.100000   -0.0000198480121278
0.020000  -.100000   -0.0000206221382761
0.060000  -.100000   -0.0000208394056968
0.100000  -.100000   -0.0000216295264686
0.140000  -.100000   -0.0000219073734315
0.180000  -.100000   -0.0000212441961910
0.220000  -.100000   -0.0000215283840215
0.260000  -.100000   -0.0000219051839064
0.300000  -.100000   -0.0000219201962406
0.340000  -.100000   -0.0000213375253382
0.380000  -.100000   -0.0000211207759966
0.420000  -.100000   -0.0000209834895809
0.460000  -.100000   -0.0000211649073537
0.500000  -.100000   -0.0000204713848723
0.540000  -.100000   -0.0000200535773128
0.580000  -.100000   -0.0000194482402139
0.620000  -.100000   -0.0000192243677691
0.660000  -.100000   -0.0000191179582853
0.700000  -.100000   -0.0000187020291230
0.740000  -.100000   -0.0000186416556023
0.780000  -.100000   -0.0000185183727101
0.820000  -.100000   -0.0000191027846469
0.860000  -.100000   -0.0000198378053262
0.900000  -.100000   -0.0000204075737721
0.940000  -.100000   -0.0000240001714757
0.980000  -.100000   -0.0000292535510507
-.900000  -.060000   -0.0000045718602745
-.860000  -.060000   -0.0000077103246127
-.820000  -.060000   -0.0000091104435688
-.780000  -.060000   -0.0000101705951349
-.740000  -.060000   -0.0000111133644574
-.700000  -.060000   -0.0000107243441603
-.660000  -.060000   -0.0000099945635216
-.620000  -.060000   -0.0000119482196655
-.580000  -.060000   -0.0000118528197957
-.540000  -.060000   -0.0000118189093730
-.500000  -.060000   -0.0000119028118375
-.460000  -.060000   -0.0000121188086536
-.420000  -.060000   -0.0000124713171211
-.380000  -.060000   -0.0000129571793685
-.340000  -.060000   -0.0000135667448145
-.300000  -.060000   -0.0000142847628600
-.260000  -.060000   -0.0000150957626239
-.220000  -.060000   -0.0000159796304198
-.180000  -.060000   -0.0000169226571327
-.140000  -.060000   -0.0000179083146297
-.100000  -.060000   -0.0000189170458103
-.060000  -.060000   -0.0000175165037207
-.020000  -.060000   -0.0000196886172111
0.020000  -.060000   -0.0000205473252845
0.060000  -.060000   -0.0000213666460779
0.100000  -.060000   -0.0000210315074426
0.140000  -.060000   -0.0000215242074158
0.180000  -.060000   -0.0000218023336018
0.220000  -.060000   -0.0000218455186939
0.260000  -.060000   -0.0000222326094370
0.300000  -.060000   -0.0000211220936207
0.340000  -.060000   -0.0000219228859232
0.380000  -.060000   -0.0000217791176543
0.420000  -.060000   -0.0000210672083719
0.460000  -.060000   -0.0000205302726434
0.500000  -.060000   -0.0000205785314791
0.540000  -.060000   -0.0000200516165769
0.580000  -.060000   -0.0000195635326639
0.620000  -.060000   -0.0000188733246432
0.660000  -.060000   -0.0000188968808288
0.700000  -.060000   -0.0000187026151172
0.740000  -.060000   -0.0000178937894166
0.780000  -.060000   -0.0000185698464423
0.820000  -.060000   -0.0000189895493040
0.860000  -.060000   -0.0000197587439206
0.900000  -.060000   -0.0000207004597562
0.940000  -.060000   -0.0000227048132964
0.980000  -.060000   -0.0000283486847931
-.900000  -.020000   -0.0000047195523401
-.860000  -.020000   -0.0000076641318523
-.820000  -.020000   -0.0000089913734636
-.780000  -.020000   -0.0000100393568250
-.740000  -.020000   -0.0000110208073454
-.700000  -.020000   -0.0000105296707237
-.660000  -.020000   -0.0000097196578435
-.620000  -.020000   -0.0000117774629631
-.580000  -.020000   -0.0000116150493910
-.540000  -.020000   -0.0000115219864260
-.500000  -.020000   -0.0000115501166691
-.460000  -.020000   -0.0000117146325450
-.420000  -.020000   -0.0000120155137689
-.380000  -.020000   -0.0000124478943620
-.340000  -.020000   -0.0000129983862290
-.300000  -.020000   -0.0000136506690072
-.260000  -.020000   -0.0000143832472990
-.220000  -.020000   -0.0000151761096378
-.180000  -.020000   -0.0000160060547191
-.140000  -.020000   -0.0000168552311529
-.100000  -.020000   -0.0000177116014809
-.060000  -.020000   -0.0000185951974878
-.020000  -.020000   -0.0000196820084553
0.020000  -.020000   -0.0000204699767395
0.060000  -.020000   -0.0000211542559686
0.100000  -.020000   -0.0000215205777981
0.140000  -.020000   -0.0000217605562473
0.180000  -.020000   -0.0000218441929610
0.220000  -.020000   -0.0000219109728718
0.260000  -.020000   -0.0000218871210033
0.300000  -.020000   -0.0000213572829672
0.340000  -.020000   -0.0000218702011404
0.380000  -.020000   -0.0000211165494035
0.420000  -.020000   -0.0000219234634461
0.460000  -.020000   -0.0000201009820429
0.500000  -.020000   -0.0000205676791515
0.540000  -.020000   -0.0000200059678573
0.580000  -.020000   -0.0000195786594022
0.620000  -.020000   -0.0000189498217264
0.660000  -.020000   -0.0000187475257505
0.700000  -.020000   -0.0000186679107470
0.740000  -.020000   -0.0000179975262127
0.780000  -.020000   -0.0000185489251672
0.820000  -.020000   -0.0000188823127887
0.860000  -.020000   -0.0000196646150623
0.900000  -.020000   -0.0000207794024758
0.940000  -.020000   -0.0000229089059528
0.980000  -.020000   -0.0000268915463962
-.900000  0.020000   -0.0000047195523401
-.860000  0.020000   -0.0000076641318523
-.820000  0.020000   -0.0000089913734636
-.780000  0.020000   -0.0000100393568250
-.740000  0.020000   -0.0000110208073454
-.700000  0.020000   -0.0000105296707237
-.660000  0.020000   -0.0000097196578435
-.620000  0.020000   -0.0000117774629631
-.580000  0.020000   -0.0000116150493910
-.540000  0.020000   -0.0000115219864260
-.500000  0.020000   -0.0000115501166691
-.460000  0.020000   -0.0000117146325450
-.420000  0.020000   -0.0000120155137689
-.380000  0.020000   -0.0000124478943620
-.340000  0.020000   -0.0000129983862290
-.300000  0.020000   -0.0000136506690072
-.260000  0.020000   -0.0000143832472990
-.220000  0.020000   -0.0000151761096378
-.180000  0.020000   -0.0000160060547191
-.140000  0.020000   -0.0000168552311529
-.100000  0.020000   -0.0000177116014809
-.060000  0.020000   -0.0000185951974878
-.020000  0.020000   -0.0000196820084553
0.020000  0.020000   -0.0000204699767395
0.060000  0.020000   -0.0000211542559686
0.100000  0.020000   -0.0000215205777981
0.140000  0.020000   -0.0000217605562473
0.180000  0.020000   -0.0000218441929610
0.220000  0.020000   -0.0000219109728718
0.260000  0.020000   -0.0000218871210033
0.300000  0.020000   -0.0000213572829672
0.340000  0.020000   -0.0000218702011404
0.380000  0.020000   -0.0000211165494035
0.420000  0.020000   -0.0000219234634461
0.460000  0.020000   -0.0000201009820429
0.500000  0.020000   -0.0000205676791515
0.540000  0.020000   -0.0000200059678573
0.580000  0.020000   -0.0000195786594022
0.620000  0.020000   -0.0000189498217264
0.660000  0.020000   -0.0000187475257505
0.700000  0.020000   -0.0000186679107470
0.740000  0.020000   -0.0000179975262127
0.780000  0.020000   -0.0000185489251672
0.820000  0.020000   -0.0000188823127887
0.860000  0.020000   -0.0000196646150623
0.900000  0.020000   -0.0000207794024758
0.940000  0.020000   -0.0000229089059528
0.980000  0.020000   -0.0000268915463962
-.900000  0.060000   -0.0000045718602745
-.860000  0.060000   -0.0000077103246127
-.820000  0.060000   -0.0000091104435688
-.780000  0.060000   -0.0000101705951349
-.740000  0.060000   -0.0000111133644574
-.700000  0.060000   -0.0000107243441603
-.660000  0.060000   -0.0000099945635216
-.620000  0.060000   -0.0000119482196655
-.580000  0.060000   -0.0000118528197957
-.540000  0.060000   -0.0000118189093730
-.500000  0.060000   -0.0000119028118375
-.460000  0.060000   -0.0000121188086536
-.420000  0.060000   -0.0000124713171211
-.380000  0.060000   -0.0000129571793685
-.340000  0.060000   -0.0000135667448145
-.300000  0.060000   -0.0000142847628600
-.260000  0.060000   -0.0000150957626239
-.220000  0.060000   -0.0000159796304198
-.180000  0.060000   -0.0000169226571327
-.140000  0.060000   -0.0000179083146297
-.100000  0.060000   -0.0000189170458103
-.060000  0.060000   -0.0000175165037207
-.020000  0.060000   -0.0000196886172111
0.020000  0.060000   -0.0000205473252845
0.060000  0.060000   -0.0000213666460779
0.100000  0.060000   -0.0000210315074426
0.140000  0.060000   -0.0000215242074158
0.180000  0.060000   -0.0000218023336018
0.220000  0.060000   -0.0000218455186939
0.260000  0.060000   -0.0000222326094370
0.300000  0.060000   -0.0000211220936207
0.340000  0.060000   -0.0000219228859232
0.380000  0.060000   -0.0000217791176543
0.420000  0.060000   -0.0000210672083719
0.460000  0.060000   -0.0000205302726434
0.500000  0.060000   -0.0000205785314791
0.540000  0.060000   -0.0000200516165769
0.580000  0.060000   -0.0000195635326639
0.620000  0.060000   -0.0000188733246432
0.660000  0.060000   -0.0000188968808288
0.700000  0.060000   -0.0000187026151172
0.740000  0.060000   -0.0000178937894166
0.780000  0.060000   -0.0000185698464423
0.820000  0.060000   -0.0000189895493040
0.860000  0.060000   -0.0000197587439206
0.900000  0.060000   -0.0000207004597562
0.940000  0.060000   -0.0000227048132964
0.980000  0.060000   -0.0000283486847931
-.900000  0.100000   -0.0000042170238385
-.860000  0.100000   -0.0000077567413451
-.820000  0.100000   -0.0000093083751510
-.780000  0.100000   -0.0000103897151323
-.740000  0.100000   -0.0000097216945471
-.700000  0.100000   -0.0000110686433784
-.660000  0.100000   -0.0000105027380689
-.620000  0.100000   -0.0000098533064089
-.580000  0.100000   -0.0000122674853727
-.540000  0.100000   -0.0000123462720114
-.500000  0.100000   -0.0000125315166964
-.460000  0.100000   -0.0000128407560830
-.420000  0.100000   -0.0000132813587231
-.380000  0.100000   -0.0000138517788391
-.340000  0.100000   -0.0000145461383702
-.300000  0.100000   -0.0000153485933198
-.260000  0.100000   -0.0000162370655234
-.220000  0.100000   -0.0000171831267347
-.180000  0.100000   -0.0000181451011108
-.140000  0.100000   -0.0000164043130118
-.100000  0.100000   -0.0000180783549794
-.060000  0.100000   -0.0000195520683950
-.020000  0.100000   -0.0000198480121278
0.020000  0.100000   -0.0000206221382761
0.060000  0.100000   -0.0000208394056968
0.100000  0.100000   -0.0000216295264686
0.140000  0.100000   -0.0000219073734315
0.180000  0.100000   -0.0000212441961910
0.220000  0.100000   -0.0000215283840215
0.260000  0.100000   -0.0000219051839064
0.300000  0.100000   -0.0000219201962406
0.340000  0.100000   -0.0000213375253382
0.380000  0.100000   -0.0000211207759966
0.420000  0.100000   -0.0000209834895809
0.460000  0.100000   -0.0000211649073537
0.500000  0.100000   -0.0000204713848723
0.540000  0.100000   -0.0000200535773128
0.580000  0.100000   -0.0000194482402139
0.620000  0.100000   -0.0000192243677691
0.660000  0.100000   -0.0000191179582853
0.700000  0.100000   -0.0000187020291230
0.740000  0.100000   -0.0000186416556023
0.780000  0.100000   -0.0000185183727101
0.820000  0.100000   -0.0000191027846469
0.860000  0.100000   -0.0000198378053262
0.900000  0.100000   -0.0000204075737721
0.940000  0.100000   -0.0000240001714757
0.980000  0.100000   -0.0000292535510507
-.900000  0.140000   -0.0000033918727341
-.860000  0.140000   -0.0000077024799902
-.820000  0.140000   -0.0000094953946856
-.780000  0.140000   -0.0000106005774635
-.740000  0.140000   -0.0000102920188243
-.700000  0.140000   -0.0000114649462665
-.660000  0.140000   -0.0000111556395887
-.620000  0.140000   -0.0000107053173577
-.580000  0.140000   -0.0000103397951197
-.540000  0.140000   -0.0000129691883254
-.500000  0.140000   -0.0000132866438364
-.460000  0.140000   -0.0000137107790972
-.420000  0.140000   -0.0000142482513125
-.380000  0.140000   -0.0000148989108065
-.340000  0.140000   -0.0000156515705023
-.300000  0.140000   -0.0000164795261894
-.260000  0.140000   -0.0000143873024281
-.220000  0.140000   -0.0000157198938457
-.180000  0.140000   -0.0000171237167554
-.140000  0.140000   -0.0000184802753591
-.100000  0.140000   -0.0000178107798132
-.060000  0.140000   -0.0000195525305438
-.020000  0.140000   -0.0000200304294655
0.020000  0.140000   -0.0000207501170846
0.060000  0.140000   -0.0000211205892966
0.100000  0.140000   -0.0000218182510784
0.140000  0.140000   -0.0000215824672797
0.180000  0.140000   -0.0000220772439524
0.220000  0.140000   -0.0000222126693333
0.260000  0.140000   -0.0000219798593158
0.300000  0.140000   -0.0000214080930157
0.340000  0.140000   -0.0000215991107964
0.380000  0.140000   -0.0000215112469517
0.420000  0.140000   -0.0000212711067265
0.460000  0.140000   -0.0000207043373005
0.500000  0.140000   -0.0000203282571265
0.540000  0.140000   -0.0000198068165448
0.580000  0.140000   -0.0000198255583456
0.620000  0.140000   -0.0000196216524372
0.660000  0.140000   -0.0000192636024051
0.700000  0.140000   -0.0000185177563711
0.740000  0.140000   -0.0000189504451132
0.780000  0.140000   -0.0000182444719571
0.820000  0.140000   -0.0000190037213607
0.860000  0.140000   -0.0000196615029712
0.900000  0.140000   -0.0000217720964797
0.940000  0.140000   -0.0000238372218387
0.980000  0.140000   -0.0000300748984307
-.900000  0.180000   -0.0000024974993470
-.860000  0.180000   -0.0000069434966825
-.820000  0.180000   -0.0000086490039184
-.780000  0.180000   -0.0000097918170130
-.740000  0.180000   -0.0000108655588543
-.700000  0.180000   -0.0000103201837177
-.660000  0.180000   -0.0000118058285976
-.620000  0.180000   -0.0000116295490577
-.580000  0.180000   -0.0000114827245631
-.540000  0.180000   -0.0000114579105100
-.500000  0.180000   -0.0000115927554687
-.460000  0.180000   -0.0000119238631936
-.420000  0.180000   -0.0000124680018503
-.380000  0.180000   -0.0000132227445634
-.340000  0.180000   -0.0000141638967950
-.300000  0.180000   -0.0000152491471521
-.260000  0.180000   -0.0000164223874298
-.220000  0.180000   -0.0000176035776136
-.180000  0.180000   -0.0000163988626251
-.140000  0.180000   -0.0000181391172943
-.100000  0.180000   -0.0000195053191512
-.060000  0.180000   -0.0000196621127763
-.020000  0.180000   -0.0000202220301280
0.020000  0.180000   -0.0000209070819834
0.060000  0.180000   -0.0000213508318121
0.100000  0.180000   -0.0000212882096238
0.140000  0.180000   -0.0000220793325039
0.180000  0.180000   -0.0000223309559971
0.220000  0.180000   -0.0000219105689182
0.260000  0.180000   -0.0000222219020718
0.300000  0.180000   -0.0000221743330654
0.340000  0.180000   -0.0000220151838623
0.380000  0.180000   -0.0000217786202563
0.420000  0.180000   -0.0000214980463858
0.460000  0.180000   -0.0000212493452780
0.500000  0.180000   -0.0000209371170129
0.540000  0.180000   -0.0000206025682502
0.580000  0.180000   -0.0000202489735661
0.620000  0.180000   -0.0000197889047538
0.660000  0.180000   -0.0000190868043661
0.700000  0.180000   -0.0000193012024624
0.740000  0.180000   -0.0000189874129151
0.780000  0.180000   -0.0000193426449887
0.820000  0.180000   -0.0000197364395197
0.860000  0.180000   -0.0000206756951604
0.900000  0.180000   -0.0000215060853754
0.940000  0.180000   -0.0000249200748632
0.980000  0.180000   -0.0000324258730482
-.900000  0.220000   -0.0000009507724120
-.860000  0.220000   -0.0000067381504537
-.820000  0.220000   -0.0000090050682823
-.780000  0.220000   -0.0000102990807616
-.740000  0.220000   -0.0000099039191527
-.700000  0.220000   -0.0000112021179107
-.660000  0.220000   -0.0000107338516779
-.620000  0.220000   -0.0000124121818007
-.580000  0.220000   -0.0000125349873898
-.540000  0.220000   -0.0000127283866663
-.500000  0.220000   -0.0000130382360451
-.460000  0.220000   -0.0000135061071765
-.420000  0.220000   -0.0000141485436913
-.380000  0.220000   -0.0000149515618372
-.340000  0.220000   -0.0000158708879066
-.300000  0.220000   -0.0000168414821960
-.260000  0.220000   -0.0000155532901179
-.220000  0.220000   -0.0000170441710193
-.180000  0.220000   -0.0000184178797269
-.140000  0.220000   -0.0000180574764399
-.100000  0.220000   -0.0000195475153379
-.060000  0.220000   -0.0000198778920912
-.020000  0.220000   -0.0000204854029595
0.020000  0.220000   -0.0000211497233742
0.060000  0.220000   -0.0000216205085934
0.100000  0.220000   -0.0000216967713007
0.140000  0.220000   -0.0000223967600472
0.180000  0.220000   -0.0000220475153248
0.220000  0.220000   -0.0000225162581184
0.260000  0.220000   -0.0000226222687822
0.300000  0.220000   -0.0000217915614154
0.340000  0.220000   -0.0000219778507030
0.380000  0.220000   -0.0000219567971773
0.420000  0.220000   -0.0000217901933086
0.460000  0.220000   -0.0000214965197640
0.500000  0.220000   -0.0000211376873565
0.540000  0.220000   -0.0000207089960940
0.580000  0.220000   -0.0000201710849856
0.620000  0.220000   -0.0000194337832632
0.660000  0.220000   -0.0000198574329372
0.700000  0.220000   -0.0000195009789113
0.740000  0.220000   -0.0000195021954031
0.780000  0.220000   -0.0000193329849914
0.820000  0.220000   -0.0000199621357392
0.860000  0.220000   -0.0000205848680070
0.900000  0.220000   -0.0000226829707220
0.940000  0.220000   -0.0000257676491648
-.860000  0.260000   -0.0000057734713721
-.820000  0.260000   -0.0000082913929992
-.780000  0.260000   -0.0000096398309062
-.740000  0.260000   -0.0000107776817869
-.700000  0.260000   -0.0000103000958848
-.660000  0.260000   -0.0000117984527035
-.620000  0.260000   -0.0000116507920915
-.580000  0.260000   -0.0000115499042596
-.540000  0.260000   -0.0000115841272462
-.500000  0.260000   -0.0000118394886796
-.460000  0.260000   -0.0000123500467091
-.420000  0.260000   -0.0000130948108892
-.380000  0.260000   -0.0000140367700923
-.340000  0.260000   -0.0000151279316064
-.300000  0.260000   -0.0000163094190171
-.260000  0.260000   -0.0000174863194185
-.220000  0.260000   -0.0000167702941443
-.180000  0.260000   -0.0000183374760806
-.140000  0.260000   -0.0000181993120093
-.100000  0.260000   -0.0000197405278103
-.060000  0.260000   -0.0000201565923383
-.020000  0.260000   -0.0000207701510582
0.020000  0.260000   -0.0000214023023559
0.060000  0.260000   -0.0000218819727389
0.100000  0.260000   -0.0000220685652937
0.140000  0.260000   -0.0000226711459307
0.180000  0.260000   -0.0000225799139381
0.220000  0.260000   -0.0000229100861592
0.260000  0.260000   -0.0000223000259957
0.300000  0.260000   -0.0000226016418426
0.340000  0.260000   -0.0000226291825945
0.380000  0.260000   -0.0000224555491578
0.420000  0.260000   -0.0000221662947096
0.460000  0.260000   -0.0000218280981678
0.500000  0.260000   -0.0000214890812849
0.540000  0.260000   -0.0000211613506054
0.580000  0.260000   -0.0000208498434726
0.620000  0.260000   -0.0000204909958482
0.660000  0.260000   -0.0000199301540445
0.700000  0.260000   -0.0000199501805279
0.740000  0.260000   -0.0000198037793209
0.780000  0.260000   -0.0000201656131869
0.820000  0.260000   -0.0000207148529060
0.860000  0.260000   -0.0000216466486883
0.900000  0.260000   -0.0000235928672608
0.940000  0.260000   -0.0000275645784793
-.860000  0.300000   -0.0000044644774552
-.820000  0.300000   -0.0000083368602069
-.780000  0.300000   -0.0000100758827097
-.740000  0.300000   -0.0000101680820199
-.700000  0.300000   -0.0000113943586950
-.660000  0.300000   -0.0000111225939125
-.620000  0.300000   -0.0000126470330183
-.580000  0.300000   -0.0000128810347519
-.540000  0.300000   -0.0000131622696544
-.500000  0.300000   -0.0000135778402095
-.460000  0.300000   -0.0000141777826480
-.420000  0.300000   -0.0000149378479322
-.380000  0.300000   -0.0000158088774903
-.340000  0.300000   -0.0000145354651717
-.300000  0.300000   -0.0000159243613748
-.260000  0.300000   -0.0000173058271342
-.220000  0.300000   -0.0000185268425674
-.180000  0.300000   -0.0000183919972548
-.140000  0.300000   -0.0000196694361025
-.100000  0.300000   -0.0000199635362213
-.060000  0.300000   -0.0000204559897233
-.020000  0.300000   -0.0000210842401127
0.020000  0.300000   -0.0000217060640226
0.060000  0.300000   -0.0000221843491807
0.100000  0.300000   -0.0000224129643191
0.140000  0.300000   -0.0000222628586187
0.180000  0.300000   -0.0000230016746955
0.220000  0.300000   -0.0000224259363310
0.260000  0.300000   -0.0000229704917952
0.300000  0.300000   -0.0000231276947527
0.340000  0.300000   -0.0000229695024570
0.380000  0.300000   -0.0000222207192002
0.420000  0.300000   -0.0000221935999813
0.460000  0.300000   -0.0000220083577581
0.500000  0.300000   -0.0000217026375981
0.540000  0.300000   -0.0000213051827961
0.580000  0.300000   -0.0000207789348606
0.620000  0.300000   -0.0000200544828526
0.660000  0.300000   -0.0000206292334556
0.700000  0.300000   -0.0000201875563809
0.740000  0.300000   -0.0000204340616546
0.780000  0.300000   -0.0000198926607200
0.820000  0.300000   -0.0000204705780518
0.860000  0.300000   -0.0000224799591724
0.900000  0.300000   -0.0000243622749742
0.940000  0.300000   -0.0000291974109125
-.860000  0.340000   -0.0000025087576705
-.820000  0.340000   -0.0000075202917213
-.780000  0.340000   -0.0000096082737373
-.740000  0.340000   -0.0000108888507782
-.700000  0.340000   -0.0000109288756514
-.660000  0.340000   -0.0000121787392610
-.620000  0.340000   -0.0000122990194782
-.580000  0.340000   -0.0000123852745440
-.540000  0.340000   -0.0000125980002622
-.500000  0.340000   -0.0000130299370808
-.460000  0.340000   -0.0000136727365700
-.420000  0.340000   -0.0000144997073564
-.380000  0.340000   -0.0000154757759972
-.340000  0.340000   -0.0000165339286892
-.300000  0.340000   -0.0000157326389843
-.260000  0.340000   -0.0000172390454164
-.220000  0.340000   -0.0000185752446532
-.180000  0.340000   -0.0000185802967414
-.140000  0.340000   -0.0000198825690458
-.100000  0.340000   -0.0000202704450718
-.060000  0.340000   -0.0000207993907154
-.020000  0.340000   -0.0000214145072234
0.020000  0.340000   -0.0000220175843116
0.060000  0.340000   -0.0000224964562222
0.100000  0.340000   -0.0000227580558253
0.140000  0.340000   -0.0000226979166966
0.180000  0.340000   -0.0000233852067627
0.220000  0.340000   -0.0000230138194521
0.260000  0.340000   -0.0000234598466641
0.300000  0.340000   -0.0000234809238836
0.340000  0.340000   -0.0000228903912953
0.380000  0.340000   -0.0000229796460010
0.420000  0.340000   -0.0000228621849864
0.460000  0.340000   -0.0000226147198332
0.500000  0.340000   -0.0000223009381302
0.540000  0.340000   -0.0000219577532141
0.580000  0.340000   -0.0000215816166233
0.620000  0.340000   -0.0000210984756909
0.660000  0.340000   -0.0000203520057640
0.700000  0.340000   -0.0000209096646259
0.740000  0.340000   -0.0000202142104093
0.780000  0.340000   -0.0000208906278399
0.820000  0.340000   -0.0000214019518097
0.860000  0.340000   -0.0000232804554068
0.900000  0.340000   -0.0000260580270025
0.940000  0.340000   -0.0000328613763441
-.820000  0.380000   -0.0000063328585576
-.780000  0.380000   -0.0000090504758027
-.740000  0.380000   -0.0000105478330001
-.700000  0.380000   -0.0000105531608783
-.660000  0.380000   -0.0000119291052114
-.620000  0.380000   -0.0000119448358370
-.580000  0.380000   -0.0000119612371611
-.540000  0.380000   -0.0000121751789408
-.500000  0.380000   -0.0000126137270663
-.460000  0.380000   -0.0000132879026164
-.420000  0.380000   -0.0000141939739275
-.380000  0.380000   -0.0000152839791851
-.340000  0.380000   -0.0000164601487138
-.300000  0.380000   -0.0000176001521212
-.260000  0.380000   -0.0000173259547804
-.220000  0.380000   -0.0000187350943384
-.180000  0.380000   -0.0000188376121255
-.140000  0.380000   -0.0000201315651316
-.100000  0.380000   -0.0000205803219508
-.060000  0.380000   -0.0000211467577855
-.020000  0.380000   -0.0000217636754169
0.020000  0.380000   -0.0000223488697187
0.060000  0.380000   -0.0000228170153943
0.100000  0.380000   -0.0000230980386908
0.140000  0.380000   -0.0000230957087997
0.180000  0.380000   -0.0000237483060034
0.220000  0.380000   -0.0000235032412298
0.260000  0.380000   -0.0000238801877287
0.300000  0.380000   -0.0000232159983732
0.340000  0.380000   -0.0000235096691916
0.380000  0.380000   -0.0000235063211290
0.420000  0.380000   -0.0000232993876989
0.460000  0.380000   -0.0000229804052786
0.500000  0.380000   -0.0000226354862267
0.540000  0.380000   -0.0000223153180213
0.580000  0.380000   -0.0000220363970269
0.620000  0.380000   -0.0000217366050020
0.660000  0.380000   -0.0000212496587206
0.700000  0.380000   -0.0000214065046726
0.740000  0.380000   -0.0000210878332046
0.780000  0.380000   -0.0000216427199077
0.820000  0.380000   -0.0000220596923987
0.860000  0.380000   -0.0000238155207369
0.900000  0.380000   -0.0000276470880834
-.820000  0.420000   -0.0000041455867666
-.780000  0.420000   -0.0000083148459781
-.740000  0.420000   -0.0000101662911334
-.700000  0.420000   -0.0000114262825642
-.660000  0.420000   -0.0000117237322567
-.620000  0.420000   -0.0000117082255886
-.580000  0.420000   -0.0000133537124565
-.540000  0.420000   -0.0000138107522450
-.500000  0.420000   -0.0000143833868913
-.460000  0.420000   -0.0000150715127825
-.420000  0.420000   -0.0000158621178457
-.380000  0.420000   -0.0000152344094415
-.340000  0.420000   -0.0000164672665291
-.300000  0.420000   -0.0000176747108792
-.260000  0.420000   -0.0000175210577870
-.220000  0.420000   -0.0000189429325207
-.180000  0.420000   -0.0000191657267783
-.140000  0.420000   -0.0000204215837611
-.100000  0.420000   -0.0000209156524905
-.060000  0.420000   -0.0000214909688156
-.020000  0.420000   -0.0000221059838486
0.020000  0.420000   -0.0000226751305270
0.060000  0.420000   -0.0000231369099614
0.100000  0.420000   -0.0000234244079194
0.140000  0.420000   -0.0000234586762300
0.180000  0.420000   -0.0000240980787265
0.220000  0.420000   -0.0000239248157536
0.260000  0.420000   -0.0000242613402533
0.300000  0.420000   -0.0000237626056030
0.340000  0.420000   -0.0000239964813559
0.380000  0.420000   -0.0000239229082948
0.420000  0.420000   -0.0000228826866282
0.460000  0.420000   -0.0000228348154606
0.500000  0.420000   -0.0000226181311616
0.540000  0.420000   -0.0000222520863186
0.580000  0.420000   -0.0000217177076405
0.620000  0.420000   -0.0000222062847348
0.660000  0.420000   -0.0000218918370051
0.700000  0.420000   -0.0000210321589299
0.740000  0.420000   -0.0000217362721428
0.780000  0.420000   -0.0000222231368530
0.820000  0.420000   -0.0000237019518884
0.860000  0.420000   -0.0000254407414647
0.900000  0.420000   -0.0000306114769046
-.820000  0.460000   -0.0000007763739530
-.780000  0.460000   -0.0000070844310827
-.740000  0.460000   -0.0000096551470039
-.700000  0.460000   -0.0000102072902044
-.660000  0.460000   -0.0000115946603770
-.620000  0.460000   -0.0000116327386934
-.580000  0.460000   -0.0000132773549826
-.540000  0.460000   -0.0000137534873074
-.500000  0.460000   -0.0000143306366640
-.460000  0.460000   -0.0000150434997785
-.420000  0.460000   -0.0000158811708881
-.380000  0.460000   -0.0000153102104377
-.340000  0.460000   -0.0000165815870742
-.300000  0.460000   -0.0000178262650047
-.260000  0.460000   -0.0000177821863738
-.220000  0.460000   -0.0000191861832085
-.180000  0.460000   -0.0000195031394363
-.140000  0.460000   -0.0000207009103550
-.100000  0.460000   -0.0000212383093707
-.060000  0.460000   -0.0000218263879027
-.020000  0.460000   -0.0000224304067996
0.020000  0.460000   -0.0000229883923384
0.060000  0.460000   -0.0000234386601723
0.100000  0.460000   -0.0000237259727313
0.140000  0.460000   -0.0000237792612847
0.180000  0.460000   -0.0000244255153069
0.220000  0.460000   -0.0000242879145679
0.260000  0.460000   -0.0000246167338874
0.300000  0.460000   -0.0000242055546140
0.340000  0.460000   -0.0000244085274467
0.380000  0.460000   -0.0000242962575402
0.420000  0.460000   -0.0000234767567083
0.460000  0.460000   -0.0000234134974905
0.500000  0.460000   -0.0000231952234442
0.540000  0.460000   -0.0000228491224005
0.580000  0.460000   -0.0000223505695643
0.620000  0.460000   -0.0000226532580342
0.660000  0.460000   -0.0000224102235349
0.700000  0.460000   -0.0000224777646219
0.740000  0.460000   -0.0000221676906745
0.780000  0.460000   -0.0000224427847785
0.820000  0.460000   -0.0000241329436482
0.860000  0.460000   -0.0000277113387696
-.780000  0.500000   -0.0000046871072579
-.740000  0.500000   -0.0000083247525487
-.700000  0.500000   -0.0000100885349563
-.660000  0.500000   -0.0000114968607783
-.620000  0.500000   -0.0000116895546572
-.580000  0.500000   -0.0000132359324999
-.540000  0.500000   -0.0000137526067706
-.500000  0.500000   -0.0000143485848610
-.460000  0.500000   -0.0000150879360540
-.420000  0.500000   -0.0000159488097672
-.380000  0.500000   -0.0000155056181026
-.340000  0.500000   -0.0000167806464057
-.300000  0.500000   -0.0000180132374360
-.260000  0.500000   -0.0000180885526278
-.220000  0.500000   -0.0000194455724778
-.180000  0.500000   -0.0000198401556149
-.140000  0.500000   -0.0000209576041829
-.100000  0.500000   -0.0000215285923328
-.060000  0.500000   -0.0000221283663470
-.020000  0.500000   -0.0000227230772363
0.020000  0.500000   -0.0000232672716810
0.060000  0.500000   -0.0000237041848369
0.100000  0.500000   -0.0000239848960067
0.140000  0.500000   -0.0000240430682022
0.180000  0.500000   -0.0000247158480828
0.220000  0.500000   -0.0000245871172151
0.260000  0.500000   -0.0000249393568953
0.300000  0.500000   -0.0000245542633852
0.340000  0.500000   -0.0000247563267560
0.380000  0.500000   -0.0000246470888945
0.420000  0.500000   -0.0000239078191032
0.460000  0.500000   -0.0000238406110722
0.500000  0.500000   -0.0000236203442847
0.540000  0.500000   -0.0000232749523176
0.580000  0.500000   -0.0000227785491053
0.620000  0.500000   -0.0000231134641426
0.660000  0.500000   -0.0000228145249369
0.700000  0.500000   -0.0000230795123964
0.740000  0.500000   -0.0000234581004345
0.780000  0.500000   -0.0000240345418847
0.820000  0.500000   -0.0000251366235481
0.860000  0.500000   -0.0000314002285137
-.780000  0.540000   -0.0000000932312246
-.740000  0.540000   -0.0000070052304045
-.700000  0.540000   -0.0000097018117386
-.660000  0.540000   -0.0000112892783101
-.620000  0.540000   -0.0000117952771646
-.580000  0.540000   -0.0000131791546019
-.540000  0.540000   -0.0000137789907450
-.500000  0.540000   -0.0000144121153693
-.460000  0.540000   -0.0000151711159690
-.420000  0.540000   -0.0000160293415354
-.380000  0.540000   -0.0000157647035522
-.340000  0.540000   -0.0000170051883855
-.300000  0.540000   -0.0000181929243365
-.260000  0.540000   -0.0000183956254220
-.220000  0.540000   -0.0000196783275686
-.180000  0.540000   -0.0000201452002217
-.140000  0.540000   -0.0000211675125787
-.100000  0.540000   -0.0000217643397164
-.060000  0.540000   -0.0000223737126062
-.020000  0.540000   -0.0000229589075044
0.020000  0.540000   -0.0000234882364087
0.060000  0.540000   -0.0000239105330072
0.100000  0.540000   -0.0000241771369105
0.140000  0.540000   -0.0000242266079335
0.180000  0.540000   -0.0000249453624720
0.220000  0.540000   -0.0000248016140379
0.260000  0.540000   -0.0000252071927269
0.300000  0.540000   -0.0000247980944074
0.340000  0.540000   -0.0000250328461469
0.380000  0.540000   -0.0000249611075926
0.420000  0.540000   -0.0000241821333097
0.460000  0.540000   -0.0000241186822257
0.500000  0.540000   -0.0000238973810415
0.540000  0.540000   -0.0000235365430373
0.580000  0.540000   -0.0000229778900520
0.620000  0.540000   -0.0000235231418111
0.660000  0.540000   -0.0000229628260127
0.700000  0.540000   -0.0000234096489624
0.740000  0.540000   -0.0000236964320516
0.780000  0.540000   -0.0000250632837170
0.820000  0.540000   -0.0000283405592375
-.740000  0.580000   -0.0000035995881481
-.700000  0.580000   -0.0000082488329072
-.660000  0.580000   -0.0000102902434872
-.620000  0.580000   -0.0000117862857640
-.580000  0.580000   -0.0000122726853836
-.540000  0.580000   -0.0000137521416922
-.500000  0.580000   -0.0000144532735809
-.460000  0.580000   -0.0000152301363927
-.420000  0.580000   -0.0000160737758854
-.380000  0.580000   -0.0000160378539029
-.340000  0.580000   -0.0000172119689277
-.300000  0.580000   -0.0000183273240959
-.260000  0.580000   -0.0000186666473186
-.220000  0.580000   -0.0000198451178844
-.180000  0.580000   -0.0000203867028993
-.140000  0.580000   -0.0000209704401735
-.100000  0.580000   -0.0000219204254959
-.060000  0.580000   -0.0000225358949006
-.020000  0.580000   -0.0000231146890951
0.020000  0.580000   -0.0000236273436781
0.060000  0.580000   -0.0000240291228026
0.100000  0.580000   -0.0000242743002078
0.140000  0.580000   -0.0000249619904297
0.180000  0.580000   -0.0000250812053469
0.220000  0.580000   -0.0000249004149292
0.260000  0.580000   -0.0000253773863640
0.300000  0.580000   -0.0000249017962872
0.340000  0.580000   -0.0000251942099942
0.380000  0.580000   -0.0000251968483566
0.420000  0.580000   -0.0000242630545116
0.460000  0.580000   -0.0000242050456046
0.500000  0.580000   -0.0000239649617824
0.540000  0.580000   -0.0000235396653900
0.580000  0.580000   -0.0000240501985578
0.620000  0.580000   -0.0000236644365185
0.660000  0.580000   -0.0000239473762330
0.700000  0.580000   -0.0000242776063441
0.740000  0.580000   -0.0000245301830876
0.780000  0.580000   -0.0000267807132913
-.700000  0.620000   -0.0000057062779238
-.660000  0.620000   -0.0000094786662788
-.620000  0.620000   -0.0000108596729434
-.580000  0.620000   -0.0000123378744386
-.540000  0.620000   -0.0000129460531221
-.500000  0.620000   -0.0000135542340466
-.460000  0.620000   -0.0000142968548701
-.420000  0.620000   -0.0000152176520107
-.380000  0.620000   -0.0000162631740547
-.340000  0.620000   -0.0000173481060779
-.300000  0.620000   -0.0000183679621616
-.260000  0.620000   -0.0000188514122700
-.220000  0.620000   -0.0000199061044601
-.180000  0.620000   -0.0000205256335095
-.140000  0.620000   -0.0000211514731477
-.100000  0.620000   -0.0000218114654775
-.060000  0.620000   -0.0000225825073260
-.020000  0.620000   -0.0000231520167059
0.020000  0.620000   -0.0000236471386049
0.060000  0.620000   -0.0000240243231123
0.100000  0.620000   -0.0000247371922870
0.140000  0.620000   -0.0000250159074008
0.180000  0.620000   -0.0000250818708071
0.220000  0.620000   -0.0000248399296377
0.260000  0.620000   -0.0000254044834783
0.300000  0.620000   -0.0000248169607745
0.340000  0.620000   -0.0000251791911919
0.380000  0.620000   -0.0000252715879437
0.420000  0.620000   -0.0000251633114645
0.460000  0.620000   -0.0000249517088113
0.500000  0.620000   -0.0000247166330709
0.540000  0.620000   -0.0000244627643847
0.580000  0.620000   -0.0000240599076402
0.620000  0.620000   -0.0000242834375861
0.660000  0.620000   -0.0000235744647365
0.700000  0.620000   -0.0000249785833303
0.740000  0.620000   -0.0000261121470336
0.780000  0.620000   -0.0000317465136087
-.660000  0.660000   -0.0000070157115121
-.620000  0.660000   -0.0000101955413628
-.580000  0.660000   -0.0000115113687920
-.540000  0.660000   -0.0000129331691988
-.500000  0.660000   -0.0000137218076197
-.460000  0.660000   -0.0000145058578835
-.420000  0.660000   -0.0000153860480420
-.380000  0.660000   -0.0000163552125213
-.340000  0.660000   -0.0000173373715843
-.300000  0.660000   -0.0000177545660217
-.260000  0.660000   -0.0000188997380813
-.220000  0.660000   -0.0000194475641763
-.180000  0.660000   -0.0000205141182487
-.140000  0.660000   -0.0000211888180475
-.100000  0.660000   -0.0000218631351332
-.060000  0.660000   -0.0000225358160691
-.020000  0.660000   -0.0000231815376075
0.020000  0.660000   -0.0000237736254796
0.060000  0.660000   -0.0000242835018424
0.100000  0.660000   -0.0000246746977064
0.140000  0.660000   -0.0000248992957347
0.180000  0.660000   -0.0000248929832102
0.220000  0.660000   -0.0000254454404023
0.260000  0.660000   -0.0000252130408629
0.300000  0.660000   -0.0000255291689217
0.340000  0.660000   -0.0000248952606461
0.380000  0.660000   -0.0000250683067373
0.420000  0.660000   -0.0000250399058009
0.460000  0.660000   -0.0000248733087007
0.500000  0.660000   -0.0000245934373570
0.540000  0.660000   -0.0000241306171510
0.580000  0.660000   -0.0000245070695003
0.620000  0.660000   -0.0000237631788493
0.660000  0.660000   -0.0000250540330313
0.700000  0.660000   -0.0000262498555061
0.740000  0.660000   -0.0000287934516306
-.660000  0.700000   -0.0000006443090302
-.620000  0.700000   -0.0000079065261097
-.580000  0.700000   -0.0000105310115595
-.540000  0.700000   -0.0000121607751170
-.500000  0.700000   -0.0000129987274149
-.460000  0.700000   -0.0000137418603590
-.420000  0.700000   -0.0000152716514230
-.380000  0.700000   -0.0000155819337895
-.340000  0.700000   -0.0000166658165450
-.300000  0.700000   -0.0000177521443611
-.260000  0.700000   -0.0000182436428011
-.220000  0.700000   -0.0000194125305721
-.180000  0.700000   -0.0000200564851831
-.140000  0.700000   -0.0000210240053737
-.100000  0.700000   -0.0000217263796177
-.060000  0.700000   -0.0000223954882121
-.020000  0.700000   -0.0000230258983461
0.020000  0.700000   -0.0000235897309405
0.060000  0.700000   -0.0000240577308440
0.100000  0.700000   -0.0000243931117749
0.140000  0.700000   -0.0000245444533547
0.180000  0.700000   -0.0000251495894302
0.220000  0.700000   -0.0000251210504135
0.260000  0.700000   -0.0000254501885844
0.300000  0.700000   -0.0000251566402245
0.340000  0.700000   -0.0000253308421523
0.380000  0.700000   -0.0000252954186802
0.420000  0.700000   -0.0000244102147700
0.460000  0.700000   -0.0000249676523103
0.500000  0.700000   -0.0000247724906368
0.540000  0.700000   -0.0000244233365049
0.580000  0.700000   -0.0000246902385806
0.620000  0.700000   -0.0000249817471860
0.660000  0.700000   -0.0000261095494444
0.700000  0.700000   -0.0000291171572826
-.620000  0.740000   -0.0000011552746759
-.580000  0.740000   -0.0000083828692048
-.540000  0.740000   -0.0000110555289125
-.500000  0.740000   -0.0000123179949892
-.460000  0.740000   -0.0000136886974463
-.420000  0.740000   -0.0000146171717917
-.380000  0.740000   -0.0000155477397475
-.340000  0.740000   -0.0000164970864629
-.300000  0.740000   -0.0000170402491756
-.260000  0.740000   -0.0000181441547676
-.220000  0.740000   -0.0000187556449155
-.180000  0.740000   -0.0000198431831497
-.140000  0.740000   -0.0000205587922488
-.100000  0.740000   -0.0000212621152872
-.060000  0.740000   -0.0000219976495343
-.020000  0.740000   -0.0000226115643115
0.020000  0.740000   -0.0000231399872361
0.060000  0.740000   -0.0000235534060354
0.100000  0.740000   -0.0000242342626970
0.140000  0.740000   -0.0000245342995593
0.180000  0.740000   -0.0000246271269651
0.220000  0.740000   -0.0000250448838880
0.260000  0.740000   -0.0000249234267590
0.300000  0.740000   -0.0000251447632732
0.340000  0.740000   -0.0000245847193024
0.380000  0.740000   -0.0000246533154575
0.420000  0.740000   -0.0000245522485781
0.460000  0.740000   -0.0000242662221077
0.500000  0.740000   -0.0000246746888001
0.540000  0.740000   -0.0000242310602490
0.580000  0.740000   -0.0000244567233624
0.620000  0.740000   -0.0000256195772608
0.660000  0.740000   -0.0000283052332698
-.580000  0.780000   -0.0000000735238510
-.540000  0.780000   -0.0000084094783941
-.500000  0.780000   -0.0000112362575853
-.460000  0.780000   -0.0000127850350285
-.420000  0.780000   -0.0000138946818966
-.380000  0.780000   -0.0000148459627155
-.340000  0.780000   -0.0000157927758419
-.300000  0.780000   -0.0000167389457747
-.260000  0.780000   -0.0000174161124075
-.220000  0.780000   -0.0000184395484500
-.180000  0.780000   -0.0000191596216066
-.140000  0.780000   -0.0000200559578987
-.100000  0.780000   -0.0000207987525167
-.060000  0.780000   -0.0000214957504875
-.020000  0.780000   -0.0000221429804207
0.020000  0.780000   -0.0000227211420130
0.060000  0.780000   -0.0000232036898308
0.100000  0.780000   -0.0000235549334612
0.140000  0.780000   -0.0000237232966527
0.180000  0.780000   -0.0000242976664428
0.220000  0.780000   -0.0000242526850783
0.260000  0.780000   -0.0000245940833852
0.300000  0.780000   -0.0000241757088161
0.340000  0.780000   -0.0000243389053156
0.380000  0.780000   -0.0000243303633558
0.420000  0.780000   -0.0000241675258864
0.460000  0.780000   -0.0000237557413812
0.500000  0.780000   -0.0000242792935940
0.540000  0.780000   -0.0000245872296923
0.580000  0.780000   -0.0000257847860099
0.620000  0.780000   -0.0000308936858439
-.500000  0.820000   -0.0000075979475385
-.460000  0.820000   -0.0000111700052819
-.420000  0.820000   -0.0000128236622038
-.380000  0.820000   -0.0000140283691876
-.340000  0.820000   -0.0000150116658418
-.300000  0.820000   -0.0000159306043613
-.260000  0.820000   -0.0000166633708483
-.220000  0.820000   -0.0000176377438743
-.180000  0.820000   -0.0000183590834769
-.140000  0.820000   -0.0000192773056253
-.100000  0.820000   -0.0000200226988316
-.060000  0.820000   -0.0000207256413045
-.020000  0.820000   -0.0000213847875994
0.020000  0.820000   -0.0000219830062139
0.060000  0.820000   -0.0000224973808064
0.100000  0.820000   -0.0000228924010599
0.140000  0.820000   -0.0000231164452026
0.180000  0.820000   -0.0000235983243047
0.220000  0.820000   -0.0000236159005263
0.260000  0.820000   -0.0000239075692070
0.300000  0.820000   -0.0000235031109485
0.340000  0.820000   -0.0000236025269809
0.380000  0.820000   -0.0000235212640436
0.420000  0.820000   -0.0000241123111162
0.460000  0.820000   -0.0000237929622580
0.500000  0.820000   -0.0000240920962432
0.540000  0.820000   -0.0000266520592693
-.460000  0.860000   -0.0000048795098849
-.420000  0.860000   -0.0000106717976684
-.380000  0.860000   -0.0000127481267092
-.340000  0.860000   -0.0000140560419957
-.300000  0.860000   -0.0000150150155032
-.260000  0.860000   -0.0000158937014818
-.220000  0.860000   -0.0000167286435690
-.180000  0.860000   -0.0000175192577329
-.140000  0.860000   -0.0000183092964964
-.100000  0.860000   -0.0000190726511881
-.060000  0.860000   -0.0000197774847480
-.020000  0.860000   -0.0000204301956314
0.020000  0.860000   -0.0000210218847859
0.060000  0.860000   -0.0000215282444777
0.100000  0.860000   -0.0000219107673287
0.140000  0.860000   -0.0000221118092198
0.180000  0.860000   -0.0000226377430852
0.220000  0.860000   -0.0000225689872956
0.260000  0.860000   -0.0000229113768455
0.300000  0.860000   -0.0000231224747034
0.340000  0.860000   -0.0000232279457794
0.380000  0.860000   -0.0000231289043621
0.420000  0.860000   -0.0000238433412470
0.460000  0.860000   -0.0000255298255592
0.500000  0.860000   -0.0000292435037863
-.380000  0.900000   -0.0000081108160635
-.340000  0.900000   -0.0000124190691299
-.300000  0.900000   -0.0000139062022227
-.260000  0.900000   -0.0000150138718022
-.220000  0.900000   -0.0000158340973723
-.180000  0.900000   -0.0000165247576144
-.140000  0.900000   -0.0000173772417166
-.100000  0.900000   -0.0000179168436196
-.060000  0.900000   -0.0000186489718368
-.020000  0.900000   -0.0000192934510518
0.020000  0.900000   -0.0000198501524728
0.060000  0.900000   -0.0000202922887238
0.100000  0.900000   -0.0000205743377249
0.140000  0.900000   -0.0000212823967756
0.180000  0.900000   -0.0000212930033705
0.220000  0.900000   -0.0000218076490755
0.260000  0.900000   -0.0000221978603196
0.300000  0.900000   -0.0000224493305626
0.340000  0.900000   -0.0000235134190240
0.380000  0.900000   -0.0000245212322651
0.420000  0.900000   -0.0000274936279398
-.300000  0.940000   -0.0000074802055301
-.260000  0.940000   -0.0000133545327063
-.220000  0.940000   -0.0000148043126645
-.180000  0.940000   -0.0000158640518790
-.140000  0.940000   -0.0000164803976552
-.100000  0.940000   -0.0000174396914255
-.060000  0.940000   -0.0000176731664282
-.020000  0.940000   -0.0000183520907436
0.020000  0.940000   -0.0000188937429900
0.060000  0.940000   -0.0000192819261857
0.100000  0.940000   -0.0000202683311641
0.140000  0.940000   -0.0000203695415010
0.180000  0.940000   -0.0000211404501746
0.220000  0.940000   -0.0000217659330358
0.260000  0.940000   -0.0000233452800402
0.300000  0.940000   -0.0000247167737434
0.340000  0.940000   -0.0000312374240782
-.180000  0.980000   -0.0000045565823464
-.140000  0.980000   -0.0000148624002287
-.100000  0.980000   -0.0000174877807884
-.060000  0.980000   -0.0000182661818002
-.020000  0.980000   -0.0000182842547928
0.020000  0.980000   -0.0000190433467942
0.060000  0.980000   -0.0000207264542949
0.100000  0.980000   -0.0000221230630921
0.140000  0.980000   -0.0000231006009447
0.180000  0.980000   -0.0000262282016953
