-.180000  -.980000    0.0000053478400363
-.140000  -.980000    0.0000602994829912
-.100000  -.980000    0.0000857424658519
-.060000  -.980000    0.0001009982216582
-.020000  -.980000    0.0001107709197616
0.020000  -.980000    0.0001193496981309
0.060000  -.980000    0.0001265251152886
0.100000  -.980000    0.0001291724381974
0.140000  -.980000    0.0001262977195440
0.180000  -.980000    0.0001173334540585
-.300000  -.940000    0.0000212576639465
-.260000  -.940000    0.0000663683146008
-.220000  -.940000    0.0000917208774320
-.180000  -.940000    0.0001125288647861
-.140000  -.940000    0.0001288072988163
-.100000  -.940000    0.0001443415062884
-.060000  -.940000    0.0001548643661757
-.020000  -.940000    0.0001652090779779
0.020000  -.940000    0.0001732551952669
0.060000  -.940000    0.0001791310174746
0.100000  -.940000    0.0001838889913630
0.140000  -.940000    0.0001852612527558
0.180000  -.940000    0.0001848836781929
0.220000  -.940000    0.0001814370873705
0.260000  -.940000    0.0001745866988755
0.300000  -.940000    0.0001617484989828
0.340000  -.940000    0.0001234069134701
-.380000  -.900000    0.0000284481895580
-.340000  -.900000    0.0000698728237628
-.300000  -.900000    0.0000965357158726
-.260000  -.900000    0.0001195773389065
-.220000  -.900000    0.0001385394030229
-.180000  -.900000    0.0001546572469262
-.140000  -.900000    0.0001706184885468
-.100000  -.900000    0.0001825358268889
-.060000  -.900000    0.0001943763356737
-.020000  -.900000    0.0002042975400235
0.020000  -.900000    0.0002124319368161
0.060000  -.900000    0.0002188606854537
0.100000  -.900000    0.0002236087285413
0.140000  -.900000    0.0002266878499855
0.180000  -.900000    0.0002278507297983
0.220000  -.900000    0.0002267434233438
0.260000  -.900000    0.0002232533319882
0.300000  -.900000    0.0002171480066935
0.340000  -.900000    0.0002070012611096
0.380000  -.900000    0.0001923731191523
0.420000  -.900000    0.0001664559831246
-.460000  -.860000    0.0000098345148274
-.420000  -.860000    0.0000570229003885
-.380000  -.860000    0.0000883360758717
-.340000  -.860000    0.0001149477432151
-.300000  -.860000    0.0001370700389798
-.260000  -.860000    0.0001561373021841
-.220000  -.860000    0.0001729226537879
-.180000  -.860000    0.0001897405153942
-.140000  -.860000    0.0002029402704662
-.100000  -.860000    0.0002160744845474
-.060000  -.860000    0.0002274439576801
-.020000  -.860000    0.0002371817145621
0.020000  -.860000    0.0002453817926020
0.060000  -.860000    0.0002521148111171
0.100000  -.860000    0.0002574168523005
0.140000  -.860000    0.0002612769965128
0.180000  -.860000    0.0002628360454208
0.220000  -.860000    0.0002635909447496
0.260000  -.860000    0.0002614483836835
0.300000  -.860000    0.0002571925197867
0.340000  -.860000    0.0002507340778001
0.380000  -.860000    0.0002417327649086
0.420000  -.860000    0.0002277753503800
0.460000  -.860000    0.0002074814065728
0.500000  -.860000    0.0001729438687401
-.500000  -.820000    0.0000304288497696
-.460000  -.820000    0.0000700728661902
-.420000  -.820000    0.0001017315648125
-.380000  -.820000    0.0001248368713923
-.340000  -.820000    0.0001472703732225
-.300000  -.820000    0.0001670914436636
-.260000  -.820000    0.0001869944010778
-.220000  -.820000    0.0002029046150911
-.180000  -.820000    0.0002188710263601
-.140000  -.820000    0.0002319041541121
-.100000  -.820000    0.0002447320395971
-.060000  -.820000    0.0002559819773132
-.020000  -.820000    0.0002657574843044
0.020000  -.820000    0.0002741393851233
0.060000  -.820000    0.0002811870156066
0.100000  -.820000    0.0002869376560075
0.140000  -.820000    0.0002913962958921
0.180000  -.820000    0.0002932734583962
0.220000  -.820000    0.0002949918235670
0.260000  -.820000    0.0002934692893240
0.300000  -.820000    0.0002922310999989
0.340000  -.820000    0.0002872262430521
0.380000  -.820000    0.0002801263028327
0.420000  -.820000    0.0002680657893815
0.460000  -.820000    0.0002560487255192
0.500000  -.820000    0.0002377460723285
0.540000  -.820000    0.0002090508641653
-.540000  -.780000    0.0000400949843903
-.500000  -.780000    0.0000772689717193
-.460000  -.780000    0.0001054871998021
-.420000  -.780000    0.0001317958413032
-.380000  -.780000    0.0001548461772382
-.340000  -.780000    0.0001754866173152
-.300000  -.780000    0.0001942146333873
-.260000  -.780000    0.0002132151359477
-.220000  -.780000    0.0002287731777646
-.180000  -.780000    0.0002443716155074
-.140000  -.780000    0.0002573958682861
-.100000  -.780000    0.0002701600143345
-.060000  -.780000    0.0002814606318279
-.020000  -.780000    0.0002913851243395
0.020000  -.780000    0.0003000026099031
0.060000  -.780000    0.0003073709877274
0.100000  -.780000    0.0003135256949888
0.140000  -.780000    0.0003184752272558
0.180000  -.780000    0.0003207915326388
0.220000  -.780000    0.0003232004181211
0.260000  -.780000    0.0003222749586648
0.300000  -.780000    0.0003220480324807
0.340000  -.780000    0.0003179370188623
0.380000  -.780000    0.0003119443926293
0.420000  -.780000    0.0003040057491898
0.460000  -.780000    0.0002938889955718
0.500000  -.780000    0.0002780608663786
0.540000  -.780000    0.0002590911943408
0.580000  -.780000    0.0002325907431764
0.620000  -.780000    0.0001822872995519
-.580000  -.740000    0.0000419330293142
-.540000  -.740000    0.0000785629821462
-.500000  -.740000    0.0001100697801053
-.460000  -.740000    0.0001341745433689
-.420000  -.740000    0.0001581345384344
-.380000  -.740000    0.0001797689207254
-.340000  -.740000    0.0001995369899075
-.300000  -.740000    0.0002196638917709
-.260000  -.740000    0.0002363081274158
-.220000  -.740000    0.0002530440874879
-.180000  -.740000    0.0002671766908649
-.140000  -.740000    0.0002810877851694
-.100000  -.740000    0.0002935384762944
-.060000  -.740000    0.0003044849435421
-.020000  -.740000    0.0003146125269261
0.020000  -.740000    0.0003234956846531
0.060000  -.740000    0.0003311807598177
0.100000  -.740000    0.0003366494761135
0.140000  -.740000    0.0003418464655243
0.180000  -.740000    0.0003459473394103
0.220000  -.740000    0.0003468633744077
0.260000  -.740000    0.0003486496892650
0.300000  -.740000    0.0003465496834717
0.340000  -.740000    0.0003458400563749
0.380000  -.740000    0.0003407500118437
0.420000  -.740000    0.0003338482418820
0.460000  -.740000    0.0003250511063966
0.500000  -.740000    0.0003101649533343
0.540000  -.740000    0.0002970722548342
0.580000  -.740000    0.0002769570926089
0.620000  -.740000    0.0002491586874689
0.660000  -.740000    0.0002064317412007
-.620000  -.700000    0.0000400216754984
-.580000  -.700000    0.0000778898792027
-.540000  -.700000    0.0001075346899733
-.500000  -.700000    0.0001354905993490
-.460000  -.700000    0.0001603445976555
-.420000  -.700000    0.0001804069505372
-.380000  -.700000    0.0002035723295158
-.340000  -.700000    0.0002226969303244
-.300000  -.700000    0.0002404334989491
-.260000  -.700000    0.0002583895834587
-.220000  -.700000    0.0002735958585386
-.180000  -.700000    0.0002886894520300
-.140000  -.700000    0.0003017066631620
-.100000  -.700000    0.0003143044086396
-.060000  -.700000    0.0003255849752087
-.020000  -.700000    0.0003356193299355
0.020000  -.700000    0.0003444721823823
0.060000  -.700000    0.0003521985151413
0.100000  -.700000    0.0003588454086002
0.140000  -.700000    0.0003644327488017
0.180000  -.700000    0.0003671903716976
0.220000  -.700000    0.0003705656064101
0.260000  -.700000    0.0003703159228489
0.300000  -.700000    0.0003715262251450
0.340000  -.700000    0.0003684586775038
0.380000  -.700000    0.0003636863557994
0.420000  -.700000    0.0003612127299560
0.460000  -.700000    0.0003492310146394
0.500000  -.700000    0.0003395185205393
0.540000  -.700000    0.0003278719826850
0.580000  -.700000    0.0003091176648309
0.620000  -.700000    0.0002877577121416
0.660000  -.700000    0.0002583207034510
0.700000  -.700000    0.0002143342179073
-.660000  -.660000    0.0000329375536752
-.620000  -.660000    0.0000702877082656
-.580000  -.660000    0.0001041115158576
-.540000  -.660000    0.0001304279510577
-.500000  -.660000    0.0001565770922347
-.460000  -.660000    0.0001803636852106
-.420000  -.660000    0.0002022541688246
-.380000  -.660000    0.0002225335989689
-.340000  -.660000    0.0002413828589052
-.300000  -.660000    0.0002606647475928
-.260000  -.660000    0.0002769276933296
-.220000  -.660000    0.0002932635815088
-.180000  -.660000    0.0003072902219176
-.140000  -.660000    0.0003210748986602
-.100000  -.660000    0.0003335048054029
-.060000  -.660000    0.0003446637748656
-.020000  -.660000    0.0003546228626895
0.020000  -.660000    0.0003634508514611
0.060000  -.660000    0.0003712071011803
0.100000  -.660000    0.0003779484387062
0.140000  -.660000    0.0003837063090596
0.180000  -.660000    0.0003884826915589
0.220000  -.660000    0.0003900819313986
0.260000  -.660000    0.0003928080261613
0.300000  -.660000    0.0003916128289334
0.340000  -.660000    0.0003922112264303
0.380000  -.660000    0.0003883489100741
0.420000  -.660000    0.0003828363198856
0.460000  -.660000    0.0003756879321748
0.500000  -.660000    0.0003668745724649
0.540000  -.660000    0.0003562316841292
0.580000  -.660000    0.0003385229006532
0.620000  -.660000    0.0003235851060545
0.660000  -.660000    0.0002955135552303
0.700000  -.660000    0.0002643215677786
0.740000  -.660000    0.0002173355909436
-.700000  -.620000    0.0000209789633692
-.660000  -.620000    0.0000614459742590
-.620000  -.620000    0.0000971187095083
-.580000  -.620000    0.0001249419442888
-.540000  -.620000    0.0001523377430124
-.500000  -.620000    0.0001772609477387
-.460000  -.620000    0.0002002237314799
-.420000  -.620000    0.0002215448510381
-.380000  -.620000    0.0002414229250050
-.340000  -.620000    0.0002599788880834
-.300000  -.620000    0.0002772960146406
-.260000  -.620000    0.0002949675956208
-.220000  -.620000    0.0003099832170471
-.180000  -.620000    0.0003250059295330
-.140000  -.620000    0.0003386208869746
-.100000  -.620000    0.0003509229530516
-.060000  -.620000    0.0003620748766794
-.020000  -.620000    0.0003723223895553
0.020000  -.620000    0.0003814558142795
0.060000  -.620000    0.0003895416122807
0.100000  -.620000    0.0003952870081150
0.140000  -.620000    0.0004011874939830
0.180000  -.620000    0.0004061832588338
0.220000  -.620000    0.0004102408761535
0.260000  -.620000    0.0004108945006652
0.300000  -.620000    0.0004129777239257
0.340000  -.620000    0.0004110235742483
0.380000  -.620000    0.0004074338529408
0.420000  -.620000    0.0004022631286529
0.460000  -.620000    0.0003955702679114
0.500000  -.620000    0.0003873748967672
0.540000  -.620000    0.0003776173166782
0.580000  -.620000    0.0003660809852544
0.620000  -.620000    0.0003467364095174
0.660000  -.620000    0.0003308651178232
0.700000  -.620000    0.0003008859722602
0.740000  -.620000    0.0002676354933048
0.780000  -.620000    0.0002013482676724
-.740000  -.580000    0.0000048656816981
-.700000  -.580000    0.0000508485651927
-.660000  -.580000    0.0000866309812078
-.620000  -.580000    0.0001162495597215
-.580000  -.580000    0.0001450911544370
-.540000  -.580000    0.0001685605246335
-.500000  -.580000    0.0001929163205701
-.460000  -.580000    0.0002155282640276
-.420000  -.580000    0.0002366097213656
-.380000  -.580000    0.0002583437473240
-.340000  -.580000    0.0002766916361884
-.300000  -.580000    0.0002938449904382
-.260000  -.580000    0.0003112729523329
-.220000  -.580000    0.0003262057487626
-.180000  -.580000    0.0003410681096379
-.140000  -.580000    0.0003545617643521
-.100000  -.580000    0.0003665784488690
-.060000  -.580000    0.0003779341130082
-.020000  -.580000    0.0003881448950506
0.020000  -.580000    0.0003972728959154
0.060000  -.580000    0.0004053944363232
0.100000  -.580000    0.0004125559629440
0.140000  -.580000    0.0004170812063956
0.180000  -.580000    0.0004222691855921
0.220000  -.580000    0.0004265932847515
0.260000  -.580000    0.0004273367311173
0.300000  -.580000    0.0004298531361730
0.340000  -.580000    0.0004281156950356
0.380000  -.580000    0.0004247816792702
0.420000  -.580000    0.0004244163831876
0.460000  -.580000    0.0004186791335626
0.500000  -.580000    0.0004113643606534
0.540000  -.580000    0.0004024018798360
0.580000  -.580000    0.0003861870791962
0.620000  -.580000    0.0003737125083037
0.660000  -.580000    0.0003529317863339
0.700000  -.580000    0.0003297519662714
0.740000  -.580000    0.0003038509217630
0.780000  -.580000    0.0002625616684782
-.740000  -.540000    0.0000335876058904
-.700000  -.540000    0.0000725809883544
-.660000  -.540000    0.0001043565861062
-.620000  -.540000    0.0001348867661918
-.580000  -.540000    0.0001596943161729
-.540000  -.540000    0.0001853402181271
-.500000  -.540000    0.0002091422223810
-.460000  -.540000    0.0002313556521268
-.420000  -.540000    0.0002521456199111
-.380000  -.540000    0.0002735531148605
-.340000  -.540000    0.0002917445210694
-.300000  -.540000    0.0003087720912480
-.260000  -.540000    0.0003260317498579
-.220000  -.540000    0.0003408863145690
-.180000  -.540000    0.0003556408357313
-.140000  -.540000    0.0003685186570030
-.100000  -.540000    0.0003810336757021
-.060000  -.540000    0.0003923404620656
-.020000  -.540000    0.0004025209752451
0.020000  -.540000    0.0004116464949878
0.060000  -.540000    0.0004197962605540
0.100000  -.540000    0.0004270311450342
0.140000  -.540000    0.0004333924310493
0.180000  -.540000    0.0004369002280853
0.220000  -.540000    0.0004414673755320
0.260000  -.540000    0.0004423194266440
0.300000  -.540000    0.0004452256247741
0.340000  -.540000    0.0004437155134278
0.380000  -.540000    0.0004406528673531
0.420000  -.540000    0.0004409333831529
0.460000  -.540000    0.0004356385253159
0.500000  -.540000    0.0004288548617997
0.540000  -.540000    0.0004205279367559
0.580000  -.540000    0.0004105400233160
0.620000  -.540000    0.0003929316901788
0.660000  -.540000    0.0003793281117262
0.700000  -.540000    0.0003571770229847
0.740000  -.540000    0.0003323674963105
0.780000  -.540000    0.0002981950852532
0.820000  -.540000    0.0002484514979627
-.780000  -.500000    0.0000131625258244
-.740000  -.500000    0.0000571157336037
-.700000  -.500000    0.0000920502914693
-.660000  -.500000    0.0001216777363457
-.620000  -.500000    0.0001509197389846
-.580000  -.500000    0.0001750194748494
-.540000  -.500000    0.0002001127772542
-.500000  -.500000    0.0002235260273524
-.460000  -.500000    0.0002454530410522
-.420000  -.500000    0.0002660252230095
-.380000  -.500000    0.0002872221052597
-.340000  -.500000    0.0003052913127017
-.300000  -.500000    0.0003222164383867
-.260000  -.500000    0.0003393690931586
-.220000  -.500000    0.0003541553373717
-.180000  -.500000    0.0003688372595828
-.140000  -.500000    0.0003816643217898
-.100000  -.500000    0.0003941350551875
-.060000  -.500000    0.0004054091621522
-.020000  -.500000    0.0004155644586190
0.020000  -.500000    0.0004246881989921
0.060000  -.500000    0.0004328633006793
0.100000  -.500000    0.0004401650006948
0.140000  -.500000    0.0004466428719891
0.180000  -.500000    0.0004501988696880
0.220000  -.500000    0.0004549966159919
0.260000  -.500000    0.0004559830494106
0.300000  -.500000    0.0004592463101973
0.340000  -.500000    0.0004579889492048
0.380000  -.500000    0.0004552300793233
0.420000  -.500000    0.0004560463131614
0.460000  -.500000    0.0004511889310623
0.500000  -.500000    0.0004448970006423
0.540000  -.500000    0.0004371390678172
0.580000  -.500000    0.0004278163493183
0.620000  -.500000    0.0004105508946169
0.660000  -.500000    0.0003979307220826
0.700000  -.500000    0.0003762757833223
0.740000  -.500000    0.0003522924426341
0.780000  -.500000    0.0003259975497002
0.820000  -.500000    0.0002894753110395
0.860000  -.500000    0.0002181642039234
-.780000  -.460000    0.0000350169052043
-.740000  -.460000    0.0000733882528572
-.700000  -.460000    0.0001082375207469
-.660000  -.460000    0.0001364565626605
-.620000  -.460000    0.0001648304886718
-.580000  -.460000    0.0001884160167864
-.540000  -.460000    0.0002131235097388
-.500000  -.460000    0.0002362605051294
-.460000  -.460000    0.0002579764698392
-.420000  -.460000    0.0002783763290872
-.380000  -.460000    0.0002994720695131
-.340000  -.460000    0.0003174414926120
-.300000  -.460000    0.0003342751602341
-.260000  -.460000    0.0003513864625720
-.220000  -.460000    0.0003661002775192
-.180000  -.460000    0.0003807564797062
-.140000  -.460000    0.0003935242146405
-.100000  -.460000    0.0004059775118836
-.060000  -.460000    0.0004172276957498
-.020000  -.460000    0.0004273625080078
0.020000  -.460000    0.0004364862136606
0.060000  -.460000    0.0004446843802512
0.100000  -.460000    0.0004520471289171
0.140000  -.460000    0.0004586394809296
0.180000  -.460000    0.0004622638705031
0.220000  -.460000    0.0004672866306585
0.260000  -.460000    0.0004684410073717
0.300000  -.460000    0.0004720348291474
0.340000  -.460000    0.0004710666141044
0.380000  -.460000    0.0004686467583265
0.420000  -.460000    0.0004698968669712
0.460000  -.460000    0.0004654797042171
0.500000  -.460000    0.0004596682766276
0.540000  -.460000    0.0004524408830740
0.580000  -.460000    0.0004437012717153
0.620000  -.460000    0.0004269222931857
0.660000  -.460000    0.0004150374576292
0.700000  -.460000    0.0003938217809516
0.740000  -.460000    0.0003780613002227
0.780000  -.460000    0.0003523481208489
0.820000  -.460000    0.0003168948427256
0.860000  -.460000    0.0002649399582277
-.820000  -.420000    0.0000106430965996
-.780000  -.420000    0.0000533394924767
-.740000  -.420000    0.0000886622797057
-.700000  -.420000    0.0001189143884517
-.660000  -.420000    0.0001491302749730
-.620000  -.420000    0.0001769160162736
-.580000  -.420000    0.0002000798809049
-.540000  -.420000    0.0002245191544378
-.500000  -.420000    0.0002474589988039
-.460000  -.420000    0.0002690229064800
-.420000  -.420000    0.0002892905866305
-.380000  -.420000    0.0003103930845351
-.340000  -.420000    0.0003282771557494
-.300000  -.420000    0.0003450254482381
-.260000  -.420000    0.0003621576615332
-.220000  -.420000    0.0003768086704223
-.180000  -.420000    0.0003914737937872
-.140000  -.420000    0.0004041820877893
-.100000  -.420000    0.0004166267690755
-.060000  -.420000    0.0004278643096441
-.020000  -.420000    0.0004379901623101
0.020000  -.420000    0.0004471108088576
0.060000  -.420000    0.0004553314057942
0.100000  -.420000    0.0004627569139449
0.140000  -.420000    0.0004694644031377
0.180000  -.420000    0.0004731799909922
0.220000  -.420000    0.0004784269673881
0.260000  -.420000    0.0004797868572443
0.300000  -.420000    0.0004836863888121
0.340000  -.420000    0.0004830455487829
0.380000  -.420000    0.0004810074542099
0.420000  -.420000    0.0004825802757823
0.460000  -.420000    0.0004786078273712
0.500000  -.420000    0.0004732738387947
0.540000  -.420000    0.0004665471894911
0.580000  -.420000    0.0004583320281593
0.620000  -.420000    0.0004422254079102
0.660000  -.420000    0.0004309266858001
0.700000  -.420000    0.0004175308878005
0.740000  -.420000    0.0003953787487463
0.780000  -.420000    0.0003705402322610
0.820000  -.420000    0.0003353716555058
0.860000  -.420000    0.0002980183320817
0.900000  -.420000    0.0002304477829848
-.820000  -.380000    0.0000282193017898
-.780000  -.380000    0.0000681075926060
-.740000  -.380000    0.0001013021882386
-.700000  -.380000    0.0001334067865363
-.660000  -.380000    0.0001599607022329
-.620000  -.380000    0.0001873552464929
-.580000  -.380000    0.0002129343916179
-.540000  -.380000    0.0002369555803933
-.500000  -.380000    0.0002595850791765
-.460000  -.380000    0.0002809267059933
-.420000  -.380000    0.0003010553443793
-.380000  -.380000    0.0003200161559775
-.340000  -.380000    0.0003378381391215
-.300000  -.380000    0.0003545176841669
-.260000  -.380000    0.0003717245197128
-.220000  -.380000    0.0003863200605428
-.180000  -.380000    0.0004010271245609
-.140000  -.380000    0.0004136706818726
-.100000  -.380000    0.0004261373409749
-.060000  -.380000    0.0004373836160432
-.020000  -.380000    0.0004475083441295
0.020000  -.380000    0.0004566189753903
0.060000  -.380000    0.0004648568267092
0.100000  -.380000    0.0004723543804863
0.140000  -.380000    0.0004791814900111
0.180000  -.380000    0.0004830148673717
0.220000  -.380000    0.0004884914175237
0.260000  -.380000    0.0004901024602480
0.300000  -.380000    0.0004942721622699
0.340000  -.380000    0.0004939928377300
0.380000  -.380000    0.0004923808066761
0.420000  -.380000    0.0004894879817046
0.460000  -.380000    0.0004853709772206
0.500000  -.380000    0.0004800494391741
0.540000  -.380000    0.0004735159600192
0.580000  -.380000    0.0004657212772518
0.620000  -.380000    0.0004565232587307
0.660000  -.380000    0.0004456986565883
0.700000  -.380000    0.0004257047111681
0.740000  -.380000    0.0004114146838975
0.780000  -.380000    0.0003872628894222
0.820000  -.380000    0.0003604601285942
0.860000  -.380000    0.0003233373372210
0.900000  -.380000    0.0002691620416069
-.820000  -.340000    0.0000429003934557
-.780000  -.340000    0.0000800505751942
-.740000  -.340000    0.0001117299188389
-.700000  -.340000    0.0001431029849828
-.660000  -.340000    0.0001690821328897
-.620000  -.340000    0.0001962363650973
-.580000  -.340000    0.0002216619683400
-.540000  -.340000    0.0002455707984329
-.500000  -.340000    0.0002681174906207
-.460000  -.340000    0.0002893965188847
-.420000  -.340000    0.0003094684315356
-.380000  -.340000    0.0003283692294759
-.340000  -.340000    0.0003461187569613
-.300000  -.340000    0.0003645001242977
-.260000  -.340000    0.0003801179030854
-.220000  -.340000    0.0003946485783840
-.180000  -.340000    0.0004094709672538
-.140000  -.340000    0.0004220454882640
-.100000  -.340000    0.0004345757226925
-.060000  -.340000    0.0004458386915497
-.020000  -.340000    0.0004559514107664
0.020000  -.340000    0.0004650544063606
0.060000  -.340000    0.0004733196571518
0.100000  -.340000    0.0004808930706055
0.140000  -.340000    0.0004878502415922
0.180000  -.340000    0.0004918337208645
0.220000  -.340000    0.0004975445558435
0.260000  -.340000    0.0004994513060389
0.300000  -.340000    0.0004999366429042
0.340000  -.340000    0.0005039590088606
0.380000  -.340000    0.0005027967238348
0.420000  -.340000    0.0005003926971195
0.460000  -.340000    0.0004967792325467
0.500000  -.340000    0.0004919610698580
0.540000  -.340000    0.0004859142150046
0.580000  -.340000    0.0004785658827275
0.620000  -.340000    0.0004697718086716
0.660000  -.340000    0.0004593184997140
0.700000  -.340000    0.0004402268297792
0.740000  -.340000    0.0004262743796830
0.780000  -.340000    0.0004028271994579
0.820000  -.340000    0.0003767040862734
0.860000  -.340000    0.0003400634372222
0.900000  -.340000    0.0002931793907804
0.940000  -.340000    0.0001849177525274
-.860000  -.300000    0.0000131011348951
-.820000  -.300000    0.0000544971671361
-.780000  -.300000    0.0000896343979179
-.740000  -.300000    0.0001232759076079
-.700000  -.300000    0.0001510975547744
-.660000  -.300000    0.0001796705089551
-.620000  -.300000    0.0002035563365401
-.580000  -.300000    0.0002289170577482
-.540000  -.300000    0.0002527836757395
-.500000  -.300000    0.0002752869629785
-.460000  -.300000    0.0002965255085173
-.420000  -.300000    0.0003165584808104
-.380000  -.300000    0.0003354164037992
-.340000  -.300000    0.0003550874751672
-.300000  -.300000    0.0003717645055051
-.260000  -.300000    0.0003873492453367
-.220000  -.300000    0.0004018307878167
-.180000  -.300000    0.0004168188377644
-.140000  -.300000    0.0004293375401853
-.100000  -.300000    0.0004419469284070
-.060000  -.300000    0.0004532468026513
-.020000  -.300000    0.0004633713047537
0.020000  -.300000    0.0004724723687344
0.060000  -.300000    0.0004807586996014
0.100000  -.300000    0.0004884120719142
0.140000  -.300000    0.0004955310103253
0.180000  -.300000    0.0004996992290211
0.220000  -.300000    0.0005056456473118
0.260000  -.300000    0.0005078932020450
0.300000  -.300000    0.0005088164447599
0.340000  -.300000    0.0005084913874895
0.380000  -.300000    0.0005122555073855
0.420000  -.300000    0.0005103411684643
0.460000  -.300000    0.0005072205591597
0.500000  -.300000    0.0005028757205673
0.540000  -.300000    0.0004972673968047
0.580000  -.300000    0.0004903059798121
0.620000  -.300000    0.0004818483030948
0.660000  -.300000    0.0004651653763312
0.700000  -.300000    0.0004536812359839
0.740000  -.300000    0.0004325498889629
0.780000  -.300000    0.0004172506197264
0.820000  -.300000    0.0003917617066160
0.860000  -.300000    0.0003555741382942
0.900000  -.300000    0.0003167893757052
0.940000  -.300000    0.0002535804871489
-.860000  -.260000    0.0000251047210156
-.820000  -.260000    0.0000660004895081
-.780000  -.260000    0.0001001411423670
-.740000  -.260000    0.0001301810054275
-.700000  -.260000    0.0001604453932333
-.660000  -.260000    0.0001858785432017
-.620000  -.260000    0.0002124999018869
-.580000  -.260000    0.0002375400640656
-.540000  -.260000    0.0002611667646925
-.500000  -.260000    0.0002834978068955
-.460000  -.260000    0.0003046198267631
-.420000  -.260000    0.0003245857741995
-.380000  -.260000    0.0003434330906351
-.340000  -.260000    0.0003611769667180
-.300000  -.260000    0.0003778194836028
-.260000  -.260000    0.0003933555307294
-.220000  -.260000    0.0004095619261797
-.180000  -.260000    0.0004230715463477
-.140000  -.260000    0.0004367410337531
-.100000  -.260000    0.0004483059401432
-.060000  -.260000    0.0004596762496902
-.020000  -.260000    0.0004698034536037
0.020000  -.260000    0.0004788874340131
0.060000  -.260000    0.0004871920816272
0.100000  -.260000    0.0004949739782983
0.140000  -.260000    0.0004998666535959
0.180000  -.260000    0.0005066681686463
0.220000  -.260000    0.0005095961225490
0.260000  -.260000    0.0005154635637743
0.300000  -.260000    0.0005168541063182
0.340000  -.260000    0.0005170545394351
0.380000  -.260000    0.0005161238436229
0.420000  -.260000    0.0005140926063530
0.460000  -.260000    0.0005109687989291
0.500000  -.260000    0.0005067443948857
0.540000  -.260000    0.0005013616043400
0.580000  -.260000    0.0004947499532715
0.620000  -.260000    0.0004867897898976
0.660000  -.260000    0.0004772598230572
0.700000  -.260000    0.0004584202228655
0.740000  -.260000    0.0004457995232734
0.780000  -.260000    0.0004228720144415
0.820000  -.260000    0.0003976094180457
0.860000  -.260000    0.0003701862464885
0.900000  -.260000    0.0003316373531547
0.940000  -.260000    0.0002753947515080
-.860000  -.220000    0.0000343123956608
-.820000  -.220000    0.0000730421844633
-.780000  -.220000    0.0001060213456570
-.740000  -.220000    0.0001384018943286
-.700000  -.220000    0.0001654974190554
-.660000  -.220000    0.0001935488707379
-.620000  -.220000    0.0002171141463369
-.580000  -.220000    0.0002422110239065
-.540000  -.220000    0.0002658908488647
-.500000  -.220000    0.0002882607815858
-.460000  -.220000    0.0003094012585991
-.420000  -.220000    0.0003293721372851
-.380000  -.220000    0.0003482136626488
-.340000  -.220000    0.0003659417977010
-.300000  -.220000    0.0003825597898854
-.260000  -.220000    0.0004001311084769
-.220000  -.220000    0.0004147076067366
-.180000  -.220000    0.0004281938835435
-.140000  -.220000    0.0004421176231793
-.100000  -.220000    0.0004536211915682
-.060000  -.220000    0.0004651076400762
-.020000  -.220000    0.0004752614415778
0.020000  -.220000    0.0004843377083675
0.060000  -.220000    0.0004926935150994
0.100000  -.220000    0.0005006194052729
0.140000  -.220000    0.0005056940692918
0.180000  -.220000    0.0005128091190007
0.220000  -.220000    0.0005161673166363
0.260000  -.220000    0.0005182946033873
0.300000  -.220000    0.0005240260503535
0.340000  -.220000    0.0005247641549660
0.380000  -.220000    0.0005243936876432
0.420000  -.220000    0.0005229144596051
0.460000  -.220000    0.0005202903708625
0.500000  -.220000    0.0005164608985244
0.540000  -.220000    0.0005114326650371
0.580000  -.220000    0.0005051247672209
0.620000  -.220000    0.0004973359366156
0.660000  -.220000    0.0004811264050692
0.700000  -.220000    0.0004704711163229
0.740000  -.220000    0.0004498293524303
0.780000  -.220000    0.0004357182591492
0.820000  -.220000    0.0004110242878622
0.860000  -.220000    0.0003837935384399
0.900000  -.220000    0.0003455647759253
0.940000  -.220000    0.0002968755341725
-.860000  -.180000    0.0000429018102843
-.820000  -.180000    0.0000807330902832
-.780000  -.180000    0.0001131769274489
-.740000  -.180000    0.0001422671625177
-.700000  -.180000    0.0001719970494905
-.660000  -.180000    0.0001970140873899
-.620000  -.180000    0.0002234223173711
-.580000  -.180000    0.0002483022377285
-.540000  -.180000    0.0002718181202909
-.500000  -.180000    0.0002940724757484
-.460000  -.180000    0.0003151396928713
-.420000  -.180000    0.0003350715068659
-.380000  -.180000    0.0003539149549761
-.340000  -.180000    0.0003716884410516
-.300000  -.180000    0.0003884043669121
-.260000  -.180000    0.0004040539689829
-.220000  -.180000    0.0004186184469799
-.180000  -.180000    0.0004338989649792
-.140000  -.180000    0.0004464451034659
-.100000  -.180000    0.0004579186441077
-.060000  -.180000    0.0004695947604708
-.020000  -.180000    0.0004797884356608
0.020000  -.180000    0.0004888332170143
0.060000  -.180000    0.0004972438218123
0.100000  -.180000    0.0005054002281130
0.140000  -.180000    0.0005107516612041
0.180000  -.180000    0.0005147027615462
0.220000  -.180000    0.0005220026621476
0.260000  -.180000    0.0005247106044188
0.300000  -.180000    0.0005263542088022
0.340000  -.180000    0.0005269435488206
0.380000  -.180000    0.0005264711848017
0.420000  -.180000    0.0005249523969580
0.460000  -.180000    0.0005224283927818
0.500000  -.180000    0.0005189255622660
0.540000  -.180000    0.0005141411560591
0.580000  -.180000    0.0005080703401628
0.620000  -.180000    0.0005006749183538
0.660000  -.180000    0.0004916978536928
0.700000  -.180000    0.0004736547857665
0.740000  -.180000    0.0004616312579967
0.780000  -.180000    0.0004393555081478
0.820000  -.180000    0.0004146895370412
0.860000  -.180000    0.0003879224351122
0.900000  -.180000    0.0003585282168086
0.940000  -.180000    0.0003098238240985
0.980000  -.180000    0.0002231434034504
-.900000  -.140000    0.0000049024751789
-.860000  -.140000    0.0000476359952950
-.820000  -.140000    0.0000841133966827
-.780000  -.140000    0.0001158243171545
-.740000  -.140000    0.0001476414508418
-.700000  -.140000    0.0001742148845475
-.660000  -.140000    0.0002021104287409
-.620000  -.140000    0.0002283082593234
-.580000  -.140000    0.0002530311678616
-.540000  -.140000    0.0002739507760155
-.500000  -.140000    0.0002963186383231
-.460000  -.140000    0.0003174702491791
-.420000  -.140000    0.0003374614550508
-.380000  -.140000    0.0003563342018811
-.340000  -.140000    0.0003741125640553
-.300000  -.140000    0.0003908165450916
-.260000  -.140000    0.0004086477613132
-.220000  -.140000    0.0004233696257278
-.180000  -.140000    0.0004370314392904
-.140000  -.140000    0.0004495910499733
-.100000  -.140000    0.0004626412723811
-.060000  -.140000    0.0004731122458132
-.020000  -.140000    0.0004834058421948
0.020000  -.140000    0.0004924192762663
0.060000  -.140000    0.0005009492589991
0.100000  -.140000    0.0005068396925731
0.140000  -.140000    0.0005151396717514
0.180000  -.140000    0.0005196804767172
0.220000  -.140000    0.0005231548179947
0.260000  -.140000    0.0005256793193012
0.300000  -.140000    0.0005325055654910
0.340000  -.140000    0.0005336354430861
0.380000  -.140000    0.0005337624533697
0.420000  -.140000    0.0005329075326396
0.460000  -.140000    0.0005307938255188
0.500000  -.140000    0.0005271454736710
0.540000  -.140000    0.0005227438790078
0.580000  -.140000    0.0005100117958335
0.620000  -.140000    0.0005029327525814
0.660000  -.140000    0.0004943613893909
0.700000  -.140000    0.0004840142575321
0.740000  -.140000    0.0004643141444647
0.780000  -.140000    0.0004504526868038
0.820000  -.140000    0.0004265218159065
0.860000  -.140000    0.0003999518199688
0.900000  -.140000    0.0003620966535139
0.940000  -.140000    0.0003218823755298
0.980000  -.140000    0.0002490932048662
-.900000  -.100000    0.0000096264088315
-.860000  -.100000    0.0000525392788846
-.820000  -.100000    0.0000885847751814
-.780000  -.100000    0.0001200650219898
-.740000  -.100000    0.0001515879008579
-.700000  -.100000    0.0001781403006785
-.660000  -.100000    0.0002058392375207
-.620000  -.100000    0.0002318983566345
-.580000  -.100000    0.0002540474462208
-.540000  -.100000    0.0002776065067533
-.500000  -.100000    0.0002999015091613
-.460000  -.100000    0.0003210082509317
-.420000  -.100000    0.0003409826378889
-.380000  -.100000    0.0003598704478113
-.340000  -.100000    0.0003776990649912
-.300000  -.100000    0.0003944891497045
-.260000  -.100000    0.0004102519515234
-.220000  -.100000    0.0004249831039798
-.180000  -.100000    0.0004386635646286
-.140000  -.100000    0.0004534438480745
-.100000  -.100000    0.0004650982541690
-.060000  -.100000    0.0004755818933374
-.020000  -.100000    0.0004861078162392
0.020000  -.100000    0.0004950572576005
0.060000  -.100000    0.0005038567898502
0.100000  -.100000    0.0005101324463848
0.140000  -.100000    0.0005152664877540
0.180000  -.100000    0.0005241286006918
0.220000  -.100000    0.0005282591431071
0.260000  -.100000    0.0005315054549847
0.300000  -.100000    0.0005336020209337
0.340000  -.100000    0.0005348311225999
0.380000  -.100000    0.0005349963987048
0.420000  -.100000    0.0005337236888831
0.460000  -.100000    0.0005319001304320
0.500000  -.100000    0.0005292621356039
0.540000  -.100000    0.0005243258074432
0.580000  -.100000    0.0005188214016758
0.620000  -.100000    0.0005043307694025
0.660000  -.100000    0.0004960685331980
0.700000  -.100000    0.0004861006074714
0.740000  -.100000    0.0004660711559727
0.780000  -.100000    0.0004527979572859
0.820000  -.100000    0.0004288510088816
0.860000  -.100000    0.0004024670313650
0.900000  -.100000    0.0003733258187634
0.940000  -.100000    0.0003246204681914
0.980000  -.100000    0.0002594212401090
-.900000  -.060000    0.0000130724864049
-.860000  -.060000    0.0000557637560495
-.820000  -.060000    0.0000915197307914
-.780000  -.060000    0.0001228441896218
-.740000  -.060000    0.0001512346609032
-.700000  -.060000    0.0001807109835905
-.660000  -.060000    0.0002082891033721
-.620000  -.060000    0.0002316431499373
-.580000  -.060000    0.0002564945051207
-.540000  -.060000    0.0002799895063957
-.500000  -.060000    0.0003022376814734
-.460000  -.060000    0.0003233131129395
-.420000  -.060000    0.0003432745945953
-.380000  -.060000    0.0003621636836416
-.340000  -.060000    0.0003800202144284
-.300000  -.060000    0.0003968619919977
-.260000  -.060000    0.0004127077287628
-.220000  -.060000    0.0004275674315450
-.180000  -.060000    0.0004414350592055
-.140000  -.060000    0.0004542898754211
-.100000  -.060000    0.0004660803899941
-.060000  -.060000    0.0004786862388035
-.020000  -.060000    0.0004879336328247
0.020000  -.060000    0.0004967809779403
0.060000  -.060000    0.0005031680519939
0.100000  -.060000    0.0005131780875952
0.140000  -.060000    0.0005192285036846
0.180000  -.060000    0.0005243339952650
0.220000  -.060000    0.0005285655339745
0.260000  -.060000    0.0005318165094862
0.300000  -.060000    0.0005340137042694
0.340000  -.060000    0.0005355129329316
0.380000  -.060000    0.0005353648040519
0.420000  -.060000    0.0005352958039040
0.460000  -.060000    0.0005322192472989
0.500000  -.060000    0.0005298174197609
0.540000  -.060000    0.0005255547416203
0.580000  -.060000    0.0005199782725712
0.620000  -.060000    0.0005129602924183
0.660000  -.060000    0.0004970689436989
0.700000  -.060000    0.0004873470320076
0.740000  -.060000    0.0004755956645922
0.780000  -.060000    0.0004542407333701
0.820000  -.060000    0.0004302405023003
0.860000  -.060000    0.0004039356002436
0.900000  -.060000    0.0003752174799719
0.940000  -.060000    0.0003349671554923
0.980000  -.060000    0.0002690130605700
-.900000  -.020000    0.0000148137760659
-.860000  -.020000    0.0000573638473770
-.820000  -.020000    0.0000929741478164
-.780000  -.020000    0.0001242204111680
-.740000  -.020000    0.0001525868997478
-.700000  -.020000    0.0001819831697918
-.660000  -.020000    0.0002095063955587
-.620000  -.020000    0.0002328940519476
-.580000  -.020000    0.0002577018826994
-.540000  -.020000    0.0002811651337717
-.500000  -.020000    0.0003033892890792
-.460000  -.020000    0.0003244521245038
-.420000  -.020000    0.0003444082549910
-.380000  -.020000    0.0003633015969813
-.340000  -.020000    0.0003811646526000
-.300000  -.020000    0.0003980292030074
-.260000  -.020000    0.0004139141694146
-.220000  -.020000    0.0004288344419746
-.180000  -.020000    0.0004428022695362
-.140000  -.020000    0.0004558208155453
-.100000  -.020000    0.0004678828962335
-.060000  -.020000    0.0004789511762692
-.020000  -.020000    0.0004887847054359
0.020000  -.020000    0.0004977390060841
0.060000  -.020000    0.0005054893306240
0.100000  -.020000    0.0005125914049210
0.140000  -.020000    0.0005188428269408
0.180000  -.020000    0.0005240833187674
0.220000  -.020000    0.0005284931954276
0.260000  -.020000    0.0005317034361241
0.300000  -.020000    0.0005342096242744
0.340000  -.020000    0.0005354012149355
0.380000  -.020000    0.0005356927822375
0.420000  -.020000    0.0005344514980520
0.460000  -.020000    0.0005348959107049
0.500000  -.020000    0.0005293095048359
0.540000  -.020000    0.0005262834715277
0.580000  -.020000    0.0005204595878987
0.620000  -.020000    0.0005136016339948
0.660000  -.020000    0.0004975389586980
0.700000  -.020000    0.0004879430171338
0.740000  -.020000    0.0004763451121683
0.780000  -.020000    0.0004549219783714
0.820000  -.020000    0.0004308815008772
0.860000  -.020000    0.0004046153202277
0.900000  -.020000    0.0003760928857580
0.940000  -.020000    0.0003360136857933
0.980000  -.020000    0.0002774249572781
-.900000  0.020000    0.0000148137760659
-.860000  0.020000    0.0000573638473770
-.820000  0.020000    0.0000929741478164
-.780000  0.020000    0.0001242204111680
-.740000  0.020000    0.0001525868997478
-.700000  0.020000    0.0001819831697918
-.660000  0.020000    0.0002095063955587
-.620000  0.020000    0.0002328940519476
-.580000  0.020000    0.0002577018826994
-.540000  0.020000    0.0002811651337717
-.500000  0.020000    0.0003033892890792
-.460000  0.020000    0.0003244521245038
-.420000  0.020000    0.0003444082549910
-.380000  0.020000    0.0003633015969813
-.340000  0.020000    0.0003811646526000
-.300000  0.020000    0.0003980292030074
-.260000  0.020000    0.0004139141694146
-.220000  0.020000    0.0004288344419746
-.180000  0.020000    0.0004428022695362
-.140000  0.020000    0.0004558208155453
-.100000  0.020000    0.0004678828962335
-.060000  0.020000    0.0004789511762692
-.020000  0.020000    0.0004887847054359
0.020000  0.020000    0.0004977390060841
0.060000  0.020000    0.0005054893306240
0.100000  0.020000    0.0005125914049210
0.140000  0.020000    0.0005188428269408
0.180000  0.020000    0.0005240833187674
0.220000  0.020000    0.0005284931954276
0.260000  0.020000    0.0005317034361241
0.300000  0.020000    0.0005342096242744
0.340000  0.020000    0.0005354012149355
0.380000  0.020000    0.0005356927822375
0.420000  0.020000    0.0005344514980520
0.460000  0.020000    0.0005348959107049
0.500000  0.020000    0.0005293095048359
0.540000  0.020000    0.0005262834715277
0.580000  0.020000    0.0005204595878987
0.620000  0.020000    0.0005136016339948
0.660000  0.020000    0.0004975389586980
0.700000  0.020000    0.0004879430171338
0.740000  0.020000    0.0004763451121683
0.780000  0.020000    0.0004549219783714
0.820000  0.020000    0.0004308815008772
0.860000  0.020000    0.0004046153202277
0.900000  0.020000    0.0003760928857580
0.940000  0.020000    0.0003360136857933
0.980000  0.020000    0.0002774249572781
-.900000  0.060000    0.0000130724864049
-.860000  0.060000    0.0000557637560495
-.820000  0.060000    0.0000915197307914
-.780000  0.060000    0.0001228441896218
-.740000  0.060000    0.0001512346609032
-.700000  0.060000    0.0001807109835905
-.660000  0.060000    0.0002082891033721
-.620000  0.060000    0.0002316431499373
-.580000  0.060000    0.0002564945051207
-.540000  0.060000    0.0002799895063957
-.500000  0.060000    0.0003022376814734
-.460000  0.060000    0.0003233131129395
-.420000  0.060000    0.0003432745945953
-.380000  0.060000    0.0003621636836416
-.340000  0.060000    0.0003800202144284
-.300000  0.060000    0.0003968619919977
-.260000  0.060000    0.0004127077287628
-.220000  0.060000    0.0004275674315450
-.180000  0.060000    0.0004414350592055
-.140000  0.060000    0.0004542898754211
-.100000  0.060000    0.0004660803899941
-.060000  0.060000    0.0004786862388035
-.020000  0.060000    0.0004879336328247
0.020000  0.060000    0.0004967809779403
0.060000  0.060000    0.0005031680519939
0.100000  0.060000    0.0005131780875952
0.140000  0.060000    0.0005192285036846
0.180000  0.060000    0.0005243339952650
0.220000  0.060000    0.0005285655339745
0.260000  0.060000    0.0005318165094862
0.300000  0.060000    0.0005340137042694
0.340000  0.060000    0.0005355129329316
0.380000  0.060000    0.0005353648040519
0.420000  0.060000    0.0005352958039040
0.460000  0.060000    0.0005322192472989
0.500000  0.060000    0.0005298174197609
0.540000  0.060000    0.0005255547416203
0.580000  0.060000    0.0005199782725712
0.620000  0.060000    0.0005129602924183
0.660000  0.060000    0.0004970689436989
0.700000  0.060000    0.0004873470320076
0.740000  0.060000    0.0004755956645922
0.780000  0.060000    0.0004542407333701
0.820000  0.060000    0.0004302405023003
0.860000  0.060000    0.0004039356002436
0.900000  0.060000    0.0003752174799719
0.940000  0.060000    0.0003349671554923
0.980000  0.060000    0.0002690130605700
-.900000  0.100000    0.0000096264088315
-.860000  0.100000    0.0000525392788846
-.820000  0.100000    0.0000885847751814
-.780000  0.100000    0.0001200650219898
-.740000  0.100000    0.0001515879008579
-.700000  0.100000    0.0001781403006785
-.660000  0.100000    0.0002058392375207
-.620000  0.100000    0.0002318983566345
-.580000  0.100000    0.0002540474462208
-.540000  0.100000    0.0002776065067533
-.500000  0.100000    0.0002999015091613
-.460000  0.100000    0.0003210082509317
-.420000  0.100000    0.0003409826378889
-.380000  0.100000    0.0003598704478113
-.340000  0.100000    0.0003776990649912
-.300000  0.100000    0.0003944891497045
-.260000  0.100000    0.0004102519515234
-.220000  0.100000    0.0004249831039798
-.180000  0.100000    0.0004386635646286
-.140000  0.100000    0.0004534438480745
-.100000  0.100000    0.0004650982541690
-.060000  0.100000    0.0004755818933374
-.020000  0.100000    0.0004861078162392
0.020000  0.100000    0.0004950572576005
0.060000  0.100000    0.0005038567898502
0.100000  0.100000    0.0005101324463848
0.140000  0.100000    0.0005152664877540
0.180000  0.100000    0.0005241286006918
0.220000  0.100000    0.0005282591431071
0.260000  0.100000    0.0005315054549847
0.300000  0.100000    0.0005336020209337
0.340000  0.100000    0.0005348311225999
0.380000  0.100000    0.0005349963987048
0.420000  0.100000    0.0005337236888831
0.460000  0.100000    0.0005319001304320
0.500000  0.100000    0.0005292621356039
0.540000  0.100000    0.0005243258074432
0.580000  0.100000    0.0005188214016758
0.620000  0.100000    0.0005043307694025
0.660000  0.100000    0.0004960685331980
0.700000  0.100000    0.0004861006074714
0.740000  0.100000    0.0004660711559727
0.780000  0.100000    0.0004527979572859
0.820000  0.100000    0.0004288510088816
0.860000  0.100000    0.0004024670313650
0.900000  0.100000    0.0003733258187634
0.940000  0.100000    0.0003246204681914
0.980000  0.100000    0.0002594212401090
-.900000  0.140000    0.0000049024751789
-.860000  0.140000    0.0000476359952950
-.820000  0.140000    0.0000841133966827
-.780000  0.140000    0.0001158243171545
-.740000  0.140000    0.0001476414508418
-.700000  0.140000    0.0001742148845475
-.660000  0.140000    0.0002021104287409
-.620000  0.140000    0.0002283082593234
-.580000  0.140000    0.0002530311678616
-.540000  0.140000    0.0002739507760155
-.500000  0.140000    0.0002963186383231
-.460000  0.140000    0.0003174702491791
-.420000  0.140000    0.0003374614550508
-.380000  0.140000    0.0003563342018811
-.340000  0.140000    0.0003741125640553
-.300000  0.140000    0.0003908165450916
-.260000  0.140000    0.0004086477613132
-.220000  0.140000    0.0004233696257278
-.180000  0.140000    0.0004370314392904
-.140000  0.140000    0.0004495910499733
-.100000  0.140000    0.0004626412723811
-.060000  0.140000    0.0004731122458132
-.020000  0.140000    0.0004834058421948
0.020000  0.140000    0.0004924192762663
0.060000  0.140000    0.0005009492589991
0.100000  0.140000    0.0005068396925731
0.140000  0.140000    0.0005151396717514
0.180000  0.140000    0.0005196804767172
0.220000  0.140000    0.0005231548179947
0.260000  0.140000    0.0005256793193012
0.300000  0.140000    0.0005325055654910
0.340000  0.140000    0.0005336354430861
0.380000  0.140000    0.0005337624533697
0.420000  0.140000    0.0005329075326396
0.460000  0.140000    0.0005307938255188
0.500000  0.140000    0.0005271454736710
0.540000  0.140000    0.0005227438790078
0.580000  0.140000    0.0005100117958335
0.620000  0.140000    0.0005029327525814
0.660000  0.140000    0.0004943613893909
0.700000  0.140000    0.0004840142575321
0.740000  0.140000    0.0004643141444647
0.780000  0.140000    0.0004504526868038
0.820000  0.140000    0.0004265218159065
0.860000  0.140000    0.0003999518199688
0.900000  0.140000    0.0003620966535139
0.940000  0.140000    0.0003218823755298
0.980000  0.140000    0.0002490932048662
-.860000  0.180000    0.0000429018102843
-.820000  0.180000    0.0000807330902832
-.780000  0.180000    0.0001131769274489
-.740000  0.180000    0.0001422671625177
-.700000  0.180000    0.0001719970494905
-.660000  0.180000    0.0001970140873899
-.620000  0.180000    0.0002234223173711
-.580000  0.180000    0.0002483022377285
-.540000  0.180000    0.0002718181202909
-.500000  0.180000    0.0002940724757484
-.460000  0.180000    0.0003151396928713
-.420000  0.180000    0.0003350715068659
-.380000  0.180000    0.0003539149549761
-.340000  0.180000    0.0003716884410516
-.300000  0.180000    0.0003884043669121
-.260000  0.180000    0.0004040539689829
-.220000  0.180000    0.0004186184469799
-.180000  0.180000    0.0004338989649792
-.140000  0.180000    0.0004464451034659
-.100000  0.180000    0.0004579186441077
-.060000  0.180000    0.0004695947604708
-.020000  0.180000    0.0004797884356608
0.020000  0.180000    0.0004888332170143
0.060000  0.180000    0.0004972438218123
0.100000  0.180000    0.0005054002281130
0.140000  0.180000    0.0005107516612041
0.180000  0.180000    0.0005147027615462
0.220000  0.180000    0.0005220026621476
0.260000  0.180000    0.0005247106044188
0.300000  0.180000    0.0005263542088022
0.340000  0.180000    0.0005269435488206
0.380000  0.180000    0.0005264711848017
0.420000  0.180000    0.0005249523969580
0.460000  0.180000    0.0005224283927818
0.500000  0.180000    0.0005189255622660
0.540000  0.180000    0.0005141411560591
0.580000  0.180000    0.0005080703401628
0.620000  0.180000    0.0005006749183538
0.660000  0.180000    0.0004916978536928
0.700000  0.180000    0.0004736547857665
0.740000  0.180000    0.0004616312579967
0.780000  0.180000    0.0004393555081478
0.820000  0.180000    0.0004146895370412
0.860000  0.180000    0.0003879224351122
0.900000  0.180000    0.0003585282168086
0.940000  0.180000    0.0003098238240985
0.980000  0.180000    0.0002231434034504
-.860000  0.220000    0.0000343123956608
-.820000  0.220000    0.0000730421844633
-.780000  0.220000    0.0001060213456570
-.740000  0.220000    0.0001384018943286
-.700000  0.220000    0.0001654974190554
-.660000  0.220000    0.0001935488707379
-.620000  0.220000    0.0002171141463369
-.580000  0.220000    0.0002422110239065
-.540000  0.220000    0.0002658908488647
-.500000  0.220000    0.0002882607815858
-.460000  0.220000    0.0003094012585991
-.420000  0.220000    0.0003293721372851
-.380000  0.220000    0.0003482136626488
-.340000  0.220000    0.0003659417977010
-.300000  0.220000    0.0003825597898854
-.260000  0.220000    0.0004001311084769
-.220000  0.220000    0.0004147076067366
-.180000  0.220000    0.0004281938835435
-.140000  0.220000    0.0004421176231793
-.100000  0.220000    0.0004536211915682
-.060000  0.220000    0.0004651076400762
-.020000  0.220000    0.0004752614415778
0.020000  0.220000    0.0004843377083675
0.060000  0.220000    0.0004926935150994
0.100000  0.220000    0.0005006194052729
0.140000  0.220000    0.0005056940692918
0.180000  0.220000    0.0005128091190007
0.220000  0.220000    0.0005161673166363
0.260000  0.220000    0.0005182946033873
0.300000  0.220000    0.0005240260503535
0.340000  0.220000    0.0005247641549660
0.380000  0.220000    0.0005243936876432
0.420000  0.220000    0.0005229144596051
0.460000  0.220000    0.0005202903708625
0.500000  0.220000    0.0005164608985244
0.540000  0.220000    0.0005114326650371
0.580000  0.220000    0.0005051247672209
0.620000  0.220000    0.0004973359366156
0.660000  0.220000    0.0004811264050692
0.700000  0.220000    0.0004704711163229
0.740000  0.220000    0.0004498293524303
0.780000  0.220000    0.0004357182591492
0.820000  0.220000    0.0004110242878622
0.860000  0.220000    0.0003837935384399
0.900000  0.220000    0.0003455647759253
0.940000  0.220000    0.0002968755341725
-.860000  0.260000    0.0000251047210156
-.820000  0.260000    0.0000660004895081
-.780000  0.260000    0.0001001411423670
-.740000  0.260000    0.0001301810054275
-.700000  0.260000    0.0001604453932333
-.660000  0.260000    0.0001858785432017
-.620000  0.260000    0.0002124999018869
-.580000  0.260000    0.0002375400640656
-.540000  0.260000    0.0002611667646925
-.500000  0.260000    0.0002834978068955
-.460000  0.260000    0.0003046198267631
-.420000  0.260000    0.0003245857741995
-.380000  0.260000    0.0003434330906351
-.340000  0.260000    0.0003611769667180
-.300000  0.260000    0.0003778194836028
-.260000  0.260000    0.0003933555307294
-.220000  0.260000    0.0004095619261797
-.180000  0.260000    0.0004230715463477
-.140000  0.260000    0.0004367410337531
-.100000  0.260000    0.0004483059401432
-.060000  0.260000    0.0004596762496902
-.020000  0.260000    0.0004698034536037
0.020000  0.260000    0.0004788874340131
0.060000  0.260000    0.0004871920816272
0.100000  0.260000    0.0004949739782983
0.140000  0.260000    0.0004998666535959
0.180000  0.260000    0.0005066681686463
0.220000  0.260000    0.0005095961225490
0.260000  0.260000    0.0005154635637743
0.300000  0.260000    0.0005168541063182
0.340000  0.260000    0.0005170545394351
0.380000  0.260000    0.0005161238436229
0.420000  0.260000    0.0005140926063530
0.460000  0.260000    0.0005109687989291
0.500000  0.260000    0.0005067443948857
0.540000  0.260000    0.0005013616043400
0.580000  0.260000    0.0004947499532715
0.620000  0.260000    0.0004867897898976
0.660000  0.260000    0.0004772598230572
0.700000  0.260000    0.0004584202228655
0.740000  0.260000    0.0004457995232734
0.780000  0.260000    0.0004228720144415
0.820000  0.260000    0.0003976094180457
0.860000  0.260000    0.0003701862464885
0.900000  0.260000    0.0003316373531547
0.940000  0.260000    0.0002753947515080
-.860000  0.300000    0.0000131011348951
-.820000  0.300000    0.0000544971671361
-.780000  0.300000    0.0000896343979179
-.740000  0.300000    0.0001232759076079
-.700000  0.300000    0.0001510975547744
-.660000  0.300000    0.0001796705089551
-.620000  0.300000    0.0002035563365401
-.580000  0.300000    0.0002289170577482
-.540000  0.300000    0.0002527836757395
-.500000  0.300000    0.0002752869629785
-.460000  0.300000    0.0002965255085173
-.420000  0.300000    0.0003165584808104
-.380000  0.300000    0.0003354164037992
-.340000  0.300000    0.0003550874751672
-.300000  0.300000    0.0003717645055051
-.260000  0.300000    0.0003873492453367
-.220000  0.300000    0.0004018307878167
-.180000  0.300000    0.0004168188377644
-.140000  0.300000    0.0004293375401853
-.100000  0.300000    0.0004419469284070
-.060000  0.300000    0.0004532468026513
-.020000  0.300000    0.0004633713047537
0.020000  0.300000    0.0004724723687344
0.060000  0.300000    0.0004807586996014
0.100000  0.300000    0.0004884120719142
0.140000  0.300000    0.0004955310103253
0.180000  0.300000    0.0004996992290211
0.220000  0.300000    0.0005056456473118
0.260000  0.300000    0.0005078932020450
0.300000  0.300000    0.0005088164447599
0.340000  0.300000    0.0005084913874895
0.380000  0.300000    0.0005122555073855
0.420000  0.300000    0.0005103411684643
0.460000  0.300000    0.0005072205591597
0.500000  0.300000    0.0005028757205673
0.540000  0.300000    0.0004972673968047
0.580000  0.300000    0.0004903059798121
0.620000  0.300000    0.0004818483030948
0.660000  0.300000    0.0004651653763312
0.700000  0.300000    0.0004536812359839
0.740000  0.300000    0.0004325498889629
0.780000  0.300000    0.0004172506197264
0.820000  0.300000    0.0003917617066160
0.860000  0.300000    0.0003555741382942
0.900000  0.300000    0.0003167893757052
0.940000  0.300000    0.0002535804871489
-.820000  0.340000    0.0000429003934557
-.780000  0.340000    0.0000800505751942
-.740000  0.340000    0.0001117299188389
-.700000  0.340000    0.0001431029849828
-.660000  0.340000    0.0001690821328897
-.620000  0.340000    0.0001962363650973
-.580000  0.340000    0.0002216619683400
-.540000  0.340000    0.0002455707984329
-.500000  0.340000    0.0002681174906207
-.460000  0.340000    0.0002893965188847
-.420000  0.340000    0.0003094684315356
-.380000  0.340000    0.0003283692294759
-.340000  0.340000    0.0003461187569613
-.300000  0.340000    0.0003645001242977
-.260000  0.340000    0.0003801179030854
-.220000  0.340000    0.0003946485783840
-.180000  0.340000    0.0004094709672538
-.140000  0.340000    0.0004220454882640
-.100000  0.340000    0.0004345757226925
-.060000  0.340000    0.0004458386915497
-.020000  0.340000    0.0004559514107664
0.020000  0.340000    0.0004650544063606
0.060000  0.340000    0.0004733196571518
0.100000  0.340000    0.0004808930706055
0.140000  0.340000    0.0004878502415922
0.180000  0.340000    0.0004918337208645
0.220000  0.340000    0.0004975445558435
0.260000  0.340000    0.0004994513060389
0.300000  0.340000    0.0004999366429042
0.340000  0.340000    0.0005039590088606
0.380000  0.340000    0.0005027967238348
0.420000  0.340000    0.0005003926971195
0.460000  0.340000    0.0004967792325467
0.500000  0.340000    0.0004919610698580
0.540000  0.340000    0.0004859142150046
0.580000  0.340000    0.0004785658827275
0.620000  0.340000    0.0004697718086716
0.660000  0.340000    0.0004593184997140
0.700000  0.340000    0.0004402268297792
0.740000  0.340000    0.0004262743796830
0.780000  0.340000    0.0004028271994579
0.820000  0.340000    0.0003767040862734
0.860000  0.340000    0.0003400634372222
0.900000  0.340000    0.0002931793907804
0.940000  0.340000    0.0001849177525274
-.820000  0.380000    0.0000282193017898
-.780000  0.380000    0.0000681075926060
-.740000  0.380000    0.0001013021882386
-.700000  0.380000    0.0001334067865363
-.660000  0.380000    0.0001599607022329
-.620000  0.380000    0.0001873552464929
-.580000  0.380000    0.0002129343916179
-.540000  0.380000    0.0002369555803933
-.500000  0.380000    0.0002595850791765
-.460000  0.380000    0.0002809267059933
-.420000  0.380000    0.0003010553443793
-.380000  0.380000    0.0003200161559775
-.340000  0.380000    0.0003378381391215
-.300000  0.380000    0.0003545176841669
-.260000  0.380000    0.0003717245197128
-.220000  0.380000    0.0003863200605428
-.180000  0.380000    0.0004010271245609
-.140000  0.380000    0.0004136706818726
-.100000  0.380000    0.0004261373409749
-.060000  0.380000    0.0004373836160432
-.020000  0.380000    0.0004475083441295
0.020000  0.380000    0.0004566189753903
0.060000  0.380000    0.0004648568267092
0.100000  0.380000    0.0004723543804863
0.140000  0.380000    0.0004791814900111
0.180000  0.380000    0.0004830148673717
0.220000  0.380000    0.0004884914175237
0.260000  0.380000    0.0004901024602480
0.300000  0.380000    0.0004942721622699
0.340000  0.380000    0.0004939928377300
0.380000  0.380000    0.0004923808066761
0.420000  0.380000    0.0004894879817046
0.460000  0.380000    0.0004853709772206
0.500000  0.380000    0.0004800494391741
0.540000  0.380000    0.0004735159600192
0.580000  0.380000    0.0004657212772518
0.620000  0.380000    0.0004565232587307
0.660000  0.380000    0.0004456986565883
0.700000  0.380000    0.0004257047111681
0.740000  0.380000    0.0004114146838975
0.780000  0.380000    0.0003872628894222
0.820000  0.380000    0.0003604601285942
0.860000  0.380000    0.0003233373372210
0.900000  0.380000    0.0002691620416069
-.820000  0.420000    0.0000106430965996
-.780000  0.420000    0.0000533394924767
-.740000  0.420000    0.0000886622797057
-.700000  0.420000    0.0001189143884517
-.660000  0.420000    0.0001491302749730
-.620000  0.420000    0.0001769160162736
-.580000  0.420000    0.0002000798809049
-.540000  0.420000    0.0002245191544378
-.500000  0.420000    0.0002474589988039
-.460000  0.420000    0.0002690229064800
-.420000  0.420000    0.0002892905866305
-.380000  0.420000    0.0003103930845351
-.340000  0.420000    0.0003282771557494
-.300000  0.420000    0.0003450254482381
-.260000  0.420000    0.0003621576615332
-.220000  0.420000    0.0003768086704223
-.180000  0.420000    0.0003914737937872
-.140000  0.420000    0.0004041820877893
-.100000  0.420000    0.0004166267690755
-.060000  0.420000    0.0004278643096441
-.020000  0.420000    0.0004379901623101
0.020000  0.420000    0.0004471108088576
0.060000  0.420000    0.0004553314057942
0.100000  0.420000    0.0004627569139449
0.140000  0.420000    0.0004694644031377
0.180000  0.420000    0.0004731799909922
0.220000  0.420000    0.0004784269673881
0.260000  0.420000    0.0004797868572443
0.300000  0.420000    0.0004836863888121
0.340000  0.420000    0.0004830455487829
0.380000  0.420000    0.0004810074542099
0.420000  0.420000    0.0004825802757823
0.460000  0.420000    0.0004786078273712
0.500000  0.420000    0.0004732738387947
0.540000  0.420000    0.0004665471894911
0.580000  0.420000    0.0004583320281593
0.620000  0.420000    0.0004422254079102
0.660000  0.420000    0.0004309266858001
0.700000  0.420000    0.0004175308878005
0.740000  0.420000    0.0003953787487463
0.780000  0.420000    0.0003705402322610
0.820000  0.420000    0.0003353716555058
0.860000  0.420000    0.0002980183320817
0.900000  0.420000    0.0002304477829848
-.780000  0.460000    0.0000350169052043
-.740000  0.460000    0.0000733882528572
-.700000  0.460000    0.0001082375207469
-.660000  0.460000    0.0001364565626605
-.620000  0.460000    0.0001648304886718
-.580000  0.460000    0.0001884160167864
-.540000  0.460000    0.0002131235097388
-.500000  0.460000    0.0002362605051294
-.460000  0.460000    0.0002579764698392
-.420000  0.460000    0.0002783763290872
-.380000  0.460000    0.0002994720695131
-.340000  0.460000    0.0003174414926120
-.300000  0.460000    0.0003342751602341
-.260000  0.460000    0.0003513864625720
-.220000  0.460000    0.0003661002775192
-.180000  0.460000    0.0003807564797062
-.140000  0.460000    0.0003935242146405
-.100000  0.460000    0.0004059775118836
-.060000  0.460000    0.0004172276957498
-.020000  0.460000    0.0004273625080078
0.020000  0.460000    0.0004364862136606
0.060000  0.460000    0.0004446843802512
0.100000  0.460000    0.0004520471289171
0.140000  0.460000    0.0004586394809296
0.180000  0.460000    0.0004622638705031
0.220000  0.460000    0.0004672866306585
0.260000  0.460000    0.0004684410073717
0.300000  0.460000    0.0004720348291474
0.340000  0.460000    0.0004710666141044
0.380000  0.460000    0.0004686467583265
0.420000  0.460000    0.0004698968669712
0.460000  0.460000    0.0004654797042171
0.500000  0.460000    0.0004596682766276
0.540000  0.460000    0.0004524408830740
0.580000  0.460000    0.0004437012717153
0.620000  0.460000    0.0004269222931857
0.660000  0.460000    0.0004150374576292
0.700000  0.460000    0.0003938217809516
0.740000  0.460000    0.0003780613002227
0.780000  0.460000    0.0003523481208489
0.820000  0.460000    0.0003168948427256
0.860000  0.460000    0.0002649399582277
-.780000  0.500000    0.0000131625258244
-.740000  0.500000    0.0000571157336037
-.700000  0.500000    0.0000920502914693
-.660000  0.500000    0.0001216777363457
-.620000  0.500000    0.0001509197389846
-.580000  0.500000    0.0001750194748494
-.540000  0.500000    0.0002001127772542
-.500000  0.500000    0.0002235260273524
-.460000  0.500000    0.0002454530410522
-.420000  0.500000    0.0002660252230095
-.380000  0.500000    0.0002872221052597
-.340000  0.500000    0.0003052913127017
-.300000  0.500000    0.0003222164383867
-.260000  0.500000    0.0003393690931586
-.220000  0.500000    0.0003541553373717
-.180000  0.500000    0.0003688372595828
-.140000  0.500000    0.0003816643217898
-.100000  0.500000    0.0003941350551875
-.060000  0.500000    0.0004054091621522
-.020000  0.500000    0.0004155644586190
0.020000  0.500000    0.0004246881989921
0.060000  0.500000    0.0004328633006793
0.100000  0.500000    0.0004401650006948
0.140000  0.500000    0.0004466428719891
0.180000  0.500000    0.0004501988696880
0.220000  0.500000    0.0004549966159919
0.260000  0.500000    0.0004559830494106
0.300000  0.500000    0.0004592463101973
0.340000  0.500000    0.0004579889492048
0.380000  0.500000    0.0004552300793233
0.420000  0.500000    0.0004560463131614
0.460000  0.500000    0.0004511889310623
0.500000  0.500000    0.0004448970006423
0.540000  0.500000    0.0004371390678172
0.580000  0.500000    0.0004278163493183
0.620000  0.500000    0.0004105508946169
0.660000  0.500000    0.0003979307220826
0.700000  0.500000    0.0003762757833223
0.740000  0.500000    0.0003522924426341
0.780000  0.500000    0.0003259975497002
0.820000  0.500000    0.0002894753110395
0.860000  0.500000    0.0002181642039234
-.740000  0.540000    0.0000335876058904
-.700000  0.540000    0.0000725809883544
-.660000  0.540000    0.0001043565861062
-.620000  0.540000    0.0001348867661918
-.580000  0.540000    0.0001596943161729
-.540000  0.540000    0.0001853402181271
-.500000  0.540000    0.0002091422223810
-.460000  0.540000    0.0002313556521268
-.420000  0.540000    0.0002521456199111
-.380000  0.540000    0.0002735531148605
-.340000  0.540000    0.0002917445210694
-.300000  0.540000    0.0003087720912480
-.260000  0.540000    0.0003260317498579
-.220000  0.540000    0.0003408863145690
-.180000  0.540000    0.0003556408357313
-.140000  0.540000    0.0003685186570030
-.100000  0.540000    0.0003810336757021
-.060000  0.540000    0.0003923404620656
-.020000  0.540000    0.0004025209752451
0.020000  0.540000    0.0004116464949878
0.060000  0.540000    0.0004197962605540
0.100000  0.540000    0.0004270311450342
0.140000  0.540000    0.0004333924310493
0.180000  0.540000    0.0004369002280853
0.220000  0.540000    0.0004414673755320
0.260000  0.540000    0.0004423194266440
0.300000  0.540000    0.0004452256247741
0.340000  0.540000    0.0004437155134278
0.380000  0.540000    0.0004406528673531
0.420000  0.540000    0.0004409333831529
0.460000  0.540000    0.0004356385253159
0.500000  0.540000    0.0004288548617997
0.540000  0.540000    0.0004205279367559
0.580000  0.540000    0.0004105400233160
0.620000  0.540000    0.0003929316901788
0.660000  0.540000    0.0003793281117262
0.700000  0.540000    0.0003571770229847
0.740000  0.540000    0.0003323674963105
0.780000  0.540000    0.0002981950852532
0.820000  0.540000    0.0002484514979627
-.740000  0.580000    0.0000048656816981
-.700000  0.580000    0.0000508485651927
-.660000  0.580000    0.0000866309812078
-.620000  0.580000    0.0001162495597215
-.580000  0.580000    0.0001450911544370
-.540000  0.580000    0.0001685605246335
-.500000  0.580000    0.0001929163205701
-.460000  0.580000    0.0002155282640276
-.420000  0.580000    0.0002366097213656
-.380000  0.580000    0.0002583437473240
-.340000  0.580000    0.0002766916361884
-.300000  0.580000    0.0002938449904382
-.260000  0.580000    0.0003112729523329
-.220000  0.580000    0.0003262057487626
-.180000  0.580000    0.0003410681096379
-.140000  0.580000    0.0003545617643521
-.100000  0.580000    0.0003665784488690
-.060000  0.580000    0.0003779341130082
-.020000  0.580000    0.0003881448950506
0.020000  0.580000    0.0003972728959154
0.060000  0.580000    0.0004053944363232
0.100000  0.580000    0.0004125559629440
0.140000  0.580000    0.0004170812063956
0.180000  0.580000    0.0004222691855921
0.220000  0.580000    0.0004265932847515
0.260000  0.580000    0.0004273367311173
0.300000  0.580000    0.0004298531361730
0.340000  0.580000    0.0004281156950356
0.380000  0.580000    0.0004247816792702
0.420000  0.580000    0.0004244163831876
0.460000  0.580000    0.0004186791335626
0.500000  0.580000    0.0004113643606534
0.540000  0.580000    0.0004024018798360
0.580000  0.580000    0.0003861870791962
0.620000  0.580000    0.0003737125083037
0.660000  0.580000    0.0003529317863339
0.700000  0.580000    0.0003297519662714
0.740000  0.580000    0.0003038509217630
0.780000  0.580000    0.0002625616684782
-.700000  0.620000    0.0000209789633692
-.660000  0.620000    0.0000614459742590
-.620000  0.620000    0.0000971187095083
-.580000  0.620000    0.0001249419442888
-.540000  0.620000    0.0001523377430124
-.500000  0.620000    0.0001772609477387
-.460000  0.620000    0.0002002237314799
-.420000  0.620000    0.0002215448510381
-.380000  0.620000    0.0002414229250050
-.340000  0.620000    0.0002599788880834
-.300000  0.620000    0.0002772960146406
-.260000  0.620000    0.0002949675956208
-.220000  0.620000    0.0003099832170471
-.180000  0.620000    0.0003250059295330
-.140000  0.620000    0.0003386208869746
-.100000  0.620000    0.0003509229530516
-.060000  0.620000    0.0003620748766794
-.020000  0.620000    0.0003723223895553
0.020000  0.620000    0.0003814558142795
0.060000  0.620000    0.0003895416122807
0.100000  0.620000    0.0003952870081150
0.140000  0.620000    0.0004011874939830
0.180000  0.620000    0.0004061832588338
0.220000  0.620000    0.0004102408761535
0.260000  0.620000    0.0004108945006652
0.300000  0.620000    0.0004129777239257
0.340000  0.620000    0.0004110235742483
0.380000  0.620000    0.0004074338529408
0.420000  0.620000    0.0004022631286529
0.460000  0.620000    0.0003955702679114
0.500000  0.620000    0.0003873748967672
0.540000  0.620000    0.0003776173166782
0.580000  0.620000    0.0003660809852544
0.620000  0.620000    0.0003467364095174
0.660000  0.620000    0.0003308651178232
0.700000  0.620000    0.0003008859722602
0.740000  0.620000    0.0002676354933048
0.780000  0.620000    0.0002013482676724
-.660000  0.660000    0.0000329375536752
-.620000  0.660000    0.0000702877082656
-.580000  0.660000    0.0001041115158576
-.540000  0.660000    0.0001304279510577
-.500000  0.660000    0.0001565770922347
-.460000  0.660000    0.0001803636852106
-.420000  0.660000    0.0002022541688246
-.380000  0.660000    0.0002225335989689
-.340000  0.660000    0.0002413828589052
-.300000  0.660000    0.0002606647475928
-.260000  0.660000    0.0002769276933296
-.220000  0.660000    0.0002932635815088
-.180000  0.660000    0.0003072902219176
-.140000  0.660000    0.0003210748986602
-.100000  0.660000    0.0003335048054029
-.060000  0.660000    0.0003446637748656
-.020000  0.660000    0.0003546228626895
0.020000  0.660000    0.0003634508514611
0.060000  0.660000    0.0003712071011803
0.100000  0.660000    0.0003779484387062
0.140000  0.660000    0.0003837063090596
0.180000  0.660000    0.0003884826915589
0.220000  0.660000    0.0003900819313986
0.260000  0.660000    0.0003928080261613
0.300000  0.660000    0.0003916128289334
0.340000  0.660000    0.0003922112264303
0.380000  0.660000    0.0003883489100741
0.420000  0.660000    0.0003828363198856
0.460000  0.660000    0.0003756879321748
0.500000  0.660000    0.0003668745724649
0.540000  0.660000    0.0003562316841292
0.580000  0.660000    0.0003385229006532
0.620000  0.660000    0.0003235851060545
0.660000  0.660000    0.0002955135552303
0.700000  0.660000    0.0002643215677786
0.740000  0.660000    0.0002173355909436
-.620000  0.700000    0.0000400216754984
-.580000  0.700000    0.0000778898792027
-.540000  0.700000    0.0001075346899733
-.500000  0.700000    0.0001354905993490
-.460000  0.700000    0.0001603445976555
-.420000  0.700000    0.0001804069505372
-.380000  0.700000    0.0002035723295158
-.340000  0.700000    0.0002226969303244
-.300000  0.700000    0.0002404334989491
-.260000  0.700000    0.0002583895834587
-.220000  0.700000    0.0002735958585386
-.180000  0.700000    0.0002886894520300
-.140000  0.700000    0.0003017066631620
-.100000  0.700000    0.0003143044086396
-.060000  0.700000    0.0003255849752087
-.020000  0.700000    0.0003356193299355
0.020000  0.700000    0.0003444721823823
0.060000  0.700000    0.0003521985151413
0.100000  0.700000    0.0003588454086002
0.140000  0.700000    0.0003644327488017
0.180000  0.700000    0.0003671903716976
0.220000  0.700000    0.0003705656064101
0.260000  0.700000    0.0003703159228489
0.300000  0.700000    0.0003715262251450
0.340000  0.700000    0.0003684586775038
0.380000  0.700000    0.0003636863557994
0.420000  0.700000    0.0003612127299560
0.460000  0.700000    0.0003492310146394
0.500000  0.700000    0.0003395185205393
0.540000  0.700000    0.0003278719826850
0.580000  0.700000    0.0003091176648309
0.620000  0.700000    0.0002877577121416
0.660000  0.700000    0.0002583207034510
0.700000  0.700000    0.0002143342179073
-.580000  0.740000    0.0000419330293142
-.540000  0.740000    0.0000785629821462
-.500000  0.740000    0.0001100697801053
-.460000  0.740000    0.0001341745433689
-.420000  0.740000    0.0001581345384344
-.380000  0.740000    0.0001797689207254
-.340000  0.740000    0.0001995369899075
-.300000  0.740000    0.0002196638917709
-.260000  0.740000    0.0002363081274158
-.220000  0.740000    0.0002530440874879
-.180000  0.740000    0.0002671766908649
-.140000  0.740000    0.0002810877851694
-.100000  0.740000    0.0002935384762944
-.060000  0.740000    0.0003044849435421
-.020000  0.740000    0.0003146125269261
0.020000  0.740000    0.0003234956846531
0.060000  0.740000    0.0003311807598177
0.100000  0.740000    0.0003366494761135
0.140000  0.740000    0.0003418464655243
0.180000  0.740000    0.0003459473394103
0.220000  0.740000    0.0003468633744077
0.260000  0.740000    0.0003486496892650
0.300000  0.740000    0.0003465496834717
0.340000  0.740000    0.0003458400563749
0.380000  0.740000    0.0003407500118437
0.420000  0.740000    0.0003338482418820
0.460000  0.740000    0.0003250511063966
0.500000  0.740000    0.0003101649533343
0.540000  0.740000    0.0002970722548342
0.580000  0.740000    0.0002769570926089
0.620000  0.740000    0.0002491586874689
0.660000  0.740000    0.0002064317412007
-.540000  0.780000    0.0000400949843903
-.500000  0.780000    0.0000772689717193
-.460000  0.780000    0.0001054871998021
-.420000  0.780000    0.0001317958413032
-.380000  0.780000    0.0001548461772382
-.340000  0.780000    0.0001754866173152
-.300000  0.780000    0.0001942146333873
-.260000  0.780000    0.0002132151359477
-.220000  0.780000    0.0002287731777646
-.180000  0.780000    0.0002443716155074
-.140000  0.780000    0.0002573958682861
-.100000  0.780000    0.0002701600143345
-.060000  0.780000    0.0002814606318279
-.020000  0.780000    0.0002913851243395
0.020000  0.780000    0.0003000026099031
0.060000  0.780000    0.0003073709877274
0.100000  0.780000    0.0003135256949888
0.140000  0.780000    0.0003184752272558
0.180000  0.780000    0.0003207915326388
0.220000  0.780000    0.0003232004181211
0.260000  0.780000    0.0003222749586648
0.300000  0.780000    0.0003220480324807
0.340000  0.780000    0.0003179370188623
0.380000  0.780000    0.0003119443926293
0.420000  0.780000    0.0003040057491898
0.460000  0.780000    0.0002938889955718
0.500000  0.780000    0.0002780608663786
0.540000  0.780000    0.0002590911943408
0.580000  0.780000    0.0002325907431764
0.620000  0.780000    0.0001822872995519
-.500000  0.820000    0.0000304288497696
-.460000  0.820000    0.0000700728661902
-.420000  0.820000    0.0001017315648125
-.380000  0.820000    0.0001248368713923
-.340000  0.820000    0.0001472703732225
-.300000  0.820000    0.0001670914436636
-.260000  0.820000    0.0001869944010778
-.220000  0.820000    0.0002029046150911
-.180000  0.820000    0.0002188710263601
-.140000  0.820000    0.0002319041541121
-.100000  0.820000    0.0002447320395971
-.060000  0.820000    0.0002559819773132
-.020000  0.820000    0.0002657574843044
0.020000  0.820000    0.0002741393851233
0.060000  0.820000    0.0002811870156066
0.100000  0.820000    0.0002869376560075
0.140000  0.820000    0.0002913962958921
0.180000  0.820000    0.0002932734583962
0.220000  0.820000    0.0002949918235670
0.260000  0.820000    0.0002934692893240
0.300000  0.820000    0.0002922310999989
0.340000  0.820000    0.0002872262430521
0.380000  0.820000    0.0002801263028327
0.420000  0.820000    0.0002680657893815
0.460000  0.820000    0.0002560487255192
0.500000  0.820000    0.0002377460723285
0.540000  0.820000    0.0002090508641653
-.460000  0.860000    0.0000098345148274
-.420000  0.860000    0.0000570229003885
-.380000  0.860000    0.0000883360758717
-.340000  0.860000    0.0001149477432151
-.300000  0.860000    0.0001370700389798
-.260000  0.860000    0.0001561373021841
-.220000  0.860000    0.0001729226537879
-.180000  0.860000    0.0001897405153942
-.140000  0.860000    0.0002029402704662
-.100000  0.860000    0.0002160744845474
-.060000  0.860000    0.0002274439576801
-.020000  0.860000    0.0002371817145621
0.020000  0.860000    0.0002453817926020
0.060000  0.860000    0.0002521148111171
0.100000  0.860000    0.0002574168523005
0.140000  0.860000    0.0002612769965128
0.180000  0.860000    0.0002628360454208
0.220000  0.860000    0.0002635909447496
0.260000  0.860000    0.0002614483836835
0.300000  0.860000    0.0002571925197867
0.340000  0.860000    0.0002507340778001
0.380000  0.860000    0.0002417327649086
0.420000  0.860000    0.0002277753503800
0.460000  0.860000    0.0002074814065728
0.500000  0.860000    0.0001729438687401
-.380000  0.900000    0.0000284481895580
-.340000  0.900000    0.0000698728237628
-.300000  0.900000    0.0000965357158726
-.260000  0.900000    0.0001195773389065
-.220000  0.900000    0.0001385394030229
-.180000  0.900000    0.0001546572469262
-.140000  0.900000    0.0001706184885468
-.100000  0.900000    0.0001825358268889
-.060000  0.900000    0.0001943763356737
-.020000  0.900000    0.0002042975400235
0.020000  0.900000    0.0002124319368161
0.060000  0.900000    0.0002188606854537
0.100000  0.900000    0.0002236087285413
0.140000  0.900000    0.0002266878499855
0.180000  0.900000    0.0002278507297983
0.220000  0.900000    0.0002267434233438
0.260000  0.900000    0.0002232533319882
0.300000  0.900000    0.0002171480066935
0.340000  0.900000    0.0002070012611096
0.380000  0.900000    0.0001923731191523
0.420000  0.900000    0.0001664559831246
-.300000  0.940000    0.0000212576639465
-.260000  0.940000    0.0000663683146008
-.220000  0.940000    0.0000917208774320
-.180000  0.940000    0.0001125288647861
-.140000  0.940000    0.0001288072988163
-.100000  0.940000    0.0001443415062884
-.060000  0.940000    0.0001548643661757
-.020000  0.940000    0.0001652090779779
0.020000  0.940000    0.0001732551952669
0.060000  0.940000    0.0001791310174746
0.100000  0.940000    0.0001838889913630
0.140000  0.940000    0.0001852612527558
0.180000  0.940000    0.0001848836781929
0.220000  0.940000    0.0001814370873705
0.260000  0.940000    0.0001745866988755
0.300000  0.940000    0.0001617484989828
0.340000  0.940000    0.0001234069134701
-.180000  0.980000    0.0000053478400363
-.140000  0.980000    0.0000602994829912
-.100000  0.980000    0.0000857424658519
-.060000  0.980000    0.0001009982216582
-.020000  0.980000    0.0001107709197616
0.020000  0.980000    0.0001193496981309
0.060000  0.980000    0.0001265251152886
0.100000  0.980000    0.0001291724381974
0.140000  0.980000    0.0001262977195440
0.180000  0.980000    0.0001173334540585
