-.140000  -.980000   -0.0000009657058430
-.100000  -.980000   -0.0000015470922951
-.060000  -.980000   -0.0000016156587207
-.020000  -.980000   -0.0000015458521256
0.020000  -.980000   -0.0000016233296840
0.060000  -.980000   -0.0000017905337506
0.100000  -.980000   -0.0000019411649982
0.140000  -.980000   -0.0000021866622688
0.180000  -.980000   -0.0000027315642787
-.260000  -.940000   -0.0000006716451161
-.220000  -.940000   -0.0000010134936756
-.180000  -.940000   -0.0000011373532437
-.140000  -.940000   -0.0000011320797839
-.100000  -.940000   -0.0000012766516860
-.060000  -.940000   -0.0000012897478344
-.020000  -.940000   -0.0000014287675929
0.020000  -.940000   -0.0000015639989393
0.060000  -.940000   -0.0000017134575041
0.100000  -.940000   -0.0000017054505399
0.140000  -.940000   -0.0000018907252269
0.180000  -.940000   -0.0000018741997668
0.220000  -.940000   -0.0000019211790353
0.260000  -.940000   -0.0000018423461045
0.300000  -.940000   -0.0000021962264377
0.340000  -.940000   -0.0000031554402005
-.340000  -.900000   -0.0000005271866358
-.300000  -.900000   -0.0000008500247173
-.260000  -.900000   -0.0000010276255799
-.220000  -.900000   -0.0000010860365602
-.180000  -.900000   -0.0000011421986085
-.140000  -.900000   -0.0000013994900936
-.100000  -.900000   -0.0000015628019849
-.060000  -.900000   -0.0000018399018190
-.020000  -.900000   -0.0000021034506085
0.020000  -.900000   -0.0000023606945940
0.060000  -.900000   -0.0000026191557812
0.100000  -.900000   -0.0000028861051595
0.140000  -.900000   -0.0000027853602909
0.180000  -.900000   -0.0000030573582853
0.220000  -.900000   -0.0000028814610274
0.260000  -.900000   -0.0000027123024754
0.300000  -.900000   -0.0000026329099672
0.340000  -.900000   -0.0000021983406280
0.380000  -.900000   -0.0000022361419833
0.420000  -.900000   -0.0000026708184487
-.420000  -.860000   -0.0000000669875723
-.380000  -.860000   -0.0000006100419022
-.340000  -.860000   -0.0000009249475145
-.300000  -.860000   -0.0000010719680492
-.260000  -.860000   -0.0000011652878081
-.220000  -.860000   -0.0000012882798952
-.180000  -.860000   -0.0000016569459032
-.140000  -.860000   -0.0000019042870411
-.100000  -.860000   -0.0000022948742742
-.060000  -.860000   -0.0000026564604757
-.020000  -.860000   -0.0000029985473180
0.020000  -.860000   -0.0000033264804732
0.060000  -.860000   -0.0000036463646536
0.100000  -.860000   -0.0000039625565276
0.140000  -.860000   -0.0000042786953486
0.180000  -.860000   -0.0000040845922326
0.220000  -.860000   -0.0000043932657910
0.260000  -.860000   -0.0000041013729652
0.300000  -.860000   -0.0000037884369792
0.340000  -.860000   -0.0000035290774005
0.380000  -.860000   -0.0000034166024306
0.420000  -.860000   -0.0000028478620375
0.460000  -.860000   -0.0000022795335651
0.500000  -.860000   -0.0000027493501176
-.460000  -.820000   -0.0000002476787162
-.420000  -.820000   -0.0000008256425919
-.380000  -.820000   -0.0000007819300602
-.340000  -.820000   -0.0000009423159142
-.300000  -.820000   -0.0000010857028531
-.260000  -.820000   -0.0000015603193500
-.220000  -.820000   -0.0000017733686504
-.180000  -.820000   -0.0000022429945872
-.140000  -.820000   -0.0000026024058925
-.100000  -.820000   -0.0000030929388677
-.060000  -.820000   -0.0000035480959976
-.020000  -.820000   -0.0000039718342637
0.020000  -.820000   -0.0000043707670261
0.060000  -.820000   -0.0000047496896904
0.100000  -.820000   -0.0000051114721012
0.140000  -.820000   -0.0000054611353685
0.180000  -.820000   -0.0000052741015387
0.220000  -.820000   -0.0000055831102852
0.260000  -.820000   -0.0000052360005988
0.300000  -.820000   -0.0000055778470788
0.340000  -.820000   -0.0000052007389346
0.380000  -.820000   -0.0000048516341394
0.420000  -.820000   -0.0000037195442920
0.460000  -.820000   -0.0000037186905818
0.500000  -.820000   -0.0000033275036523
0.540000  -.820000   -0.0000025402563710
-.500000  -.780000   -0.0000003164425578
-.460000  -.780000   -0.0000005626427189
-.420000  -.780000   -0.0000008289168398
-.380000  -.780000   -0.0000010125355543
-.340000  -.780000   -0.0000011736075004
-.300000  -.780000   -0.0000013677246960
-.260000  -.780000   -0.0000019452963885
-.220000  -.780000   -0.0000022437113180
-.180000  -.780000   -0.0000028254079847
-.140000  -.780000   -0.0000032553679602
-.100000  -.780000   -0.0000038458174018
-.060000  -.780000   -0.0000043911654829
-.020000  -.780000   -0.0000048936237062
0.020000  -.780000   -0.0000053587347960
0.060000  -.780000   -0.0000057902262824
0.100000  -.780000   -0.0000061943837260
0.140000  -.780000   -0.0000065719543566
0.180000  -.780000   -0.0000064584207361
0.220000  -.780000   -0.0000067709352691
0.260000  -.780000   -0.0000064447123606
0.300000  -.780000   -0.0000067567087886
0.340000  -.780000   -0.0000063340985975
0.380000  -.780000   -0.0000058758901784
0.420000  -.780000   -0.0000054517423709
0.460000  -.780000   -0.0000051488564399
0.500000  -.780000   -0.0000040554783269
0.540000  -.780000   -0.0000034281782820
0.580000  -.780000   -0.0000028550420332
0.620000  -.780000   -0.0000029070770845
-.540000  -.740000   -0.0000002600878424
-.500000  -.740000   -0.0000008169497465
-.460000  -.740000   -0.0000007450692779
-.420000  -.740000   -0.0000009452603171
-.380000  -.740000   -0.0000011201249131
-.340000  -.740000   -0.0000013195983043
-.300000  -.740000   -0.0000019737480224
-.260000  -.740000   -0.0000022599219186
-.220000  -.740000   -0.0000029112646678
-.180000  -.740000   -0.0000033159067867
-.140000  -.740000   -0.0000039566713898
-.100000  -.740000   -0.0000045434759198
-.060000  -.740000   -0.0000050852654802
-.020000  -.740000   -0.0000056598979021
0.020000  -.740000   -0.0000061846035908
0.060000  -.740000   -0.0000066647982303
0.100000  -.740000   -0.0000068167076029
0.140000  -.740000   -0.0000071745607042
0.180000  -.740000   -0.0000075099914053
0.220000  -.740000   -0.0000072975209208
0.260000  -.740000   -0.0000075778443729
0.300000  -.740000   -0.0000071842709815
0.340000  -.740000   -0.0000074804050110
0.380000  -.740000   -0.0000070072418849
0.420000  -.740000   -0.0000065104540363
0.460000  -.740000   -0.0000060572645872
0.500000  -.740000   -0.0000046675697657
0.540000  -.740000   -0.0000045523500691
0.580000  -.740000   -0.0000038166098681
0.620000  -.740000   -0.0000029928505573
0.660000  -.740000   -0.0000032235024003
-.580000  -.700000   -0.0000002320582700
-.540000  -.700000   -0.0000006062483883
-.500000  -.700000   -0.0000009891238771
-.460000  -.700000   -0.0000012549304358
-.420000  -.700000   -0.0000009121201805
-.380000  -.700000   -0.0000016255947868
-.340000  -.700000   -0.0000018346476553
-.300000  -.700000   -0.0000021082230154
-.260000  -.700000   -0.0000028385198628
-.220000  -.700000   -0.0000032112288957
-.180000  -.700000   -0.0000039163848932
-.140000  -.700000   -0.0000043837730594
-.100000  -.700000   -0.0000050589889215
-.060000  -.700000   -0.0000056759596255
-.020000  -.700000   -0.0000062343809036
0.020000  -.700000   -0.0000067419445067
0.060000  -.700000   -0.0000072029126415
0.100000  -.700000   -0.0000076218469180
0.140000  -.700000   -0.0000080044463667
0.180000  -.700000   -0.0000079749752061
0.220000  -.700000   -0.0000082664031275
0.260000  -.700000   -0.0000079871997005
0.300000  -.700000   -0.0000082371773518
0.340000  -.700000   -0.0000077970032682
0.380000  -.700000   -0.0000072696879102
0.420000  -.700000   -0.0000076088729804
0.460000  -.700000   -0.0000061173697529
0.500000  -.700000   -0.0000055996052831
0.540000  -.700000   -0.0000052424885588
0.580000  -.700000   -0.0000040363427657
0.620000  -.700000   -0.0000033095588519
0.660000  -.700000   -0.0000025188661940
0.700000  -.700000   -0.0000027116205188
-.620000  -.660000   -0.0000000360113635
-.580000  -.660000   -0.0000006326913745
-.540000  -.660000   -0.0000006484651549
-.500000  -.660000   -0.0000009075611253
-.460000  -.660000   -0.0000011121916251
-.420000  -.660000   -0.0000012998079579
-.380000  -.660000   -0.0000015106472367
-.340000  -.660000   -0.0000017753847761
-.300000  -.660000   -0.0000025838319388
-.260000  -.660000   -0.0000029303264126
-.220000  -.660000   -0.0000037116055987
-.180000  -.660000   -0.0000041380581863
-.140000  -.660000   -0.0000048776218920
-.100000  -.660000   -0.0000055454638802
-.060000  -.660000   -0.0000061465567315
-.020000  -.660000   -0.0000066868918735
0.020000  -.660000   -0.0000071754229328
0.060000  -.660000   -0.0000076171101947
0.100000  -.660000   -0.0000080178552940
0.140000  -.660000   -0.0000083799605887
0.180000  -.660000   -0.0000087071253450
0.220000  -.660000   -0.0000086020592604
0.260000  -.660000   -0.0000088540548568
0.300000  -.660000   -0.0000085271149863
0.340000  -.660000   -0.0000087649944679
0.380000  -.660000   -0.0000083015137447
0.420000  -.660000   -0.0000077633202831
0.460000  -.660000   -0.0000071913416419
0.500000  -.660000   -0.0000066398357847
0.540000  -.660000   -0.0000061869296966
0.580000  -.660000   -0.0000047425986947
0.620000  -.660000   -0.0000047729373862
0.660000  -.660000   -0.0000029546588927
0.700000  -.660000   -0.0000023524707551
0.740000  -.660000   -0.0000032000095558
-.620000  -.620000   -0.0000005211709560
-.580000  -.620000   -0.0000006670054700
-.540000  -.620000   -0.0000010041575051
-.500000  -.620000   -0.0000012598281199
-.460000  -.620000   -0.0000014596302427
-.420000  -.620000   -0.0000016483266571
-.380000  -.620000   -0.0000018634506048
-.340000  -.620000   -0.0000021300816122
-.300000  -.620000   -0.0000024617219076
-.260000  -.620000   -0.0000033246178127
-.220000  -.620000   -0.0000037211069998
-.180000  -.620000   -0.0000045331792528
-.140000  -.620000   -0.0000052689667519
-.100000  -.620000   -0.0000059237289473
-.060000  -.620000   -0.0000063986978123
-.020000  -.620000   -0.0000070047798063
0.020000  -.620000   -0.0000075466520318
0.060000  -.620000   -0.0000080298107705
0.100000  -.620000   -0.0000083064476480
0.140000  -.620000   -0.0000086492056765
0.180000  -.620000   -0.0000089555303766
0.220000  -.620000   -0.0000092379586802
0.260000  -.620000   -0.0000090707455324
0.300000  -.620000   -0.0000093017991524
0.340000  -.620000   -0.0000089412395406
0.380000  -.620000   -0.0000084682309013
0.420000  -.620000   -0.0000079156742995
0.460000  -.620000   -0.0000073113873128
0.500000  -.620000   -0.0000066922969049
0.540000  -.620000   -0.0000061185601177
0.580000  -.620000   -0.0000056766279655
0.620000  -.620000   -0.0000042808404075
0.660000  -.620000   -0.0000044456533772
0.700000  -.620000   -0.0000027927087697
0.740000  -.620000   -0.0000025937534947
0.780000  -.620000   -0.0000027879095983
-.660000  -.580000   -0.0000002734270773
-.620000  -.580000   -0.0000005733123229
-.580000  -.580000   -0.0000009892452183
-.540000  -.580000   -0.0000006393180926
-.500000  -.580000   -0.0000008212156398
-.460000  -.580000   -0.0000010079840681
-.420000  -.580000   -0.0000012246459548
-.380000  -.580000   -0.0000021483248516
-.340000  -.580000   -0.0000024117812752
-.300000  -.580000   -0.0000027386380445
-.260000  -.580000   -0.0000036336170814
-.220000  -.580000   -0.0000040117336964
-.180000  -.580000   -0.0000048321484219
-.140000  -.580000   -0.0000055632226588
-.100000  -.580000   -0.0000059939541479
-.060000  -.580000   -0.0000066579462827
-.020000  -.580000   -0.0000072471070633
0.020000  -.580000   -0.0000077700891397
0.060000  -.580000   -0.0000082357426788
0.100000  -.580000   -0.0000086471225466
0.140000  -.580000   -0.0000088262069481
0.180000  -.580000   -0.0000091145934758
0.220000  -.580000   -0.0000093777935009
0.260000  -.580000   -0.0000092135351972
0.300000  -.580000   -0.0000094179212947
0.340000  -.580000   -0.0000090618086757
0.380000  -.580000   -0.0000085940107832
0.420000  -.580000   -0.0000088170257715
0.460000  -.580000   -0.0000082785991952
0.500000  -.580000   -0.0000077146565177
0.540000  -.580000   -0.0000071803672819
0.580000  -.580000   -0.0000055827387091
0.620000  -.580000   -0.0000052017354079
0.660000  -.580000   -0.0000038929884722
0.700000  -.580000   -0.0000030045652056
0.740000  -.580000   -0.0000029493348138
0.780000  -.580000   -0.0000023225285856
-.660000  -.540000   -0.0000003802092484
-.620000  -.540000   -0.0000008430594547
-.580000  -.540000   -0.0000005603039127
-.540000  -.540000   -0.0000007599819249
-.500000  -.540000   -0.0000009433216172
-.460000  -.540000   -0.0000011370623345
-.420000  -.540000   -0.0000013633593567
-.380000  -.540000   -0.0000023545303788
-.340000  -.540000   -0.0000026141386057
-.300000  -.540000   -0.0000029330104720
-.260000  -.540000   -0.0000038575957684
-.220000  -.540000   -0.0000042167494470
-.180000  -.540000   -0.0000050452621872
-.140000  -.540000   -0.0000054397996659
-.100000  -.540000   -0.0000061757816667
-.060000  -.540000   -0.0000068272671226
-.020000  -.540000   -0.0000074013504634
0.020000  -.540000   -0.0000079067193204
0.060000  -.540000   -0.0000083528859765
0.100000  -.540000   -0.0000087485968585
0.140000  -.540000   -0.0000090977740751
0.180000  -.540000   -0.0000091968680277
0.220000  -.540000   -0.0000094449434481
0.260000  -.540000   -0.0000092898295301
0.300000  -.540000   -0.0000094744469616
0.340000  -.540000   -0.0000091300898596
0.380000  -.540000   -0.0000086792731463
0.420000  -.540000   -0.0000088625427801
0.460000  -.540000   -0.0000083204792490
0.500000  -.540000   -0.0000077436428991
0.540000  -.540000   -0.0000071711083845
0.580000  -.540000   -0.0000066643586262
0.620000  -.540000   -0.0000050745064958
0.660000  -.540000   -0.0000048297072672
0.700000  -.540000   -0.0000036624168337
0.740000  -.540000   -0.0000030748109872
0.780000  -.540000   -0.0000022977164731
0.820000  -.540000   -0.0000019788697305
-.700000  -.500000   -0.0000003184902304
-.660000  -.500000   -0.0000005834007823
-.620000  -.500000   -0.0000010291973295
-.580000  -.500000   -0.0000006108892591
-.540000  -.500000   -0.0000008016186809
-.500000  -.500000   -0.0000009867071098
-.460000  -.500000   -0.0000011875563228
-.420000  -.500000   -0.0000014236276854
-.380000  -.500000   -0.0000024731357010
-.340000  -.500000   -0.0000027315625406
-.300000  -.500000   -0.0000030452812481
-.260000  -.500000   -0.0000040015451146
-.220000  -.500000   -0.0000043421852151
-.180000  -.500000   -0.0000051801659162
-.140000  -.500000   -0.0000055510350646
-.100000  -.500000   -0.0000062840459850
-.060000  -.500000   -0.0000069232983760
-.020000  -.500000   -0.0000074811727735
0.020000  -.500000   -0.0000079694528589
0.060000  -.500000   -0.0000083981838930
0.100000  -.500000   -0.0000087808276059
0.140000  -.500000   -0.0000091170881152
0.180000  -.500000   -0.0000092136561431
0.220000  -.500000   -0.0000094506508594
0.260000  -.500000   -0.0000093083372798
0.300000  -.500000   -0.0000094810977353
0.340000  -.500000   -0.0000091537389964
0.380000  -.500000   -0.0000087234015499
0.420000  -.500000   -0.0000088870825704
0.460000  -.500000   -0.0000083547615481
0.500000  -.500000   -0.0000077774730270
0.540000  -.500000   -0.0000071914475225
0.580000  -.500000   -0.0000066481817174
0.620000  -.500000   -0.0000050471768109
0.660000  -.500000   -0.0000046591747128
0.700000  -.500000   -0.0000033409821672
0.740000  -.500000   -0.0000024137396587
0.780000  -.500000   -0.0000022284294370
0.820000  -.500000   -0.0000023651782039
0.860000  -.500000   -0.0000024014247294
-.700000  -.460000   -0.0000006227633771
-.660000  -.460000   -0.0000006987701624
-.620000  -.460000   -0.0000011051763786
-.580000  -.460000   -0.0000005734802248
-.540000  -.460000   -0.0000007532018357
-.500000  -.460000   -0.0000009392436093
-.460000  -.460000   -0.0000011498229840
-.420000  -.460000   -0.0000013990650218
-.380000  -.460000   -0.0000025032421483
-.340000  -.460000   -0.0000027633092979
-.300000  -.460000   -0.0000030782871501
-.260000  -.460000   -0.0000040691431025
-.220000  -.460000   -0.0000043963777477
-.180000  -.460000   -0.0000052482222121
-.140000  -.460000   -0.0000055956354337
-.100000  -.460000   -0.0000063264721099
-.060000  -.460000   -0.0000069566645055
-.020000  -.460000   -0.0000074972753327
0.020000  -.460000   -0.0000079729649317
0.060000  -.460000   -0.0000083882704241
0.100000  -.460000   -0.0000087571943771
0.140000  -.460000   -0.0000090826203082
0.180000  -.460000   -0.0000091794096818
0.220000  -.460000   -0.0000094099995594
0.260000  -.460000   -0.0000092812579316
0.300000  -.460000   -0.0000094522646802
0.340000  -.460000   -0.0000091408733141
0.380000  -.460000   -0.0000087325840537
0.420000  -.460000   -0.0000089010138897
0.460000  -.460000   -0.0000083832027463
0.500000  -.460000   -0.0000078204405543
0.540000  -.460000   -0.0000072401234395
0.580000  -.460000   -0.0000066846695827
0.620000  -.460000   -0.0000050796274131
0.660000  -.460000   -0.0000046149965398
0.700000  -.460000   -0.0000032084682323
0.740000  -.460000   -0.0000033280716020
0.780000  -.460000   -0.0000027962826569
0.820000  -.460000   -0.0000019571999291
0.860000  -.460000   -0.0000011930688794
-.740000  -.420000   -0.0000001567686013
-.700000  -.420000   -0.0000003388800460
-.660000  -.420000   -0.0000007040635367
-.620000  -.420000   -0.0000010563770237
-.580000  -.420000   -0.0000004432539221
-.540000  -.420000   -0.0000006116146082
-.500000  -.420000   -0.0000008020158677
-.460000  -.420000   -0.0000010238927650
-.420000  -.420000   -0.0000012934946810
-.380000  -.420000   -0.0000024379192087
-.340000  -.420000   -0.0000027117030069
-.300000  -.420000   -0.0000030364993393
-.260000  -.420000   -0.0000040645291234
-.220000  -.420000   -0.0000043830587431
-.180000  -.420000   -0.0000052559069217
-.140000  -.420000   -0.0000055857182469
-.100000  -.420000   -0.0000063172964729
-.060000  -.420000   -0.0000069391152473
-.020000  -.420000   -0.0000074693683104
0.020000  -.420000   -0.0000079268025137
0.060000  -.420000   -0.0000083292989201
0.100000  -.420000   -0.0000086873226720
0.140000  -.420000   -0.0000090092600037
0.180000  -.420000   -0.0000091050632454
0.220000  -.420000   -0.0000093354416583
0.260000  -.420000   -0.0000092182113452
0.300000  -.420000   -0.0000094008086775
0.340000  -.420000   -0.0000091056767648
0.380000  -.420000   -0.0000087159723293
0.420000  -.420000   -0.0000089204695737
0.460000  -.420000   -0.0000084250087074
0.500000  -.420000   -0.0000078823216435
0.540000  -.420000   -0.0000073216403263
0.580000  -.420000   -0.0000067793315840
0.620000  -.420000   -0.0000051522813677
0.660000  -.420000   -0.0000046569482162
0.700000  -.420000   -0.0000044374622059
0.740000  -.420000   -0.0000031415704763
0.780000  -.420000   -0.0000023219657919
0.820000  -.420000   -0.0000010029748151
0.860000  -.420000   -0.0000012800403114
0.900000  -.420000   -0.0000022665891648
-.740000  -.380000   -0.0000002849783365
-.700000  -.380000   -0.0000008532232683
-.660000  -.380000   -0.0000005936577421
-.620000  -.380000   -0.0000008824381353
-.580000  -.380000   -0.0000011403458477
-.540000  -.380000   -0.0000013686203114
-.500000  -.380000   -0.0000015803276961
-.460000  -.380000   -0.0000017924071411
-.420000  -.380000   -0.0000020205774713
-.380000  -.380000   -0.0000022782103159
-.340000  -.380000   -0.0000025766032353
-.300000  -.380000   -0.0000029239333553
-.260000  -.380000   -0.0000039905349865
-.220000  -.380000   -0.0000043125151102
-.180000  -.380000   -0.0000052142504996
-.140000  -.380000   -0.0000055307255364
-.100000  -.380000   -0.0000062663664570
-.060000  -.380000   -0.0000068842504787
-.020000  -.380000   -0.0000074018290318
0.020000  -.380000   -0.0000078447502500
0.060000  -.380000   -0.0000082368297768
0.100000  -.380000   -0.0000085878238850
0.140000  -.380000   -0.0000089100575484
0.180000  -.380000   -0.0000090021771601
0.220000  -.380000   -0.0000092418724823
0.260000  -.380000   -0.0000091334942722
0.300000  -.380000   -0.0000093473833234
0.340000  -.380000   -0.0000090644031962
0.380000  -.380000   -0.0000086957414914
0.420000  -.380000   -0.0000082489179062
0.460000  -.380000   -0.0000077276152581
0.500000  -.380000   -0.0000071454628914
0.540000  -.380000   -0.0000065173424223
0.580000  -.380000   -0.0000058767689369
0.620000  -.380000   -0.0000052738185842
0.660000  -.380000   -0.0000047876690632
0.700000  -.380000   -0.0000032669361827
0.740000  -.380000   -0.0000031367203447
0.780000  -.380000   -0.0000021308061602
0.820000  -.380000   -0.0000017981445002
0.860000  -.380000   -0.0000012976065326
0.900000  -.380000   -0.0000011252180044
-.740000  -.340000   -0.0000003037099574
-.700000  -.340000   -0.0000007577373905
-.660000  -.340000   -0.0000003781110342
-.620000  -.340000   -0.0000005960821899
-.580000  -.340000   -0.0000008095571683
-.540000  -.340000   -0.0000010221784247
-.500000  -.340000   -0.0000012422344727
-.460000  -.340000   -0.0000014768320537
-.420000  -.340000   -0.0000017379034558
-.380000  -.340000   -0.0000020340584516
-.340000  -.340000   -0.0000023705966354
-.300000  -.340000   -0.0000035614013665
-.260000  -.340000   -0.0000038511150215
-.220000  -.340000   -0.0000041888174248
-.180000  -.340000   -0.0000051245586425
-.140000  -.340000   -0.0000054363640160
-.100000  -.340000   -0.0000061852629965
-.060000  -.340000   -0.0000068017914468
-.020000  -.340000   -0.0000073094552007
0.020000  -.340000   -0.0000077413121700
0.060000  -.340000   -0.0000081229261551
0.100000  -.340000   -0.0000084683946561
0.140000  -.340000   -0.0000087959717340
0.180000  -.340000   -0.0000088835688364
0.220000  -.340000   -0.0000091490163360
0.260000  -.340000   -0.0000090450845465
0.300000  -.340000   -0.0000088526883667
0.340000  -.340000   -0.0000090457502794
0.380000  -.340000   -0.0000086931152968
0.420000  -.340000   -0.0000082697910001
0.460000  -.340000   -0.0000077763943555
0.500000  -.340000   -0.0000072262297337
0.540000  -.340000   -0.0000066356467942
0.580000  -.340000   -0.0000060354515902
0.620000  -.340000   -0.0000054725755410
0.660000  -.340000   -0.0000050265663340
0.700000  -.340000   -0.0000034303187119
0.740000  -.340000   -0.0000032966838829
0.780000  -.340000   -0.0000021445898396
0.820000  -.340000   -0.0000015663329416
0.860000  -.340000   -0.0000005788740242
0.900000  -.340000   -0.0000003360320603
0.940000  -.340000   -0.0000028722923012
-.780000  -.300000   -0.0000001082070995
-.740000  -.300000   -0.0000006782723782
-.700000  -.300000   -0.0000005399880997
-.660000  -.300000   -0.0000008952209766
-.620000  -.300000   -0.0000002262203444
-.580000  -.300000   -0.0000003922572233
-.540000  -.300000   -0.0000005870332985
-.500000  -.300000   -0.0000008123936081
-.460000  -.300000   -0.0000010758021249
-.420000  -.300000   -0.0000013762404913
-.380000  -.300000   -0.0000017167971359
-.340000  -.300000   -0.0000030234474100
-.300000  -.300000   -0.0000033146556168
-.260000  -.300000   -0.0000036471002453
-.220000  -.300000   -0.0000040172697265
-.180000  -.300000   -0.0000049914068017
-.140000  -.300000   -0.0000053098196745
-.100000  -.300000   -0.0000060791110764
-.060000  -.300000   -0.0000067013773800
-.020000  -.300000   -0.0000071994695318
0.020000  -.300000   -0.0000076174639780
0.060000  -.300000   -0.0000079930214877
0.100000  -.300000   -0.0000083413185632
0.140000  -.300000   -0.0000086839425123
0.180000  -.300000   -0.0000087660535900
0.220000  -.300000   -0.0000090730614578
0.260000  -.300000   -0.0000089720675500
0.300000  -.300000   -0.0000087890247435
0.340000  -.300000   -0.0000085284679687
0.380000  -.300000   -0.0000087534065678
0.420000  -.300000   -0.0000083532408434
0.460000  -.300000   -0.0000078940272293
0.500000  -.300000   -0.0000073826408657
0.540000  -.300000   -0.0000068426854291
0.580000  -.300000   -0.0000063002179979
0.620000  -.300000   -0.0000058045008321
0.660000  -.300000   -0.0000041428108063
0.700000  -.300000   -0.0000037195585995
0.740000  -.300000   -0.0000022665647680
0.780000  -.300000   -0.0000023630508877
0.820000  -.300000   -0.0000016082498515
0.860000  -.300000   -0.0000002673280802
0.900000  -.300000   -0.0000005181644629
0.940000  -.300000   -0.0000012975270801
-.780000  -.260000   -0.0000003284172245
-.740000  -.260000   -0.0000005099343224
-.700000  -.260000   -0.0000010101652202
-.660000  -.260000   -0.0000004619874738
-.620000  -.260000   -0.0000007033172042
-.580000  -.260000   -0.0000009466932127
-.540000  -.260000   -0.0000011949966685
-.500000  -.260000   -0.0000014505579884
-.460000  -.260000   -0.0000017200416911
-.420000  -.260000   -0.0000020036651663
-.380000  -.260000   -0.0000023079363167
-.340000  -.260000   -0.0000026389269445
-.300000  -.260000   -0.0000029975987028
-.260000  -.260000   -0.0000033880724012
-.220000  -.260000   -0.0000045193361170
-.180000  -.260000   -0.0000048195704610
-.140000  -.260000   -0.0000056950156515
-.100000  -.260000   -0.0000059577283419
-.060000  -.260000   -0.0000065908461602
-.020000  -.260000   -0.0000070862087212
0.020000  -.260000   -0.0000074937341441
0.060000  -.260000   -0.0000078615014636
0.100000  -.260000   -0.0000082152064174
0.140000  -.260000   -0.0000083623026889
0.180000  -.260000   -0.0000086621502647
0.220000  -.260000   -0.0000086461554867
0.260000  -.260000   -0.0000089510740174
0.300000  -.260000   -0.0000087723333151
0.340000  -.260000   -0.0000085253523185
0.380000  -.260000   -0.0000082039736646
0.420000  -.260000   -0.0000078060073005
0.460000  -.260000   -0.0000073325105781
0.500000  -.260000   -0.0000067965179429
0.540000  -.260000   -0.0000062146032696
0.580000  -.260000   -0.0000056077876015
0.620000  -.260000   -0.0000050218833027
0.660000  -.260000   -0.0000045190871410
0.700000  -.260000   -0.0000029498700871
0.740000  -.260000   -0.0000026242274592
0.780000  -.260000   -0.0000013531017964
0.820000  -.260000   -0.0000004620763774
0.860000  -.260000   -0.0000002498780715
0.900000  -.260000   -0.0000000033732032
0.940000  -.260000   -0.0000001866342311
-.780000  -.220000   -0.0000002829152929
-.740000  -.220000   -0.0000008709826600
-.700000  -.220000   -0.0000005640527845
-.660000  -.220000   -0.0000009072807108
-.620000  -.220000   -0.0000001325340455
-.580000  -.220000   -0.0000003103731303
-.540000  -.220000   -0.0000005293471023
-.500000  -.220000   -0.0000007892917468
-.460000  -.220000   -0.0000010843368855
-.420000  -.220000   -0.0000014205456108
-.380000  -.220000   -0.0000017922246170
-.340000  -.220000   -0.0000021953422051
-.300000  -.220000   -0.0000026278078325
-.260000  -.220000   -0.0000039194995143
-.220000  -.220000   -0.0000042470585989
-.180000  -.220000   -0.0000046014095131
-.140000  -.220000   -0.0000055476278950
-.100000  -.220000   -0.0000058172683332
-.060000  -.220000   -0.0000064793890398
-.020000  -.220000   -0.0000069705899926
0.020000  -.220000   -0.0000073661769465
0.060000  -.220000   -0.0000077363128998
0.100000  -.220000   -0.0000081102307499
0.140000  -.220000   -0.0000082452242651
0.180000  -.220000   -0.0000086041307118
0.220000  -.220000   -0.0000085862611473
0.260000  -.220000   -0.0000085054453711
0.300000  -.220000   -0.0000088603441705
0.340000  -.220000   -0.0000086308493232
0.380000  -.220000   -0.0000083257306052
0.420000  -.220000   -0.0000079533820616
0.460000  -.220000   -0.0000075349295159
0.500000  -.220000   -0.0000070569400298
0.540000  -.220000   -0.0000065390864696
0.580000  -.220000   -0.0000060132109292
0.620000  -.220000   -0.0000055255068836
0.660000  -.220000   -0.0000038690185132
0.700000  -.220000   -0.0000034014615518
0.740000  -.220000   -0.0000019170353527
0.780000  -.220000   -0.0000018286364909
0.820000  -.220000   -0.0000008388078755
0.860000  -.220000   -0.0000005114524193
0.900000  -.220000    0.0000001105045057
0.940000  -.220000   -0.0000003333645501
-.780000  -.180000   -0.0000004929692880
-.740000  -.180000   -0.0000004869761687
-.700000  -.180000   -0.0000009228405735
-.660000  -.180000   -0.0000002704359585
-.620000  -.180000   -0.0000004820731413
-.580000  -.180000   -0.0000007223411490
-.540000  -.180000   -0.0000009903221613
-.500000  -.180000   -0.0000012849142458
-.460000  -.180000   -0.0000016012813481
-.420000  -.180000   -0.0000019431751192
-.380000  -.180000   -0.0000023067825584
-.340000  -.180000   -0.0000026878095728
-.300000  -.180000   -0.0000030814772904
-.260000  -.180000   -0.0000034893257697
-.220000  -.180000   -0.0000039130983384
-.180000  -.180000   -0.0000050953114385
-.140000  -.180000   -0.0000053592331331
-.100000  -.180000   -0.0000056647114557
-.060000  -.180000   -0.0000063671453524
-.020000  -.180000   -0.0000068649222012
0.020000  -.180000   -0.0000072482054606
0.060000  -.180000   -0.0000076196054660
0.100000  -.180000   -0.0000080343822056
0.140000  -.180000   -0.0000081591358242
0.180000  -.180000   -0.0000082269037104
0.220000  -.180000   -0.0000086169810224
0.260000  -.180000   -0.0000085379371923
0.300000  -.180000   -0.0000083985917420
0.340000  -.180000   -0.0000081854421976
0.380000  -.180000   -0.0000078941256242
0.420000  -.180000   -0.0000075410127117
0.460000  -.180000   -0.0000070988707101
0.500000  -.180000   -0.0000065756956802
0.540000  -.180000   -0.0000060268298953
0.580000  -.180000   -0.0000054645899127
0.620000  -.180000   -0.0000049243045142
0.660000  -.180000   -0.0000044519345690
0.700000  -.180000   -0.0000028378349995
0.740000  -.180000   -0.0000024981960467
0.780000  -.180000   -0.0000011345279991
0.820000  -.180000   -0.0000001065330072
0.860000  -.180000    0.0000004033680623
0.900000  -.180000   -0.0000001332107115
0.940000  -.180000    0.0000000720193367
0.980000  -.180000   -0.0000017029523713
-.820000  -.140000   -0.0000000106053595
-.780000  -.140000   -0.0000002673554686
-.740000  -.140000   -0.0000007277156390
-.700000  -.140000   -0.0000002961872148
-.660000  -.140000   -0.0000005496494773
-.620000  -.140000   -0.0000008308022335
-.580000  -.140000   -0.0000011301935355
-.540000  -.140000   -0.0000001523401844
-.500000  -.140000   -0.0000004315563770
-.460000  -.140000   -0.0000007671001678
-.420000  -.140000   -0.0000011509818873
-.380000  -.140000   -0.0000015762916764
-.340000  -.140000   -0.0000020381646954
-.300000  -.140000   -0.0000025288662969
-.260000  -.140000   -0.0000040116152659
-.220000  -.140000   -0.0000043851616501
-.180000  -.140000   -0.0000047512475349
-.140000  -.140000   -0.0000051181608164
-.100000  -.140000   -0.0000060517635287
-.060000  -.140000   -0.0000062590187715
-.020000  -.140000   -0.0000067752486191
0.020000  -.140000   -0.0000071469710501
0.060000  -.140000   -0.0000075339882591
0.100000  -.140000   -0.0000077064402710
0.140000  -.140000   -0.0000081493606509
0.180000  -.140000   -0.0000082173590821
0.220000  -.140000   -0.0000082396387158
0.260000  -.140000   -0.0000082021419741
0.300000  -.140000   -0.0000086413176035
0.340000  -.140000   -0.0000084405669906
0.380000  -.140000   -0.0000081952855681
0.420000  -.140000   -0.0000078663538941
0.460000  -.140000   -0.0000074753049030
0.500000  -.140000   -0.0000070828310558
0.540000  -.140000   -0.0000066578955315
0.580000  -.140000   -0.0000051350425137
0.620000  -.140000   -0.0000045087093861
0.660000  -.140000   -0.0000039715178931
0.700000  -.140000   -0.0000035668380725
0.740000  -.140000   -0.0000019906533498
0.780000  -.140000   -0.0000019326733973
0.820000  -.140000   -0.0000008093864876
0.860000  -.140000   -0.0000002612950862
0.900000  -.140000    0.0000007637018663
0.940000  -.140000   -0.0000000117021973
0.980000  -.140000   -0.0000010245620128
-.820000  -.100000   -0.0000000742331443
-.780000  -.100000   -0.0000003837972606
-.740000  -.100000   -0.0000009427421689
-.700000  -.100000   -0.0000004812030435
-.660000  -.100000   -0.0000007986651368
-.620000  -.100000   -0.0000011371956456
-.580000  -.100000   -0.0000001431688507
-.540000  -.100000   -0.0000003898958602
-.500000  -.100000   -0.0000006937039388
-.460000  -.100000   -0.0000010496962256
-.420000  -.100000   -0.0000014474376060
-.380000  -.100000   -0.0000018805395158
-.340000  -.100000   -0.0000023458422739
-.300000  -.100000   -0.0000028322053577
-.260000  -.100000   -0.0000033318144577
-.220000  -.100000   -0.0000038353507268
-.180000  -.100000   -0.0000043332096385
-.140000  -.100000   -0.0000056080576466
-.100000  -.100000   -0.0000058711428123
-.060000  -.100000   -0.0000061396400184
-.020000  -.100000   -0.0000067080843522
0.020000  -.100000   -0.0000070635541763
0.060000  -.100000   -0.0000074957989227
0.100000  -.100000   -0.0000076697849043
0.140000  -.100000   -0.0000078296160423
0.180000  -.100000   -0.0000083828345203
0.220000  -.100000   -0.0000084127970658
0.260000  -.100000   -0.0000083810212325
0.300000  -.100000   -0.0000082847579831
0.340000  -.100000   -0.0000081039099185
0.380000  -.100000   -0.0000078665941311
0.420000  -.100000   -0.0000075539882923
0.460000  -.100000   -0.0000071346670540
0.500000  -.100000   -0.0000067216764409
0.540000  -.100000   -0.0000061779826271
0.580000  -.100000   -0.0000057092427241
0.620000  -.100000   -0.0000042224016955
0.660000  -.100000   -0.0000036378718787
0.700000  -.100000   -0.0000031692162588
0.740000  -.100000   -0.0000016539393035
0.780000  -.100000   -0.0000014699249343
0.820000  -.100000   -0.0000003375753457
0.860000  -.100000    0.0000002955340162
0.900000  -.100000   -0.0000000090734843
0.940000  -.100000    0.0000008669451736
0.980000  -.100000   -0.0000002153947500
-.820000  -.060000   -0.0000001308835418
-.780000  -.060000   -0.0000004760029681
-.740000  -.060000   -0.0000003005663413
-.700000  -.060000   -0.0000006217834452
-.660000  -.060000   -0.0000009852495156
-.620000  -.060000   -0.0000000847755060
-.580000  -.060000   -0.0000003029533327
-.540000  -.060000   -0.0000005739960718
-.500000  -.060000   -0.0000008979093653
-.460000  -.060000   -0.0000012723760340
-.420000  -.060000   -0.0000016860652966
-.380000  -.060000   -0.0000021342433222
-.340000  -.060000   -0.0000026113828792
-.300000  -.060000   -0.0000031085163404
-.260000  -.060000   -0.0000036179002934
-.220000  -.060000   -0.0000041288741524
-.180000  -.060000   -0.0000046307975872
-.140000  -.060000   -0.0000051103936123
-.100000  -.060000   -0.0000055561659680
-.060000  -.060000   -0.0000066081781383
-.020000  -.060000   -0.0000066679826333
0.020000  -.060000   -0.0000069972731461
0.060000  -.060000   -0.0000071724426675
0.100000  -.060000   -0.0000077843119925
0.140000  -.060000   -0.0000079620389015
0.180000  -.060000   -0.0000080946458571
0.220000  -.060000   -0.0000081647592848
0.260000  -.060000   -0.0000081623419535
0.300000  -.060000   -0.0000080797949718
0.340000  -.060000   -0.0000079188155395
0.380000  -.060000   -0.0000076728552613
0.420000  -.060000   -0.0000073735767482
0.460000  -.060000   -0.0000068966962956
0.500000  -.060000   -0.0000066241290446
0.540000  -.060000   -0.0000060500699213
0.580000  -.060000   -0.0000055702181235
0.620000  -.060000   -0.0000050762679637
0.660000  -.060000   -0.0000033858517779
0.700000  -.060000   -0.0000029406123412
0.740000  -.060000   -0.0000026514876182
0.780000  -.060000   -0.0000011872649837
0.820000  -.060000   -0.0000000469014994
0.860000  -.060000    0.0000006281467328
0.900000  -.060000    0.0000004541164515
0.940000  -.060000    0.0000000726588096
0.980000  -.060000   -0.0000002589868111
-.820000  -.020000   -0.0000001636749348
-.780000  -.020000   -0.0000005266025016
-.740000  -.020000   -0.0000003510729143
-.700000  -.020000   -0.0000006973744181
-.660000  -.020000   -0.0000010852455959
-.620000  -.020000   -0.0000001573184448
-.580000  -.020000   -0.0000003896063364
-.540000  -.020000   -0.0000006751278708
-.500000  -.020000   -0.0000010112218064
-.460000  -.020000   -0.0000013952291900
-.420000  -.020000   -0.0000018195232799
-.380000  -.020000   -0.0000022787582669
-.340000  -.020000   -0.0000027657784031
-.300000  -.020000   -0.0000032763651481
-.260000  -.020000   -0.0000037999216558
-.220000  -.020000   -0.0000043289436050
-.180000  -.020000   -0.0000048537544476
-.140000  -.020000   -0.0000053649684352
-.100000  -.020000   -0.0000058515439355
-.060000  -.020000   -0.0000062932682743
-.020000  -.020000   -0.0000066290833189
0.020000  -.020000   -0.0000069779567757
0.060000  -.020000   -0.0000072657367782
0.100000  -.020000   -0.0000075561757889
0.140000  -.020000   -0.0000077927937096
0.180000  -.020000   -0.0000079603876148
0.220000  -.020000   -0.0000080508756088
0.260000  -.020000   -0.0000080623020650
0.300000  -.020000   -0.0000079845026936
0.340000  -.020000   -0.0000078316132599
0.380000  -.020000   -0.0000075932318853
0.420000  -.020000   -0.0000072402568554
0.460000  -.020000   -0.0000069425819018
0.500000  -.020000   -0.0000062973918852
0.540000  -.020000   -0.0000059482815759
0.580000  -.020000   -0.0000054055434675
0.620000  -.020000   -0.0000049205487212
0.660000  -.020000   -0.0000033005611189
0.700000  -.020000   -0.0000028344508366
0.740000  -.020000   -0.0000025016118446
0.780000  -.020000   -0.0000010494564647
0.820000  -.020000    0.0000000888956989
0.860000  -.020000    0.0000007834356481
0.900000  -.020000    0.0000006720508252
0.940000  -.020000    0.0000003768463718
0.980000  -.020000   -0.0000010348207085
-.820000  0.020000   -0.0000001636749348
-.780000  0.020000   -0.0000005266025016
-.740000  0.020000   -0.0000003510729143
-.700000  0.020000   -0.0000006973744181
-.660000  0.020000   -0.0000010852455959
-.620000  0.020000   -0.0000001573184448
-.580000  0.020000   -0.0000003896063364
-.540000  0.020000   -0.0000006751278708
-.500000  0.020000   -0.0000010112218064
-.460000  0.020000   -0.0000013952291900
-.420000  0.020000   -0.0000018195232799
-.380000  0.020000   -0.0000022787582669
-.340000  0.020000   -0.0000027657784031
-.300000  0.020000   -0.0000032763651481
-.260000  0.020000   -0.0000037999216558
-.220000  0.020000   -0.0000043289436050
-.180000  0.020000   -0.0000048537544476
-.140000  0.020000   -0.0000053649684352
-.100000  0.020000   -0.0000058515439355
-.060000  0.020000   -0.0000062932682743
-.020000  0.020000   -0.0000066290833189
0.020000  0.020000   -0.0000069779567757
0.060000  0.020000   -0.0000072657367782
0.100000  0.020000   -0.0000075561757889
0.140000  0.020000   -0.0000077927937096
0.180000  0.020000   -0.0000079603876148
0.220000  0.020000   -0.0000080508756088
0.260000  0.020000   -0.0000080623020650
0.300000  0.020000   -0.0000079845026936
0.340000  0.020000   -0.0000078316132599
0.380000  0.020000   -0.0000075932318853
0.420000  0.020000   -0.0000072402568554
0.460000  0.020000   -0.0000069425819018
0.500000  0.020000   -0.0000062973918852
0.540000  0.020000   -0.0000059482815759
0.580000  0.020000   -0.0000054055434675
0.620000  0.020000   -0.0000049205487212
0.660000  0.020000   -0.0000033005611189
0.700000  0.020000   -0.0000028344508366
0.740000  0.020000   -0.0000025016118446
0.780000  0.020000   -0.0000010494564647
0.820000  0.020000    0.0000000888956989
0.860000  0.020000    0.0000007834356481
0.900000  0.020000    0.0000006720508252
0.940000  0.020000    0.0000003768463718
0.980000  0.020000   -0.0000010348207085
-.820000  0.060000   -0.0000001308835418
-.780000  0.060000   -0.0000004760029681
-.740000  0.060000   -0.0000003005663413
-.700000  0.060000   -0.0000006217834452
-.660000  0.060000   -0.0000009852495156
-.620000  0.060000   -0.0000000847755060
-.580000  0.060000   -0.0000003029533327
-.540000  0.060000   -0.0000005739960718
-.500000  0.060000   -0.0000008979093653
-.460000  0.060000   -0.0000012723760340
-.420000  0.060000   -0.0000016860652966
-.380000  0.060000   -0.0000021342433222
-.340000  0.060000   -0.0000026113828792
-.300000  0.060000   -0.0000031085163404
-.260000  0.060000   -0.0000036179002934
-.220000  0.060000   -0.0000041288741524
-.180000  0.060000   -0.0000046307975872
-.140000  0.060000   -0.0000051103936123
-.100000  0.060000   -0.0000055561659680
-.060000  0.060000   -0.0000066081781383
-.020000  0.060000   -0.0000066679826333
0.020000  0.060000   -0.0000069972731461
0.060000  0.060000   -0.0000071724426675
0.100000  0.060000   -0.0000077843119925
0.140000  0.060000   -0.0000079620389015
0.180000  0.060000   -0.0000080946458571
0.220000  0.060000   -0.0000081647592848
0.260000  0.060000   -0.0000081623419535
0.300000  0.060000   -0.0000080797949718
0.340000  0.060000   -0.0000079188155395
0.380000  0.060000   -0.0000076728552613
0.420000  0.060000   -0.0000073735767482
0.460000  0.060000   -0.0000068966962956
0.500000  0.060000   -0.0000066241290446
0.540000  0.060000   -0.0000060500699213
0.580000  0.060000   -0.0000055702181235
0.620000  0.060000   -0.0000050762679637
0.660000  0.060000   -0.0000033858517779
0.700000  0.060000   -0.0000029406123412
0.740000  0.060000   -0.0000026514876182
0.780000  0.060000   -0.0000011872649837
0.820000  0.060000   -0.0000000469014994
0.860000  0.060000    0.0000006281467328
0.900000  0.060000    0.0000004541164515
0.940000  0.060000    0.0000000726588096
0.980000  0.060000   -0.0000002589868111
-.820000  0.100000   -0.0000000742331443
-.780000  0.100000   -0.0000003837972606
-.740000  0.100000   -0.0000009427421689
-.700000  0.100000   -0.0000004812030435
-.660000  0.100000   -0.0000007986651368
-.620000  0.100000   -0.0000011371956456
-.580000  0.100000   -0.0000001431688507
-.540000  0.100000   -0.0000003898958602
-.500000  0.100000   -0.0000006937039388
-.460000  0.100000   -0.0000010496962256
-.420000  0.100000   -0.0000014474376060
-.380000  0.100000   -0.0000018805395158
-.340000  0.100000   -0.0000023458422739
-.300000  0.100000   -0.0000028322053577
-.260000  0.100000   -0.0000033318144577
-.220000  0.100000   -0.0000038353507268
-.180000  0.100000   -0.0000043332096385
-.140000  0.100000   -0.0000056080576466
-.100000  0.100000   -0.0000058711428123
-.060000  0.100000   -0.0000061396400184
-.020000  0.100000   -0.0000067080843522
0.020000  0.100000   -0.0000070635541763
0.060000  0.100000   -0.0000074957989227
0.100000  0.100000   -0.0000076697849043
0.140000  0.100000   -0.0000078296160423
0.180000  0.100000   -0.0000083828345203
0.220000  0.100000   -0.0000084127970658
0.260000  0.100000   -0.0000083810212325
0.300000  0.100000   -0.0000082847579831
0.340000  0.100000   -0.0000081039099185
0.380000  0.100000   -0.0000078665941311
0.420000  0.100000   -0.0000075539882923
0.460000  0.100000   -0.0000071346670540
0.500000  0.100000   -0.0000067216764409
0.540000  0.100000   -0.0000061779826271
0.580000  0.100000   -0.0000057092427241
0.620000  0.100000   -0.0000042224016955
0.660000  0.100000   -0.0000036378718787
0.700000  0.100000   -0.0000031692162588
0.740000  0.100000   -0.0000016539393035
0.780000  0.100000   -0.0000014699249343
0.820000  0.100000   -0.0000003375753457
0.860000  0.100000    0.0000002955340162
0.900000  0.100000   -0.0000000090734843
0.940000  0.100000    0.0000008669451736
0.980000  0.100000   -0.0000002153947500
-.820000  0.140000   -0.0000000106053595
-.780000  0.140000   -0.0000002673554686
-.740000  0.140000   -0.0000007277156390
-.700000  0.140000   -0.0000002961872148
-.660000  0.140000   -0.0000005496494773
-.620000  0.140000   -0.0000008308022335
-.580000  0.140000   -0.0000011301935355
-.540000  0.140000   -0.0000001523401844
-.500000  0.140000   -0.0000004315563770
-.460000  0.140000   -0.0000007671001678
-.420000  0.140000   -0.0000011509818873
-.380000  0.140000   -0.0000015762916764
-.340000  0.140000   -0.0000020381646954
-.300000  0.140000   -0.0000025288662969
-.260000  0.140000   -0.0000040116152659
-.220000  0.140000   -0.0000043851616501
-.180000  0.140000   -0.0000047512475349
-.140000  0.140000   -0.0000051181608164
-.100000  0.140000   -0.0000060517635287
-.060000  0.140000   -0.0000062590187715
-.020000  0.140000   -0.0000067752486191
0.020000  0.140000   -0.0000071469710501
0.060000  0.140000   -0.0000075339882591
0.100000  0.140000   -0.0000077064402710
0.140000  0.140000   -0.0000081493606509
0.180000  0.140000   -0.0000082173590821
0.220000  0.140000   -0.0000082396387158
0.260000  0.140000   -0.0000082021419741
0.300000  0.140000   -0.0000086413176035
0.340000  0.140000   -0.0000084405669906
0.380000  0.140000   -0.0000081952855681
0.420000  0.140000   -0.0000078663538941
0.460000  0.140000   -0.0000074753049030
0.500000  0.140000   -0.0000070828310558
0.540000  0.140000   -0.0000066578955315
0.580000  0.140000   -0.0000051350425137
0.620000  0.140000   -0.0000045087093861
0.660000  0.140000   -0.0000039715178931
0.700000  0.140000   -0.0000035668380725
0.740000  0.140000   -0.0000019906533498
0.780000  0.140000   -0.0000019326733973
0.820000  0.140000   -0.0000008093864876
0.860000  0.140000   -0.0000002612950862
0.900000  0.140000    0.0000007637018663
0.940000  0.140000   -0.0000000117021973
0.980000  0.140000   -0.0000010245620128
-.780000  0.180000   -0.0000004929692880
-.740000  0.180000   -0.0000004869761687
-.700000  0.180000   -0.0000009228405735
-.660000  0.180000   -0.0000002704359585
-.620000  0.180000   -0.0000004820731413
-.580000  0.180000   -0.0000007223411490
-.540000  0.180000   -0.0000009903221613
-.500000  0.180000   -0.0000012849142458
-.460000  0.180000   -0.0000016012813481
-.420000  0.180000   -0.0000019431751192
-.380000  0.180000   -0.0000023067825584
-.340000  0.180000   -0.0000026878095728
-.300000  0.180000   -0.0000030814772904
-.260000  0.180000   -0.0000034893257697
-.220000  0.180000   -0.0000039130983384
-.180000  0.180000   -0.0000050953114385
-.140000  0.180000   -0.0000053592331331
-.100000  0.180000   -0.0000056647114557
-.060000  0.180000   -0.0000063671453524
-.020000  0.180000   -0.0000068649222012
0.020000  0.180000   -0.0000072482054606
0.060000  0.180000   -0.0000076196054660
0.100000  0.180000   -0.0000080343822056
0.140000  0.180000   -0.0000081591358242
0.180000  0.180000   -0.0000082269037104
0.220000  0.180000   -0.0000086169810224
0.260000  0.180000   -0.0000085379371923
0.300000  0.180000   -0.0000083985917420
0.340000  0.180000   -0.0000081854421976
0.380000  0.180000   -0.0000078941256242
0.420000  0.180000   -0.0000075410127117
0.460000  0.180000   -0.0000070988707101
0.500000  0.180000   -0.0000065756956802
0.540000  0.180000   -0.0000060268298953
0.580000  0.180000   -0.0000054645899127
0.620000  0.180000   -0.0000049243045142
0.660000  0.180000   -0.0000044519345690
0.700000  0.180000   -0.0000028378349995
0.740000  0.180000   -0.0000024981960467
0.780000  0.180000   -0.0000011345279991
0.820000  0.180000   -0.0000001065330072
0.860000  0.180000    0.0000004033680623
0.900000  0.180000   -0.0000001332107115
0.940000  0.180000    0.0000000720193367
0.980000  0.180000   -0.0000017029523713
-.780000  0.220000   -0.0000002829152929
-.740000  0.220000   -0.0000008709826600
-.700000  0.220000   -0.0000005640527845
-.660000  0.220000   -0.0000009072807108
-.620000  0.220000   -0.0000001325340455
-.580000  0.220000   -0.0000003103731303
-.540000  0.220000   -0.0000005293471023
-.500000  0.220000   -0.0000007892917468
-.460000  0.220000   -0.0000010843368855
-.420000  0.220000   -0.0000014205456108
-.380000  0.220000   -0.0000017922246170
-.340000  0.220000   -0.0000021953422051
-.300000  0.220000   -0.0000026278078325
-.260000  0.220000   -0.0000039194995143
-.220000  0.220000   -0.0000042470585989
-.180000  0.220000   -0.0000046014095131
-.140000  0.220000   -0.0000055476278950
-.100000  0.220000   -0.0000058172683332
-.060000  0.220000   -0.0000064793890398
-.020000  0.220000   -0.0000069705899926
0.020000  0.220000   -0.0000073661769465
0.060000  0.220000   -0.0000077363128998
0.100000  0.220000   -0.0000081102307499
0.140000  0.220000   -0.0000082452242651
0.180000  0.220000   -0.0000086041307118
0.220000  0.220000   -0.0000085862611473
0.260000  0.220000   -0.0000085054453711
0.300000  0.220000   -0.0000088603441705
0.340000  0.220000   -0.0000086308493232
0.380000  0.220000   -0.0000083257306052
0.420000  0.220000   -0.0000079533820616
0.460000  0.220000   -0.0000075349295159
0.500000  0.220000   -0.0000070569400298
0.540000  0.220000   -0.0000065390864696
0.580000  0.220000   -0.0000060132109292
0.620000  0.220000   -0.0000055255068836
0.660000  0.220000   -0.0000038690185132
0.700000  0.220000   -0.0000034014615518
0.740000  0.220000   -0.0000019170353527
0.780000  0.220000   -0.0000018286364909
0.820000  0.220000   -0.0000008388078755
0.860000  0.220000   -0.0000005114524193
0.900000  0.220000    0.0000001105045057
0.940000  0.220000   -0.0000003333645501
-.780000  0.260000   -0.0000003284172245
-.740000  0.260000   -0.0000005099343224
-.700000  0.260000   -0.0000010101652202
-.660000  0.260000   -0.0000004619874738
-.620000  0.260000   -0.0000007033172042
-.580000  0.260000   -0.0000009466932127
-.540000  0.260000   -0.0000011949966685
-.500000  0.260000   -0.0000014505579884
-.460000  0.260000   -0.0000017200416911
-.420000  0.260000   -0.0000020036651663
-.380000  0.260000   -0.0000023079363167
-.340000  0.260000   -0.0000026389269445
-.300000  0.260000   -0.0000029975987028
-.260000  0.260000   -0.0000033880724012
-.220000  0.260000   -0.0000045193361170
-.180000  0.260000   -0.0000048195704610
-.140000  0.260000   -0.0000056950156515
-.100000  0.260000   -0.0000059577283419
-.060000  0.260000   -0.0000065908461602
-.020000  0.260000   -0.0000070862087212
0.020000  0.260000   -0.0000074937341441
0.060000  0.260000   -0.0000078615014636
0.100000  0.260000   -0.0000082152064174
0.140000  0.260000   -0.0000083623026889
0.180000  0.260000   -0.0000086621502647
0.220000  0.260000   -0.0000086461554867
0.260000  0.260000   -0.0000089510740174
0.300000  0.260000   -0.0000087723333151
0.340000  0.260000   -0.0000085253523185
0.380000  0.260000   -0.0000082039736646
0.420000  0.260000   -0.0000078060073005
0.460000  0.260000   -0.0000073325105781
0.500000  0.260000   -0.0000067965179429
0.540000  0.260000   -0.0000062146032696
0.580000  0.260000   -0.0000056077876015
0.620000  0.260000   -0.0000050218833027
0.660000  0.260000   -0.0000045190871410
0.700000  0.260000   -0.0000029498700871
0.740000  0.260000   -0.0000026242274592
0.780000  0.260000   -0.0000013531017964
0.820000  0.260000   -0.0000004620763774
0.860000  0.260000   -0.0000002498780715
0.900000  0.260000   -0.0000000033732032
0.940000  0.260000   -0.0000001866342311
-.780000  0.300000   -0.0000001082070995
-.740000  0.300000   -0.0000006782723782
-.700000  0.300000   -0.0000005399880997
-.660000  0.300000   -0.0000008952209766
-.620000  0.300000   -0.0000002262203444
-.580000  0.300000   -0.0000003922572233
-.540000  0.300000   -0.0000005870332985
-.500000  0.300000   -0.0000008123936081
-.460000  0.300000   -0.0000010758021249
-.420000  0.300000   -0.0000013762404913
-.380000  0.300000   -0.0000017167971359
-.340000  0.300000   -0.0000030234474100
-.300000  0.300000   -0.0000033146556168
-.260000  0.300000   -0.0000036471002453
-.220000  0.300000   -0.0000040172697265
-.180000  0.300000   -0.0000049914068017
-.140000  0.300000   -0.0000053098196745
-.100000  0.300000   -0.0000060791110764
-.060000  0.300000   -0.0000067013773800
-.020000  0.300000   -0.0000071994695318
0.020000  0.300000   -0.0000076174639780
0.060000  0.300000   -0.0000079930214877
0.100000  0.300000   -0.0000083413185632
0.140000  0.300000   -0.0000086839425123
0.180000  0.300000   -0.0000087660535900
0.220000  0.300000   -0.0000090730614578
0.260000  0.300000   -0.0000089720675500
0.300000  0.300000   -0.0000087890247435
0.340000  0.300000   -0.0000085284679687
0.380000  0.300000   -0.0000087534065678
0.420000  0.300000   -0.0000083532408434
0.460000  0.300000   -0.0000078940272293
0.500000  0.300000   -0.0000073826408657
0.540000  0.300000   -0.0000068426854291
0.580000  0.300000   -0.0000063002179979
0.620000  0.300000   -0.0000058045008321
0.660000  0.300000   -0.0000041428108063
0.700000  0.300000   -0.0000037195585995
0.740000  0.300000   -0.0000022665647680
0.780000  0.300000   -0.0000023630508877
0.820000  0.300000   -0.0000016082498515
0.860000  0.300000   -0.0000002673280802
0.900000  0.300000   -0.0000005181644629
0.940000  0.300000   -0.0000012975270801
-.740000  0.340000   -0.0000003037099574
-.700000  0.340000   -0.0000007577373905
-.660000  0.340000   -0.0000003781110342
-.620000  0.340000   -0.0000005960821899
-.580000  0.340000   -0.0000008095571683
-.540000  0.340000   -0.0000010221784247
-.500000  0.340000   -0.0000012422344727
-.460000  0.340000   -0.0000014768320537
-.420000  0.340000   -0.0000017379034558
-.380000  0.340000   -0.0000020340584516
-.340000  0.340000   -0.0000023705966354
-.300000  0.340000   -0.0000035614013665
-.260000  0.340000   -0.0000038511150215
-.220000  0.340000   -0.0000041888174248
-.180000  0.340000   -0.0000051245586425
-.140000  0.340000   -0.0000054363640160
-.100000  0.340000   -0.0000061852629965
-.060000  0.340000   -0.0000068017914468
-.020000  0.340000   -0.0000073094552007
0.020000  0.340000   -0.0000077413121700
0.060000  0.340000   -0.0000081229261551
0.100000  0.340000   -0.0000084683946561
0.140000  0.340000   -0.0000087959717340
0.180000  0.340000   -0.0000088835688364
0.220000  0.340000   -0.0000091490163360
0.260000  0.340000   -0.0000090450845465
0.300000  0.340000   -0.0000088526883667
0.340000  0.340000   -0.0000090457502794
0.380000  0.340000   -0.0000086931152968
0.420000  0.340000   -0.0000082697910001
0.460000  0.340000   -0.0000077763943555
0.500000  0.340000   -0.0000072262297337
0.540000  0.340000   -0.0000066356467942
0.580000  0.340000   -0.0000060354515902
0.620000  0.340000   -0.0000054725755410
0.660000  0.340000   -0.0000050265663340
0.700000  0.340000   -0.0000034303187119
0.740000  0.340000   -0.0000032966838829
0.780000  0.340000   -0.0000021445898396
0.820000  0.340000   -0.0000015663329416
0.860000  0.340000   -0.0000005788740242
0.900000  0.340000   -0.0000003360320603
0.940000  0.340000   -0.0000028722923012
-.740000  0.380000   -0.0000002849783365
-.700000  0.380000   -0.0000008532232683
-.660000  0.380000   -0.0000005936577421
-.620000  0.380000   -0.0000008824381353
-.580000  0.380000   -0.0000011403458477
-.540000  0.380000   -0.0000013686203114
-.500000  0.380000   -0.0000015803276961
-.460000  0.380000   -0.0000017924071411
-.420000  0.380000   -0.0000020205774713
-.380000  0.380000   -0.0000022782103159
-.340000  0.380000   -0.0000025766032353
-.300000  0.380000   -0.0000029239333553
-.260000  0.380000   -0.0000039905349865
-.220000  0.380000   -0.0000043125151102
-.180000  0.380000   -0.0000052142504996
-.140000  0.380000   -0.0000055307255364
-.100000  0.380000   -0.0000062663664570
-.060000  0.380000   -0.0000068842504787
-.020000  0.380000   -0.0000074018290318
0.020000  0.380000   -0.0000078447502500
0.060000  0.380000   -0.0000082368297768
0.100000  0.380000   -0.0000085878238850
0.140000  0.380000   -0.0000089100575484
0.180000  0.380000   -0.0000090021771601
0.220000  0.380000   -0.0000092418724823
0.260000  0.380000   -0.0000091334942722
0.300000  0.380000   -0.0000093473833234
0.340000  0.380000   -0.0000090644031962
0.380000  0.380000   -0.0000086957414914
0.420000  0.380000   -0.0000082489179062
0.460000  0.380000   -0.0000077276152581
0.500000  0.380000   -0.0000071454628914
0.540000  0.380000   -0.0000065173424223
0.580000  0.380000   -0.0000058767689369
0.620000  0.380000   -0.0000052738185842
0.660000  0.380000   -0.0000047876690632
0.700000  0.380000   -0.0000032669361827
0.740000  0.380000   -0.0000031367203447
0.780000  0.380000   -0.0000021308061602
0.820000  0.380000   -0.0000017981445002
0.860000  0.380000   -0.0000012976065326
0.900000  0.380000   -0.0000011252180044
-.740000  0.420000   -0.0000001567686013
-.700000  0.420000   -0.0000003388800460
-.660000  0.420000   -0.0000007040635367
-.620000  0.420000   -0.0000010563770237
-.580000  0.420000   -0.0000004432539221
-.540000  0.420000   -0.0000006116146082
-.500000  0.420000   -0.0000008020158677
-.460000  0.420000   -0.0000010238927650
-.420000  0.420000   -0.0000012934946810
-.380000  0.420000   -0.0000024379192087
-.340000  0.420000   -0.0000027117030069
-.300000  0.420000   -0.0000030364993393
-.260000  0.420000   -0.0000040645291234
-.220000  0.420000   -0.0000043830587431
-.180000  0.420000   -0.0000052559069217
-.140000  0.420000   -0.0000055857182469
-.100000  0.420000   -0.0000063172964729
-.060000  0.420000   -0.0000069391152473
-.020000  0.420000   -0.0000074693683104
0.020000  0.420000   -0.0000079268025137
0.060000  0.420000   -0.0000083292989201
0.100000  0.420000   -0.0000086873226720
0.140000  0.420000   -0.0000090092600037
0.180000  0.420000   -0.0000091050632454
0.220000  0.420000   -0.0000093354416583
0.260000  0.420000   -0.0000092182113452
0.300000  0.420000   -0.0000094008086775
0.340000  0.420000   -0.0000091056767648
0.380000  0.420000   -0.0000087159723293
0.420000  0.420000   -0.0000089204695737
0.460000  0.420000   -0.0000084250087074
0.500000  0.420000   -0.0000078823216435
0.540000  0.420000   -0.0000073216403263
0.580000  0.420000   -0.0000067793315840
0.620000  0.420000   -0.0000051522813677
0.660000  0.420000   -0.0000046569482162
0.700000  0.420000   -0.0000044374622059
0.740000  0.420000   -0.0000031415704763
0.780000  0.420000   -0.0000023219657919
0.820000  0.420000   -0.0000010029748151
0.860000  0.420000   -0.0000012800403114
0.900000  0.420000   -0.0000022665891648
-.700000  0.460000   -0.0000006227633771
-.660000  0.460000   -0.0000006987701624
-.620000  0.460000   -0.0000011051763786
-.580000  0.460000   -0.0000005734802248
-.540000  0.460000   -0.0000007532018357
-.500000  0.460000   -0.0000009392436093
-.460000  0.460000   -0.0000011498229840
-.420000  0.460000   -0.0000013990650218
-.380000  0.460000   -0.0000025032421483
-.340000  0.460000   -0.0000027633092979
-.300000  0.460000   -0.0000030782871501
-.260000  0.460000   -0.0000040691431025
-.220000  0.460000   -0.0000043963777477
-.180000  0.460000   -0.0000052482222121
-.140000  0.460000   -0.0000055956354337
-.100000  0.460000   -0.0000063264721099
-.060000  0.460000   -0.0000069566645055
-.020000  0.460000   -0.0000074972753327
0.020000  0.460000   -0.0000079729649317
0.060000  0.460000   -0.0000083882704241
0.100000  0.460000   -0.0000087571943771
0.140000  0.460000   -0.0000090826203082
0.180000  0.460000   -0.0000091794096818
0.220000  0.460000   -0.0000094099995594
0.260000  0.460000   -0.0000092812579316
0.300000  0.460000   -0.0000094522646802
0.340000  0.460000   -0.0000091408733141
0.380000  0.460000   -0.0000087325840537
0.420000  0.460000   -0.0000089010138897
0.460000  0.460000   -0.0000083832027463
0.500000  0.460000   -0.0000078204405543
0.540000  0.460000   -0.0000072401234395
0.580000  0.460000   -0.0000066846695827
0.620000  0.460000   -0.0000050796274131
0.660000  0.460000   -0.0000046149965398
0.700000  0.460000   -0.0000032084682323
0.740000  0.460000   -0.0000033280716020
0.780000  0.460000   -0.0000027962826569
0.820000  0.460000   -0.0000019571999291
0.860000  0.460000   -0.0000011930688794
-.700000  0.500000   -0.0000003184902304
-.660000  0.500000   -0.0000005834007823
-.620000  0.500000   -0.0000010291973295
-.580000  0.500000   -0.0000006108892591
-.540000  0.500000   -0.0000008016186809
-.500000  0.500000   -0.0000009867071098
-.460000  0.500000   -0.0000011875563228
-.420000  0.500000   -0.0000014236276854
-.380000  0.500000   -0.0000024731357010
-.340000  0.500000   -0.0000027315625406
-.300000  0.500000   -0.0000030452812481
-.260000  0.500000   -0.0000040015451146
-.220000  0.500000   -0.0000043421852151
-.180000  0.500000   -0.0000051801659162
-.140000  0.500000   -0.0000055510350646
-.100000  0.500000   -0.0000062840459850
-.060000  0.500000   -0.0000069232983760
-.020000  0.500000   -0.0000074811727735
0.020000  0.500000   -0.0000079694528589
0.060000  0.500000   -0.0000083981838930
0.100000  0.500000   -0.0000087808276059
0.140000  0.500000   -0.0000091170881152
0.180000  0.500000   -0.0000092136561431
0.220000  0.500000   -0.0000094506508594
0.260000  0.500000   -0.0000093083372798
0.300000  0.500000   -0.0000094810977353
0.340000  0.500000   -0.0000091537389964
0.380000  0.500000   -0.0000087234015499
0.420000  0.500000   -0.0000088870825704
0.460000  0.500000   -0.0000083547615481
0.500000  0.500000   -0.0000077774730270
0.540000  0.500000   -0.0000071914475225
0.580000  0.500000   -0.0000066481817174
0.620000  0.500000   -0.0000050471768109
0.660000  0.500000   -0.0000046591747128
0.700000  0.500000   -0.0000033409821672
0.740000  0.500000   -0.0000024137396587
0.780000  0.500000   -0.0000022284294370
0.820000  0.500000   -0.0000023651782039
0.860000  0.500000   -0.0000024014247294
-.660000  0.540000   -0.0000003802092484
-.620000  0.540000   -0.0000008430594547
-.580000  0.540000   -0.0000005603039127
-.540000  0.540000   -0.0000007599819249
-.500000  0.540000   -0.0000009433216172
-.460000  0.540000   -0.0000011370623345
-.420000  0.540000   -0.0000013633593567
-.380000  0.540000   -0.0000023545303788
-.340000  0.540000   -0.0000026141386057
-.300000  0.540000   -0.0000029330104720
-.260000  0.540000   -0.0000038575957684
-.220000  0.540000   -0.0000042167494470
-.180000  0.540000   -0.0000050452621872
-.140000  0.540000   -0.0000054397996659
-.100000  0.540000   -0.0000061757816667
-.060000  0.540000   -0.0000068272671226
-.020000  0.540000   -0.0000074013504634
0.020000  0.540000   -0.0000079067193204
0.060000  0.540000   -0.0000083528859765
0.100000  0.540000   -0.0000087485968585
0.140000  0.540000   -0.0000090977740751
0.180000  0.540000   -0.0000091968680277
0.220000  0.540000   -0.0000094449434481
0.260000  0.540000   -0.0000092898295301
0.300000  0.540000   -0.0000094744469616
0.340000  0.540000   -0.0000091300898596
0.380000  0.540000   -0.0000086792731463
0.420000  0.540000   -0.0000088625427801
0.460000  0.540000   -0.0000083204792490
0.500000  0.540000   -0.0000077436428991
0.540000  0.540000   -0.0000071711083845
0.580000  0.540000   -0.0000066643586262
0.620000  0.540000   -0.0000050745064958
0.660000  0.540000   -0.0000048297072672
0.700000  0.540000   -0.0000036624168337
0.740000  0.540000   -0.0000030748109872
0.780000  0.540000   -0.0000022977164731
0.820000  0.540000   -0.0000019788697305
-.660000  0.580000   -0.0000002734270773
-.620000  0.580000   -0.0000005733123229
-.580000  0.580000   -0.0000009892452183
-.540000  0.580000   -0.0000006393180926
-.500000  0.580000   -0.0000008212156398
-.460000  0.580000   -0.0000010079840681
-.420000  0.580000   -0.0000012246459548
-.380000  0.580000   -0.0000021483248516
-.340000  0.580000   -0.0000024117812752
-.300000  0.580000   -0.0000027386380445
-.260000  0.580000   -0.0000036336170814
-.220000  0.580000   -0.0000040117336964
-.180000  0.580000   -0.0000048321484219
-.140000  0.580000   -0.0000055632226588
-.100000  0.580000   -0.0000059939541479
-.060000  0.580000   -0.0000066579462827
-.020000  0.580000   -0.0000072471070633
0.020000  0.580000   -0.0000077700891397
0.060000  0.580000   -0.0000082357426788
0.100000  0.580000   -0.0000086471225466
0.140000  0.580000   -0.0000088262069481
0.180000  0.580000   -0.0000091145934758
0.220000  0.580000   -0.0000093777935009
0.260000  0.580000   -0.0000092135351972
0.300000  0.580000   -0.0000094179212947
0.340000  0.580000   -0.0000090618086757
0.380000  0.580000   -0.0000085940107832
0.420000  0.580000   -0.0000088170257715
0.460000  0.580000   -0.0000082785991952
0.500000  0.580000   -0.0000077146565177
0.540000  0.580000   -0.0000071803672819
0.580000  0.580000   -0.0000055827387091
0.620000  0.580000   -0.0000052017354079
0.660000  0.580000   -0.0000038929884722
0.700000  0.580000   -0.0000030045652056
0.740000  0.580000   -0.0000029493348138
0.780000  0.580000   -0.0000023225285856
-.620000  0.620000   -0.0000005211709560
-.580000  0.620000   -0.0000006670054700
-.540000  0.620000   -0.0000010041575051
-.500000  0.620000   -0.0000012598281199
-.460000  0.620000   -0.0000014596302427
-.420000  0.620000   -0.0000016483266571
-.380000  0.620000   -0.0000018634506048
-.340000  0.620000   -0.0000021300816122
-.300000  0.620000   -0.0000024617219076
-.260000  0.620000   -0.0000033246178127
-.220000  0.620000   -0.0000037211069998
-.180000  0.620000   -0.0000045331792528
-.140000  0.620000   -0.0000052689667519
-.100000  0.620000   -0.0000059237289473
-.060000  0.620000   -0.0000063986978123
-.020000  0.620000   -0.0000070047798063
0.020000  0.620000   -0.0000075466520318
0.060000  0.620000   -0.0000080298107705
0.100000  0.620000   -0.0000083064476480
0.140000  0.620000   -0.0000086492056765
0.180000  0.620000   -0.0000089555303766
0.220000  0.620000   -0.0000092379586802
0.260000  0.620000   -0.0000090707455324
0.300000  0.620000   -0.0000093017991524
0.340000  0.620000   -0.0000089412395406
0.380000  0.620000   -0.0000084682309013
0.420000  0.620000   -0.0000079156742995
0.460000  0.620000   -0.0000073113873128
0.500000  0.620000   -0.0000066922969049
0.540000  0.620000   -0.0000061185601177
0.580000  0.620000   -0.0000056766279655
0.620000  0.620000   -0.0000042808404075
0.660000  0.620000   -0.0000044456533772
0.700000  0.620000   -0.0000027927087697
0.740000  0.620000   -0.0000025937534947
0.780000  0.620000   -0.0000027879095983
-.620000  0.660000   -0.0000000360113635
-.580000  0.660000   -0.0000006326913745
-.540000  0.660000   -0.0000006484651549
-.500000  0.660000   -0.0000009075611253
-.460000  0.660000   -0.0000011121916251
-.420000  0.660000   -0.0000012998079579
-.380000  0.660000   -0.0000015106472367
-.340000  0.660000   -0.0000017753847761
-.300000  0.660000   -0.0000025838319388
-.260000  0.660000   -0.0000029303264126
-.220000  0.660000   -0.0000037116055987
-.180000  0.660000   -0.0000041380581863
-.140000  0.660000   -0.0000048776218920
-.100000  0.660000   -0.0000055454638802
-.060000  0.660000   -0.0000061465567315
-.020000  0.660000   -0.0000066868918735
0.020000  0.660000   -0.0000071754229328
0.060000  0.660000   -0.0000076171101947
0.100000  0.660000   -0.0000080178552940
0.140000  0.660000   -0.0000083799605887
0.180000  0.660000   -0.0000087071253450
0.220000  0.660000   -0.0000086020592604
0.260000  0.660000   -0.0000088540548568
0.300000  0.660000   -0.0000085271149863
0.340000  0.660000   -0.0000087649944679
0.380000  0.660000   -0.0000083015137447
0.420000  0.660000   -0.0000077633202831
0.460000  0.660000   -0.0000071913416419
0.500000  0.660000   -0.0000066398357847
0.540000  0.660000   -0.0000061869296966
0.580000  0.660000   -0.0000047425986947
0.620000  0.660000   -0.0000047729373862
0.660000  0.660000   -0.0000029546588927
0.700000  0.660000   -0.0000023524707551
0.740000  0.660000   -0.0000032000095558
-.580000  0.700000   -0.0000002320582700
-.540000  0.700000   -0.0000006062483883
-.500000  0.700000   -0.0000009891238771
-.460000  0.700000   -0.0000012549304358
-.420000  0.700000   -0.0000009121201805
-.380000  0.700000   -0.0000016255947868
-.340000  0.700000   -0.0000018346476553
-.300000  0.700000   -0.0000021082230154
-.260000  0.700000   -0.0000028385198628
-.220000  0.700000   -0.0000032112288957
-.180000  0.700000   -0.0000039163848932
-.140000  0.700000   -0.0000043837730594
-.100000  0.700000   -0.0000050589889215
-.060000  0.700000   -0.0000056759596255
-.020000  0.700000   -0.0000062343809036
0.020000  0.700000   -0.0000067419445067
0.060000  0.700000   -0.0000072029126415
0.100000  0.700000   -0.0000076218469180
0.140000  0.700000   -0.0000080044463667
0.180000  0.700000   -0.0000079749752061
0.220000  0.700000   -0.0000082664031275
0.260000  0.700000   -0.0000079871997005
0.300000  0.700000   -0.0000082371773518
0.340000  0.700000   -0.0000077970032682
0.380000  0.700000   -0.0000072696879102
0.420000  0.700000   -0.0000076088729804
0.460000  0.700000   -0.0000061173697529
0.500000  0.700000   -0.0000055996052831
0.540000  0.700000   -0.0000052424885588
0.580000  0.700000   -0.0000040363427657
0.620000  0.700000   -0.0000033095588519
0.660000  0.700000   -0.0000025188661940
0.700000  0.700000   -0.0000027116205188
-.540000  0.740000   -0.0000002600878424
-.500000  0.740000   -0.0000008169497465
-.460000  0.740000   -0.0000007450692779
-.420000  0.740000   -0.0000009452603171
-.380000  0.740000   -0.0000011201249131
-.340000  0.740000   -0.0000013195983043
-.300000  0.740000   -0.0000019737480224
-.260000  0.740000   -0.0000022599219186
-.220000  0.740000   -0.0000029112646678
-.180000  0.740000   -0.0000033159067867
-.140000  0.740000   -0.0000039566713898
-.100000  0.740000   -0.0000045434759198
-.060000  0.740000   -0.0000050852654802
-.020000  0.740000   -0.0000056598979021
0.020000  0.740000   -0.0000061846035908
0.060000  0.740000   -0.0000066647982303
0.100000  0.740000   -0.0000068167076029
0.140000  0.740000   -0.0000071745607042
0.180000  0.740000   -0.0000075099914053
0.220000  0.740000   -0.0000072975209208
0.260000  0.740000   -0.0000075778443729
0.300000  0.740000   -0.0000071842709815
0.340000  0.740000   -0.0000074804050110
0.380000  0.740000   -0.0000070072418849
0.420000  0.740000   -0.0000065104540363
0.460000  0.740000   -0.0000060572645872
0.500000  0.740000   -0.0000046675697657
0.540000  0.740000   -0.0000045523500691
0.580000  0.740000   -0.0000038166098681
0.620000  0.740000   -0.0000029928505573
0.660000  0.740000   -0.0000032235024003
-.500000  0.780000   -0.0000003164425578
-.460000  0.780000   -0.0000005626427189
-.420000  0.780000   -0.0000008289168398
-.380000  0.780000   -0.0000010125355543
-.340000  0.780000   -0.0000011736075004
-.300000  0.780000   -0.0000013677246960
-.260000  0.780000   -0.0000019452963885
-.220000  0.780000   -0.0000022437113180
-.180000  0.780000   -0.0000028254079847
-.140000  0.780000   -0.0000032553679602
-.100000  0.780000   -0.0000038458174018
-.060000  0.780000   -0.0000043911654829
-.020000  0.780000   -0.0000048936237062
0.020000  0.780000   -0.0000053587347960
0.060000  0.780000   -0.0000057902262824
0.100000  0.780000   -0.0000061943837260
0.140000  0.780000   -0.0000065719543566
0.180000  0.780000   -0.0000064584207361
0.220000  0.780000   -0.0000067709352691
0.260000  0.780000   -0.0000064447123606
0.300000  0.780000   -0.0000067567087886
0.340000  0.780000   -0.0000063340985975
0.380000  0.780000   -0.0000058758901784
0.420000  0.780000   -0.0000054517423709
0.460000  0.780000   -0.0000051488564399
0.500000  0.780000   -0.0000040554783269
0.540000  0.780000   -0.0000034281782820
0.580000  0.780000   -0.0000028550420332
0.620000  0.780000   -0.0000029070770845
-.460000  0.820000   -0.0000002476787162
-.420000  0.820000   -0.0000008256425919
-.380000  0.820000   -0.0000007819300602
-.340000  0.820000   -0.0000009423159142
-.300000  0.820000   -0.0000010857028531
-.260000  0.820000   -0.0000015603193500
-.220000  0.820000   -0.0000017733686504
-.180000  0.820000   -0.0000022429945872
-.140000  0.820000   -0.0000026024058925
-.100000  0.820000   -0.0000030929388677
-.060000  0.820000   -0.0000035480959976
-.020000  0.820000   -0.0000039718342637
0.020000  0.820000   -0.0000043707670261
0.060000  0.820000   -0.0000047496896904
0.100000  0.820000   -0.0000051114721012
0.140000  0.820000   -0.0000054611353685
0.180000  0.820000   -0.0000052741015387
0.220000  0.820000   -0.0000055831102852
0.260000  0.820000   -0.0000052360005988
0.300000  0.820000   -0.0000055778470788
0.340000  0.820000   -0.0000052007389346
0.380000  0.820000   -0.0000048516341394
0.420000  0.820000   -0.0000037195442920
0.460000  0.820000   -0.0000037186905818
0.500000  0.820000   -0.0000033275036523
0.540000  0.820000   -0.0000025402563710
-.420000  0.860000   -0.0000000669875723
-.380000  0.860000   -0.0000006100419022
-.340000  0.860000   -0.0000009249475145
-.300000  0.860000   -0.0000010719680492
-.260000  0.860000   -0.0000011652878081
-.220000  0.860000   -0.0000012882798952
-.180000  0.860000   -0.0000016569459032
-.140000  0.860000   -0.0000019042870411
-.100000  0.860000   -0.0000022948742742
-.060000  0.860000   -0.0000026564604757
-.020000  0.860000   -0.0000029985473180
0.020000  0.860000   -0.0000033264804732
0.060000  0.860000   -0.0000036463646536
0.100000  0.860000   -0.0000039625565276
0.140000  0.860000   -0.0000042786953486
0.180000  0.860000   -0.0000040845922326
0.220000  0.860000   -0.0000043932657910
0.260000  0.860000   -0.0000041013729652
0.300000  0.860000   -0.0000037884369792
0.340000  0.860000   -0.0000035290774005
0.380000  0.860000   -0.0000034166024306
0.420000  0.860000   -0.0000028478620375
0.460000  0.860000   -0.0000022795335651
0.500000  0.860000   -0.0000027493501176
-.340000  0.900000   -0.0000005271866358
-.300000  0.900000   -0.0000008500247173
-.260000  0.900000   -0.0000010276255799
-.220000  0.900000   -0.0000010860365602
-.180000  0.900000   -0.0000011421986085
-.140000  0.900000   -0.0000013994900936
-.100000  0.900000   -0.0000015628019849
-.060000  0.900000   -0.0000018399018190
-.020000  0.900000   -0.0000021034506085
0.020000  0.900000   -0.0000023606945940
0.060000  0.900000   -0.0000026191557812
0.100000  0.900000   -0.0000028861051595
0.140000  0.900000   -0.0000027853602909
0.180000  0.900000   -0.0000030573582853
0.220000  0.900000   -0.0000028814610274
0.260000  0.900000   -0.0000027123024754
0.300000  0.900000   -0.0000026329099672
0.340000  0.900000   -0.0000021983406280
0.380000  0.900000   -0.0000022361419833
0.420000  0.900000   -0.0000026708184487
-.260000  0.940000   -0.0000006716451161
-.220000  0.940000   -0.0000010134936756
-.180000  0.940000   -0.0000011373532437
-.140000  0.940000   -0.0000011320797839
-.100000  0.940000   -0.0000012766516860
-.060000  0.940000   -0.0000012897478344
-.020000  0.940000   -0.0000014287675929
0.020000  0.940000   -0.0000015639989393
0.060000  0.940000   -0.0000017134575041
0.100000  0.940000   -0.0000017054505399
0.140000  0.940000   -0.0000018907252269
0.180000  0.940000   -0.0000018741997668
0.220000  0.940000   -0.0000019211790353
0.260000  0.940000   -0.0000018423461045
0.300000  0.940000   -0.0000021962264377
0.340000  0.940000   -0.0000031554402005
-.140000  0.980000   -0.0000009657058430
-.100000  0.980000   -0.0000015470922951
-.060000  0.980000   -0.0000016156587207
-.020000  0.980000   -0.0000015458521256
0.020000  0.980000   -0.0000016233296840
0.060000  0.980000   -0.0000017905337506
0.100000  0.980000   -0.0000019411649982
0.140000  0.980000   -0.0000021866622688
0.180000  0.980000   -0.0000027315642787
