-.140000  -.980000   0.00622195208540241
-.100000  -.980000   0.00314571879601873
-.060000  -.980000   0.00382968001096252
-.020000  -.980000   0.00531846121757108
0.020000  -.980000   0.00576870399822776
0.060000  -.980000   0.00575672182377873
0.100000  -.980000   0.00557115964529167
0.140000  -.980000   0.00473964368239670
0.180000  -.980000   0.00189375594398102
-.260000  -.940000   0.00651423732670394
-.220000  -.940000   0.00419546110684986
-.180000  -.940000   0.00541746691672166
-.140000  -.940000   0.00643060037536818
-.100000  -.940000   0.00634829886987612
-.060000  -.940000   0.00632969144160547
-.020000  -.940000   0.00596537317783298
0.020000  -.940000   0.00555676777254835
0.060000  -.940000   0.00511976995538570
0.100000  -.940000   0.00510138709520566
0.140000  -.940000   0.00462594818264280
0.180000  -.940000   0.00470985808653958
0.220000  -.940000   0.00483948227060347
0.260000  -.940000   0.00559725402588955
0.300000  -.940000   0.00541382162339659
0.340000  -.940000   0.00201310393718456
-.340000  -.900000   0.00609061919111911
-.300000  -.900000   0.00433571049246597
-.260000  -.900000   0.00517253320138568
-.220000  -.900000   0.00584983205294261
-.180000  -.900000   0.00606713375972165
-.140000  -.900000   0.00554000554392544
-.100000  -.900000   0.00556481831973529
-.060000  -.900000   0.00536144108449090
-.020000  -.900000   0.00535530852624125
0.020000  -.900000   0.00549604265972436
0.060000  -.900000   0.00578676145885271
0.100000  -.900000   0.00621214228828132
0.140000  -.900000   0.00528956964805887
0.180000  -.900000   0.00579655359434617
0.220000  -.900000   0.00471706609021400
0.260000  -.900000   0.00369449534309725
0.300000  -.900000   0.00295544758681704
0.340000  -.900000   0.00222611116081445
0.380000  -.900000   0.00315370139635547
0.420000  -.900000   0.00387606671377732
-.380000  -.860000   0.00437636194305237
-.340000  -.860000   0.00433592461246524
-.300000  -.860000   0.00497003989458077
-.260000  -.860000   0.00548077066090403
-.220000  -.860000   0.00590975753491174
-.180000  -.860000   0.00567346467189552
-.140000  -.860000   0.00650439750981182
-.100000  -.860000   0.00691935103581446
-.060000  -.860000   0.00748905253451614
-.020000  -.860000   0.00813642807859478
0.020000  -.860000   0.00881479150727295
0.060000  -.860000   0.00950614218225367
0.100000  -.860000   0.01020951975903473
0.140000  -.860000   0.01092344717940458
0.180000  -.860000   0.00993371542697629
0.220000  -.860000   0.01064326991210142
0.260000  -.860000   0.00942815254674352
0.300000  -.860000   0.00812571545736579
0.340000  -.860000   0.00685788252906770
0.380000  -.860000   0.00579062071926588
0.420000  -.860000   0.00297187620384770
0.460000  -.860000   0.00105065858241513
0.500000  -.860000   0.00281828893674092
-.420000  -.820000   0.00221879636678082
-.380000  -.820000   0.00549231491494936
-.340000  -.820000   0.00575121826093824
-.300000  -.820000   0.00626418209197330
-.260000  -.820000   0.00590085308441256
-.220000  -.820000   0.00699841269852443
-.180000  -.820000   0.00756724774081859
-.140000  -.820000   0.00898368789104621
-.100000  -.820000   0.00990327080484469
-.060000  -.820000   0.01082870380481255
-.020000  -.820000   0.01172487654007168
0.020000  -.820000   0.01256636407981825
0.060000  -.820000   0.01335475011809307
0.100000  -.820000   0.01410790036722294
0.140000  -.820000   0.01482072137502154
0.180000  -.820000   0.01405829419735354
0.220000  -.820000   0.01470181368425799
0.260000  -.820000   0.01362390819880262
0.300000  -.820000   0.01430993789165834
0.340000  -.820000   0.01311014221553677
0.380000  -.820000   0.01186145919561097
0.420000  -.820000   0.00843998598374631
0.460000  -.820000   0.00743855044321164
0.500000  -.820000   0.00482438771368157
0.540000  -.820000   0.00017890935654502
-.460000  -.780000   0.00526044515368913
-.420000  -.780000   0.00500158693987450
-.380000  -.780000   0.00551017491150750
-.340000  -.780000   0.00638984832901207
-.300000  -.780000   0.00742621911868008
-.260000  -.780000   0.00779939907654858
-.220000  -.780000   0.00916311106627640
-.180000  -.780000   0.01016755519777087
-.140000  -.780000   0.01160182670145533
-.100000  -.780000   0.01272875739195490
-.060000  -.780000   0.01378802993495982
-.020000  -.780000   0.01476787224394044
0.020000  -.780000   0.01564672015988772
0.060000  -.780000   0.01644692607155659
0.100000  -.780000   0.01717647837195850
0.140000  -.780000   0.01784443880952643
0.180000  -.780000   0.01739822035896861
0.220000  -.780000   0.01796138355810295
0.260000  -.780000   0.01714439722874430
0.300000  -.780000   0.01770581445971593
0.340000  -.780000   0.01668340388854304
0.380000  -.780000   0.01553824107167608
0.420000  -.780000   0.01434020864649961
0.460000  -.780000   0.01319266563291712
0.500000  -.780000   0.00998649690129544
0.540000  -.780000   0.00716327451512243
0.580000  -.780000   0.00349189574524703
0.620000  -.780000   0.00083033369888983
-.500000  -.740000   0.00159802796535354
-.460000  -.740000   0.00544095859530260
-.420000  -.740000   0.00593208761447400
-.380000  -.740000   0.00689151104978376
-.340000  -.740000   0.00801941463278855
-.300000  -.740000   0.00849218325649997
-.260000  -.740000   0.00987295002371464
-.220000  -.740000   0.01102105642443990
-.180000  -.740000   0.01234565821768500
-.140000  -.740000   0.01356353085509888
-.100000  -.740000   0.01470017408324769
-.060000  -.740000   0.01587539943308750
-.020000  -.740000   0.01688513593737601
0.020000  -.740000   0.01777930925495590
0.060000  -.740000   0.01855876247793190
0.100000  -.740000   0.01871193730675138
0.140000  -.740000   0.01927142061115146
0.180000  -.740000   0.01978154274741364
0.220000  -.740000   0.01932759319867897
0.260000  -.740000   0.01975411276649719
0.300000  -.740000   0.01898570370483993
0.340000  -.740000   0.01944492129615276
0.380000  -.740000   0.01851468907446841
0.420000  -.740000   0.01747271224328399
0.460000  -.740000   0.01639121255629156
0.500000  -.740000   0.01337124806858212
0.540000  -.740000   0.01233134819023076
0.580000  -.740000   0.00956128164299212
0.620000  -.740000   0.00572255256338503
0.660000  -.740000   0.00170722901541533
-.540000  -.700000   0.00310157810691086
-.500000  -.700000   0.00313012638022016
-.460000  -.700000   0.00434123258630356
-.420000  -.700000   0.00773219042387988
-.380000  -.700000   0.00750504333248222
-.340000  -.700000   0.00896713537637686
-.300000  -.700000   0.01027484186595326
-.260000  -.700000   0.01146582330242747
-.220000  -.700000   0.01265869945784756
-.180000  -.700000   0.01397375515669061
-.140000  -.700000   0.01498439086604857
-.100000  -.700000   0.01617483725319504
-.060000  -.700000   0.01724413097922856
-.020000  -.700000   0.01816743482459125
0.020000  -.700000   0.01896370623484215
0.060000  -.700000   0.01964778634095798
0.100000  -.700000   0.02023840162733260
0.140000  -.700000   0.02075545220930037
0.180000  -.700000   0.02072095146999624
0.220000  -.700000   0.02108602738219588
0.260000  -.700000   0.02065208349394620
0.300000  -.700000   0.02096249705603186
0.340000  -.700000   0.02026536283355888
0.380000  -.700000   0.01940889526424104
0.420000  -.700000   0.01983557686037940
0.460000  -.700000   0.01737618390429076
0.500000  -.700000   0.01629328570950562
0.540000  -.700000   0.01526414848241315
0.580000  -.700000   0.01251632110413262
0.620000  -.700000   0.00999259569147864
0.660000  -.700000   0.00663924225879392
0.700000  -.700000   0.00283250468670619
-.580000  -.660000   0.00132883427649479
-.540000  -.660000   0.00526219660942233
-.500000  -.660000   0.00563760219896062
-.460000  -.660000   0.00673874081662386
-.420000  -.660000   0.00805325966980270
-.380000  -.660000   0.00932129376896672
-.340000  -.660000   0.01045220593514983
-.300000  -.660000   0.01149869637588487
-.260000  -.660000   0.01256643509292535
-.220000  -.660000   0.01393662505233404
-.180000  -.660000   0.01478721235454971
-.140000  -.660000   0.01608052825290256
-.100000  -.660000   0.01722972711979626
-.060000  -.660000   0.01822698345986298
-.020000  -.660000   0.01906697121391997
0.020000  -.660000   0.01978135079736824
0.060000  -.660000   0.02038404234289359
0.100000  -.660000   0.02088852291852275
0.140000  -.660000   0.02131245895122726
0.180000  -.660000   0.02167077332202494
0.220000  -.660000   0.02161226774717970
0.260000  -.660000   0.02184918875117337
0.300000  -.660000   0.02144821568406434
0.340000  -.660000   0.02167055318404826
0.380000  -.660000   0.02104849584665677
0.420000  -.660000   0.02028401562049849
0.460000  -.660000   0.01942533248883718
0.500000  -.660000   0.01851889844086792
0.540000  -.660000   0.01761668017218892
0.580000  -.660000   0.01511215107304406
0.620000  -.660000   0.01429883900315366
0.660000  -.660000   0.01041425567083099
0.700000  -.660000   0.00743387766229428
0.740000  -.660000   0.00345869473973795
-.580000  -.620000   0.00398241794037655
-.540000  -.620000   0.00443341473521288
-.500000  -.620000   0.00577634200804105
-.460000  -.620000   0.00734340154965199
-.420000  -.620000   0.00883700857823720
-.380000  -.620000   0.01014098019774023
-.340000  -.620000   0.01123597147875527
-.300000  -.620000   0.01212826369660886
-.260000  -.620000   0.01345153424006265
-.220000  -.620000   0.01416788708385125
-.180000  -.620000   0.01554698299827372
-.140000  -.620000   0.01682115333866128
-.100000  -.620000   0.01792838304460735
-.060000  -.620000   0.01832545800049491
-.020000  -.620000   0.01922987574272004
0.020000  -.620000   0.01998115294320337
0.060000  -.620000   0.02059984846197528
0.100000  -.620000   0.02125416685660054
0.140000  -.620000   0.02160165075677042
0.180000  -.620000   0.02187455032291492
0.220000  -.620000   0.02210392833083426
0.260000  -.620000   0.02202468337631261
0.300000  -.620000   0.02216393924432029
0.340000  -.620000   0.02178825526508840
0.380000  -.620000   0.02123548343896203
0.420000  -.620000   0.02054031355361464
0.460000  -.620000   0.01974227194987678
0.500000  -.620000   0.01887467661128477
0.540000  -.620000   0.01797842609312390
0.580000  -.620000   0.01712392383442882
0.620000  -.620000   0.01487020101038612
0.660000  -.620000   0.01416671933085532
0.700000  -.620000   0.01071791493327066
0.740000  -.620000   0.00788851870984274
0.780000  -.620000   0.00350866910094761
-.620000  -.580000   0.00327308908041352
-.580000  -.580000   0.00350307900768056
-.540000  -.580000   0.00781680665728448
-.500000  -.580000   0.00850697309102764
-.460000  -.580000   0.00939571842394055
-.420000  -.580000   0.01026122931551659
-.380000  -.580000   0.01088253271968895
-.340000  -.580000   0.01184943606125927
-.300000  -.580000   0.01259631543517351
-.260000  -.580000   0.01404465144972812
-.220000  -.580000   0.01458263248556092
-.180000  -.580000   0.01598894675179369
-.140000  -.580000   0.01725469323496443
-.100000  -.580000   0.01752395707741014
-.060000  -.580000   0.01854848278625184
-.020000  -.580000   0.01940919809120959
0.020000  -.580000   0.02010990089266650
0.060000  -.580000   0.02067641124006946
0.100000  -.580000   0.02112323875080224
0.140000  -.580000   0.02167346382932364
0.180000  -.580000   0.02187438028977168
0.220000  -.580000   0.02202329991289053
0.260000  -.580000   0.02200543291668891
0.300000  -.580000   0.02204317666017966
0.340000  -.580000   0.02172735563295415
0.380000  -.580000   0.02123694569639735
0.420000  -.580000   0.02128397847147241
0.460000  -.580000   0.02065763897792048
0.500000  -.580000   0.01997001569926983
0.540000  -.580000   0.01925635207298193
0.580000  -.580000   0.01731894988094049
0.620000  -.580000   0.01655192218528142
0.660000  -.580000   0.01453935399217610
0.700000  -.580000   0.01265220758575470
0.740000  -.580000   0.01086628665540371
0.780000  -.580000   0.00761817506560494
-.660000  -.540000   0.00349023024537851
-.620000  -.540000   0.00295870493176927
-.580000  -.540000   0.00763246676123202
-.540000  -.540000   0.00805261189067467
-.500000  -.540000   0.00890482425478825
-.460000  -.540000   0.00978429880294171
-.420000  -.540000   0.01056504385784058
-.380000  -.540000   0.01139746312143794
-.340000  -.540000   0.01219822248808098
-.300000  -.540000   0.01279478562070579
-.260000  -.540000   0.01432061577804854
-.220000  -.540000   0.01470511328174229
-.180000  -.540000   0.01614456025758982
-.140000  -.540000   0.01634885792699911
-.100000  -.540000   0.01753738306958932
-.060000  -.540000   0.01854656383145172
-.020000  -.540000   0.01937443010086726
0.020000  -.540000   0.02003779977376688
0.060000  -.540000   0.02056659275201952
0.100000  -.540000   0.02096501377667537
0.140000  -.540000   0.02126659008609819
0.180000  -.540000   0.02171001494094205
0.220000  -.540000   0.02178979122499130
0.260000  -.540000   0.02183032524893685
0.300000  -.540000   0.02177845795341230
0.340000  -.540000   0.02151103829033728
0.380000  -.540000   0.02107867959491765
0.420000  -.540000   0.02098908794909779
0.460000  -.540000   0.02040282954318145
0.500000  -.540000   0.01973921283288098
0.540000  -.540000   0.01904242007620205
0.580000  -.540000   0.01835756328626991
0.620000  -.540000   0.01655016473710385
0.660000  -.540000   0.01591757771796075
0.700000  -.540000   0.01414397358125222
0.740000  -.540000   0.01250214698629761
0.780000  -.540000   0.01006818790607274
0.820000  -.540000   0.00715847382841852
-.660000  -.500000   0.00321174499490867
-.620000  -.500000   0.00354121961647860
-.580000  -.500000   0.00799083863562196
-.540000  -.500000   0.00854645618015258
-.500000  -.500000   0.00933318443982254
-.460000  -.500000   0.01007844173303013
-.420000  -.500000   0.01069439979160372
-.380000  -.500000   0.01160923644620356
-.340000  -.500000   0.01224245973395700
-.300000  -.500000   0.01269704543153834
-.260000  -.500000   0.01429983942411262
-.220000  -.500000   0.01456003920423648
-.180000  -.500000   0.01603629041343665
-.140000  -.500000   0.01614031901302503
-.100000  -.500000   0.01734688250246989
-.060000  -.500000   0.01834589757106449
-.020000  -.500000   0.01916221215277593
0.020000  -.500000   0.01980747373144162
0.060000  -.500000   0.02030562741042686
0.100000  -.500000   0.02067512267163501
0.140000  -.500000   0.02092701824369291
0.180000  -.500000   0.02141753347381414
0.220000  -.500000   0.02143850632218425
0.260000  -.500000   0.02152887704797543
0.300000  -.500000   0.02139668774641371
0.340000  -.500000   0.02117209189361230
0.380000  -.500000   0.02078900627089669
0.420000  -.500000   0.02058097305322556
0.460000  -.500000   0.02002308766329629
0.500000  -.500000   0.01938094628679286
0.540000  -.500000   0.01869389590509985
0.580000  -.500000   0.01800927236468045
0.620000  -.500000   0.01638417359756878
0.660000  -.500000   0.01572256630018796
0.700000  -.500000   0.01414828902694715
0.740000  -.500000   0.01273254924074128
0.780000  -.500000   0.01141546620869481
0.820000  -.500000   0.00927281888523225
0.860000  -.500000   0.00591015568324166
-.660000  -.460000   0.00387947738163107
-.620000  -.460000   0.00436537417323661
-.580000  -.460000   0.00865580288198682
-.540000  -.460000   0.00911640229206967
-.500000  -.460000   0.00970012084848384
-.460000  -.460000   0.01021633475928310
-.420000  -.460000   0.01059844469221615
-.380000  -.460000   0.01150322263575854
-.340000  -.460000   0.01198650508587823
-.300000  -.460000   0.01232461623007192
-.260000  -.460000   0.01398427480675382
-.220000  -.460000   0.01417110297766892
-.180000  -.460000   0.01570334245655025
-.140000  -.460000   0.01574981171858911
-.100000  -.460000   0.01698098036026090
-.060000  -.460000   0.01800420845127769
-.020000  -.460000   0.01881450867438642
0.020000  -.460000   0.01945521697663116
0.060000  -.460000   0.01993289295862578
0.100000  -.460000   0.02027840841962798
0.140000  -.460000   0.02050011121855567
0.180000  -.460000   0.02102754969050619
0.220000  -.460000   0.02099672303999436
0.260000  -.460000   0.02113012624269147
0.300000  -.460000   0.02092986859560963
0.340000  -.460000   0.02073592056901320
0.380000  -.460000   0.02038347587216432
0.420000  -.460000   0.02008584139093530
0.460000  -.460000   0.01954379860554407
0.500000  -.460000   0.01891835126070342
0.540000  -.460000   0.01823543987316769
0.580000  -.460000   0.01755134368909660
0.620000  -.460000   0.01605237080999712
0.660000  -.460000   0.01536985039658887
0.700000  -.460000   0.01393558008573656
0.740000  -.460000   0.01351673137534324
0.780000  -.460000   0.01231675663799832
0.820000  -.460000   0.01051394091886185
0.860000  -.460000   0.00879276443710128
-.700000  -.420000   0.00609667123097257
-.660000  -.420000   0.00506245915903464
-.620000  -.420000   0.00536462970939697
-.580000  -.420000   0.00948027667729753
-.540000  -.420000   0.00969969659093717
-.500000  -.420000   0.00996879285613462
-.460000  -.420000   0.01018610716469885
-.420000  -.420000   0.01029043464423850
-.380000  -.420000   0.01107714349847928
-.340000  -.420000   0.01143164122128124
-.300000  -.420000   0.01168473753997835
-.260000  -.420000   0.01340673153622541
-.220000  -.420000   0.01356449233306668
-.180000  -.420000   0.01516658940237823
-.140000  -.420000   0.01521366501108899
-.100000  -.420000   0.01648577352619331
-.060000  -.420000   0.01753357876701345
-.020000  -.420000   0.01836566282897859
0.020000  -.420000   0.01900818738146965
0.060000  -.420000   0.01948543678847516
0.100000  -.420000   0.01981641223942230
0.140000  -.420000   0.02001203710290368
0.180000  -.420000   0.02056492227159330
0.220000  -.420000   0.02049284316893646
0.260000  -.420000   0.02065287977701036
0.300000  -.420000   0.02039973497398711
0.340000  -.420000   0.02022407994290562
0.380000  -.420000   0.01988979374232177
0.420000  -.420000   0.01953640810597151
0.460000  -.420000   0.01900103402783599
0.500000  -.420000   0.01837521854418427
0.540000  -.420000   0.01769628681948160
0.580000  -.420000   0.01700402257317147
0.620000  -.420000   0.01558444616001691
0.660000  -.420000   0.01488333527476701
0.700000  -.420000   0.01438252372042719
0.740000  -.420000   0.01310905137490389
0.780000  -.420000   0.01208922425143186
0.820000  -.420000   0.01088363449006260
0.860000  -.420000   0.00959769296443973
0.900000  -.420000   0.00678653464761435
-.700000  -.380000   0.00208521841357542
-.660000  -.380000   0.00664407094757667
-.620000  -.380000   0.00660997845285316
-.580000  -.380000   0.00722341553526879
-.540000  -.380000   0.00806641256412842
-.500000  -.380000   0.00888275500134049
-.460000  -.380000   0.00955534922755714
-.420000  -.380000   0.01004025449367648
-.380000  -.380000   0.01037937855264687
-.340000  -.380000   0.01060929044018009
-.300000  -.380000   0.01080844148264501
-.260000  -.380000   0.01259455958339573
-.220000  -.380000   0.01278536606344107
-.180000  -.380000   0.01446687618939346
-.140000  -.380000   0.01456480976851357
-.100000  -.380000   0.01589280134606200
-.060000  -.380000   0.01698070508312391
-.020000  -.380000   0.01783827196533079
0.020000  -.380000   0.01849825137819745
0.060000  -.380000   0.01898001426984837
0.100000  -.380000   0.01930092252890299
0.140000  -.380000   0.01949006063907713
0.180000  -.380000   0.02005545328327766
0.220000  -.380000   0.01995141206995125
0.260000  -.380000   0.02012308913778351
0.300000  -.380000   0.01983257007314217
0.340000  -.380000   0.01966662793325623
0.380000  -.380000   0.01933735860055773
0.420000  -.380000   0.01885850713706977
0.460000  -.380000   0.01824342675196230
0.500000  -.380000   0.01751630241972260
0.540000  -.380000   0.01669729146771371
0.580000  -.380000   0.01584918033888552
0.620000  -.380000   0.01501707784477782
0.660000  -.380000   0.01429269410585343
0.700000  -.380000   0.01297000610276184
0.740000  -.380000   0.01254051191640174
0.780000  -.380000   0.01162665901257924
0.820000  -.380000   0.01093845685714138
0.860000  -.380000   0.00998232536517413
0.900000  -.380000   0.00891481700127728
-.740000  -.340000   0.00453389633277194
-.700000  -.340000   0.00333355874005360
-.660000  -.340000   0.00852198779366769
-.620000  -.340000   0.00814344441336896
-.580000  -.340000   0.00827187085976769
-.540000  -.340000   0.00858469245901068
-.500000  -.340000   0.00890412019414572
-.460000  -.340000   0.00916167118543672
-.420000  -.340000   0.00931826093601879
-.380000  -.340000   0.00943517609705945
-.340000  -.340000   0.00955722210933706
-.300000  -.340000   0.01132836468882675
-.260000  -.340000   0.01156918974387436
-.220000  -.340000   0.01185783669439219
-.180000  -.340000   0.01363061404954541
-.140000  -.340000   0.01383499003259161
-.100000  -.340000   0.01522647443281317
-.060000  -.340000   0.01636748927651296
-.020000  -.340000   0.01726601907708369
0.020000  -.340000   0.01795198726415694
0.060000  -.340000   0.01844665327317619
0.100000  -.340000   0.01877240861805262
0.140000  -.340000   0.01894363603687328
0.180000  -.340000   0.01951933553276207
0.220000  -.340000   0.01939203154181032
0.260000  -.340000   0.01956401544365082
0.300000  -.340000   0.01955014918442592
0.340000  -.340000   0.01908681684102629
0.380000  -.340000   0.01875760081052100
0.420000  -.340000   0.01827304861969953
0.460000  -.340000   0.01765441971504995
0.500000  -.340000   0.01691776812119305
0.540000  -.340000   0.01610552813190087
0.580000  -.340000   0.01524073455057315
0.620000  -.340000   0.01440082552110255
0.660000  -.340000   0.01365701939519837
0.700000  -.340000   0.01230339436611693
0.740000  -.340000   0.01185292809001545
0.780000  -.340000   0.01096123611822049
0.820000  -.340000   0.01042920736736410
0.860000  -.340000   0.01003776999966913
0.900000  -.340000   0.00983442182424924
0.940000  -.340000   0.00539714501517419
-.740000  -.300000   0.00195042216540349
-.700000  -.300000   0.00610689590548770
-.660000  -.300000   0.00546061435736126
-.620000  -.300000   0.00987154641858889
-.580000  -.300000   0.00950287737132325
-.540000  -.300000   0.00924255108689970
-.500000  -.300000   0.00898591589129939
-.460000  -.300000   0.00873054085989694
-.420000  -.300000   0.00848178431118203
-.380000  -.300000   0.00832195833619668
-.340000  -.300000   0.00973812295528628
-.300000  -.300000   0.01003164090599941
-.260000  -.300000   0.01038625771186026
-.220000  -.300000   0.01084032117621796
-.180000  -.300000   0.01269549735935034
-.140000  -.300000   0.01306477233605845
-.100000  -.300000   0.01452492817218759
-.060000  -.300000   0.01572945723946255
-.020000  -.300000   0.01667580421416090
0.020000  -.300000   0.01739607558820349
0.060000  -.300000   0.01791208323481238
0.100000  -.300000   0.01823583116114778
0.140000  -.300000   0.01840489377141098
0.180000  -.300000   0.01897468335254868
0.220000  -.300000   0.01883346878068484
0.260000  -.300000   0.01899104442230620
0.300000  -.300000   0.01896849633341054
0.340000  -.300000   0.01876992681583109
0.380000  -.300000   0.01818096260699127
0.420000  -.300000   0.01769009724548117
0.460000  -.300000   0.01706918158423956
0.500000  -.300000   0.01633273895253244
0.540000  -.300000   0.01551594838263383
0.580000  -.300000   0.01465013826826638
0.620000  -.300000   0.01380342454374358
0.660000  -.300000   0.01235212722299678
0.700000  -.300000   0.01158292785691626
0.740000  -.300000   0.01042091642619687
0.780000  -.300000   0.01016148181770707
0.820000  -.300000   0.00968187776871968
0.860000  -.300000   0.00962082266995170
0.900000  -.300000   0.00943585136365883
0.940000  -.300000   0.00856070018029235
-.740000  -.260000   0.00378943850602450
-.700000  -.260000   0.00287658660176450
-.660000  -.260000   0.00809085342455362
-.620000  -.260000   0.00765996286339565
-.580000  -.260000   0.00756750640590088
-.540000  -.260000   0.00761145637396366
-.500000  -.260000   0.00768891191529060
-.460000  -.260000   0.00776782307016523
-.420000  -.260000   0.00785611394674531
-.380000  -.260000   0.00798807205154993
-.340000  -.260000   0.00822037208486021
-.300000  -.260000   0.00858014085422259
-.260000  -.260000   0.00911179945058972
-.220000  -.260000   0.01119860772072553
-.180000  -.260000   0.01170546484142710
-.140000  -.260000   0.01346822206649814
-.100000  -.260000   0.01381460844937549
-.060000  -.260000   0.01508388133395893
-.020000  -.260000   0.01608977911283514
0.020000  -.260000   0.01685234714582600
0.060000  -.260000   0.01738947169139778
0.100000  -.260000   0.01772064286281375
0.140000  -.260000   0.01850717784502999
0.180000  -.260000   0.01843006989236208
0.220000  -.260000   0.01878022391713654
0.260000  -.260000   0.01843444816950419
0.300000  -.260000   0.01839136975464864
0.340000  -.260000   0.01817510196306757
0.380000  -.260000   0.01778406071458734
0.420000  -.260000   0.01723380378223612
0.460000  -.260000   0.01653467813378431
0.500000  -.260000   0.01568527784279039
0.540000  -.260000   0.01472577228973544
0.580000  -.260000   0.01370074024139205
0.620000  -.260000   0.01266165937444051
0.660000  -.260000   0.01169586418160035
0.700000  -.260000   0.01027087797394335
0.740000  -.260000   0.00958789811992436
0.780000  -.260000   0.00876995603324730
0.820000  -.260000   0.00860864628041412
0.860000  -.260000   0.00885521519306813
0.900000  -.260000   0.00934855970152098
0.940000  -.260000   0.00989377342449329
-.740000  -.220000   0.00163691466083161
-.700000  -.220000   0.00644930763052979
-.660000  -.220000   0.00562482656136294
-.620000  -.220000   0.00994534331857770
-.580000  -.220000   0.00923755102552328
-.540000  -.220000   0.00855535752640395
-.500000  -.220000   0.00787886464270224
-.460000  -.220000   0.00725414472829868
-.420000  -.220000   0.00676258548678050
-.380000  -.220000   0.00651766416281789
-.340000  -.220000   0.00661884264265704
-.300000  -.220000   0.00707640807383132
-.260000  -.220000   0.00924098488691870
-.220000  -.220000   0.00992907394344252
-.180000  -.220000   0.01072556785148038
-.140000  -.220000   0.01255403260557630
-.100000  -.220000   0.01313547318739529
-.060000  -.220000   0.01446404032918817
-.020000  -.220000   0.01552556691378398
0.020000  -.220000   0.01633665300657799
0.060000  -.220000   0.01689854407386319
0.100000  -.220000   0.01723165641854201
0.140000  -.220000   0.01799488815525951
0.180000  -.220000   0.01791172067515797
0.220000  -.220000   0.01822523053783571
0.260000  -.220000   0.01835685714830000
0.300000  -.220000   0.01785830610410019
0.340000  -.220000   0.01762248875118112
0.380000  -.220000   0.01722091977635343
0.420000  -.220000   0.01667060774299819
0.460000  -.220000   0.01595894994492406
0.500000  -.220000   0.01512782157470418
0.540000  -.220000   0.01421362959034843
0.580000  -.220000   0.01320743700013117
0.620000  -.220000   0.01217661068990018
0.660000  -.220000   0.01058448758835312
0.700000  -.220000   0.00954530747155343
0.740000  -.220000   0.00821231703788033
0.780000  -.220000   0.00778278244963441
0.820000  -.220000   0.00750414257731440
0.860000  -.220000   0.00780917124073340
0.900000  -.220000   0.00874376323742129
0.940000  -.220000   0.00917838880731828
-.740000  -.180000   0.00540648820525991
-.700000  -.180000   0.00389416546008960
-.660000  -.180000   0.00906395961241310
-.620000  -.180000   0.00824878293387153
-.580000  -.180000   0.00761489385037510
-.540000  -.180000   0.00703702528104301
-.500000  -.180000   0.00649269756525936
-.460000  -.180000   0.00605806336029617
-.420000  -.180000   0.00581219986602213
-.380000  -.180000   0.00583915543810242
-.340000  -.180000   0.00618989811230127
-.300000  -.180000   0.00682619019498183
-.260000  -.180000   0.00770237321277700
-.220000  -.180000   0.00874437703355305
-.180000  -.180000   0.01085306506564196
-.140000  -.180000   0.01167136741207930
-.100000  -.180000   0.01253518718414502
-.060000  -.180000   0.01389006966508615
-.020000  -.180000   0.01500969314379338
0.020000  -.180000   0.01586383031050206
0.060000  -.180000   0.01645259031143293
0.100000  -.180000   0.01678503092708366
0.140000  -.180000   0.01750190718859425
0.180000  -.180000   0.01802897738864147
0.220000  -.180000   0.01770222286025710
0.260000  -.180000   0.01779027349348213
0.300000  -.180000   0.01770158565351014
0.340000  -.180000   0.01742850502540951
0.380000  -.180000   0.01698711736586644
0.420000  -.180000   0.01636461764420205
0.460000  -.180000   0.01558017466614489
0.500000  -.180000   0.01466728675721175
0.540000  -.180000   0.01356100798190077
0.580000  -.180000   0.01238196908690223
0.620000  -.180000   0.01118962444864928
0.660000  -.180000   0.01004162692137102
0.700000  -.180000   0.00837454062277284
0.740000  -.180000   0.00739283412574304
0.780000  -.180000   0.00635443867979119
0.820000  -.180000   0.00630455922852888
0.860000  -.180000   0.00712079796537239
0.900000  -.180000   0.00771980875299156
0.940000  -.180000   0.00916225960941106
0.980000  -.180000   0.00834280227885835
-.780000  -.140000   0.00499102534873381
-.740000  -.140000   0.00294475839045881
-.700000  -.140000   0.00861494961457971
-.660000  -.140000   0.00743093378211108
-.620000  -.140000   0.00662133971000544
-.580000  -.140000   0.00600184076181848
-.540000  -.140000   0.00861795047365490
-.500000  -.140000   0.00729470356673605
-.460000  -.140000   0.00598954186568665
-.420000  -.140000   0.00487629807948981
-.380000  -.140000   0.00423434993214227
-.340000  -.140000   0.00435381436046080
-.300000  -.140000   0.00518241351520333
-.260000  -.140000   0.00754580376812258
-.220000  -.140000   0.00863042591510003
-.180000  -.140000   0.00976751477988888
-.140000  -.140000   0.01092606209464403
-.100000  -.140000   0.01258396517435132
-.060000  -.140000   0.01339870619722461
-.020000  -.140000   0.01456015242616742
0.020000  -.140000   0.01546353939456117
0.060000  -.140000   0.01606496957850960
0.100000  -.140000   0.01702274218593331
0.140000  -.140000   0.01703906138221849
0.180000  -.140000   0.01749499481425527
0.220000  -.140000   0.01776271869968644
0.260000  -.140000   0.01783514130274410
0.300000  -.140000   0.01720081121099676
0.340000  -.140000   0.01691990094740733
0.380000  -.140000   0.01648020329332155
0.420000  -.140000   0.01587238846923046
0.460000  -.140000   0.01513038335467396
0.500000  -.140000   0.01422277994818848
0.540000  -.140000   0.01323840727651937
0.580000  -.140000   0.01198626909812371
0.620000  -.140000   0.01061175474946796
0.660000  -.140000   0.00917624951900080
0.700000  -.140000   0.00787516989556914
0.740000  -.140000   0.00611067073702241
0.780000  -.140000   0.00537153517148239
0.820000  -.140000   0.00495704835330574
0.860000  -.140000   0.00566876214978227
0.900000  -.140000   0.00770351897288935
0.940000  -.140000   0.00845267068312295
0.980000  -.140000   0.00902528947898645
-.780000  -.100000   0.00293273845369779
-.740000  -.100000   0.00107702451936438
-.700000  -.100000   0.00720924491439720
-.660000  -.100000   0.00599189272587121
-.620000  -.100000   0.00515709184132807
-.580000  -.100000   0.00892175124014358
-.540000  -.100000   0.00764444100849378
-.500000  -.100000   0.00628156770073740
-.460000  -.100000   0.00492015805147058
-.420000  -.100000   0.00376823134733736
-.380000  -.100000   0.00318983281002235
-.340000  -.100000   0.00355035114054785
-.300000  -.100000   0.00463486663376905
-.260000  -.100000   0.00603238832994560
-.220000  -.100000   0.00753159662601018
-.180000  -.100000   0.00903234764654375
-.140000  -.100000   0.01083857046782397
-.100000  -.100000   0.01194779452135200
-.060000  -.100000   0.01302479366432015
-.020000  -.100000   0.01419045640775603
0.020000  -.100000   0.01514052067464873
0.060000  -.100000   0.01573527175569088
0.100000  -.100000   0.01659949624627017
0.140000  -.100000   0.01727138203861155
0.180000  -.100000   0.01701118919993609
0.220000  -.100000   0.01721599840795219
0.260000  -.100000   0.01725082309793084
0.300000  -.100000   0.01710312251144005
0.340000  -.100000   0.01679239176320981
0.380000  -.100000   0.01630329017133840
0.420000  -.100000   0.01565411425716642
0.460000  -.100000   0.01484741104140947
0.500000  -.100000   0.01389832194513319
0.540000  -.100000   0.01284382846419430
0.580000  -.100000   0.01147204145451511
0.620000  -.100000   0.00983331034704652
0.660000  -.100000   0.00843084640405763
0.700000  -.100000   0.00694422065438282
0.740000  -.100000   0.00496668305469598
0.780000  -.100000   0.00395658981142019
0.820000  -.100000   0.00365205991169702
0.860000  -.100000   0.00491433730801311
0.900000  -.100000   0.00614499177375519
0.940000  -.100000   0.00914773711289443
0.980000  -.100000   0.01013481747809780
-.780000  -.060000   0.00145201317530984
-.740000  -.060000   0.00802221411701739
-.700000  -.060000   0.00617249884904043
-.660000  -.060000   0.00490263979951635
-.620000  -.060000   0.00941363404764773
-.580000  -.060000   0.00819725672669789
-.540000  -.060000   0.00686436611752311
-.500000  -.060000   0.00542671572565528
-.460000  -.060000   0.00394262349731297
-.420000  -.060000   0.00260620217711930
-.380000  -.060000   0.00198999565204334
-.340000  -.060000   0.00271650280233353
-.300000  -.060000   0.00412151533006264
-.260000  -.060000   0.00568236986052635
-.220000  -.060000   0.00725167103185405
-.180000  -.060000   0.00877570332016186
-.140000  -.060000   0.01022467474447441
-.100000  -.060000   0.01159250075101442
-.060000  -.060000   0.01291055753975885
-.020000  -.060000   0.01391315069978235
0.020000  -.060000   0.01491226688713695
0.060000  -.060000   0.01609156140923710
0.100000  -.060000   0.01618059684307632
0.140000  -.060000   0.01672056879916303
0.180000  -.060000   0.01708420860960376
0.220000  -.060000   0.01726473449277469
0.260000  -.060000   0.01727040592288392
0.300000  -.060000   0.01709427001436901
0.340000  -.060000   0.01675161418212667
0.380000  -.060000   0.01622996325231960
0.420000  -.060000   0.01551725953369358
0.460000  -.060000   0.01474752539782828
0.500000  -.060000   0.01357587871155245
0.540000  -.060000   0.01256857467547516
0.580000  -.060000   0.01130053309982534
0.620000  -.060000   0.01008633418959899
0.660000  -.060000   0.00801338239308430
0.700000  -.060000   0.00622922016032814
0.740000  -.060000   0.00480738352258443
0.780000  -.060000   0.00264803199906800
0.820000  -.060000   0.00242092471281761
0.860000  -.060000   0.00431294418717658
0.900000  -.060000   0.00601560097573752
0.940000  -.060000   0.00761551942816731
0.980000  -.060000   0.00966532880654719
-.780000  -.020000   0.00066231257732182
-.740000  -.020000   0.00748753106296279
-.700000  -.020000   0.00562261074932972
-.660000  -.020000   0.00431698511824219
-.620000  -.020000   0.00904445363380953
-.580000  -.020000   0.00780405917696334
-.540000  -.020000   0.00642373804644147
-.500000  -.020000   0.00492296139187276
-.460000  -.020000   0.00330644285800541
-.420000  -.020000   0.00165852326828355
-.380000  -.020000   0.00071248813693292
-.340000  -.020000   0.00210581034616497
-.300000  -.020000   0.00379214260093030
-.260000  -.020000   0.00547085065389733
-.220000  -.020000   0.00709181435783009
-.180000  -.020000   0.00863091091974872
-.140000  -.020000   0.01007431512206838
-.100000  -.020000   0.01140896773736515
-.060000  -.020000   0.01263000878250568
-.020000  -.020000   0.01376258959565611
0.020000  -.020000   0.01476554589496150
0.060000  -.020000   0.01566422193638662
0.100000  -.020000   0.01634521707506823
0.140000  -.020000   0.01685002193754260
0.180000  -.020000   0.01717541581409988
0.220000  -.020000   0.01732906858223773
0.260000  -.020000   0.01730566549532215
0.300000  -.020000   0.01711049785114535
0.340000  -.020000   0.01674613476464066
0.380000  -.020000   0.01620779570165406
0.420000  -.020000   0.01545190462272549
0.460000  -.020000   0.01471782770984854
0.500000  -.020000   0.01337092478404334
0.540000  -.020000   0.01257762698824884
0.580000  -.020000   0.01112342715054676
0.620000  -.020000   0.00968719219668846
0.660000  -.020000   0.00732826758164613
0.700000  -.020000   0.00604214569808876
0.740000  -.020000   0.00428009509871693
0.780000  -.020000   0.00164347812553577
0.820000  -.020000   0.00144391411008487
0.860000  -.020000   0.00396989815348523
0.900000  -.020000   0.00594026302281403
0.940000  -.020000   0.00781944307775388
0.980000  -.020000   0.00805533425434151
-.780000  0.020000   0.00066231257732182
-.740000  0.020000   0.00748753106296279
-.700000  0.020000   0.00562261074932972
-.660000  0.020000   0.00431698511824219
-.620000  0.020000   0.00904445363380953
-.580000  0.020000   0.00780405917696334
-.540000  0.020000   0.00642373804644147
-.500000  0.020000   0.00492296139187276
-.460000  0.020000   0.00330644285800541
-.420000  0.020000   0.00165852326828355
-.380000  0.020000   0.00071248813693292
-.340000  0.020000   0.00210581034616497
-.300000  0.020000   0.00379214260093030
-.260000  0.020000   0.00547085065389733
-.220000  0.020000   0.00709181435783009
-.180000  0.020000   0.00863091091974872
-.140000  0.020000   0.01007431512206837
-.100000  0.020000   0.01140896773736515
-.060000  0.020000   0.01263000878250568
-.020000  0.020000   0.01376258959565611
0.020000  0.020000   0.01476554589496150
0.060000  0.020000   0.01566422193638662
0.100000  0.020000   0.01634521707506823
0.140000  0.020000   0.01685002193754260
0.180000  0.020000   0.01717541581409988
0.220000  0.020000   0.01732906858223772
0.260000  0.020000   0.01730566549532215
0.300000  0.020000   0.01711049785114535
0.340000  0.020000   0.01674613476464066
0.380000  0.020000   0.01620779570165406
0.420000  0.020000   0.01545190462272549
0.460000  0.020000   0.01471782770984854
0.500000  0.020000   0.01337092478404334
0.540000  0.020000   0.01257762698824884
0.580000  0.020000   0.01112342715054676
0.620000  0.020000   0.00968719219668846
0.660000  0.020000   0.00732826758164613
0.700000  0.020000   0.00604214569808876
0.740000  0.020000   0.00428009509871693
0.780000  0.020000   0.00164347812553577
0.820000  0.020000   0.00144391411008487
0.860000  0.020000   0.00396989815348523
0.900000  0.020000   0.00594026302281403
0.940000  0.020000   0.00781944307775388
0.980000  0.020000   0.00805533425434151
-.780000  0.060000   0.00145201317530984
-.740000  0.060000   0.00802221411701739
-.700000  0.060000   0.00617249884904043
-.660000  0.060000   0.00490263979951635
-.620000  0.060000   0.00941363404764773
-.580000  0.060000   0.00819725672669789
-.540000  0.060000   0.00686436611752311
-.500000  0.060000   0.00542671572565528
-.460000  0.060000   0.00394262349731297
-.420000  0.060000   0.00260620217711930
-.380000  0.060000   0.00198999565204334
-.340000  0.060000   0.00271650280233353
-.300000  0.060000   0.00412151533006264
-.260000  0.060000   0.00568236986052635
-.220000  0.060000   0.00725167103185405
-.180000  0.060000   0.00877570332016186
-.140000  0.060000   0.01022467474447441
-.100000  0.060000   0.01159250075101442
-.060000  0.060000   0.01291055753975885
-.020000  0.060000   0.01391315069978235
0.020000  0.060000   0.01491226688713695
0.060000  0.060000   0.01609156140923710
0.100000  0.060000   0.01618059684307632
0.140000  0.060000   0.01672056879916303
0.180000  0.060000   0.01708420860960376
0.220000  0.060000   0.01726473449277469
0.260000  0.060000   0.01727040592288392
0.300000  0.060000   0.01709427001436901
0.340000  0.060000   0.01675161418212667
0.380000  0.060000   0.01622996325231960
0.420000  0.060000   0.01551725953369358
0.460000  0.060000   0.01474752539782829
0.500000  0.060000   0.01357587871155246
0.540000  0.060000   0.01256857467547515
0.580000  0.060000   0.01130053309982534
0.620000  0.060000   0.01008633418959899
0.660000  0.060000   0.00801338239308430
0.700000  0.060000   0.00622922016032814
0.740000  0.060000   0.00480738352258443
0.780000  0.060000   0.00264803199906800
0.820000  0.060000   0.00242092471281761
0.860000  0.060000   0.00431294418717658
0.900000  0.060000   0.00601560097573748
0.940000  0.060000   0.00761551942816730
0.980000  0.060000   0.00966532880654719
-.780000  0.100000   0.00293273845369779
-.740000  0.100000   0.00107702451936438
-.700000  0.100000   0.00720924491439720
-.660000  0.100000   0.00599189272587121
-.620000  0.100000   0.00515709184132807
-.580000  0.100000   0.00892175124014358
-.540000  0.100000   0.00764444100849378
-.500000  0.100000   0.00628156770073740
-.460000  0.100000   0.00492015805147058
-.420000  0.100000   0.00376823134733736
-.380000  0.100000   0.00318983281002235
-.340000  0.100000   0.00355035114054785
-.300000  0.100000   0.00463486663376905
-.260000  0.100000   0.00603238832994560
-.220000  0.100000   0.00753159662601019
-.180000  0.100000   0.00903234764654375
-.140000  0.100000   0.01083857046782397
-.100000  0.100000   0.01194779452135200
-.060000  0.100000   0.01302479366432015
-.020000  0.100000   0.01419045640775603
0.020000  0.100000   0.01514052067464873
0.060000  0.100000   0.01573527175569088
0.100000  0.100000   0.01659949624627017
0.140000  0.100000   0.01727138203861155
0.180000  0.100000   0.01701118919993609
0.220000  0.100000   0.01721599840795219
0.260000  0.100000   0.01725082309793084
0.300000  0.100000   0.01710312251144005
0.340000  0.100000   0.01679239176320981
0.380000  0.100000   0.01630329017133840
0.420000  0.100000   0.01565411425716642
0.460000  0.100000   0.01484741104140946
0.500000  0.100000   0.01389832194513319
0.540000  0.100000   0.01284382846419429
0.580000  0.100000   0.01147204145451511
0.620000  0.100000   0.00983331034704652
0.660000  0.100000   0.00843084640405763
0.700000  0.100000   0.00694422065438282
0.740000  0.100000   0.00496668305469598
0.780000  0.100000   0.00395658981142019
0.820000  0.100000   0.00365205991169702
0.860000  0.100000   0.00491433730801311
0.900000  0.100000   0.00614499177375519
0.940000  0.100000   0.00914773711289443
0.980000  0.100000   0.01013481747809780
-.780000  0.140000   0.00499102534873381
-.740000  0.140000   0.00294475839045881
-.700000  0.140000   0.00861494961457974
-.660000  0.140000   0.00743093378211106
-.620000  0.140000   0.00662133971000548
-.580000  0.140000   0.00600184076181851
-.540000  0.140000   0.00861795047365490
-.500000  0.140000   0.00729470356673605
-.460000  0.140000   0.00598954186568665
-.420000  0.140000   0.00487629807948981
-.380000  0.140000   0.00423434993214227
-.340000  0.140000   0.00435381436046083
-.300000  0.140000   0.00518241351520332
-.260000  0.140000   0.00754580376812258
-.220000  0.140000   0.00863042591510004
-.180000  0.140000   0.00976751477988888
-.140000  0.140000   0.01092606209464402
-.100000  0.140000   0.01258396517435132
-.060000  0.140000   0.01339870619722461
-.020000  0.140000   0.01456015242616742
0.020000  0.140000   0.01546353939456117
0.060000  0.140000   0.01606496957850960
0.100000  0.140000   0.01702274218593331
0.140000  0.140000   0.01703906138221850
0.180000  0.140000   0.01749499481425527
0.220000  0.140000   0.01776271869968644
0.260000  0.140000   0.01783514130274411
0.300000  0.140000   0.01720081121099678
0.340000  0.140000   0.01691990094740733
0.380000  0.140000   0.01648020329332155
0.420000  0.140000   0.01587238846923048
0.460000  0.140000   0.01513038335467396
0.500000  0.140000   0.01422277994818848
0.540000  0.140000   0.01323840727651937
0.580000  0.140000   0.01198626909812373
0.620000  0.140000   0.01061175474946797
0.660000  0.140000   0.00917624951900080
0.700000  0.140000   0.00787516989556916
0.740000  0.140000   0.00611067073702241
0.780000  0.140000   0.00537153517148239
0.820000  0.140000   0.00495704835330574
0.860000  0.140000   0.00566876214978227
0.900000  0.140000   0.00770351897288936
0.940000  0.140000   0.00845267068312295
0.980000  0.140000   0.00902528947898644
-.740000  0.180000   0.00540648820525991
-.700000  0.180000   0.00389416546008961
-.660000  0.180000   0.00906395961241310
-.620000  0.180000   0.00824878293387153
-.580000  0.180000   0.00761489385037510
-.540000  0.180000   0.00703702528104301
-.500000  0.180000   0.00649269756525936
-.460000  0.180000   0.00605806336029617
-.420000  0.180000   0.00581219986602213
-.380000  0.180000   0.00583915543810242
-.340000  0.180000   0.00618989811230127
-.300000  0.180000   0.00682619019498183
-.260000  0.180000   0.00770237321277700
-.220000  0.180000   0.00874437703355305
-.180000  0.180000   0.01085306506564196
-.140000  0.180000   0.01167136741207930
-.100000  0.180000   0.01253518718414502
-.060000  0.180000   0.01389006966508615
-.020000  0.180000   0.01500969314379338
0.020000  0.180000   0.01586383031050206
0.060000  0.180000   0.01645259031143293
0.100000  0.180000   0.01678503092708366
0.140000  0.180000   0.01750190718859426
0.180000  0.180000   0.01802897738864147
0.220000  0.180000   0.01770222286025710
0.260000  0.180000   0.01779027349348213
0.300000  0.180000   0.01770158565351014
0.340000  0.180000   0.01742850502540951
0.380000  0.180000   0.01698711736586644
0.420000  0.180000   0.01636461764420205
0.460000  0.180000   0.01558017466614489
0.500000  0.180000   0.01466728675721175
0.540000  0.180000   0.01356100798190076
0.580000  0.180000   0.01238196908690223
0.620000  0.180000   0.01118962444864928
0.660000  0.180000   0.01004162692137102
0.700000  0.180000   0.00837454062277284
0.740000  0.180000   0.00739283412574304
0.780000  0.180000   0.00635443867979119
0.820000  0.180000   0.00630455922852888
0.860000  0.180000   0.00712079796537239
0.900000  0.180000   0.00771980875299156
0.940000  0.180000   0.00916225960941106
0.980000  0.180000   0.00834280227885835
-.740000  0.220000   0.00163691466083161
-.700000  0.220000   0.00644930763052979
-.660000  0.220000   0.00562482656136294
-.620000  0.220000   0.00994534331857770
-.580000  0.220000   0.00923755102552328
-.540000  0.220000   0.00855535752640395
-.500000  0.220000   0.00787886464270224
-.460000  0.220000   0.00725414472829868
-.420000  0.220000   0.00676258548678050
-.380000  0.220000   0.00651766416281789
-.340000  0.220000   0.00661884264265704
-.300000  0.220000   0.00707640807383133
-.260000  0.220000   0.00924098488691870
-.220000  0.220000   0.00992907394344252
-.180000  0.220000   0.01072556785148038
-.140000  0.220000   0.01255403260557630
-.100000  0.220000   0.01313547318739529
-.060000  0.220000   0.01446404032918817
-.020000  0.220000   0.01552556691378398
0.020000  0.220000   0.01633665300657798
0.060000  0.220000   0.01689854407386319
0.100000  0.220000   0.01723165641854201
0.140000  0.220000   0.01799488815525951
0.180000  0.220000   0.01791172067515797
0.220000  0.220000   0.01822523053783571
0.260000  0.220000   0.01835685714830000
0.300000  0.220000   0.01785830610410019
0.340000  0.220000   0.01762248875118112
0.380000  0.220000   0.01722091977635343
0.420000  0.220000   0.01667060774299819
0.460000  0.220000   0.01595894994492406
0.500000  0.220000   0.01512782157470418
0.540000  0.220000   0.01421362959034842
0.580000  0.220000   0.01320743700013117
0.620000  0.220000   0.01217661068990018
0.660000  0.220000   0.01058448758835311
0.700000  0.220000   0.00954530747155343
0.740000  0.220000   0.00821231703788033
0.780000  0.220000   0.00778278244963441
0.820000  0.220000   0.00750414257731440
0.860000  0.220000   0.00780917124073340
0.900000  0.220000   0.00874376323742129
0.940000  0.220000   0.00917838880731827
-.740000  0.260000   0.00378943850602450
-.700000  0.260000   0.00287658660176450
-.660000  0.260000   0.00809085342455362
-.620000  0.260000   0.00765996286339565
-.580000  0.260000   0.00756750640590088
-.540000  0.260000   0.00761145637396366
-.500000  0.260000   0.00768891191529060
-.460000  0.260000   0.00776782307016522
-.420000  0.260000   0.00785611394674531
-.380000  0.260000   0.00798807205154993
-.340000  0.260000   0.00822037208486021
-.300000  0.260000   0.00858014085422259
-.260000  0.260000   0.00911179945058972
-.220000  0.260000   0.01119860772072553
-.180000  0.260000   0.01170546484142710
-.140000  0.260000   0.01346822206649814
-.100000  0.260000   0.01381460844937548
-.060000  0.260000   0.01508388133395893
-.020000  0.260000   0.01608977911283514
0.020000  0.260000   0.01685234714582600
0.060000  0.260000   0.01738947169139778
0.100000  0.260000   0.01772064286281375
0.140000  0.260000   0.01850717784502999
0.180000  0.260000   0.01843006989236208
0.220000  0.260000   0.01878022391713654
0.260000  0.260000   0.01843444816950419
0.300000  0.260000   0.01839136975464864
0.340000  0.260000   0.01817510196306757
0.380000  0.260000   0.01778406071458734
0.420000  0.260000   0.01723380378223612
0.460000  0.260000   0.01653467813378431
0.500000  0.260000   0.01568527784279039
0.540000  0.260000   0.01472577228973544
0.580000  0.260000   0.01370074024139205
0.620000  0.260000   0.01266165937444051
0.660000  0.260000   0.01169586418160035
0.700000  0.260000   0.01027087797394335
0.740000  0.260000   0.00958789811992436
0.780000  0.260000   0.00876995603324730
0.820000  0.260000   0.00860864628041412
0.860000  0.260000   0.00885521519306813
0.900000  0.260000   0.00934855970152098
0.940000  0.260000   0.00989377342449329
-.740000  0.300000   0.00195042216540335
-.700000  0.300000   0.00610689590548769
-.660000  0.300000   0.00546061435736126
-.620000  0.300000   0.00987154641858893
-.580000  0.300000   0.00950287737132329
-.540000  0.300000   0.00924255108689970
-.500000  0.300000   0.00898591589129939
-.460000  0.300000   0.00873054085989694
-.420000  0.300000   0.00848178431118203
-.380000  0.300000   0.00832195833619668
-.340000  0.300000   0.00973812295528628
-.300000  0.300000   0.01003164090599941
-.260000  0.300000   0.01038625771186025
-.220000  0.300000   0.01084032117621796
-.180000  0.300000   0.01269549735935034
-.140000  0.300000   0.01306477233605845
-.100000  0.300000   0.01452492817218759
-.060000  0.300000   0.01572945723946254
-.020000  0.300000   0.01667580421416090
0.020000  0.300000   0.01739607558820349
0.060000  0.300000   0.01791208323481238
0.100000  0.300000   0.01823583116114778
0.140000  0.300000   0.01840489377141100
0.180000  0.300000   0.01897468335254868
0.220000  0.300000   0.01883346878068484
0.260000  0.300000   0.01899104442230620
0.300000  0.300000   0.01896849633341054
0.340000  0.300000   0.01876992681583109
0.380000  0.300000   0.01818096260699129
0.420000  0.300000   0.01769009724548119
0.460000  0.300000   0.01706918158423956
0.500000  0.300000   0.01633273895253244
0.540000  0.300000   0.01551594838263383
0.580000  0.300000   0.01465013826826638
0.620000  0.300000   0.01380342454374359
0.660000  0.300000   0.01235212722299678
0.700000  0.300000   0.01158292785691627
0.740000  0.300000   0.01042091642619688
0.780000  0.300000   0.01016148181770707
0.820000  0.300000   0.00968187776871969
0.860000  0.300000   0.00962082266995170
0.900000  0.300000   0.00943585136365883
0.940000  0.300000   0.00856070018029233
-.740000  0.340000   0.00453389633277199
-.700000  0.340000   0.00333355874005360
-.660000  0.340000   0.00852198779366769
-.620000  0.340000   0.00814344441336896
-.580000  0.340000   0.00827187085976769
-.540000  0.340000   0.00858469245901068
-.500000  0.340000   0.00890412019414572
-.460000  0.340000   0.00916167118543673
-.420000  0.340000   0.00931826093601879
-.380000  0.340000   0.00943517609705945
-.340000  0.340000   0.00955722210933706
-.300000  0.340000   0.01132836468882675
-.260000  0.340000   0.01156918974387436
-.220000  0.340000   0.01185783669439219
-.180000  0.340000   0.01363061404954541
-.140000  0.340000   0.01383499003259161
-.100000  0.340000   0.01522647443281316
-.060000  0.340000   0.01636748927651296
-.020000  0.340000   0.01726601907708369
0.020000  0.340000   0.01795198726415694
0.060000  0.340000   0.01844665327317620
0.100000  0.340000   0.01877240861805261
0.140000  0.340000   0.01894363603687328
0.180000  0.340000   0.01951933553276207
0.220000  0.340000   0.01939203154181032
0.260000  0.340000   0.01956401544365082
0.300000  0.340000   0.01955014918442592
0.340000  0.340000   0.01908681684102629
0.380000  0.340000   0.01875760081052100
0.420000  0.340000   0.01827304861969953
0.460000  0.340000   0.01765441971504996
0.500000  0.340000   0.01691776812119306
0.540000  0.340000   0.01610552813190088
0.580000  0.340000   0.01524073455057315
0.620000  0.340000   0.01440082552110255
0.660000  0.340000   0.01365701939519836
0.700000  0.340000   0.01230339436611694
0.740000  0.340000   0.01185292809001545
0.780000  0.340000   0.01096123611822049
0.820000  0.340000   0.01042920736736410
0.860000  0.340000   0.01003776999966913
0.900000  0.340000   0.00983442182424923
0.940000  0.340000   0.00539714501517396
-.700000  0.380000   0.00208521841357541
-.660000  0.380000   0.00664407094757667
-.620000  0.380000   0.00660997845285316
-.580000  0.380000   0.00722341553526879
-.540000  0.380000   0.00806641256412846
-.500000  0.380000   0.00888275500134048
-.460000  0.380000   0.00955534922755717
-.420000  0.380000   0.01004025449367648
-.380000  0.380000   0.01037937855264687
-.340000  0.380000   0.01060929044018008
-.300000  0.380000   0.01080844148264501
-.260000  0.380000   0.01259455958339573
-.220000  0.380000   0.01278536606344107
-.180000  0.380000   0.01446687618939346
-.140000  0.380000   0.01456480976851357
-.100000  0.380000   0.01589280134606200
-.060000  0.380000   0.01698070508312391
-.020000  0.380000   0.01783827196533079
0.020000  0.380000   0.01849825137819744
0.060000  0.380000   0.01898001426984837
0.100000  0.380000   0.01930092252890298
0.140000  0.380000   0.01949006063907715
0.180000  0.380000   0.02005545328327766
0.220000  0.380000   0.01995141206995125
0.260000  0.380000   0.02012308913778351
0.300000  0.380000   0.01983257007314215
0.340000  0.380000   0.01966662793325623
0.380000  0.380000   0.01933735860055773
0.420000  0.380000   0.01885850713706978
0.460000  0.380000   0.01824342675196231
0.500000  0.380000   0.01751630241972260
0.540000  0.380000   0.01669729146771371
0.580000  0.380000   0.01584918033888553
0.620000  0.380000   0.01501707784477782
0.660000  0.380000   0.01429269410585344
0.700000  0.380000   0.01297000610276185
0.740000  0.380000   0.01254051191640175
0.780000  0.380000   0.01162665901257925
0.820000  0.380000   0.01093845685714139
0.860000  0.380000   0.00998232536517413
0.900000  0.380000   0.00891481700127726
-.700000  0.420000   0.00609667123097263
-.660000  0.420000   0.00506245915903471
-.620000  0.420000   0.00536462970939700
-.580000  0.420000   0.00948027667729756
-.540000  0.420000   0.00969969659093715
-.500000  0.420000   0.00996879285613463
-.460000  0.420000   0.01018610716469888
-.420000  0.420000   0.01029043464423852
-.380000  0.420000   0.01107714349847928
-.340000  0.420000   0.01143164122128125
-.300000  0.420000   0.01168473753997835
-.260000  0.420000   0.01340673153622541
-.220000  0.420000   0.01356449233306666
-.180000  0.420000   0.01516658940237824
-.140000  0.420000   0.01521366501108897
-.100000  0.420000   0.01648577352619331
-.060000  0.420000   0.01753357876701344
-.020000  0.420000   0.01836566282897859
0.020000  0.420000   0.01900818738146965
0.060000  0.420000   0.01948543678847516
0.100000  0.420000   0.01981641223942229
0.140000  0.420000   0.02001203710290368
0.180000  0.420000   0.02056492227159330
0.220000  0.420000   0.02049284316893646
0.260000  0.420000   0.02065287977701037
0.300000  0.420000   0.02039973497398711
0.340000  0.420000   0.02022407994290562
0.380000  0.420000   0.01988979374232178
0.420000  0.420000   0.01953640810597150
0.460000  0.420000   0.01900103402783600
0.500000  0.420000   0.01837521854418428
0.540000  0.420000   0.01769628681948161
0.580000  0.420000   0.01700402257317147
0.620000  0.420000   0.01558444616001690
0.660000  0.420000   0.01488333527476702
0.700000  0.420000   0.01438252372042720
0.740000  0.420000   0.01310905137490390
0.780000  0.420000   0.01208922425143186
0.820000  0.420000   0.01088363449006260
0.860000  0.420000   0.00959769296443970
0.900000  0.420000   0.00678653464761429
-.660000  0.460000   0.00387947738163107
-.620000  0.460000   0.00436537417323661
-.580000  0.460000   0.00865580288198682
-.540000  0.460000   0.00911640229206967
-.500000  0.460000   0.00970012084848384
-.460000  0.460000   0.01021633475928310
-.420000  0.460000   0.01059844469221615
-.380000  0.460000   0.01150322263575854
-.340000  0.460000   0.01198650508587823
-.300000  0.460000   0.01232461623007192
-.260000  0.460000   0.01398427480675382
-.220000  0.460000   0.01417110297766892
-.180000  0.460000   0.01570334245655025
-.140000  0.460000   0.01574981171858911
-.100000  0.460000   0.01698098036026090
-.060000  0.460000   0.01800420845127769
-.020000  0.460000   0.01881450867438642
0.020000  0.460000   0.01945521697663116
0.060000  0.460000   0.01993289295862578
0.100000  0.460000   0.02027840841962798
0.140000  0.460000   0.02050011121855567
0.180000  0.460000   0.02102754969050620
0.220000  0.460000   0.02099672303999435
0.260000  0.460000   0.02113012624269147
0.300000  0.460000   0.02092986859560963
0.340000  0.460000   0.02073592056901320
0.380000  0.460000   0.02038347587216431
0.420000  0.460000   0.02008584139093530
0.460000  0.460000   0.01954379860554407
0.500000  0.460000   0.01891835126070342
0.540000  0.460000   0.01823543987316770
0.580000  0.460000   0.01755134368909660
0.620000  0.460000   0.01605237080999712
0.660000  0.460000   0.01536985039658887
0.700000  0.460000   0.01393558008573656
0.740000  0.460000   0.01351673137534324
0.780000  0.460000   0.01231675663799833
0.820000  0.460000   0.01051394091886184
0.860000  0.460000   0.00879276443710128
-.660000  0.500000   0.00321174499490867
-.620000  0.500000   0.00354121961647860
-.580000  0.500000   0.00799083863562196
-.540000  0.500000   0.00854645618015258
-.500000  0.500000   0.00933318443982254
-.460000  0.500000   0.01007844173303013
-.420000  0.500000   0.01069439979160372
-.380000  0.500000   0.01160923644620356
-.340000  0.500000   0.01224245973395700
-.300000  0.500000   0.01269704543153834
-.260000  0.500000   0.01429983942411262
-.220000  0.500000   0.01456003920423648
-.180000  0.500000   0.01603629041343665
-.140000  0.500000   0.01614031901302503
-.100000  0.500000   0.01734688250246989
-.060000  0.500000   0.01834589757106449
-.020000  0.500000   0.01916221215277593
0.020000  0.500000   0.01980747373144162
0.060000  0.500000   0.02030562741042686
0.100000  0.500000   0.02067512267163501
0.140000  0.500000   0.02092701824369291
0.180000  0.500000   0.02141753347381414
0.220000  0.500000   0.02143850632218425
0.260000  0.500000   0.02152887704797543
0.300000  0.500000   0.02139668774641371
0.340000  0.500000   0.02117209189361230
0.380000  0.500000   0.02078900627089669
0.420000  0.500000   0.02058097305322556
0.460000  0.500000   0.02002308766329630
0.500000  0.500000   0.01938094628679286
0.540000  0.500000   0.01869389590509985
0.580000  0.500000   0.01800927236468045
0.620000  0.500000   0.01638417359756878
0.660000  0.500000   0.01572256630018795
0.700000  0.500000   0.01414828902694716
0.740000  0.500000   0.01273254924074128
0.780000  0.500000   0.01141546620869481
0.820000  0.500000   0.00927281888523225
0.860000  0.500000   0.00591015568324166
-.660000  0.540000   0.00349023024537851
-.620000  0.540000   0.00295870493176927
-.580000  0.540000   0.00763246676123202
-.540000  0.540000   0.00805261189067467
-.500000  0.540000   0.00890482425478825
-.460000  0.540000   0.00978429880294171
-.420000  0.540000   0.01056504385784058
-.380000  0.540000   0.01139746312143794
-.340000  0.540000   0.01219822248808098
-.300000  0.540000   0.01279478562070579
-.260000  0.540000   0.01432061577804854
-.220000  0.540000   0.01470511328174228
-.180000  0.540000   0.01614456025758982
-.140000  0.540000   0.01634885792699911
-.100000  0.540000   0.01753738306958932
-.060000  0.540000   0.01854656383145172
-.020000  0.540000   0.01937443010086726
0.020000  0.540000   0.02003779977376688
0.060000  0.540000   0.02056659275201953
0.100000  0.540000   0.02096501377667537
0.140000  0.540000   0.02126659008609819
0.180000  0.540000   0.02171001494094205
0.220000  0.540000   0.02178979122499130
0.260000  0.540000   0.02183032524893685
0.300000  0.540000   0.02177845795341230
0.340000  0.540000   0.02151103829033728
0.380000  0.540000   0.02107867959491765
0.420000  0.540000   0.02098908794909780
0.460000  0.540000   0.02040282954318145
0.500000  0.540000   0.01973921283288098
0.540000  0.540000   0.01904242007620205
0.580000  0.540000   0.01835756328626991
0.620000  0.540000   0.01655016473710385
0.660000  0.540000   0.01591757771796074
0.700000  0.540000   0.01414397358125222
0.740000  0.540000   0.01250214698629761
0.780000  0.540000   0.01006818790607274
0.820000  0.540000   0.00715847382841852
-.620000  0.580000   0.00327308908041352
-.580000  0.580000   0.00350307900768057
-.540000  0.580000   0.00781680665728448
-.500000  0.580000   0.00850697309102765
-.460000  0.580000   0.00939571842394055
-.420000  0.580000   0.01026122931551659
-.380000  0.580000   0.01088253271968893
-.340000  0.580000   0.01184943606125928
-.300000  0.580000   0.01259631543517350
-.260000  0.580000   0.01404465144972810
-.220000  0.580000   0.01458263248556092
-.180000  0.580000   0.01598894675179368
-.140000  0.580000   0.01725469323496442
-.100000  0.580000   0.01752395707741014
-.060000  0.580000   0.01854848278625184
-.020000  0.580000   0.01940919809120959
0.020000  0.580000   0.02010990089266650
0.060000  0.580000   0.02067641124006946
0.100000  0.580000   0.02112323875080224
0.140000  0.580000   0.02167346382932364
0.180000  0.580000   0.02187438028977168
0.220000  0.580000   0.02202329991289053
0.260000  0.580000   0.02200543291668891
0.300000  0.580000   0.02204317666017965
0.340000  0.580000   0.02172735563295416
0.380000  0.580000   0.02123694569639735
0.420000  0.580000   0.02128397847147242
0.460000  0.580000   0.02065763897792047
0.500000  0.580000   0.01997001569926983
0.540000  0.580000   0.01925635207298195
0.580000  0.580000   0.01731894988094050
0.620000  0.580000   0.01655192218528142
0.660000  0.580000   0.01453935399217610
0.700000  0.580000   0.01265220758575470
0.740000  0.580000   0.01086628665540370
0.780000  0.580000   0.00761817506560494
-.580000  0.620000   0.00398241794037656
-.540000  0.620000   0.00443341473521288
-.500000  0.620000   0.00577634200804105
-.460000  0.620000   0.00734340154965199
-.420000  0.620000   0.00883700857823719
-.380000  0.620000   0.01014098019774023
-.340000  0.620000   0.01123597147875527
-.300000  0.620000   0.01212826369660886
-.260000  0.620000   0.01345153424006265
-.220000  0.620000   0.01416788708385125
-.180000  0.620000   0.01554698299827372
-.140000  0.620000   0.01682115333866125
-.100000  0.620000   0.01792838304460735
-.060000  0.620000   0.01832545800049491
-.020000  0.620000   0.01922987574272004
0.020000  0.620000   0.01998115294320337
0.060000  0.620000   0.02059984846197528
0.100000  0.620000   0.02125416685660054
0.140000  0.620000   0.02160165075677042
0.180000  0.620000   0.02187455032291492
0.220000  0.620000   0.02210392833083425
0.260000  0.620000   0.02202468337631262
0.300000  0.620000   0.02216393924432029
0.340000  0.620000   0.02178825526508840
0.380000  0.620000   0.02123548343896203
0.420000  0.620000   0.02054031355361465
0.460000  0.620000   0.01974227194987678
0.500000  0.620000   0.01887467661128477
0.540000  0.620000   0.01797842609312390
0.580000  0.620000   0.01712392383442882
0.620000  0.620000   0.01487020101038612
0.660000  0.620000   0.01416671933085532
0.700000  0.620000   0.01071791493327065
0.740000  0.620000   0.00788851870984273
0.780000  0.620000   0.00350866910094752
-.580000  0.660000   0.00132883427649480
-.540000  0.660000   0.00526219660942235
-.500000  0.660000   0.00563760219896063
-.460000  0.660000   0.00673874081662386
-.420000  0.660000   0.00805325966980271
-.380000  0.660000   0.00932129376896672
-.340000  0.660000   0.01045220593514982
-.300000  0.660000   0.01149869637588486
-.260000  0.660000   0.01256643509292533
-.220000  0.660000   0.01393662505233404
-.180000  0.660000   0.01478721235454970
-.140000  0.660000   0.01608052825290255
-.100000  0.660000   0.01722972711979624
-.060000  0.660000   0.01822698345986296
-.020000  0.660000   0.01906697121391996
0.020000  0.660000   0.01978135079736824
0.060000  0.660000   0.02038404234289360
0.100000  0.660000   0.02088852291852279
0.140000  0.660000   0.02131245895122729
0.180000  0.660000   0.02167077332202491
0.220000  0.660000   0.02161226774717969
0.260000  0.660000   0.02184918875117337
0.300000  0.660000   0.02144821568406435
0.340000  0.660000   0.02167055318404827
0.380000  0.660000   0.02104849584665677
0.420000  0.660000   0.02028401562049850
0.460000  0.660000   0.01942533248883718
0.500000  0.660000   0.01851889844086792
0.540000  0.660000   0.01761668017218893
0.580000  0.660000   0.01511215107304404
0.620000  0.660000   0.01429883900315366
0.660000  0.660000   0.01041425567083099
0.700000  0.660000   0.00743387766229427
0.740000  0.660000   0.00345869473973793
-.540000  0.700000   0.00310157810691086
-.500000  0.700000   0.00313012638022016
-.460000  0.700000   0.00434123258630356
-.420000  0.700000   0.00773219042387988
-.380000  0.700000   0.00750504333248222
-.340000  0.700000   0.00896713537637686
-.300000  0.700000   0.01027484186595327
-.260000  0.700000   0.01146582330242746
-.220000  0.700000   0.01265869945784756
-.180000  0.700000   0.01397375515669061
-.140000  0.700000   0.01498439086604857
-.100000  0.700000   0.01617483725319504
-.060000  0.700000   0.01724413097922856
-.020000  0.700000   0.01816743482459125
0.020000  0.700000   0.01896370623484215
0.060000  0.700000   0.01964778634095798
0.100000  0.700000   0.02023840162733260
0.140000  0.700000   0.02075545220930037
0.180000  0.700000   0.02072095146999624
0.220000  0.700000   0.02108602738219588
0.260000  0.700000   0.02065208349394620
0.300000  0.700000   0.02096249705603186
0.340000  0.700000   0.02026536283355888
0.380000  0.700000   0.01940889526424103
0.420000  0.700000   0.01983557686037940
0.460000  0.700000   0.01737618390429076
0.500000  0.700000   0.01629328570950562
0.540000  0.700000   0.01526414848241315
0.580000  0.700000   0.01251632110413262
0.620000  0.700000   0.00999259569147864
0.660000  0.700000   0.00663924225879392
0.700000  0.700000   0.00283250468670619
-.500000  0.740000   0.00159802796535354
-.460000  0.740000   0.00544095859530260
-.420000  0.740000   0.00593208761447400
-.380000  0.740000   0.00689151104978376
-.340000  0.740000   0.00801941463278855
-.300000  0.740000   0.00849218325649997
-.260000  0.740000   0.00987295002371464
-.220000  0.740000   0.01102105642443990
-.180000  0.740000   0.01234565821768500
-.140000  0.740000   0.01356353085509888
-.100000  0.740000   0.01470017408324769
-.060000  0.740000   0.01587539943308751
-.020000  0.740000   0.01688513593737601
0.020000  0.740000   0.01777930925495590
0.060000  0.740000   0.01855876247793189
0.100000  0.740000   0.01871193730675138
0.140000  0.740000   0.01927142061115146
0.180000  0.740000   0.01978154274741364
0.220000  0.740000   0.01932759319867897
0.260000  0.740000   0.01975411276649718
0.300000  0.740000   0.01898570370483993
0.340000  0.740000   0.01944492129615276
0.380000  0.740000   0.01851468907446841
0.420000  0.740000   0.01747271224328399
0.460000  0.740000   0.01639121255629156
0.500000  0.740000   0.01337124806858212
0.540000  0.740000   0.01233134819023076
0.580000  0.740000   0.00956128164299212
0.620000  0.740000   0.00572255256338503
0.660000  0.740000   0.00170722901541533
-.460000  0.780000   0.00526044515368913
-.420000  0.780000   0.00500158693987449
-.380000  0.780000   0.00551017491150750
-.340000  0.780000   0.00638984832901207
-.300000  0.780000   0.00742621911868008
-.260000  0.780000   0.00779939907654858
-.220000  0.780000   0.00916311106627640
-.180000  0.780000   0.01016755519777087
-.140000  0.780000   0.01160182670145533
-.100000  0.780000   0.01272875739195490
-.060000  0.780000   0.01378802993495982
-.020000  0.780000   0.01476787224394044
0.020000  0.780000   0.01564672015988772
0.060000  0.780000   0.01644692607155659
0.100000  0.780000   0.01717647837195850
0.140000  0.780000   0.01784443880952643
0.180000  0.780000   0.01739822035896861
0.220000  0.780000   0.01796138355810295
0.260000  0.780000   0.01714439722874430
0.300000  0.780000   0.01770581445971593
0.340000  0.780000   0.01668340388854304
0.380000  0.780000   0.01553824107167608
0.420000  0.780000   0.01434020864649961
0.460000  0.780000   0.01319266563291712
0.500000  0.780000   0.00998649690129544
0.540000  0.780000   0.00716327451512243
0.580000  0.780000   0.00349189574524703
0.620000  0.780000   0.00083033369888983
-.420000  0.820000   0.00221879636678086
-.380000  0.820000   0.00549231491494929
-.340000  0.820000   0.00575121826093826
-.300000  0.820000   0.00626418209197334
-.260000  0.820000   0.00590085308441256
-.220000  0.820000   0.00699841269852446
-.180000  0.820000   0.00756724774081859
-.140000  0.820000   0.00898368789104620
-.100000  0.820000   0.00990327080484468
-.060000  0.820000   0.01082870380481254
-.020000  0.820000   0.01172487654007166
0.020000  0.820000   0.01256636407981828
0.060000  0.820000   0.01335475011809302
0.100000  0.820000   0.01410790036722294
0.140000  0.820000   0.01482072137502152
0.180000  0.820000   0.01405829419735352
0.220000  0.820000   0.01470181368425799
0.260000  0.820000   0.01362390819880261
0.300000  0.820000   0.01430993789165837
0.340000  0.820000   0.01311014221553677
0.380000  0.820000   0.01186145919561097
0.420000  0.820000   0.00843998598374631
0.460000  0.820000   0.00743855044321165
0.500000  0.820000   0.00482438771368157
0.540000  0.820000   0.00017890935654503
-.380000  0.860000   0.00437636194305244
-.340000  0.860000   0.00433592461246530
-.300000  0.860000   0.00497003989458078
-.260000  0.860000   0.00548077066090402
-.220000  0.860000   0.00590975753491176
-.180000  0.860000   0.00567346467189551
-.140000  0.860000   0.00650439750981183
-.100000  0.860000   0.00691935103581445
-.060000  0.860000   0.00748905253451614
-.020000  0.860000   0.00813642807859480
0.020000  0.860000   0.00881479150727293
0.060000  0.860000   0.00950614218225367
0.100000  0.860000   0.01020951975903475
0.140000  0.860000   0.01092344717940458
0.180000  0.860000   0.00993371542697632
0.220000  0.860000   0.01064326991210143
0.260000  0.860000   0.00942815254674350
0.300000  0.860000   0.00812571545736579
0.340000  0.860000   0.00685788252906770
0.380000  0.860000   0.00579062071926580
0.420000  0.860000   0.00297187620384770
0.460000  0.860000   0.00105065858241511
0.500000  0.860000   0.00281828893674091
-.340000  0.900000   0.00609061919111916
-.300000  0.900000   0.00433571049246600
-.260000  0.900000   0.00517253320138568
-.220000  0.900000   0.00584983205294268
-.180000  0.900000   0.00606713375972167
-.140000  0.900000   0.00554000554392549
-.100000  0.900000   0.00556481831973524
-.060000  0.900000   0.00536144108449090
-.020000  0.900000   0.00535530852624125
0.020000  0.900000   0.00549604265972436
0.060000  0.900000   0.00578676145885271
0.100000  0.900000   0.00621214228828131
0.140000  0.900000   0.00528956964805888
0.180000  0.900000   0.00579655359434617
0.220000  0.900000   0.00471706609021401
0.260000  0.900000   0.00369449534309724
0.300000  0.900000   0.00295544758681704
0.340000  0.900000   0.00222611116081445
0.380000  0.900000   0.00315370139635547
0.420000  0.900000   0.00387606671377727
-.260000  0.940000   0.00651423732670394
-.220000  0.940000   0.00419546110684986
-.180000  0.940000   0.00541746691672166
-.140000  0.940000   0.00643060037536818
-.100000  0.940000   0.00634829886987612
-.060000  0.940000   0.00632969144160547
-.020000  0.940000   0.00596537317783298
0.020000  0.940000   0.00555676777254835
0.060000  0.940000   0.00511976995538570
0.100000  0.940000   0.00510138709520566
0.140000  0.940000   0.00462594818264280
0.180000  0.940000   0.00470985808653958
0.220000  0.940000   0.00483948227060347
0.260000  0.940000   0.00559725402588955
0.300000  0.940000   0.00541382162339659
0.340000  0.940000   0.00201310393718456
-.140000  0.980000   0.00622195208540241
-.100000  0.980000   0.00314571879601873
-.060000  0.980000   0.00382968001096252
-.020000  0.980000   0.00531846121757108
0.020000  0.980000   0.00576870399822776
0.060000  0.980000   0.00575672182377873
0.100000  0.980000   0.00557115964529167
0.140000  0.980000   0.00473964368239670
0.180000  0.980000   0.00189375594398102
