-.140000  -.980000   -0.0000000766728794
-.100000  -.980000   -0.0000001105610848
-.060000  -.980000   -0.0000001249083181
-.020000  -.980000   -0.0000001685914229
0.020000  -.980000   -0.0000002193756733
0.060000  -.980000   -0.0000002490313577
0.100000  -.980000   -0.0000002634997542
0.140000  -.980000   -0.0000002548049243
0.180000  -.980000   -0.0000000749098961
-.260000  -.940000   -0.0000000359428586
-.220000  -.940000   -0.0000000666268585
-.180000  -.940000   -0.0000000852901045
-.140000  -.940000   -0.0000001511015916
-.100000  -.940000   -0.0000002260469454
-.060000  -.940000   -0.0000003547113401
-.020000  -.940000   -0.0000004410903329
0.020000  -.940000   -0.0000005147524648
0.060000  -.940000   -0.0000005709520045
0.100000  -.940000   -0.0000005660671190
0.140000  -.940000   -0.0000005949753601
0.180000  -.940000   -0.0000005855092730
0.220000  -.940000   -0.0000005853096164
0.260000  -.940000   -0.0000005653896892
0.300000  -.940000   -0.0000005394290911
0.340000  -.940000    0.0000001200159106
-.340000  -.900000   -0.0000000113628288
-.300000  -.900000   -0.0000000411573023
-.260000  -.900000   -0.0000000660916142
-.220000  -.900000   -0.0000001505921162
-.180000  -.900000   -0.0000002965382473
-.140000  -.900000   -0.0000004112476619
-.100000  -.900000   -0.0000005962361425
-.060000  -.900000   -0.0000006932108251
-.020000  -.900000   -0.0000007622146213
0.020000  -.900000   -0.0000007941669027
0.060000  -.900000   -0.0000007890067232
0.100000  -.900000   -0.0000007457277268
0.140000  -.900000   -0.0000006488267472
0.180000  -.900000   -0.0000005646751711
0.220000  -.900000   -0.0000004701383209
0.260000  -.900000   -0.0000003993601719
0.300000  -.900000   -0.0000003685421575
0.340000  -.900000   -0.0000003940457392
0.380000  -.900000   -0.0000004712915523
0.420000  -.900000   -0.0000004736594101
-.380000  -.860000   -0.0000000235798679
-.340000  -.860000   -0.0000000406051747
-.300000  -.860000   -0.0000001114296596
-.260000  -.860000   -0.0000002562489879
-.220000  -.860000   -0.0000004605428828
-.180000  -.860000   -0.0000006096527889
-.140000  -.860000   -0.0000008324979735
-.100000  -.860000   -0.0000009491341951
-.060000  -.860000   -0.0000010264050576
-.020000  -.860000   -0.0000010580535552
0.020000  -.860000   -0.0000010380899949
0.060000  -.860000   -0.0000009653392503
0.100000  -.860000   -0.0000008418217093
0.140000  -.860000   -0.0000006708090735
0.180000  -.860000   -0.0000004835473926
0.220000  -.860000   -0.0000002697341512
0.260000  -.860000   -0.0000000923331571
0.300000  -.860000    0.0000000517745450
0.340000  -.860000    0.0000001432883887
0.380000  -.860000    0.0000001650650630
0.420000  -.860000    0.0000000398721104
0.460000  -.860000   -0.0000001841943487
0.500000  -.860000   -0.0000003590272128
-.420000  -.820000   -0.0000000222829362
-.380000  -.820000   -0.0000000703137990
-.340000  -.820000   -0.0000001929746464
-.300000  -.820000   -0.0000003919393686
-.260000  -.820000   -0.0000005623593604
-.220000  -.820000   -0.0000008263948020
-.180000  -.820000   -0.0000010035239188
-.140000  -.820000   -0.0000012228762215
-.100000  -.820000   -0.0000013238001105
-.060000  -.820000   -0.0000013702419206
-.020000  -.820000   -0.0000013575933220
0.020000  -.820000   -0.0000012784387653
0.060000  -.820000   -0.0000011354025090
0.100000  -.820000   -0.0000009313105324
0.140000  -.820000   -0.0000006693959341
0.180000  -.820000   -0.0000004210197054
0.220000  -.820000   -0.0000000990747971
0.260000  -.820000    0.0000001640726002
0.300000  -.820000    0.0000004994594336
0.340000  -.820000    0.0000007075258938
0.380000  -.820000    0.0000008575606994
0.420000  -.820000    0.0000008102460665
0.460000  -.820000    0.0000007602950002
0.500000  -.820000    0.0000004846581292
0.540000  -.820000    0.0000000105635447
-.460000  -.780000   -0.0000000229858500
-.420000  -.780000   -0.0000000862006234
-.380000  -.780000   -0.0000002294833118
-.340000  -.780000   -0.0000004510283460
-.300000  -.780000   -0.0000007271962299
-.260000  -.780000   -0.0000009453482788
-.220000  -.780000   -0.0000012279887216
-.180000  -.780000   -0.0000014148354912
-.140000  -.780000   -0.0000015912029446
-.100000  -.780000   -0.0000016656465449
-.060000  -.780000   -0.0000016751735737
-.020000  -.780000   -0.0000016130248702
0.020000  -.780000   -0.0000014770326787
0.060000  -.780000   -0.0000012684024230
0.100000  -.780000   -0.0000009871361711
0.140000  -.780000   -0.0000006418571233
0.180000  -.780000   -0.0000003594798697
0.220000  -.780000    0.0000000614007426
0.260000  -.780000    0.0000003864219321
0.300000  -.780000    0.0000008375875610
0.340000  -.780000    0.0000011325901882
0.380000  -.780000    0.0000013887810349
0.420000  -.780000    0.0000015763173228
0.460000  -.780000    0.0000016729612579
0.500000  -.780000    0.0000014808002960
0.540000  -.780000    0.0000011586903526
0.580000  -.780000    0.0000006022750448
0.620000  -.780000   -0.0000000757578002
-.500000  -.740000   -0.0000000186964926
-.460000  -.740000   -0.0000000982184469
-.420000  -.740000   -0.0000002532213771
-.380000  -.740000   -0.0000004873019716
-.340000  -.740000   -0.0000007802899824
-.300000  -.740000   -0.0000010286283196
-.260000  -.740000   -0.0000013382302199
-.220000  -.740000   -0.0000015708084368
-.180000  -.740000   -0.0000017790641901
-.140000  -.740000   -0.0000019068749388
-.100000  -.740000   -0.0000019708234663
-.060000  -.740000   -0.0000018890410049
-.020000  -.740000   -0.0000017787147836
0.020000  -.740000   -0.0000015872811016
0.060000  -.740000   -0.0000013164965679
0.100000  -.740000   -0.0000011148316722
0.140000  -.740000   -0.0000007207395818
0.180000  -.740000   -0.0000002667003074
0.220000  -.740000    0.0000000776317644
0.260000  -.740000    0.0000005969497883
0.300000  -.740000    0.0000009727499309
0.340000  -.740000    0.0000015063929538
0.380000  -.740000    0.0000018403908045
0.420000  -.740000    0.0000021303889318
0.460000  -.740000    0.0000023413382206
0.500000  -.740000    0.0000022553995715
0.540000  -.740000    0.0000022250619735
0.580000  -.740000    0.0000018465438041
0.620000  -.740000    0.0000011682249789
0.660000  -.740000    0.0000002645581021
-.540000  -.700000   -0.0000000147544337
-.500000  -.700000   -0.0000000757057221
-.460000  -.700000   -0.0000002165477615
-.420000  -.700000   -0.0000004981541339
-.380000  -.700000   -0.0000007332862834
-.340000  -.700000   -0.0000010633184657
-.300000  -.700000   -0.0000013931656822
-.260000  -.700000   -0.0000016675396997
-.220000  -.700000   -0.0000019069749650
-.180000  -.700000   -0.0000020929698618
-.140000  -.700000   -0.0000021434165310
-.100000  -.700000   -0.0000021735526793
-.060000  -.700000   -0.0000021247612235
-.020000  -.700000   -0.0000019922215980
0.020000  -.700000   -0.0000017703659816
0.060000  -.700000   -0.0000014664427881
0.100000  -.700000   -0.0000010840600280
0.140000  -.700000   -0.0000006278269620
0.180000  -.700000   -0.0000003217809683
0.220000  -.700000    0.0000002303595539
0.260000  -.700000    0.0000006248012861
0.300000  -.700000    0.0000012246820366
0.340000  -.700000    0.0000016363834627
0.380000  -.700000    0.0000020368605583
0.420000  -.700000    0.0000025978820959
0.460000  -.700000    0.0000026978787612
0.500000  -.700000    0.0000029071485961
0.540000  -.700000    0.0000030070078772
0.580000  -.700000    0.0000027448972290
0.620000  -.700000    0.0000023193193976
0.660000  -.700000    0.0000015737058861
0.700000  -.700000    0.0000005556050118
-.580000  -.660000   -0.0000000076907253
-.540000  -.660000   -0.0000000700296834
-.500000  -.660000   -0.0000002049164500
-.460000  -.660000   -0.0000004231711543
-.420000  -.660000   -0.0000007125008417
-.380000  -.660000   -0.0000010460353371
-.340000  -.660000   -0.0000013876048614
-.300000  -.660000   -0.0000016903987462
-.260000  -.660000   -0.0000019595813304
-.220000  -.660000   -0.0000021985226798
-.180000  -.660000   -0.0000022865845231
-.140000  -.660000   -0.0000023852837402
-.100000  -.660000   -0.0000024072552449
-.060000  -.660000   -0.0000023457788879
-.020000  -.660000   -0.0000021925158907
0.020000  -.660000   -0.0000019454138913
0.060000  -.660000   -0.0000016141299060
0.100000  -.660000   -0.0000012003667753
0.140000  -.660000   -0.0000007100699032
0.180000  -.660000   -0.0000001577225924
0.220000  -.660000    0.0000001944858095
0.260000  -.660000    0.0000008263506413
0.300000  -.660000    0.0000012546237903
0.340000  -.660000    0.0000019168203732
0.380000  -.660000    0.0000023469632540
0.420000  -.660000    0.0000027625977888
0.460000  -.660000    0.0000031341677727
0.500000  -.660000    0.0000034381100260
0.540000  -.660000    0.0000036491857674
0.580000  -.660000    0.0000034992255200
0.620000  -.660000    0.0000034304630249
0.660000  -.660000    0.0000027049725250
0.700000  -.660000    0.0000018710217965
0.740000  -.660000    0.0000006950434891
-.580000  -.620000   -0.0000000415855298
-.540000  -.620000   -0.0000001507864100
-.500000  -.620000   -0.0000003435961764
-.460000  -.620000   -0.0000006142929886
-.420000  -.620000   -0.0000009422552632
-.380000  -.620000   -0.0000012958121233
-.340000  -.620000   -0.0000016381509118
-.300000  -.620000   -0.0000019282523613
-.260000  -.620000   -0.0000022073869550
-.220000  -.620000   -0.0000023352910709
-.180000  -.620000   -0.0000024967027982
-.140000  -.620000   -0.0000025955336958
-.100000  -.620000   -0.0000026138094199
-.060000  -.620000   -0.0000022753290386
-.020000  -.620000   -0.0000020912567021
0.020000  -.620000   -0.0000018148199238
0.060000  -.620000   -0.0000014479948291
0.100000  -.620000   -0.0000013127257184
0.140000  -.620000   -0.0000007952534672
0.180000  -.620000   -0.0000002155630468
0.220000  -.620000    0.0000004162764036
0.260000  -.620000    0.0000008014382079
0.300000  -.620000    0.0000014935049073
0.340000  -.620000    0.0000019384669079
0.380000  -.620000    0.0000024004375656
0.420000  -.620000    0.0000028563432711
0.460000  -.620000    0.0000032771944985
0.500000  -.620000    0.0000036398442599
0.540000  -.620000    0.0000039214796905
0.580000  -.620000    0.0000041036889128
0.620000  -.620000    0.0000039114460328
0.660000  -.620000    0.0000037970647915
0.700000  -.620000    0.0000029871643433
0.740000  -.620000    0.0000020422791605
0.780000  -.620000    0.0000005694238935
-.620000  -.580000   -0.0000000183602911
-.580000  -.580000   -0.0000000998307921
-.540000  -.580000   -0.0000002933272219
-.500000  -.580000   -0.0000005381722390
-.460000  -.580000   -0.0000008434204435
-.420000  -.580000   -0.0000011849141952
-.380000  -.580000   -0.0000015278300155
-.340000  -.580000   -0.0000018585792706
-.300000  -.580000   -0.0000021210027888
-.260000  -.580000   -0.0000024159108713
-.220000  -.580000   -0.0000024962537944
-.180000  -.580000   -0.0000026647505280
-.140000  -.580000   -0.0000027680594710
-.100000  -.580000   -0.0000024811217104
-.060000  -.580000   -0.0000023830435620
-.020000  -.580000   -0.0000021918541805
0.020000  -.580000   -0.0000019048265068
0.060000  -.580000   -0.0000015252970860
0.100000  -.580000   -0.0000010619453675
0.140000  -.580000   -0.0000008761614774
0.180000  -.580000   -0.0000002755206428
0.220000  -.580000    0.0000003752680257
0.260000  -.580000    0.0000007597263051
0.300000  -.580000    0.0000014695684792
0.340000  -.580000    0.0000019240054110
0.380000  -.580000    0.0000024038223240
0.420000  -.580000    0.0000031015423597
0.460000  -.580000    0.0000035468725702
0.500000  -.580000    0.0000039539226767
0.540000  -.580000    0.0000043032252877
0.580000  -.580000    0.0000043359069896
0.620000  -.580000    0.0000044784627609
0.660000  -.580000    0.0000042268437241
0.700000  -.580000    0.0000037926480560
0.740000  -.580000    0.0000031555054004
0.780000  -.580000    0.0000019459247669
-.660000  -.540000   -0.0000000019841175
-.620000  -.540000   -0.0000000551829970
-.580000  -.540000   -0.0000002045155271
-.540000  -.540000   -0.0000004106155182
-.500000  -.540000   -0.0000006878057423
-.460000  -.540000   -0.0000010123542103
-.420000  -.540000   -0.0000013572971493
-.380000  -.540000   -0.0000017256398746
-.340000  -.540000   -0.0000020348871550
-.300000  -.540000   -0.0000022651703654
-.260000  -.540000   -0.0000025724052799
-.220000  -.540000   -0.0000026056436641
-.180000  -.540000   -0.0000027858522964
-.140000  -.540000   -0.0000025600178131
-.100000  -.540000   -0.0000025523110040
-.060000  -.540000   -0.0000024560450752
-.020000  -.540000   -0.0000022631293295
0.020000  -.540000   -0.0000019696237651
0.060000  -.540000   -0.0000015832822321
0.100000  -.540000   -0.0000011083542144
0.140000  -.540000   -0.0000005607543532
0.180000  -.540000   -0.0000003309334894
0.220000  -.540000    0.0000003321664471
0.260000  -.540000    0.0000007076051319
0.300000  -.540000    0.0000014279228316
0.340000  -.540000    0.0000018811074937
0.380000  -.540000    0.0000023685906450
0.420000  -.540000    0.0000030755355042
0.460000  -.540000    0.0000035349209775
0.500000  -.540000    0.0000039664557397
0.540000  -.540000    0.0000043512294171
0.580000  -.540000    0.0000046679935622
0.620000  -.540000    0.0000046584790672
0.660000  -.540000    0.0000047548012957
0.700000  -.540000    0.0000044399345465
0.740000  -.540000    0.0000039310748195
0.780000  -.540000    0.0000029745125022
0.820000  -.540000    0.0000016069060791
-.660000  -.500000   -0.0000000207848667
-.620000  -.500000   -0.0000001078683070
-.580000  -.500000   -0.0000002919548025
-.540000  -.500000   -0.0000005273725025
-.500000  -.500000   -0.0000008230468054
-.460000  -.500000   -0.0000011543997722
-.420000  -.500000   -0.0000014914284198
-.380000  -.500000   -0.0000018747718205
-.340000  -.500000   -0.0000021565380524
-.300000  -.500000   -0.0000023507718579
-.260000  -.500000   -0.0000026704425997
-.220000  -.500000   -0.0000026601271677
-.180000  -.500000   -0.0000028507452231
-.140000  -.500000   -0.0000025771066860
-.100000  -.500000   -0.0000025793539644
-.060000  -.500000   -0.0000024896435491
-.020000  -.500000   -0.0000023002794352
0.020000  -.500000   -0.0000020065390104
0.060000  -.500000   -0.0000016163176129
0.100000  -.500000   -0.0000011351523461
0.140000  -.500000   -0.0000005810559884
0.180000  -.500000   -0.0000003760608717
0.220000  -.500000    0.0000002928085222
0.260000  -.500000    0.0000006533910509
0.300000  -.500000    0.0000013760308090
0.340000  -.500000    0.0000018193833084
0.380000  -.500000    0.0000023008357971
0.420000  -.500000    0.0000030084053464
0.460000  -.500000    0.0000034715861178
0.500000  -.500000    0.0000039143268249
0.540000  -.500000    0.0000043178368330
0.580000  -.500000    0.0000046653595226
0.620000  -.500000    0.0000047232170218
0.660000  -.500000    0.0000048818067386
0.700000  -.500000    0.0000046728434913
0.740000  -.500000    0.0000042810891395
0.780000  -.500000    0.0000036918042850
0.820000  -.500000    0.0000026708303628
0.860000  -.500000    0.0000009812614056
-.660000  -.460000   -0.0000000513812634
-.620000  -.460000   -0.0000001683319727
-.580000  -.460000   -0.0000003780636454
-.540000  -.460000   -0.0000006312973618
-.500000  -.460000   -0.0000009336375716
-.460000  -.460000   -0.0000012591163488
-.420000  -.460000   -0.0000015764782103
-.380000  -.460000   -0.0000019650679278
-.340000  -.460000   -0.0000022162385813
-.300000  -.460000   -0.0000023739730521
-.260000  -.460000   -0.0000027017372223
-.220000  -.460000   -0.0000026526730620
-.180000  -.460000   -0.0000028593029818
-.140000  -.460000   -0.0000025429477736
-.100000  -.460000   -0.0000025589450032
-.060000  -.460000   -0.0000024846648279
-.020000  -.460000   -0.0000023028526112
0.020000  -.460000   -0.0000020123749369
0.060000  -.460000   -0.0000016221232573
0.100000  -.460000   -0.0000011405486096
0.140000  -.460000   -0.0000005839910795
0.180000  -.460000   -0.0000004063242728
0.220000  -.460000    0.0000002628389297
0.260000  -.460000    0.0000006026748719
0.300000  -.460000    0.0000013199056105
0.340000  -.460000    0.0000017456218638
0.380000  -.460000    0.0000022122617413
0.420000  -.460000    0.0000029092243988
0.460000  -.460000    0.0000033639520822
0.500000  -.460000    0.0000038055549172
0.540000  -.460000    0.0000042169232943
0.580000  -.460000    0.0000045812917314
0.620000  -.460000    0.0000046891210637
0.660000  -.460000    0.0000048906878303
0.700000  -.460000    0.0000047692540456
0.740000  -.460000    0.0000047214776198
0.780000  -.460000    0.0000042593041472
0.820000  -.460000    0.0000033390736990
0.860000  -.460000    0.0000019742686656
-.700000  -.420000   -0.0000000136654454
-.660000  -.420000   -0.0000000886139107
-.620000  -.420000   -0.0000002278880917
-.580000  -.420000   -0.0000004538676235
-.540000  -.420000   -0.0000007128579765
-.500000  -.420000   -0.0000010090076695
-.460000  -.420000   -0.0000013187224559
-.420000  -.420000   -0.0000016085241252
-.380000  -.420000   -0.0000019890247874
-.340000  -.420000   -0.0000022076065185
-.300000  -.420000   -0.0000023297097130
-.260000  -.420000   -0.0000026625019899
-.220000  -.420000   -0.0000025804766909
-.180000  -.420000   -0.0000028032068106
-.140000  -.420000   -0.0000024575308694
-.100000  -.420000   -0.0000024937880180
-.060000  -.420000   -0.0000024359471233
-.020000  -.420000   -0.0000022680557543
0.020000  -.420000   -0.0000019882525580
0.060000  -.420000   -0.0000015991046321
0.100000  -.420000   -0.0000011201597167
0.140000  -.420000   -0.0000005655548739
0.180000  -.420000   -0.0000004191588117
0.220000  -.420000    0.0000002450537206
0.260000  -.420000    0.0000005607896969
0.300000  -.420000    0.0000012655089586
0.340000  -.420000    0.0000016649528132
0.380000  -.420000    0.0000021089055425
0.420000  -.420000    0.0000027858037279
0.460000  -.420000    0.0000032224097017
0.500000  -.420000    0.0000036512643411
0.540000  -.420000    0.0000040555483900
0.580000  -.420000    0.0000044236884393
0.620000  -.420000    0.0000045635636280
0.660000  -.420000    0.0000047974201309
0.700000  -.420000    0.0000049499498672
0.740000  -.420000    0.0000047603492569
0.780000  -.420000    0.0000044059821741
0.820000  -.420000    0.0000036266808956
0.860000  -.420000    0.0000026829579782
0.900000  -.420000    0.0000011513068567
-.700000  -.380000   -0.0000000289618346
-.660000  -.380000   -0.0000001275736732
-.620000  -.380000   -0.0000002791188558
-.580000  -.380000   -0.0000004941507849
-.540000  -.380000   -0.0000007651244054
-.500000  -.380000   -0.0000010728945305
-.460000  -.380000   -0.0000013916821574
-.420000  -.380000   -0.0000016914857341
-.380000  -.380000   -0.0000019472566419
-.340000  -.380000   -0.0000021294956459
-.300000  -.380000   -0.0000022167810785
-.260000  -.380000   -0.0000025525236815
-.220000  -.380000   -0.0000024444126028
-.180000  -.380000   -0.0000026855081948
-.140000  -.380000   -0.0000023207383965
-.100000  -.380000   -0.0000023799313947
-.060000  -.380000   -0.0000023453548513
-.020000  -.380000   -0.0000021969824466
0.020000  -.380000   -0.0000019287394153
0.060000  -.380000   -0.0000015488708547
0.100000  -.380000   -0.0000010732928922
0.140000  -.380000   -0.0000005260716898
0.180000  -.380000   -0.0000004078382107
0.220000  -.380000    0.0000002462530798
0.260000  -.380000    0.0000005317953605
0.300000  -.380000    0.0000012158026177
0.340000  -.380000    0.0000015830104110
0.380000  -.380000    0.0000019956371939
0.420000  -.380000    0.0000024300451440
0.460000  -.380000    0.0000028677210035
0.500000  -.380000    0.0000032925315336
0.540000  -.380000    0.0000036908725717
0.580000  -.380000    0.0000040519796588
0.620000  -.380000    0.0000043629181556
0.660000  -.380000    0.0000046138413354
0.700000  -.380000    0.0000046128322643
0.740000  -.380000    0.0000046812126705
0.780000  -.380000    0.0000044180600866
0.820000  -.380000    0.0000039813371717
0.860000  -.380000    0.0000031349459552
0.900000  -.380000    0.0000018606355337
-.740000  -.340000   -0.0000000005723720
-.700000  -.340000   -0.0000000486066165
-.660000  -.340000   -0.0000001625661673
-.620000  -.340000   -0.0000003194006132
-.580000  -.340000   -0.0000005306407487
-.540000  -.340000   -0.0000007869438726
-.500000  -.340000   -0.0000010697421379
-.460000  -.340000   -0.0000013570935209
-.420000  -.340000   -0.0000016197007196
-.380000  -.340000   -0.0000018374648466
-.340000  -.340000   -0.0000019850782900
-.300000  -.340000   -0.0000023657499164
-.260000  -.340000   -0.0000023683200410
-.220000  -.340000   -0.0000022453130605
-.180000  -.340000   -0.0000025034229134
-.140000  -.340000   -0.0000021300893205
-.100000  -.340000   -0.0000022205990131
-.060000  -.340000   -0.0000022173195839
-.020000  -.340000   -0.0000020915825000
0.020000  -.340000   -0.0000018401811877
0.060000  -.340000   -0.0000014689054654
0.100000  -.340000   -0.0000010014818452
0.140000  -.340000   -0.0000004591329450
0.180000  -.340000   -0.0000003719634153
0.220000  -.340000    0.0000002659262166
0.260000  -.340000    0.0000005178316540
0.300000  -.340000    0.0000008520892283
0.340000  -.340000    0.0000015034299279
0.380000  -.340000    0.0000018762955554
0.420000  -.340000    0.0000022723981119
0.460000  -.340000    0.0000026754021837
0.500000  -.340000    0.0000030698271754
0.540000  -.340000    0.0000034458027420
0.580000  -.340000    0.0000037907169770
0.620000  -.340000    0.0000040963173531
0.660000  -.340000    0.0000043518418320
0.700000  -.340000    0.0000043907438622
0.740000  -.340000    0.0000044941458688
0.780000  -.340000    0.0000043066520902
0.820000  -.340000    0.0000039666502404
0.860000  -.340000    0.0000032483067027
0.900000  -.340000    0.0000022353901163
0.940000  -.340000    0.0000005571279098
-.740000  -.300000   -0.0000000073097211
-.700000  -.300000   -0.0000000680344539
-.660000  -.300000   -0.0000001746964811
-.620000  -.300000   -0.0000003450931145
-.580000  -.300000   -0.0000005423326506
-.540000  -.300000   -0.0000007738504645
-.500000  -.300000   -0.0000010242338900
-.460000  -.300000   -0.0000012722869527
-.420000  -.300000   -0.0000014934850884
-.380000  -.300000   -0.0000016690563141
-.340000  -.300000   -0.0000020492604188
-.300000  -.300000   -0.0000021331252799
-.260000  -.300000   -0.0000021175470469
-.220000  -.300000   -0.0000019838790866
-.180000  -.300000   -0.0000022583239764
-.140000  -.300000   -0.0000018896997266
-.100000  -.300000   -0.0000020149199416
-.060000  -.300000   -0.0000020470363698
-.020000  -.300000   -0.0000019540589670
0.020000  -.300000   -0.0000017208254181
0.060000  -.300000   -0.0000013615041654
0.100000  -.300000   -0.0000009005724333
0.140000  -.300000   -0.0000003684348745
0.180000  -.300000   -0.0000003113508950
0.220000  -.300000    0.0000003071001573
0.260000  -.300000    0.0000005215860612
0.300000  -.300000    0.0000008151199818
0.340000  -.300000    0.0000011621025616
0.380000  -.300000    0.0000017528375102
0.420000  -.300000    0.0000021024219422
0.460000  -.300000    0.0000024621573411
0.500000  -.300000    0.0000028205888675
0.540000  -.300000    0.0000031649373629
0.580000  -.300000    0.0000034843824495
0.620000  -.300000    0.0000037735077185
0.660000  -.300000    0.0000038983252239
0.700000  -.300000    0.0000040828484507
0.740000  -.300000    0.0000040584407413
0.780000  -.300000    0.0000040877741480
0.820000  -.300000    0.0000038314572507
0.860000  -.300000    0.0000032294672845
0.900000  -.300000    0.0000024825251774
0.940000  -.300000    0.0000012991963005
-.740000  -.260000   -0.0000000150863832
-.700000  -.260000   -0.0000000767848989
-.660000  -.260000   -0.0000001888879407
-.620000  -.260000   -0.0000003374782979
-.580000  -.260000   -0.0000005289386254
-.540000  -.260000   -0.0000007541584877
-.500000  -.260000   -0.0000009974216459
-.460000  -.260000   -0.0000012406863049
-.420000  -.260000   -0.0000014638712167
-.380000  -.260000   -0.0000016487762341
-.340000  -.260000   -0.0000017800095053
-.300000  -.260000   -0.0000018375469361
-.260000  -.260000   -0.0000018078329513
-.220000  -.260000   -0.0000021561093365
-.180000  -.260000   -0.0000019521652445
-.140000  -.260000   -0.0000022359297710
-.100000  -.260000   -0.0000017630883619
-.060000  -.260000   -0.0000018401616128
-.020000  -.260000   -0.0000017839854168
0.020000  -.260000   -0.0000015762576177
0.060000  -.260000   -0.0000012268526764
0.100000  -.260000   -0.0000007715109435
0.140000  -.260000   -0.0000008100292903
0.180000  -.260000   -0.0000002213646891
0.220000  -.260000   -0.0000000559577121
0.260000  -.260000    0.0000005423939591
0.300000  -.260000    0.0000007897857550
0.340000  -.260000    0.0000010875908382
0.380000  -.260000    0.0000014122134237
0.420000  -.260000    0.0000017533703063
0.460000  -.260000    0.0000020944748348
0.500000  -.260000    0.0000024247711680
0.540000  -.260000    0.0000027386298566
0.580000  -.260000    0.0000030289325691
0.620000  -.260000    0.0000032926829854
0.660000  -.260000    0.0000035196963744
0.700000  -.260000    0.0000035965407727
0.740000  -.260000    0.0000037125053364
0.780000  -.260000    0.0000036239912464
0.820000  -.260000    0.0000034241639317
0.860000  -.260000    0.0000030933257156
0.900000  -.260000    0.0000024640858557
0.940000  -.260000    0.0000015113386607
-.740000  -.220000   -0.0000000202805556
-.700000  -.220000   -0.0000000842873429
-.660000  -.220000   -0.0000001833448924
-.620000  -.220000   -0.0000003256608449
-.580000  -.220000   -0.0000004889754627
-.540000  -.220000   -0.0000006742552113
-.500000  -.220000   -0.0000008711762276
-.460000  -.220000   -0.0000010635347043
-.420000  -.220000   -0.0000012361252391
-.380000  -.220000   -0.0000013743836199
-.340000  -.220000   -0.0000014670385829
-.300000  -.220000   -0.0000014973084184
-.260000  -.220000   -0.0000018504702048
-.220000  -.220000   -0.0000017753766208
-.180000  -.220000   -0.0000015902681571
-.140000  -.220000   -0.0000019002161830
-.100000  -.220000   -0.0000014690990975
-.060000  -.220000   -0.0000015965671538
-.020000  -.220000   -0.0000015875990141
0.020000  -.220000   -0.0000014039543561
0.060000  -.220000   -0.0000010623652225
0.100000  -.220000   -0.0000006140005327
0.140000  -.220000   -0.0000006673050917
0.180000  -.220000   -0.0000001040922526
0.220000  -.220000    0.0000000249220195
0.260000  -.220000    0.0000002400099299
0.300000  -.220000    0.0000007749633366
0.340000  -.220000    0.0000010167865620
0.380000  -.220000    0.0000012833701303
0.420000  -.220000    0.0000015685203552
0.460000  -.220000    0.0000018485916676
0.500000  -.220000    0.0000021335095001
0.540000  -.220000    0.0000024130453716
0.580000  -.220000    0.0000026663471207
0.620000  -.220000    0.0000028978181438
0.660000  -.220000    0.0000030179964812
0.700000  -.220000    0.0000031686736054
0.740000  -.220000    0.0000031903413818
0.780000  -.220000    0.0000032430887116
0.820000  -.220000    0.0000031019738391
0.860000  -.220000    0.0000028502387205
0.900000  -.220000    0.0000023333162498
0.940000  -.220000    0.0000015927323823
-.740000  -.180000   -0.0000000243251559
-.700000  -.180000   -0.0000000802999808
-.660000  -.180000   -0.0000001728491157
-.620000  -.180000   -0.0000002883431206
-.580000  -.180000   -0.0000004339281413
-.540000  -.180000   -0.0000005999057318
-.500000  -.180000   -0.0000007776436339
-.460000  -.180000   -0.0000009533497264
-.420000  -.180000   -0.0000011171158257
-.380000  -.180000   -0.0000012555724344
-.340000  -.180000   -0.0000013612495342
-.300000  -.180000   -0.0000014189962138
-.260000  -.180000   -0.0000014204106778
-.220000  -.180000   -0.0000013512665288
-.180000  -.180000   -0.0000017217623340
-.140000  -.180000   -0.0000015035616501
-.100000  -.180000   -0.0000011327830548
-.060000  -.180000   -0.0000013171445971
-.020000  -.180000   -0.0000013639581809
0.020000  -.180000   -0.0000012094537639
0.060000  -.180000   -0.0000008724003325
0.100000  -.180000   -0.0000004252459408
0.140000  -.180000   -0.0000004897401430
0.180000  -.180000   -0.0000004004046209
0.220000  -.180000    0.0000001315218126
0.260000  -.180000    0.0000002946924525
0.300000  -.180000    0.0000005042851504
0.340000  -.180000    0.0000007361353244
0.380000  -.180000    0.0000009880115793
0.420000  -.180000    0.0000012345083037
0.460000  -.180000    0.0000014866066913
0.500000  -.180000    0.0000017417928437
0.540000  -.180000    0.0000019497547672
0.580000  -.180000    0.0000021519875374
0.620000  -.180000    0.0000023472874685
0.660000  -.180000    0.0000025279036070
0.700000  -.180000    0.0000026307855121
0.740000  -.180000    0.0000027200230096
0.780000  -.180000    0.0000026919815460
0.820000  -.180000    0.0000025857306034
0.860000  -.180000    0.0000023901400386
0.900000  -.180000    0.0000020986215534
0.940000  -.180000    0.0000014855689881
0.980000  -.180000    0.0000005765377723
-.780000  -.140000   -0.0000000000642881
-.740000  -.140000   -0.0000000230381509
-.700000  -.140000   -0.0000000741749136
-.660000  -.140000   -0.0000001451888195
-.620000  -.140000   -0.0000002421412792
-.580000  -.140000   -0.0000003630768728
-.540000  -.140000   -0.0000004730770403
-.500000  -.140000   -0.0000005973210709
-.460000  -.140000   -0.0000007183509376
-.420000  -.140000   -0.0000008265234879
-.380000  -.140000   -0.0000009131204729
-.340000  -.140000   -0.0000009737156334
-.300000  -.140000   -0.0000009991169330
-.260000  -.140000   -0.0000013078567565
-.220000  -.140000   -0.0000012983324832
-.180000  -.140000   -0.0000012235951247
-.140000  -.140000   -0.0000010572383997
-.100000  -.140000   -0.0000014293729532
-.060000  -.140000   -0.0000009996213758
-.020000  -.140000   -0.0000011180695286
0.020000  -.140000   -0.0000009942974583
0.060000  -.140000   -0.0000006517283612
0.100000  -.140000   -0.0000007958117157
0.140000  -.140000   -0.0000002772878448
0.180000  -.140000   -0.0000002129480369
0.220000  -.140000   -0.0000000765907558
0.260000  -.140000    0.0000001016267518
0.300000  -.140000    0.0000004977190585
0.340000  -.140000    0.0000006663203048
0.380000  -.140000    0.0000008479663471
0.420000  -.140000    0.0000010253994405
0.460000  -.140000    0.0000012417140336
0.500000  -.140000    0.0000013709464875
0.540000  -.140000    0.0000015832976088
0.580000  -.140000    0.0000017648109779
0.620000  -.140000    0.0000019295708061
0.660000  -.140000    0.0000020294772876
0.700000  -.140000    0.0000020834785190
0.740000  -.140000    0.0000021448448866
0.780000  -.140000    0.0000021869146421
0.820000  -.140000    0.0000021218015591
0.860000  -.140000    0.0000019864425606
0.900000  -.140000    0.0000016760065537
0.940000  -.140000    0.0000012862292383
0.980000  -.140000    0.0000006294906124
-.780000  -.100000   -0.0000000008263795
-.740000  -.100000   -0.0000000191841130
-.700000  -.100000   -0.0000000565578798
-.660000  -.100000   -0.0000001097078766
-.620000  -.100000   -0.0000001851605868
-.580000  -.100000   -0.0000002634435720
-.540000  -.100000   -0.0000003542529919
-.500000  -.100000   -0.0000004489526683
-.460000  -.100000   -0.0000005410954263
-.420000  -.100000   -0.0000006277051587
-.380000  -.100000   -0.0000007014229321
-.340000  -.100000   -0.0000007581214342
-.300000  -.100000   -0.0000007937791153
-.260000  -.100000   -0.0000008041911455
-.220000  -.100000   -0.0000007838322257
-.180000  -.100000   -0.0000007209668980
-.140000  -.100000   -0.0000010771310639
-.100000  -.100000   -0.0000009432704115
-.060000  -.100000   -0.0000006402465883
-.020000  -.100000   -0.0000008509688079
0.020000  -.100000   -0.0000007600898723
0.060000  -.100000   -0.0000003945343985
0.100000  -.100000   -0.0000005020441363
0.140000  -.100000   -0.0000004457534881
0.180000  -.100000   -0.0000000180617382
0.220000  -.100000    0.0000000630210552
0.260000  -.100000    0.0000001732620670
0.300000  -.100000    0.0000003005407251
0.340000  -.100000    0.0000004370055716
0.380000  -.100000    0.0000005753037595
0.420000  -.100000    0.0000007233793590
0.460000  -.100000    0.0000008576508015
0.500000  -.100000    0.0000009781486759
0.540000  -.100000    0.0000012076054838
0.580000  -.100000    0.0000011265843961
0.620000  -.100000    0.0000011643329492
0.660000  -.100000    0.0000014017353392
0.700000  -.100000    0.0000015472535996
0.740000  -.100000    0.0000015303185829
0.780000  -.100000    0.0000015734292640
0.820000  -.100000    0.0000015298847980
0.860000  -.100000    0.0000014369471607
0.900000  -.100000    0.0000012888913000
0.940000  -.100000    0.0000009512904667
0.980000  -.100000    0.0000005238686591
-.780000  -.060000   -0.0000000008614579
-.740000  -.060000   -0.0000000137313519
-.700000  -.060000   -0.0000000357904138
-.660000  -.060000   -0.0000000694162717
-.620000  -.060000   -0.0000001123108557
-.580000  -.060000   -0.0000001622021427
-.540000  -.060000   -0.0000002190387073
-.500000  -.060000   -0.0000002785637728
-.460000  -.060000   -0.0000003380580344
-.420000  -.060000   -0.0000003931542715
-.380000  -.060000   -0.0000004428854353
-.340000  -.060000   -0.0000004847624524
-.300000  -.060000   -0.0000005154983471
-.260000  -.060000   -0.0000005349432567
-.220000  -.060000   -0.0000005409802441
-.180000  -.060000   -0.0000005302632754
-.140000  -.060000   -0.0000004966128772
-.100000  -.060000   -0.0000004220827077
-.060000  -.060000   -0.0000008571966631
-.020000  -.060000   -0.0000005552395552
0.020000  -.060000   -0.0000004981004336
0.060000  -.060000   -0.0000006406369711
0.100000  -.060000   -0.0000001771576308
0.140000  -.060000   -0.0000001512612751
0.180000  -.060000   -0.0000000906316637
0.220000  -.060000   -0.0000000144570835
0.260000  -.060000    0.0000000694800070
0.300000  -.060000    0.0000001566310072
0.340000  -.060000    0.0000002463521115
0.380000  -.060000    0.0000003309762161
0.420000  -.060000    0.0000004357459177
0.460000  -.060000    0.0000004839569957
0.500000  -.060000    0.0000006520728650
0.540000  -.060000    0.0000005792641260
0.580000  -.060000    0.0000008101060137
0.620000  -.060000    0.0000010967323787
0.660000  -.060000    0.0000007810075596
0.700000  -.060000    0.0000009388878419
0.740000  -.060000    0.0000009396738629
0.780000  -.060000    0.0000009513837061
0.820000  -.060000    0.0000009247427919
0.860000  -.060000    0.0000008689866842
0.900000  -.060000    0.0000007815059057
0.940000  -.060000    0.0000006183417514
0.980000  -.060000    0.0000003449925797
-.780000  -.020000   -0.0000000003564381
-.740000  -.020000   -0.0000000047504511
-.700000  -.020000   -0.0000000124283189
-.660000  -.020000   -0.0000000242767659
-.620000  -.020000   -0.0000000375750974
-.580000  -.020000   -0.0000000546668495
-.540000  -.020000   -0.0000000739028744
-.500000  -.020000   -0.0000000941112146
-.460000  -.020000   -0.0000001154915200
-.420000  -.020000   -0.0000001340670624
-.380000  -.020000   -0.0000001510760611
-.340000  -.020000   -0.0000001668136640
-.300000  -.020000   -0.0000001795612765
-.260000  -.020000   -0.0000001887331403
-.220000  -.020000   -0.0000001940917566
-.180000  -.020000   -0.0000001977480365
-.140000  -.020000   -0.0000001996191152
-.100000  -.020000   -0.0000001997215587
-.060000  -.020000   -0.0000002017653669
-.020000  -.020000   -0.0000001738465286
0.020000  -.020000   -0.0000001555098220
0.060000  -.020000   -0.0000001450244468
0.100000  -.020000   -0.0000001086265623
0.140000  -.020000   -0.0000000769844869
0.180000  -.020000   -0.0000000457568226
0.220000  -.020000   -0.0000000150262611
0.260000  -.020000    0.0000000162009823
0.300000  -.020000    0.0000000477958899
0.340000  -.020000    0.0000000801417498
0.380000  -.020000    0.0000001081778888
0.420000  -.020000    0.0000001447720402
0.460000  -.020000    0.0000001562377842
0.500000  -.020000    0.0000002262262718
0.540000  -.020000    0.0000001653965442
0.580000  -.020000    0.0000003721264039
0.620000  -.020000    0.0000000726062784
0.660000  -.020000    0.0000003798615968
0.700000  -.020000    0.0000002904274252
0.740000  -.020000    0.0000003151835194
0.780000  -.020000    0.0000003193475595
0.820000  -.020000    0.0000003093791305
0.860000  -.020000    0.0000002907920048
0.900000  -.020000    0.0000002617778798
0.940000  -.020000    0.0000002077201486
0.980000  -.020000    0.0000001249298213
-.780000  0.020000    0.0000000003564381
-.740000  0.020000    0.0000000047504511
-.700000  0.020000    0.0000000124283189
-.660000  0.020000    0.0000000242767659
-.620000  0.020000    0.0000000375750974
-.580000  0.020000    0.0000000546668495
-.540000  0.020000    0.0000000739028744
-.500000  0.020000    0.0000000941112146
-.460000  0.020000    0.0000001154915200
-.420000  0.020000    0.0000001340670624
-.380000  0.020000    0.0000001510760611
-.340000  0.020000    0.0000001668136640
-.300000  0.020000    0.0000001795612765
-.260000  0.020000    0.0000001887331403
-.220000  0.020000    0.0000001940917566
-.180000  0.020000    0.0000001977480365
-.140000  0.020000    0.0000001996191152
-.100000  0.020000    0.0000001997215587
-.060000  0.020000    0.0000002017653669
-.020000  0.020000    0.0000001738465286
0.020000  0.020000    0.0000001555098220
0.060000  0.020000    0.0000001450244468
0.100000  0.020000    0.0000001086265623
0.140000  0.020000    0.0000000769844869
0.180000  0.020000    0.0000000457568226
0.220000  0.020000    0.0000000150262611
0.260000  0.020000   -0.0000000162009823
0.300000  0.020000   -0.0000000477958899
0.340000  0.020000   -0.0000000801417498
0.380000  0.020000   -0.0000001081778888
0.420000  0.020000   -0.0000001447720402
0.460000  0.020000   -0.0000001562377842
0.500000  0.020000   -0.0000002262262718
0.540000  0.020000   -0.0000001653965442
0.580000  0.020000   -0.0000003721264039
0.620000  0.020000   -0.0000000726062784
0.660000  0.020000   -0.0000003798615968
0.700000  0.020000   -0.0000002904274252
0.740000  0.020000   -0.0000003151835194
0.780000  0.020000   -0.0000003193475595
0.820000  0.020000   -0.0000003093791305
0.860000  0.020000   -0.0000002907920048
0.900000  0.020000   -0.0000002617778798
0.940000  0.020000   -0.0000002077201486
0.980000  0.020000   -0.0000001249298213
-.780000  0.060000    0.0000000008614579
-.740000  0.060000    0.0000000137313519
-.700000  0.060000    0.0000000357904138
-.660000  0.060000    0.0000000694162717
-.620000  0.060000    0.0000001123108557
-.580000  0.060000    0.0000001622021427
-.540000  0.060000    0.0000002190387073
-.500000  0.060000    0.0000002785637728
-.460000  0.060000    0.0000003380580344
-.420000  0.060000    0.0000003931542715
-.380000  0.060000    0.0000004428854353
-.340000  0.060000    0.0000004847624524
-.300000  0.060000    0.0000005154983471
-.260000  0.060000    0.0000005349432567
-.220000  0.060000    0.0000005409802441
-.180000  0.060000    0.0000005302632754
-.140000  0.060000    0.0000004966128772
-.100000  0.060000    0.0000004220827077
-.060000  0.060000    0.0000008571966631
-.020000  0.060000    0.0000005552395552
0.020000  0.060000    0.0000004981004336
0.060000  0.060000    0.0000006406369711
0.100000  0.060000    0.0000001771576308
0.140000  0.060000    0.0000001512612751
0.180000  0.060000    0.0000000906316637
0.220000  0.060000    0.0000000144570835
0.260000  0.060000   -0.0000000694800070
0.300000  0.060000   -0.0000001566310072
0.340000  0.060000   -0.0000002463521115
0.380000  0.060000   -0.0000003309762161
0.420000  0.060000   -0.0000004357459177
0.460000  0.060000   -0.0000004839569957
0.500000  0.060000   -0.0000006520728650
0.540000  0.060000   -0.0000005792641260
0.580000  0.060000   -0.0000008101060137
0.620000  0.060000   -0.0000010967323787
0.660000  0.060000   -0.0000007810075596
0.700000  0.060000   -0.0000009388878419
0.740000  0.060000   -0.0000009396738629
0.780000  0.060000   -0.0000009513837061
0.820000  0.060000   -0.0000009247427919
0.860000  0.060000   -0.0000008689866842
0.900000  0.060000   -0.0000007815059057
0.940000  0.060000   -0.0000006183417514
0.980000  0.060000   -0.0000003449925797
-.780000  0.100000    0.0000000008263795
-.740000  0.100000    0.0000000191841130
-.700000  0.100000    0.0000000565578798
-.660000  0.100000    0.0000001097078766
-.620000  0.100000    0.0000001851605868
-.580000  0.100000    0.0000002634435720
-.540000  0.100000    0.0000003542529919
-.500000  0.100000    0.0000004489526683
-.460000  0.100000    0.0000005410954263
-.420000  0.100000    0.0000006277051587
-.380000  0.100000    0.0000007014229321
-.340000  0.100000    0.0000007581214342
-.300000  0.100000    0.0000007937791153
-.260000  0.100000    0.0000008041911455
-.220000  0.100000    0.0000007838322257
-.180000  0.100000    0.0000007209668980
-.140000  0.100000    0.0000010771310639
-.100000  0.100000    0.0000009432704115
-.060000  0.100000    0.0000006402465883
-.020000  0.100000    0.0000008509688079
0.020000  0.100000    0.0000007600898723
0.060000  0.100000    0.0000003945343985
0.100000  0.100000    0.0000005020441363
0.140000  0.100000    0.0000004457534881
0.180000  0.100000    0.0000000180617382
0.220000  0.100000   -0.0000000630210552
0.260000  0.100000   -0.0000001732620670
0.300000  0.100000   -0.0000003005407251
0.340000  0.100000   -0.0000004370055716
0.380000  0.100000   -0.0000005753037595
0.420000  0.100000   -0.0000007233793590
0.460000  0.100000   -0.0000008576508015
0.500000  0.100000   -0.0000009781486759
0.540000  0.100000   -0.0000012076054838
0.580000  0.100000   -0.0000011265843961
0.620000  0.100000   -0.0000011643329492
0.660000  0.100000   -0.0000014017353392
0.700000  0.100000   -0.0000015472535996
0.740000  0.100000   -0.0000015303185829
0.780000  0.100000   -0.0000015734292640
0.820000  0.100000   -0.0000015298847980
0.860000  0.100000   -0.0000014369471607
0.900000  0.100000   -0.0000012888913000
0.940000  0.100000   -0.0000009512904667
0.980000  0.100000   -0.0000005238686591
-.780000  0.140000    0.0000000000642881
-.740000  0.140000    0.0000000230381509
-.700000  0.140000    0.0000000741749136
-.660000  0.140000    0.0000001451888195
-.620000  0.140000    0.0000002421412792
-.580000  0.140000    0.0000003630768728
-.540000  0.140000    0.0000004730770403
-.500000  0.140000    0.0000005973210709
-.460000  0.140000    0.0000007183509376
-.420000  0.140000    0.0000008265234879
-.380000  0.140000    0.0000009131204729
-.340000  0.140000    0.0000009737156334
-.300000  0.140000    0.0000009991169330
-.260000  0.140000    0.0000013078567565
-.220000  0.140000    0.0000012983324832
-.180000  0.140000    0.0000012235951247
-.140000  0.140000    0.0000010572383997
-.100000  0.140000    0.0000014293729532
-.060000  0.140000    0.0000009996213758
-.020000  0.140000    0.0000011180695286
0.020000  0.140000    0.0000009942974583
0.060000  0.140000    0.0000006517283612
0.100000  0.140000    0.0000007958117157
0.140000  0.140000    0.0000002772878448
0.180000  0.140000    0.0000002129480369
0.220000  0.140000    0.0000000765907558
0.260000  0.140000   -0.0000001016267518
0.300000  0.140000   -0.0000004977190585
0.340000  0.140000   -0.0000006663203048
0.380000  0.140000   -0.0000008479663471
0.420000  0.140000   -0.0000010253994405
0.460000  0.140000   -0.0000012417140336
0.500000  0.140000   -0.0000013709464875
0.540000  0.140000   -0.0000015832976088
0.580000  0.140000   -0.0000017648109779
0.620000  0.140000   -0.0000019295708061
0.660000  0.140000   -0.0000020294772876
0.700000  0.140000   -0.0000020834785190
0.740000  0.140000   -0.0000021448448866
0.780000  0.140000   -0.0000021869146421
0.820000  0.140000   -0.0000021218015591
0.860000  0.140000   -0.0000019864425606
0.900000  0.140000   -0.0000016760065537
0.940000  0.140000   -0.0000012862292383
0.980000  0.140000   -0.0000006294906124
-.740000  0.180000    0.0000000243251559
-.700000  0.180000    0.0000000802999808
-.660000  0.180000    0.0000001728491157
-.620000  0.180000    0.0000002883431206
-.580000  0.180000    0.0000004339281413
-.540000  0.180000    0.0000005999057318
-.500000  0.180000    0.0000007776436339
-.460000  0.180000    0.0000009533497264
-.420000  0.180000    0.0000011171158257
-.380000  0.180000    0.0000012555724344
-.340000  0.180000    0.0000013612495342
-.300000  0.180000    0.0000014189962138
-.260000  0.180000    0.0000014204106778
-.220000  0.180000    0.0000013512665288
-.180000  0.180000    0.0000017217623340
-.140000  0.180000    0.0000015035616501
-.100000  0.180000    0.0000011327830548
-.060000  0.180000    0.0000013171445971
-.020000  0.180000    0.0000013639581809
0.020000  0.180000    0.0000012094537639
0.060000  0.180000    0.0000008724003325
0.100000  0.180000    0.0000004252459408
0.140000  0.180000    0.0000004897401430
0.180000  0.180000    0.0000004004046209
0.220000  0.180000   -0.0000001315218126
0.260000  0.180000   -0.0000002946924525
0.300000  0.180000   -0.0000005042851504
0.340000  0.180000   -0.0000007361353244
0.380000  0.180000   -0.0000009880115793
0.420000  0.180000   -0.0000012345083037
0.460000  0.180000   -0.0000014866066913
0.500000  0.180000   -0.0000017417928437
0.540000  0.180000   -0.0000019497547672
0.580000  0.180000   -0.0000021519875374
0.620000  0.180000   -0.0000023472874685
0.660000  0.180000   -0.0000025279036070
0.700000  0.180000   -0.0000026307855121
0.740000  0.180000   -0.0000027200230096
0.780000  0.180000   -0.0000026919815460
0.820000  0.180000   -0.0000025857306034
0.860000  0.180000   -0.0000023901400386
0.900000  0.180000   -0.0000020986215534
0.940000  0.180000   -0.0000014855689881
0.980000  0.180000   -0.0000005765377723
-.740000  0.220000    0.0000000202805556
-.700000  0.220000    0.0000000842873429
-.660000  0.220000    0.0000001833448924
-.620000  0.220000    0.0000003256608449
-.580000  0.220000    0.0000004889754627
-.540000  0.220000    0.0000006742552113
-.500000  0.220000    0.0000008711762276
-.460000  0.220000    0.0000010635347043
-.420000  0.220000    0.0000012361252391
-.380000  0.220000    0.0000013743836199
-.340000  0.220000    0.0000014670385829
-.300000  0.220000    0.0000014973084184
-.260000  0.220000    0.0000018504702048
-.220000  0.220000    0.0000017753766208
-.180000  0.220000    0.0000015902681571
-.140000  0.220000    0.0000019002161830
-.100000  0.220000    0.0000014690990975
-.060000  0.220000    0.0000015965671538
-.020000  0.220000    0.0000015875990141
0.020000  0.220000    0.0000014039543561
0.060000  0.220000    0.0000010623652225
0.100000  0.220000    0.0000006140005327
0.140000  0.220000    0.0000006673050917
0.180000  0.220000    0.0000001040922526
0.220000  0.220000   -0.0000000249220195
0.260000  0.220000   -0.0000002400099299
0.300000  0.220000   -0.0000007749633366
0.340000  0.220000   -0.0000010167865620
0.380000  0.220000   -0.0000012833701303
0.420000  0.220000   -0.0000015685203552
0.460000  0.220000   -0.0000018485916676
0.500000  0.220000   -0.0000021335095001
0.540000  0.220000   -0.0000024130453716
0.580000  0.220000   -0.0000026663471207
0.620000  0.220000   -0.0000028978181438
0.660000  0.220000   -0.0000030179964812
0.700000  0.220000   -0.0000031686736054
0.740000  0.220000   -0.0000031903413818
0.780000  0.220000   -0.0000032430887116
0.820000  0.220000   -0.0000031019738391
0.860000  0.220000   -0.0000028502387205
0.900000  0.220000   -0.0000023333162498
0.940000  0.220000   -0.0000015927323823
-.740000  0.260000    0.0000000150863832
-.700000  0.260000    0.0000000767848989
-.660000  0.260000    0.0000001888879407
-.620000  0.260000    0.0000003374782979
-.580000  0.260000    0.0000005289386254
-.540000  0.260000    0.0000007541584877
-.500000  0.260000    0.0000009974216459
-.460000  0.260000    0.0000012406863049
-.420000  0.260000    0.0000014638712167
-.380000  0.260000    0.0000016487762341
-.340000  0.260000    0.0000017800095053
-.300000  0.260000    0.0000018375469361
-.260000  0.260000    0.0000018078329513
-.220000  0.260000    0.0000021561093365
-.180000  0.260000    0.0000019521652445
-.140000  0.260000    0.0000022359297710
-.100000  0.260000    0.0000017630883619
-.060000  0.260000    0.0000018401616128
-.020000  0.260000    0.0000017839854168
0.020000  0.260000    0.0000015762576177
0.060000  0.260000    0.0000012268526764
0.100000  0.260000    0.0000007715109435
0.140000  0.260000    0.0000008100292903
0.180000  0.260000    0.0000002213646891
0.220000  0.260000    0.0000000559577121
0.260000  0.260000   -0.0000005423939591
0.300000  0.260000   -0.0000007897857550
0.340000  0.260000   -0.0000010875908382
0.380000  0.260000   -0.0000014122134237
0.420000  0.260000   -0.0000017533703063
0.460000  0.260000   -0.0000020944748348
0.500000  0.260000   -0.0000024247711680
0.540000  0.260000   -0.0000027386298566
0.580000  0.260000   -0.0000030289325691
0.620000  0.260000   -0.0000032926829854
0.660000  0.260000   -0.0000035196963744
0.700000  0.260000   -0.0000035965407727
0.740000  0.260000   -0.0000037125053364
0.780000  0.260000   -0.0000036239912464
0.820000  0.260000   -0.0000034241639317
0.860000  0.260000   -0.0000030933257156
0.900000  0.260000   -0.0000024640858557
0.940000  0.260000   -0.0000015113386607
-.740000  0.300000    0.0000000073097211
-.700000  0.300000    0.0000000680344539
-.660000  0.300000    0.0000001746964811
-.620000  0.300000    0.0000003450931145
-.580000  0.300000    0.0000005423326506
-.540000  0.300000    0.0000007738504645
-.500000  0.300000    0.0000010242338900
-.460000  0.300000    0.0000012722869527
-.420000  0.300000    0.0000014934850884
-.380000  0.300000    0.0000016690563141
-.340000  0.300000    0.0000020492604188
-.300000  0.300000    0.0000021331252799
-.260000  0.300000    0.0000021175470469
-.220000  0.300000    0.0000019838790866
-.180000  0.300000    0.0000022583239764
-.140000  0.300000    0.0000018896997266
-.100000  0.300000    0.0000020149199416
-.060000  0.300000    0.0000020470363698
-.020000  0.300000    0.0000019540589670
0.020000  0.300000    0.0000017208254181
0.060000  0.300000    0.0000013615041654
0.100000  0.300000    0.0000009005724333
0.140000  0.300000    0.0000003684348745
0.180000  0.300000    0.0000003113508950
0.220000  0.300000   -0.0000003071001573
0.260000  0.300000   -0.0000005215860612
0.300000  0.300000   -0.0000008151199818
0.340000  0.300000   -0.0000011621025616
0.380000  0.300000   -0.0000017528375102
0.420000  0.300000   -0.0000021024219422
0.460000  0.300000   -0.0000024621573411
0.500000  0.300000   -0.0000028205888675
0.540000  0.300000   -0.0000031649373629
0.580000  0.300000   -0.0000034843824495
0.620000  0.300000   -0.0000037735077185
0.660000  0.300000   -0.0000038983252239
0.700000  0.300000   -0.0000040828484507
0.740000  0.300000   -0.0000040584407413
0.780000  0.300000   -0.0000040877741480
0.820000  0.300000   -0.0000038314572507
0.860000  0.300000   -0.0000032294672845
0.900000  0.300000   -0.0000024825251774
0.940000  0.300000   -0.0000012991963005
-.740000  0.340000    0.0000000005723720
-.700000  0.340000    0.0000000486066165
-.660000  0.340000    0.0000001625661673
-.620000  0.340000    0.0000003194006132
-.580000  0.340000    0.0000005306407487
-.540000  0.340000    0.0000007869438726
-.500000  0.340000    0.0000010697421379
-.460000  0.340000    0.0000013570935209
-.420000  0.340000    0.0000016197007196
-.380000  0.340000    0.0000018374648466
-.340000  0.340000    0.0000019850782900
-.300000  0.340000    0.0000023657499164
-.260000  0.340000    0.0000023683200410
-.220000  0.340000    0.0000022453130605
-.180000  0.340000    0.0000025034229134
-.140000  0.340000    0.0000021300893205
-.100000  0.340000    0.0000022205990131
-.060000  0.340000    0.0000022173195839
-.020000  0.340000    0.0000020915825000
0.020000  0.340000    0.0000018401811877
0.060000  0.340000    0.0000014689054654
0.100000  0.340000    0.0000010014818452
0.140000  0.340000    0.0000004591329450
0.180000  0.340000    0.0000003719634153
0.220000  0.340000   -0.0000002659262166
0.260000  0.340000   -0.0000005178316540
0.300000  0.340000   -0.0000008520892283
0.340000  0.340000   -0.0000015034299279
0.380000  0.340000   -0.0000018762955554
0.420000  0.340000   -0.0000022723981119
0.460000  0.340000   -0.0000026754021837
0.500000  0.340000   -0.0000030698271754
0.540000  0.340000   -0.0000034458027420
0.580000  0.340000   -0.0000037907169770
0.620000  0.340000   -0.0000040963173531
0.660000  0.340000   -0.0000043518418320
0.700000  0.340000   -0.0000043907438622
0.740000  0.340000   -0.0000044941458688
0.780000  0.340000   -0.0000043066520902
0.820000  0.340000   -0.0000039666502404
0.860000  0.340000   -0.0000032483067027
0.900000  0.340000   -0.0000022353901163
0.940000  0.340000   -0.0000005571279098
-.700000  0.380000    0.0000000289618346
-.660000  0.380000    0.0000001275736732
-.620000  0.380000    0.0000002791188558
-.580000  0.380000    0.0000004941507849
-.540000  0.380000    0.0000007651244054
-.500000  0.380000    0.0000010728945305
-.460000  0.380000    0.0000013916821574
-.420000  0.380000    0.0000016914857341
-.380000  0.380000    0.0000019472566419
-.340000  0.380000    0.0000021294956459
-.300000  0.380000    0.0000022167810785
-.260000  0.380000    0.0000025525236815
-.220000  0.380000    0.0000024444126028
-.180000  0.380000    0.0000026855081948
-.140000  0.380000    0.0000023207383965
-.100000  0.380000    0.0000023799313947
-.060000  0.380000    0.0000023453548513
-.020000  0.380000    0.0000021969824466
0.020000  0.380000    0.0000019287394153
0.060000  0.380000    0.0000015488708547
0.100000  0.380000    0.0000010732928922
0.140000  0.380000    0.0000005260716898
0.180000  0.380000    0.0000004078382107
0.220000  0.380000   -0.0000002462530798
0.260000  0.380000   -0.0000005317953605
0.300000  0.380000   -0.0000012158026177
0.340000  0.380000   -0.0000015830104110
0.380000  0.380000   -0.0000019956371939
0.420000  0.380000   -0.0000024300451440
0.460000  0.380000   -0.0000028677210035
0.500000  0.380000   -0.0000032925315336
0.540000  0.380000   -0.0000036908725717
0.580000  0.380000   -0.0000040519796588
0.620000  0.380000   -0.0000043629181556
0.660000  0.380000   -0.0000046138413354
0.700000  0.380000   -0.0000046128322643
0.740000  0.380000   -0.0000046812126705
0.780000  0.380000   -0.0000044180600866
0.820000  0.380000   -0.0000039813371717
0.860000  0.380000   -0.0000031349459552
0.900000  0.380000   -0.0000018606355337
-.700000  0.420000    0.0000000136654454
-.660000  0.420000    0.0000000886139107
-.620000  0.420000    0.0000002278880917
-.580000  0.420000    0.0000004538676235
-.540000  0.420000    0.0000007128579765
-.500000  0.420000    0.0000010090076695
-.460000  0.420000    0.0000013187224559
-.420000  0.420000    0.0000016085241252
-.380000  0.420000    0.0000019890247874
-.340000  0.420000    0.0000022076065185
-.300000  0.420000    0.0000023297097130
-.260000  0.420000    0.0000026625019899
-.220000  0.420000    0.0000025804766909
-.180000  0.420000    0.0000028032068106
-.140000  0.420000    0.0000024575308694
-.100000  0.420000    0.0000024937880180
-.060000  0.420000    0.0000024359471233
-.020000  0.420000    0.0000022680557543
0.020000  0.420000    0.0000019882525580
0.060000  0.420000    0.0000015991046321
0.100000  0.420000    0.0000011201597167
0.140000  0.420000    0.0000005655548739
0.180000  0.420000    0.0000004191588117
0.220000  0.420000   -0.0000002450537206
0.260000  0.420000   -0.0000005607896969
0.300000  0.420000   -0.0000012655089586
0.340000  0.420000   -0.0000016649528132
0.380000  0.420000   -0.0000021089055425
0.420000  0.420000   -0.0000027858037279
0.460000  0.420000   -0.0000032224097017
0.500000  0.420000   -0.0000036512643411
0.540000  0.420000   -0.0000040555483900
0.580000  0.420000   -0.0000044236884393
0.620000  0.420000   -0.0000045635636280
0.660000  0.420000   -0.0000047974201309
0.700000  0.420000   -0.0000049499498672
0.740000  0.420000   -0.0000047603492569
0.780000  0.420000   -0.0000044059821741
0.820000  0.420000   -0.0000036266808956
0.860000  0.420000   -0.0000026829579782
0.900000  0.420000   -0.0000011513068567
-.660000  0.460000    0.0000000513812634
-.620000  0.460000    0.0000001683319727
-.580000  0.460000    0.0000003780636454
-.540000  0.460000    0.0000006312973618
-.500000  0.460000    0.0000009336375716
-.460000  0.460000    0.0000012591163488
-.420000  0.460000    0.0000015764782103
-.380000  0.460000    0.0000019650679278
-.340000  0.460000    0.0000022162385813
-.300000  0.460000    0.0000023739730521
-.260000  0.460000    0.0000027017372223
-.220000  0.460000    0.0000026526730620
-.180000  0.460000    0.0000028593029818
-.140000  0.460000    0.0000025429477736
-.100000  0.460000    0.0000025589450032
-.060000  0.460000    0.0000024846648279
-.020000  0.460000    0.0000023028526112
0.020000  0.460000    0.0000020123749369
0.060000  0.460000    0.0000016221232573
0.100000  0.460000    0.0000011405486096
0.140000  0.460000    0.0000005839910795
0.180000  0.460000    0.0000004063242728
0.220000  0.460000   -0.0000002628389297
0.260000  0.460000   -0.0000006026748719
0.300000  0.460000   -0.0000013199056105
0.340000  0.460000   -0.0000017456218638
0.380000  0.460000   -0.0000022122617413
0.420000  0.460000   -0.0000029092243988
0.460000  0.460000   -0.0000033639520822
0.500000  0.460000   -0.0000038055549172
0.540000  0.460000   -0.0000042169232943
0.580000  0.460000   -0.0000045812917314
0.620000  0.460000   -0.0000046891210637
0.660000  0.460000   -0.0000048906878303
0.700000  0.460000   -0.0000047692540456
0.740000  0.460000   -0.0000047214776198
0.780000  0.460000   -0.0000042593041472
0.820000  0.460000   -0.0000033390736990
0.860000  0.460000   -0.0000019742686656
-.660000  0.500000    0.0000000207848667
-.620000  0.500000    0.0000001078683070
-.580000  0.500000    0.0000002919548025
-.540000  0.500000    0.0000005273725025
-.500000  0.500000    0.0000008230468054
-.460000  0.500000    0.0000011543997722
-.420000  0.500000    0.0000014914284198
-.380000  0.500000    0.0000018747718205
-.340000  0.500000    0.0000021565380524
-.300000  0.500000    0.0000023507718579
-.260000  0.500000    0.0000026704425997
-.220000  0.500000    0.0000026601271677
-.180000  0.500000    0.0000028507452231
-.140000  0.500000    0.0000025771066860
-.100000  0.500000    0.0000025793539644
-.060000  0.500000    0.0000024896435491
-.020000  0.500000    0.0000023002794352
0.020000  0.500000    0.0000020065390104
0.060000  0.500000    0.0000016163176129
0.100000  0.500000    0.0000011351523461
0.140000  0.500000    0.0000005810559884
0.180000  0.500000    0.0000003760608717
0.220000  0.500000   -0.0000002928085222
0.260000  0.500000   -0.0000006533910509
0.300000  0.500000   -0.0000013760308090
0.340000  0.500000   -0.0000018193833084
0.380000  0.500000   -0.0000023008357971
0.420000  0.500000   -0.0000030084053464
0.460000  0.500000   -0.0000034715861178
0.500000  0.500000   -0.0000039143268249
0.540000  0.500000   -0.0000043178368330
0.580000  0.500000   -0.0000046653595226
0.620000  0.500000   -0.0000047232170218
0.660000  0.500000   -0.0000048818067386
0.700000  0.500000   -0.0000046728434913
0.740000  0.500000   -0.0000042810891395
0.780000  0.500000   -0.0000036918042850
0.820000  0.500000   -0.0000026708303628
0.860000  0.500000   -0.0000009812614056
-.660000  0.540000    0.0000000019841175
-.620000  0.540000    0.0000000551829970
-.580000  0.540000    0.0000002045155271
-.540000  0.540000    0.0000004106155182
-.500000  0.540000    0.0000006878057423
-.460000  0.540000    0.0000010123542103
-.420000  0.540000    0.0000013572971493
-.380000  0.540000    0.0000017256398746
-.340000  0.540000    0.0000020348871550
-.300000  0.540000    0.0000022651703654
-.260000  0.540000    0.0000025724052799
-.220000  0.540000    0.0000026056436641
-.180000  0.540000    0.0000027858522964
-.140000  0.540000    0.0000025600178131
-.100000  0.540000    0.0000025523110040
-.060000  0.540000    0.0000024560450752
-.020000  0.540000    0.0000022631293295
0.020000  0.540000    0.0000019696237651
0.060000  0.540000    0.0000015832822321
0.100000  0.540000    0.0000011083542144
0.140000  0.540000    0.0000005607543532
0.180000  0.540000    0.0000003309334894
0.220000  0.540000   -0.0000003321664471
0.260000  0.540000   -0.0000007076051319
0.300000  0.540000   -0.0000014279228316
0.340000  0.540000   -0.0000018811074937
0.380000  0.540000   -0.0000023685906450
0.420000  0.540000   -0.0000030755355042
0.460000  0.540000   -0.0000035349209775
0.500000  0.540000   -0.0000039664557397
0.540000  0.540000   -0.0000043512294171
0.580000  0.540000   -0.0000046679935622
0.620000  0.540000   -0.0000046584790672
0.660000  0.540000   -0.0000047548012957
0.700000  0.540000   -0.0000044399345465
0.740000  0.540000   -0.0000039310748195
0.780000  0.540000   -0.0000029745125022
0.820000  0.540000   -0.0000016069060791
-.620000  0.580000    0.0000000183602911
-.580000  0.580000    0.0000000998307921
-.540000  0.580000    0.0000002933272219
-.500000  0.580000    0.0000005381722390
-.460000  0.580000    0.0000008434204435
-.420000  0.580000    0.0000011849141952
-.380000  0.580000    0.0000015278300155
-.340000  0.580000    0.0000018585792706
-.300000  0.580000    0.0000021210027888
-.260000  0.580000    0.0000024159108713
-.220000  0.580000    0.0000024962537944
-.180000  0.580000    0.0000026647505280
-.140000  0.580000    0.0000027680594710
-.100000  0.580000    0.0000024811217104
-.060000  0.580000    0.0000023830435620
-.020000  0.580000    0.0000021918541805
0.020000  0.580000    0.0000019048265068
0.060000  0.580000    0.0000015252970860
0.100000  0.580000    0.0000010619453675
0.140000  0.580000    0.0000008761614774
0.180000  0.580000    0.0000002755206428
0.220000  0.580000   -0.0000003752680257
0.260000  0.580000   -0.0000007597263051
0.300000  0.580000   -0.0000014695684792
0.340000  0.580000   -0.0000019240054110
0.380000  0.580000   -0.0000024038223240
0.420000  0.580000   -0.0000031015423597
0.460000  0.580000   -0.0000035468725702
0.500000  0.580000   -0.0000039539226767
0.540000  0.580000   -0.0000043032252877
0.580000  0.580000   -0.0000043359069896
0.620000  0.580000   -0.0000044784627609
0.660000  0.580000   -0.0000042268437241
0.700000  0.580000   -0.0000037926480560
0.740000  0.580000   -0.0000031555054004
0.780000  0.580000   -0.0000019459247669
-.580000  0.620000    0.0000000415855298
-.540000  0.620000    0.0000001507864100
-.500000  0.620000    0.0000003435961764
-.460000  0.620000    0.0000006142929886
-.420000  0.620000    0.0000009422552632
-.380000  0.620000    0.0000012958121233
-.340000  0.620000    0.0000016381509118
-.300000  0.620000    0.0000019282523613
-.260000  0.620000    0.0000022073869550
-.220000  0.620000    0.0000023352910709
-.180000  0.620000    0.0000024967027982
-.140000  0.620000    0.0000025955336958
-.100000  0.620000    0.0000026138094199
-.060000  0.620000    0.0000022753290386
-.020000  0.620000    0.0000020912567021
0.020000  0.620000    0.0000018148199238
0.060000  0.620000    0.0000014479948291
0.100000  0.620000    0.0000013127257184
0.140000  0.620000    0.0000007952534672
0.180000  0.620000    0.0000002155630468
0.220000  0.620000   -0.0000004162764036
0.260000  0.620000   -0.0000008014382079
0.300000  0.620000   -0.0000014935049073
0.340000  0.620000   -0.0000019384669079
0.380000  0.620000   -0.0000024004375656
0.420000  0.620000   -0.0000028563432711
0.460000  0.620000   -0.0000032771944985
0.500000  0.620000   -0.0000036398442599
0.540000  0.620000   -0.0000039214796905
0.580000  0.620000   -0.0000041036889128
0.620000  0.620000   -0.0000039114460328
0.660000  0.620000   -0.0000037970647915
0.700000  0.620000   -0.0000029871643433
0.740000  0.620000   -0.0000020422791605
0.780000  0.620000   -0.0000005694238935
-.580000  0.660000    0.0000000076907253
-.540000  0.660000    0.0000000700296834
-.500000  0.660000    0.0000002049164500
-.460000  0.660000    0.0000004231711543
-.420000  0.660000    0.0000007125008417
-.380000  0.660000    0.0000010460353371
-.340000  0.660000    0.0000013876048614
-.300000  0.660000    0.0000016903987462
-.260000  0.660000    0.0000019595813304
-.220000  0.660000    0.0000021985226798
-.180000  0.660000    0.0000022865845231
-.140000  0.660000    0.0000023852837402
-.100000  0.660000    0.0000024072552449
-.060000  0.660000    0.0000023457788879
-.020000  0.660000    0.0000021925158907
0.020000  0.660000    0.0000019454138913
0.060000  0.660000    0.0000016141299060
0.100000  0.660000    0.0000012003667753
0.140000  0.660000    0.0000007100699032
0.180000  0.660000    0.0000001577225924
0.220000  0.660000   -0.0000001944858095
0.260000  0.660000   -0.0000008263506413
0.300000  0.660000   -0.0000012546237903
0.340000  0.660000   -0.0000019168203732
0.380000  0.660000   -0.0000023469632540
0.420000  0.660000   -0.0000027625977888
0.460000  0.660000   -0.0000031341677727
0.500000  0.660000   -0.0000034381100260
0.540000  0.660000   -0.0000036491857674
0.580000  0.660000   -0.0000034992255200
0.620000  0.660000   -0.0000034304630249
0.660000  0.660000   -0.0000027049725250
0.700000  0.660000   -0.0000018710217965
0.740000  0.660000   -0.0000006950434891
-.540000  0.700000    0.0000000147544337
-.500000  0.700000    0.0000000757057221
-.460000  0.700000    0.0000002165477615
-.420000  0.700000    0.0000004981541339
-.380000  0.700000    0.0000007332862834
-.340000  0.700000    0.0000010633184657
-.300000  0.700000    0.0000013931656822
-.260000  0.700000    0.0000016675396997
-.220000  0.700000    0.0000019069749650
-.180000  0.700000    0.0000020929698618
-.140000  0.700000    0.0000021434165310
-.100000  0.700000    0.0000021735526793
-.060000  0.700000    0.0000021247612235
-.020000  0.700000    0.0000019922215980
0.020000  0.700000    0.0000017703659816
0.060000  0.700000    0.0000014664427881
0.100000  0.700000    0.0000010840600280
0.140000  0.700000    0.0000006278269620
0.180000  0.700000    0.0000003217809683
0.220000  0.700000   -0.0000002303595539
0.260000  0.700000   -0.0000006248012861
0.300000  0.700000   -0.0000012246820366
0.340000  0.700000   -0.0000016363834627
0.380000  0.700000   -0.0000020368605583
0.420000  0.700000   -0.0000025978820959
0.460000  0.700000   -0.0000026978787612
0.500000  0.700000   -0.0000029071485961
0.540000  0.700000   -0.0000030070078772
0.580000  0.700000   -0.0000027448972290
0.620000  0.700000   -0.0000023193193976
0.660000  0.700000   -0.0000015737058861
0.700000  0.700000   -0.0000005556050118
-.500000  0.740000    0.0000000186964926
-.460000  0.740000    0.0000000982184469
-.420000  0.740000    0.0000002532213771
-.380000  0.740000    0.0000004873019716
-.340000  0.740000    0.0000007802899824
-.300000  0.740000    0.0000010286283196
-.260000  0.740000    0.0000013382302199
-.220000  0.740000    0.0000015708084368
-.180000  0.740000    0.0000017790641901
-.140000  0.740000    0.0000019068749388
-.100000  0.740000    0.0000019708234663
-.060000  0.740000    0.0000018890410049
-.020000  0.740000    0.0000017787147836
0.020000  0.740000    0.0000015872811016
0.060000  0.740000    0.0000013164965679
0.100000  0.740000    0.0000011148316722
0.140000  0.740000    0.0000007207395818
0.180000  0.740000    0.0000002667003074
0.220000  0.740000   -0.0000000776317644
0.260000  0.740000   -0.0000005969497883
0.300000  0.740000   -0.0000009727499309
0.340000  0.740000   -0.0000015063929538
0.380000  0.740000   -0.0000018403908045
0.420000  0.740000   -0.0000021303889318
0.460000  0.740000   -0.0000023413382206
0.500000  0.740000   -0.0000022553995715
0.540000  0.740000   -0.0000022250619735
0.580000  0.740000   -0.0000018465438041
0.620000  0.740000   -0.0000011682249789
0.660000  0.740000   -0.0000002645581021
-.460000  0.780000    0.0000000229858500
-.420000  0.780000    0.0000000862006234
-.380000  0.780000    0.0000002294833118
-.340000  0.780000    0.0000004510283460
-.300000  0.780000    0.0000007271962299
-.260000  0.780000    0.0000009453482788
-.220000  0.780000    0.0000012279887216
-.180000  0.780000    0.0000014148354912
-.140000  0.780000    0.0000015912029446
-.100000  0.780000    0.0000016656465449
-.060000  0.780000    0.0000016751735737
-.020000  0.780000    0.0000016130248702
0.020000  0.780000    0.0000014770326787
0.060000  0.780000    0.0000012684024230
0.100000  0.780000    0.0000009871361711
0.140000  0.780000    0.0000006418571233
0.180000  0.780000    0.0000003594798697
0.220000  0.780000   -0.0000000614007426
0.260000  0.780000   -0.0000003864219321
0.300000  0.780000   -0.0000008375875610
0.340000  0.780000   -0.0000011325901882
0.380000  0.780000   -0.0000013887810349
0.420000  0.780000   -0.0000015763173228
0.460000  0.780000   -0.0000016729612579
0.500000  0.780000   -0.0000014808002960
0.540000  0.780000   -0.0000011586903526
0.580000  0.780000   -0.0000006022750448
0.620000  0.780000    0.0000000757578002
-.420000  0.820000    0.0000000222829362
-.380000  0.820000    0.0000000703137990
-.340000  0.820000    0.0000001929746464
-.300000  0.820000    0.0000003919393686
-.260000  0.820000    0.0000005623593604
-.220000  0.820000    0.0000008263948020
-.180000  0.820000    0.0000010035239188
-.140000  0.820000    0.0000012228762215
-.100000  0.820000    0.0000013238001105
-.060000  0.820000    0.0000013702419206
-.020000  0.820000    0.0000013575933220
0.020000  0.820000    0.0000012784387653
0.060000  0.820000    0.0000011354025090
0.100000  0.820000    0.0000009313105324
0.140000  0.820000    0.0000006693959341
0.180000  0.820000    0.0000004210197054
0.220000  0.820000    0.0000000990747971
0.260000  0.820000   -0.0000001640726002
0.300000  0.820000   -0.0000004994594336
0.340000  0.820000   -0.0000007075258938
0.380000  0.820000   -0.0000008575606994
0.420000  0.820000   -0.0000008102460665
0.460000  0.820000   -0.0000007602950002
0.500000  0.820000   -0.0000004846581292
0.540000  0.820000   -0.0000000105635447
-.380000  0.860000    0.0000000235798679
-.340000  0.860000    0.0000000406051747
-.300000  0.860000    0.0000001114296596
-.260000  0.860000    0.0000002562489879
-.220000  0.860000    0.0000004605428828
-.180000  0.860000    0.0000006096527889
-.140000  0.860000    0.0000008324979735
-.100000  0.860000    0.0000009491341951
-.060000  0.860000    0.0000010264050576
-.020000  0.860000    0.0000010580535552
0.020000  0.860000    0.0000010380899949
0.060000  0.860000    0.0000009653392503
0.100000  0.860000    0.0000008418217093
0.140000  0.860000    0.0000006708090735
0.180000  0.860000    0.0000004835473926
0.220000  0.860000    0.0000002697341512
0.260000  0.860000    0.0000000923331571
0.300000  0.860000   -0.0000000517745450
0.340000  0.860000   -0.0000001432883887
0.380000  0.860000   -0.0000001650650630
0.420000  0.860000   -0.0000000398721104
0.460000  0.860000    0.0000001841943487
0.500000  0.860000    0.0000003590272128
-.340000  0.900000    0.0000000113628288
-.300000  0.900000    0.0000000411573023
-.260000  0.900000    0.0000000660916142
-.220000  0.900000    0.0000001505921162
-.180000  0.900000    0.0000002965382473
-.140000  0.900000    0.0000004112476619
-.100000  0.900000    0.0000005962361425
-.060000  0.900000    0.0000006932108251
-.020000  0.900000    0.0000007622146213
0.020000  0.900000    0.0000007941669027
0.060000  0.900000    0.0000007890067232
0.100000  0.900000    0.0000007457277268
0.140000  0.900000    0.0000006488267472
0.180000  0.900000    0.0000005646751711
0.220000  0.900000    0.0000004701383209
0.260000  0.900000    0.0000003993601719
0.300000  0.900000    0.0000003685421575
0.340000  0.900000    0.0000003940457392
0.380000  0.900000    0.0000004712915523
0.420000  0.900000    0.0000004736594101
-.260000  0.940000    0.0000000359428586
-.220000  0.940000    0.0000000666268585
-.180000  0.940000    0.0000000852901045
-.140000  0.940000    0.0000001511015916
-.100000  0.940000    0.0000002260469454
-.060000  0.940000    0.0000003547113401
-.020000  0.940000    0.0000004410903329
0.020000  0.940000    0.0000005147524648
0.060000  0.940000    0.0000005709520045
0.100000  0.940000    0.0000005660671190
0.140000  0.940000    0.0000005949753601
0.180000  0.940000    0.0000005855092730
0.220000  0.940000    0.0000005853096164
0.260000  0.940000    0.0000005653896892
0.300000  0.940000    0.0000005394290911
0.340000  0.940000   -0.0000001200159106
-.140000  0.980000    0.0000000766728794
-.100000  0.980000    0.0000001105610848
-.060000  0.980000    0.0000001249083181
-.020000  0.980000    0.0000001685914229
0.020000  0.980000    0.0000002193756733
0.060000  0.980000    0.0000002490313577
0.100000  0.980000    0.0000002634997542
0.140000  0.980000    0.0000002548049243
0.180000  0.980000    0.0000000749098961
