-.180000  -.980000   -0.0000002337869629
-.140000  -.980000   -0.0000005371585206
-.100000  -.980000   -0.0000003141118791
-.060000  -.980000   -0.0000000559747511
-.020000  -.980000    0.0000001483846243
0.020000  -.980000    0.0000002149667767
0.060000  -.980000    0.0000001760653563
0.100000  -.980000    0.0000000665955141
0.140000  -.980000   -0.0000001799036041
0.180000  -.980000   -0.0000008701804547
-.300000  -.940000   -0.0000003995595034
-.260000  -.940000   -0.0000003900227684
-.220000  -.940000   -0.0000000417993972
-.180000  -.940000    0.0000001911095038
-.140000  -.940000    0.0000003712541679
-.100000  -.940000    0.0000004698193200
-.060000  -.940000    0.0000005266585432
-.020000  -.940000    0.0000005566966562
0.020000  -.940000    0.0000005657480002
0.060000  -.940000    0.0000005480965488
0.100000  -.940000    0.0000006265787754
0.140000  -.940000    0.0000005393083723
0.180000  -.940000    0.0000005429967887
0.220000  -.940000    0.0000004617792176
0.260000  -.940000    0.0000003482940180
0.300000  -.940000   -0.0000001173499370
0.340000  -.940000   -0.0000019835797977
-.380000  -.900000   -0.0000004501570255
-.340000  -.900000   -0.0000003880259119
-.300000  -.900000   -0.0000000884235883
-.260000  -.900000    0.0000000870246183
-.220000  -.900000    0.0000002170103293
-.180000  -.900000    0.0000002834029362
-.140000  -.900000    0.0000002903629798
-.100000  -.900000    0.0000002386789162
-.060000  -.900000    0.0000001975581307
-.020000  -.900000    0.0000001547724809
0.020000  -.900000    0.0000001048893493
0.060000  -.900000    0.0000000440970977
0.100000  -.900000   -0.0000000291937217
0.140000  -.900000    0.0000001204818391
0.180000  -.900000    0.0000000074183607
0.220000  -.900000    0.0000001300692071
0.260000  -.900000    0.0000002048753151
0.300000  -.900000    0.0000001811554395
0.340000  -.900000    0.0000002469991837
0.380000  -.900000   -0.0000000472706491
0.420000  -.900000   -0.0000008960584406
-.460000  -.860000   -0.0000003180669959
-.420000  -.860000   -0.0000004698019291
-.380000  -.860000   -0.0000002580893757
-.340000  -.860000   -0.0000001384207577
-.300000  -.860000   -0.0000000336102197
-.260000  -.860000    0.0000000195546508
-.220000  -.860000    0.0000000110633415
-.180000  -.860000   -0.0000000558578488
-.140000  -.860000   -0.0000001728202231
-.100000  -.860000   -0.0000002725503205
-.060000  -.860000   -0.0000003599804199
-.020000  -.860000   -0.0000004408300475
0.020000  -.860000   -0.0000005223594952
0.060000  -.860000   -0.0000006082045484
0.100000  -.860000   -0.0000006994122300
0.140000  -.860000   -0.0000007961485124
0.180000  -.860000   -0.0000005819317812
0.220000  -.860000   -0.0000007095525028
0.260000  -.860000   -0.0000005058115121
0.300000  -.860000   -0.0000003323866611
0.340000  -.860000   -0.0000002407938448
0.380000  -.860000   -0.0000002757728781
0.420000  -.860000   -0.0000001860804274
0.460000  -.860000   -0.0000002792922016
0.500000  -.860000   -0.0000013760867923
-.500000  -.820000   -0.0000004556315684
-.460000  -.820000   -0.0000004693872206
-.420000  -.820000   -0.0000004296593510
-.380000  -.820000   -0.0000002067852474
-.340000  -.820000   -0.0000001707407406
-.300000  -.820000   -0.0000001789038264
-.260000  -.820000   -0.0000003020512647
-.220000  -.820000   -0.0000004061666857
-.180000  -.820000   -0.0000005397572668
-.140000  -.820000   -0.0000007325195922
-.100000  -.820000   -0.0000008884139103
-.060000  -.820000   -0.0000010257669365
-.020000  -.820000   -0.0000011482652835
0.020000  -.820000   -0.0000012605031521
0.060000  -.820000   -0.0000013685219652
0.100000  -.820000   -0.0000014740022497
0.140000  -.820000   -0.0000015762951956
0.180000  -.820000   -0.0000013346960695
0.220000  -.820000   -0.0000014488115579
0.260000  -.820000   -0.0000011711460756
0.300000  -.820000   -0.0000013312028964
0.340000  -.820000   -0.0000011141728269
0.380000  -.820000   -0.0000009557015630
0.420000  -.820000   -0.0000004554139180
0.460000  -.820000   -0.0000006181572256
0.500000  -.820000   -0.0000006788305026
0.540000  -.820000   -0.0000008586610710
-.540000  -.780000   -0.0000005882714618
-.500000  -.780000   -0.0000005931488539
-.460000  -.780000   -0.0000004065215211
-.420000  -.780000   -0.0000003912977321
-.380000  -.780000   -0.0000003874865654
-.340000  -.780000   -0.0000004197753445
-.300000  -.780000   -0.0000004991082813
-.260000  -.780000   -0.0000007018438719
-.220000  -.780000   -0.0000008660016825
-.180000  -.780000   -0.0000010682387365
-.140000  -.780000   -0.0000012950737014
-.100000  -.780000   -0.0000015047564362
-.060000  -.780000   -0.0000016889162741
-.020000  -.780000   -0.0000018521137321
0.020000  -.780000   -0.0000019959994181
0.060000  -.780000   -0.0000021230607787
0.100000  -.780000   -0.0000022379137843
0.140000  -.780000   -0.0000023407087006
0.180000  -.780000   -0.0000021315732072
0.220000  -.780000   -0.0000022268389247
0.260000  -.780000   -0.0000019378014898
0.300000  -.780000   -0.0000020591382666
0.340000  -.780000   -0.0000017855677443
0.380000  -.780000   -0.0000015303456612
0.420000  -.780000   -0.0000013393765083
0.460000  -.780000   -0.0000012530569018
0.500000  -.780000   -0.0000008736857943
0.540000  -.780000   -0.0000008267196614
0.580000  -.780000   -0.0000009925345033
0.620000  -.780000   -0.0000021816302526
-.580000  -.740000   -0.0000006288928910
-.540000  -.740000   -0.0000006629803015
-.500000  -.740000   -0.0000007143837726
-.460000  -.740000   -0.0000005160641277
-.420000  -.740000   -0.0000005385243786
-.380000  -.740000   -0.0000005884203818
-.340000  -.740000   -0.0000006776079455
-.300000  -.740000   -0.0000009245006993
-.260000  -.740000   -0.0000010899625113
-.220000  -.740000   -0.0000013249964635
-.180000  -.740000   -0.0000015528452735
-.140000  -.740000   -0.0000017861966394
-.100000  -.740000   -0.0000019884038830
-.060000  -.740000   -0.0000022620246803
-.020000  -.740000   -0.0000024588777254
0.020000  -.740000   -0.0000026303126693
0.060000  -.740000   -0.0000027773018135
0.100000  -.740000   -0.0000026821434672
0.140000  -.740000   -0.0000027802082770
0.180000  -.740000   -0.0000028666996837
0.220000  -.740000   -0.0000025974320530
0.260000  -.740000   -0.0000026876339937
0.300000  -.740000   -0.0000023647113695
0.340000  -.740000   -0.0000024888471228
0.380000  -.740000   -0.0000021979905588
0.420000  -.740000   -0.0000019314774386
0.460000  -.740000   -0.0000017320506412
0.500000  -.740000   -0.0000010999489130
0.540000  -.740000   -0.0000012354614171
0.580000  -.740000   -0.0000011426436061
0.620000  -.740000   -0.0000011895165311
0.660000  -.740000   -0.0000021051186992
-.620000  -.700000   -0.0000007499167767
-.580000  -.700000   -0.0000008803402619
-.540000  -.700000   -0.0000007655523807
-.500000  -.700000   -0.0000007987754543
-.460000  -.700000   -0.0000008149940625
-.420000  -.700000   -0.0000006578240749
-.380000  -.700000   -0.0000009352030295
-.340000  -.700000   -0.0000010583818351
-.300000  -.700000   -0.0000012149738562
-.260000  -.700000   -0.0000014894155782
-.220000  -.700000   -0.0000017057818278
-.180000  -.700000   -0.0000019717598866
-.140000  -.700000   -0.0000022122858819
-.100000  -.700000   -0.0000024657959083
-.060000  -.700000   -0.0000026858701899
-.020000  -.700000   -0.0000028740247655
0.020000  -.700000   -0.0000030375711061
0.060000  -.700000   -0.0000031748492104
0.100000  -.700000   -0.0000032882174213
0.140000  -.700000   -0.0000033806246846
0.180000  -.700000   -0.0000032072373378
0.220000  -.700000   -0.0000032762768362
0.260000  -.700000   -0.0000029768134271
0.300000  -.700000   -0.0000030589346039
0.340000  -.700000   -0.0000027275344891
0.380000  -.700000   -0.0000023683617615
0.420000  -.700000   -0.0000025554989610
0.460000  -.700000   -0.0000017403793287
0.500000  -.700000   -0.0000015619042742
0.540000  -.700000   -0.0000015298603365
0.580000  -.700000   -0.0000011166506250
0.620000  -.700000   -0.0000010829080107
0.660000  -.700000   -0.0000011810928535
0.700000  -.700000   -0.0000021429075056
-.660000  -.660000   -0.0000007604705038
-.620000  -.660000   -0.0000007962351412
-.580000  -.660000   -0.0000009740679689
-.540000  -.660000   -0.0000007865449931
-.500000  -.660000   -0.0000008384831743
-.460000  -.660000   -0.0000008904400762
-.420000  -.660000   -0.0000009684544562
-.380000  -.660000   -0.0000010805337495
-.340000  -.660000   -0.0000012194390780
-.300000  -.660000   -0.0000015526043827
-.260000  -.660000   -0.0000017475700732
-.220000  -.660000   -0.0000020537165337
-.180000  -.660000   -0.0000022758476683
-.140000  -.660000   -0.0000025656643377
-.100000  -.660000   -0.0000028116682854
-.060000  -.660000   -0.0000030232140594
-.020000  -.660000   -0.0000032025342021
0.020000  -.660000   -0.0000033567140728
0.060000  -.660000   -0.0000034824644017
0.100000  -.660000   -0.0000035863586757
0.140000  -.660000   -0.0000036715411720
0.180000  -.660000   -0.0000037358911695
0.220000  -.660000   -0.0000035270341429
0.260000  -.660000   -0.0000035776199599
0.300000  -.660000   -0.0000032727785435
0.340000  -.660000   -0.0000033389510906
0.380000  -.660000   -0.0000030212514747
0.420000  -.660000   -0.0000026864052092
0.460000  -.660000   -0.0000023747091877
0.500000  -.660000   -0.0000021255432442
0.540000  -.660000   -0.0000019784907597
0.580000  -.660000   -0.0000013865714186
0.620000  -.660000   -0.0000016446304758
0.660000  -.660000   -0.0000011188345306
0.700000  -.660000   -0.0000013775321871
0.740000  -.660000   -0.0000026573190494
-.700000  -.620000   -0.0000006287743838
-.660000  -.620000   -0.0000008536859886
-.620000  -.620000   -0.0000011166725910
-.580000  -.620000   -0.0000009655853448
-.540000  -.620000   -0.0000010245420603
-.500000  -.620000   -0.0000010659404582
-.460000  -.620000   -0.0000011245032935
-.420000  -.620000   -0.0000012178663904
-.380000  -.620000   -0.0000013437821594
-.340000  -.620000   -0.0000014973709297
-.300000  -.620000   -0.0000016640783202
-.260000  -.620000   -0.0000020274121495
-.220000  -.620000   -0.0000022242488901
-.180000  -.620000   -0.0000025541785666
-.140000  -.620000   -0.0000028388949244
-.100000  -.620000   -0.0000030776959144
-.060000  -.620000   -0.0000032936206954
-.020000  -.620000   -0.0000035067325301
0.020000  -.620000   -0.0000036811180296
0.060000  -.620000   -0.0000038220720649
0.100000  -.620000   -0.0000038064253033
0.140000  -.620000   -0.0000038828988365
0.180000  -.620000   -0.0000039394783863
0.220000  -.620000   -0.0000039732735907
0.260000  -.620000   -0.0000037503510676
0.300000  -.620000   -0.0000037776619137
0.340000  -.620000   -0.0000034864804573
0.380000  -.620000   -0.0000031354825190
0.420000  -.620000   -0.0000027624661649
0.460000  -.620000   -0.0000024033381933
0.500000  -.620000   -0.0000021007946930
0.540000  -.620000   -0.0000018950238262
0.580000  -.620000   -0.0000018204348486
0.620000  -.620000   -0.0000012853811317
0.660000  -.620000   -0.0000016835155780
0.700000  -.620000   -0.0000013216779534
0.740000  -.620000   -0.0000018447332075
0.780000  -.620000   -0.0000031496937177
-.740000  -.580000   -0.0000003113845421
-.700000  -.580000   -0.0000010241447325
-.660000  -.580000   -0.0000011815070336
-.620000  -.580000   -0.0000010793306189
-.580000  -.580000   -0.0000011620491727
-.540000  -.580000   -0.0000009025846284
-.500000  -.580000   -0.0000009726563912
-.460000  -.580000   -0.0000010584247070
-.420000  -.580000   -0.0000011657148201
-.380000  -.580000   -0.0000015432613353
-.340000  -.580000   -0.0000017036206259
-.300000  -.580000   -0.0000018769783408
-.260000  -.580000   -0.0000022353108418
-.220000  -.580000   -0.0000024341627703
-.180000  -.580000   -0.0000027597145195
-.140000  -.580000   -0.0000030382593470
-.100000  -.580000   -0.0000032370073990
-.060000  -.580000   -0.0000034829900155
-.020000  -.580000   -0.0000036877329006
0.020000  -.580000   -0.0000038527304470
0.060000  -.580000   -0.0000039848484945
0.100000  -.580000   -0.0000040854087236
0.140000  -.580000   -0.0000040224334671
0.180000  -.580000   -0.0000040702450873
0.220000  -.580000   -0.0000040980500526
0.260000  -.580000   -0.0000038588115173
0.300000  -.580000   -0.0000038837790282
0.340000  -.580000   -0.0000035750736872
0.380000  -.580000   -0.0000032018100176
0.420000  -.580000   -0.0000033031305282
0.460000  -.580000   -0.0000029812008441
0.500000  -.580000   -0.0000026812480462
0.540000  -.580000   -0.0000024371402897
0.580000  -.580000   -0.0000016750779810
0.620000  -.580000   -0.0000016993926601
0.660000  -.580000   -0.0000012807486212
0.700000  -.580000   -0.0000012230987628
0.740000  -.580000   -0.0000017298301681
0.780000  -.580000   -0.0000021516212936
-.740000  -.540000   -0.0000008098147664
-.700000  -.540000   -0.0000011394486695
-.660000  -.540000   -0.0000011104732534
-.620000  -.540000   -0.0000012478491809
-.580000  -.540000   -0.0000009698638964
-.540000  -.540000   -0.0000010385328262
-.500000  -.540000   -0.0000011070512620
-.460000  -.540000   -0.0000011949229715
-.420000  -.540000   -0.0000013064501705
-.380000  -.540000   -0.0000016790682265
-.340000  -.540000   -0.0000018480002330
-.300000  -.540000   -0.0000020229978358
-.260000  -.540000   -0.0000023777750495
-.220000  -.540000   -0.0000025780976431
-.180000  -.540000   -0.0000029004512337
-.140000  -.540000   -0.0000030800524465
-.100000  -.540000   -0.0000033664122099
-.060000  -.540000   -0.0000036063148433
-.020000  -.540000   -0.0000038026049227
0.020000  -.540000   -0.0000039589757140
0.060000  -.540000   -0.0000040821244532
0.100000  -.540000   -0.0000041732424519
0.140000  -.540000   -0.0000042323063873
0.180000  -.540000   -0.0000041388736811
0.220000  -.540000   -0.0000041614211077
0.260000  -.540000   -0.0000039124782282
0.300000  -.540000   -0.0000039347952980
0.340000  -.540000   -0.0000036161983831
0.380000  -.540000   -0.0000032320811979
0.420000  -.540000   -0.0000033337855733
0.460000  -.540000   -0.0000029956783870
0.500000  -.540000   -0.0000026754599042
0.540000  -.540000   -0.0000024031730338
0.580000  -.540000   -0.0000022118375808
0.620000  -.540000   -0.0000015179350783
0.660000  -.540000   -0.0000016585380587
0.700000  -.540000   -0.0000014130979521
0.740000  -.540000   -0.0000015837124609
0.780000  -.540000   -0.0000018333552817
0.820000  -.540000   -0.0000025404541950
-.780000  -.500000   -0.0000005386448335
-.740000  -.500000   -0.0000012089289984
-.700000  -.500000   -0.0000013704679229
-.660000  -.500000   -0.0000012593485657
-.620000  -.500000   -0.0000013475080374
-.580000  -.500000   -0.0000010511609683
-.540000  -.500000   -0.0000011132251692
-.500000  -.500000   -0.0000011817733117
-.460000  -.500000   -0.0000012699459590
-.420000  -.500000   -0.0000013835991546
-.380000  -.500000   -0.0000017621482512
-.340000  -.500000   -0.0000019321494811
-.300000  -.500000   -0.0000021072434364
-.260000  -.500000   -0.0000024643021953
-.220000  -.500000   -0.0000026612631459
-.180000  -.500000   -0.0000029833140900
-.140000  -.500000   -0.0000031563404282
-.100000  -.500000   -0.0000034380942196
-.060000  -.500000   -0.0000036735721929
-.020000  -.500000   -0.0000038612514552
0.020000  -.500000   -0.0000040097255240
0.060000  -.500000   -0.0000041239209664
0.100000  -.500000   -0.0000042062631156
0.140000  -.500000   -0.0000042584467739
0.180000  -.500000   -0.0000041566872751
0.220000  -.500000   -0.0000041749740555
0.260000  -.500000   -0.0000039216408076
0.300000  -.500000   -0.0000039426554258
0.340000  -.500000   -0.0000036210259773
0.380000  -.500000   -0.0000032350938855
0.420000  -.500000   -0.0000033351267612
0.460000  -.500000   -0.0000029916378909
0.500000  -.500000   -0.0000026568076823
0.540000  -.500000   -0.0000023670200757
0.580000  -.500000   -0.0000021487560989
0.620000  -.500000   -0.0000013726696410
0.660000  -.500000   -0.0000014591436255
0.700000  -.500000   -0.0000010628294852
0.740000  -.500000   -0.0000010304650573
0.780000  -.500000   -0.0000015621367120
0.820000  -.500000   -0.0000023377164914
0.860000  -.500000   -0.0000035162159198
-.780000  -.460000   -0.0000008518919710
-.740000  -.460000   -0.0000011958403308
-.700000  -.460000   -0.0000015093988639
-.660000  -.460000   -0.0000013346312067
-.620000  -.460000   -0.0000013922287428
-.580000  -.460000   -0.0000010690411334
-.540000  -.460000   -0.0000011286080005
-.500000  -.460000   -0.0000011974186015
-.460000  -.460000   -0.0000012873705192
-.420000  -.460000   -0.0000014010711003
-.380000  -.460000   -0.0000017949679132
-.340000  -.460000   -0.0000019646615887
-.300000  -.460000   -0.0000021380078892
-.260000  -.460000   -0.0000024988341774
-.220000  -.460000   -0.0000026930795545
-.180000  -.460000   -0.0000030159358073
-.140000  -.460000   -0.0000031819712884
-.100000  -.460000   -0.0000034625891626
-.060000  -.460000   -0.0000036924479831
-.020000  -.460000   -0.0000038731059778
0.020000  -.460000   -0.0000040145449238
0.060000  -.460000   -0.0000041196341847
0.100000  -.460000   -0.0000041950493990
0.140000  -.460000   -0.0000042407880783
0.180000  -.460000   -0.0000041334961058
0.220000  -.460000   -0.0000041495963384
0.260000  -.460000   -0.0000038972295133
0.300000  -.460000   -0.0000039182155993
0.340000  -.460000   -0.0000036016188021
0.380000  -.460000   -0.0000032186418947
0.420000  -.460000   -0.0000033170157560
0.460000  -.460000   -0.0000029763435941
0.500000  -.460000   -0.0000026394657468
0.540000  -.460000   -0.0000023373576668
0.580000  -.460000   -0.0000021007512885
0.620000  -.460000   -0.0000012799611931
0.660000  -.460000   -0.0000013126429798
0.700000  -.460000   -0.0000008012511267
0.740000  -.460000   -0.0000013563703170
0.780000  -.460000   -0.0000016006624325
0.820000  -.460000   -0.0000019059591552
0.860000  -.460000   -0.0000024096738909
-.820000  -.420000   -0.0000005510935394
-.780000  -.420000   -0.0000011517948072
-.740000  -.420000   -0.0000013387215944
-.700000  -.420000   -0.0000012033193787
-.660000  -.420000   -0.0000013422267606
-.620000  -.420000   -0.0000013858547192
-.580000  -.420000   -0.0000010229002908
-.540000  -.420000   -0.0000010828987361
-.500000  -.420000   -0.0000011566299274
-.460000  -.420000   -0.0000012498596689
-.420000  -.420000   -0.0000013637679964
-.380000  -.420000   -0.0000017863462347
-.340000  -.420000   -0.0000019530342455
-.300000  -.420000   -0.0000021222496957
-.260000  -.420000   -0.0000024932918774
-.220000  -.420000   -0.0000026810739390
-.180000  -.420000   -0.0000030076351422
-.140000  -.420000   -0.0000031680396870
-.100000  -.420000   -0.0000034476337113
-.060000  -.420000   -0.0000036726883932
-.020000  -.420000   -0.0000038482776837
0.020000  -.420000   -0.0000039833322306
0.060000  -.420000   -0.0000040792755845
0.100000  -.420000   -0.0000041484620300
0.140000  -.420000   -0.0000041892873352
0.180000  -.420000   -0.0000040795234920
0.220000  -.420000   -0.0000040955068546
0.260000  -.420000   -0.0000038495233015
0.300000  -.420000   -0.0000038727970174
0.340000  -.420000   -0.0000035681074781
0.380000  -.420000   -0.0000031978359079
0.420000  -.420000   -0.0000032915226783
0.460000  -.420000   -0.0000029595217381
0.500000  -.420000   -0.0000026276583759
0.540000  -.420000   -0.0000023229599057
0.580000  -.420000   -0.0000020701724450
0.620000  -.420000   -0.0000012369520341
0.660000  -.420000   -0.0000012297609254
0.700000  -.420000   -0.0000013739402340
0.740000  -.420000   -0.0000011076958672
0.780000  -.420000   -0.0000012072413796
0.820000  -.420000   -0.0000011777079815
0.860000  -.420000   -0.0000021877555565
0.900000  -.420000   -0.0000037472457564
-.820000  -.380000   -0.0000008350060972
-.780000  -.380000   -0.0000013327203467
-.740000  -.380000   -0.0000013908374001
-.700000  -.380000   -0.0000015829883145
-.660000  -.380000   -0.0000012817485741
-.620000  -.380000   -0.0000013240028163
-.580000  -.380000   -0.0000013333739073
-.540000  -.380000   -0.0000013502616603
-.500000  -.380000   -0.0000013923779643
-.460000  -.380000   -0.0000014712427907
-.420000  -.380000   -0.0000015888136826
-.380000  -.380000   -0.0000017351946127
-.340000  -.380000   -0.0000018999679024
-.300000  -.380000   -0.0000020652493815
-.260000  -.380000   -0.0000024540423551
-.220000  -.380000   -0.0000026358797301
-.180000  -.380000   -0.0000029666085277
-.140000  -.380000   -0.0000031210961414
-.100000  -.380000   -0.0000034015568241
-.060000  -.380000   -0.0000036236337530
-.020000  -.380000   -0.0000037969118629
0.020000  -.380000   -0.0000039222841797
0.060000  -.380000   -0.0000040121194589
0.100000  -.380000   -0.0000040767525474
0.140000  -.380000   -0.0000041143733169
0.180000  -.380000   -0.0000040051306041
0.220000  -.380000   -0.0000040239435316
0.260000  -.380000   -0.0000037880940586
0.300000  -.380000   -0.0000038161773203
0.340000  -.380000   -0.0000035298057625
0.380000  -.380000   -0.0000031802120717
0.420000  -.380000   -0.0000027956185877
0.460000  -.380000   -0.0000024010471491
0.500000  -.380000   -0.0000020208621726
0.540000  -.380000   -0.0000016836623659
0.580000  -.380000   -0.0000014191833817
0.620000  -.380000   -0.0000012475702306
0.660000  -.380000   -0.0000012004744597
0.700000  -.380000   -0.0000005666710258
0.740000  -.380000   -0.0000009552341608
0.780000  -.380000   -0.0000009361672376
0.820000  -.380000   -0.0000013911125097
0.860000  -.380000   -0.0000019548577488
0.900000  -.380000   -0.0000028389257667
-.860000  -.340000   -0.0000002155051601
-.820000  -.340000   -0.0000010792399654
-.780000  -.340000   -0.0000014092435526
-.740000  -.340000   -0.0000013521456808
-.700000  -.340000   -0.0000015241490975
-.660000  -.340000   -0.0000011457264023
-.620000  -.340000   -0.0000011940974084
-.580000  -.340000   -0.0000012184730932
-.540000  -.340000   -0.0000012449773237
-.500000  -.340000   -0.0000012982859471
-.460000  -.340000   -0.0000013835354756
-.420000  -.340000   -0.0000015013972858
-.380000  -.340000   -0.0000016449989674
-.340000  -.340000   -0.0000018038398944
-.300000  -.340000   -0.0000021786699010
-.260000  -.340000   -0.0000023813001699
-.220000  -.340000   -0.0000025579779762
-.180000  -.340000   -0.0000029026634579
-.140000  -.340000   -0.0000030498254083
-.100000  -.340000   -0.0000033341524121
-.060000  -.340000   -0.0000035549501471
-.020000  -.340000   -0.0000037225459930
0.020000  -.340000   -0.0000038414132130
0.060000  -.340000   -0.0000039276532758
0.100000  -.340000   -0.0000039877458839
0.140000  -.340000   -0.0000040257468325
0.180000  -.340000   -0.0000039192274277
0.220000  -.340000   -0.0000039446201277
0.260000  -.340000   -0.0000037254590168
0.300000  -.340000   -0.0000034104076964
0.340000  -.340000   -0.0000034940763349
0.380000  -.340000   -0.0000031747298735
0.420000  -.340000   -0.0000028154060825
0.460000  -.340000   -0.0000024441967041
0.500000  -.340000   -0.0000020871021811
0.540000  -.340000   -0.0000017609031309
0.580000  -.340000   -0.0000014917984473
0.620000  -.340000   -0.0000013059585866
0.660000  -.340000   -0.0000012217508223
0.700000  -.340000   -0.0000005816504251
0.740000  -.340000   -0.0000008857206666
0.780000  -.340000   -0.0000007791334116
0.820000  -.340000   -0.0000010943691049
0.860000  -.340000   -0.0000013896475287
0.900000  -.340000   -0.0000021910024514
0.940000  -.340000   -0.0000046213738662
-.860000  -.300000   -0.0000006348191003
-.820000  -.300000   -0.0000011990555171
-.780000  -.300000   -0.0000013858591800
-.740000  -.300000   -0.0000016723700777
-.700000  -.300000   -0.0000013822387500
-.660000  -.300000   -0.0000014260031960
-.620000  -.300000   -0.0000009839620595
-.580000  -.300000   -0.0000010284988793
-.540000  -.300000   -0.0000010774291569
-.500000  -.300000   -0.0000011435117351
-.460000  -.300000   -0.0000012403927445
-.420000  -.300000   -0.0000013624939299
-.380000  -.300000   -0.0000015095817776
-.340000  -.300000   -0.0000018921756158
-.300000  -.300000   -0.0000020957468943
-.260000  -.300000   -0.0000022889757127
-.220000  -.300000   -0.0000024567454706
-.180000  -.300000   -0.0000028177088916
-.140000  -.300000   -0.0000029613322027
-.100000  -.300000   -0.0000032503071814
-.060000  -.300000   -0.0000034720407263
-.020000  -.300000   -0.0000036344760245
0.020000  -.300000   -0.0000037529385383
0.060000  -.300000   -0.0000038317469481
0.100000  -.300000   -0.0000038890837983
0.140000  -.300000   -0.0000039320527820
0.180000  -.300000   -0.0000038318659807
0.220000  -.300000   -0.0000038664960332
0.260000  -.300000   -0.0000036703673362
0.300000  -.300000   -0.0000033866211446
0.340000  -.300000   -0.0000030380539924
0.380000  -.300000   -0.0000031813140063
0.420000  -.300000   -0.0000028579509014
0.460000  -.300000   -0.0000025153292034
0.500000  -.300000   -0.0000021792566319
0.540000  -.300000   -0.0000018677722743
0.580000  -.300000   -0.0000016011418927
0.620000  -.300000   -0.0000013974153388
0.660000  -.300000   -0.0000005868479848
0.700000  -.300000   -0.0000006621862524
0.740000  -.300000   -0.0000001601049832
0.780000  -.300000   -0.0000007221527835
0.820000  -.300000   -0.0000009285519484
0.860000  -.300000   -0.0000010303092307
0.900000  -.300000   -0.0000020992473696
0.940000  -.300000   -0.0000035474355467
-.860000  -.260000   -0.0000008958599393
-.820000  -.260000   -0.0000015389815155
-.780000  -.260000   -0.0000016940543364
-.740000  -.260000   -0.0000015291228280
-.700000  -.260000   -0.0000016093304227
-.660000  -.260000   -0.0000012097820688
-.620000  -.260000   -0.0000012245995866
-.580000  -.260000   -0.0000012213152287
-.540000  -.260000   -0.0000012262224423
-.500000  -.260000   -0.0000012622554557
-.460000  -.260000   -0.0000013399840377
-.420000  -.260000   -0.0000014575288556
-.380000  -.260000   -0.0000016119084464
-.340000  -.260000   -0.0000017902503815
-.300000  -.260000   -0.0000019790305044
-.260000  -.260000   -0.0000021624791233
-.220000  -.260000   -0.0000025237896017
-.180000  -.260000   -0.0000027210566744
-.140000  -.260000   -0.0000030077083590
-.100000  -.260000   -0.0000031605483534
-.060000  -.260000   -0.0000033841513182
-.020000  -.260000   -0.0000035457788978
0.020000  -.260000   -0.0000036543677363
0.060000  -.260000   -0.0000037300754334
0.100000  -.260000   -0.0000037935209964
0.140000  -.260000   -0.0000036916848809
0.180000  -.260000   -0.0000037539509557
0.220000  -.260000   -0.0000035448277243
0.260000  -.260000   -0.0000036315975735
0.300000  -.260000   -0.0000033834721767
0.340000  -.260000   -0.0000030784205191
0.380000  -.260000   -0.0000027343086368
0.420000  -.260000   -0.0000023665996374
0.460000  -.260000   -0.0000019957042271
0.500000  -.260000   -0.0000016413538482
0.540000  -.260000   -0.0000013228674846
0.580000  -.260000   -0.0000010582906417
0.620000  -.260000   -0.0000008680978293
0.660000  -.260000   -0.0000007743899650
0.700000  -.260000   -0.0000000202761464
0.740000  -.260000   -0.0000002995651795
0.780000  -.260000   -0.0000000270937759
0.820000  -.260000   -0.0000001545499245
0.860000  -.260000   -0.0000008582711392
0.900000  -.260000   -0.0000016546440354
0.940000  -.260000   -0.0000027776516095
-.860000  -.220000   -0.0000010200744273
-.820000  -.220000   -0.0000015073754949
-.780000  -.220000   -0.0000015445065558
-.740000  -.220000   -0.0000017361057717
-.700000  -.220000   -0.0000013869986115
-.660000  -.220000   -0.0000013946180254
-.620000  -.220000   -0.0000009319037027
-.580000  -.220000   -0.0000009697834867
-.540000  -.220000   -0.0000010167523973
-.500000  -.220000   -0.0000010826738948
-.460000  -.220000   -0.0000011794889335
-.420000  -.220000   -0.0000013063055225
-.380000  -.220000   -0.0000014630401851
-.340000  -.220000   -0.0000016403698284
-.300000  -.220000   -0.0000018255498915
-.260000  -.220000   -0.0000022042400491
-.220000  -.220000   -0.0000024225048124
-.180000  -.220000   -0.0000026071204340
-.140000  -.220000   -0.0000029154631113
-.100000  -.220000   -0.0000030614971910
-.060000  -.220000   -0.0000032925215734
-.020000  -.220000   -0.0000034543860729
0.020000  -.220000   -0.0000035606450009
0.060000  -.220000   -0.0000036375250508
0.100000  -.220000   -0.0000037027676030
0.140000  -.220000   -0.0000036098592139
0.180000  -.220000   -0.0000036963162415
0.220000  -.220000   -0.0000035158931382
0.260000  -.220000   -0.0000032606914292
0.300000  -.220000   -0.0000034157842336
0.340000  -.220000   -0.0000031599132646
0.380000  -.220000   -0.0000028630184798
0.420000  -.220000   -0.0000025381519073
0.460000  -.220000   -0.0000022050692039
0.500000  -.220000   -0.0000018777492061
0.540000  -.220000   -0.0000015770810625
0.580000  -.220000   -0.0000013147343664
0.620000  -.220000   -0.0000011097329318
0.660000  -.220000   -0.0000002431893405
0.700000  -.220000   -0.0000002970799151
0.740000  -.220000    0.0000003100349684
0.780000  -.220000   -0.0000002088761423
0.820000  -.220000   -0.0000002665819625
0.860000  -.220000   -0.0000008310987316
0.900000  -.220000   -0.0000014402624581
0.940000  -.220000   -0.0000027153016733
-.900000  -.180000   -0.0000001944811538
-.860000  -.180000   -0.0000012858319966
-.820000  -.180000   -0.0000017266646448
-.780000  -.180000   -0.0000017526995205
-.740000  -.180000   -0.0000014917285972
-.700000  -.180000   -0.0000015455724576
-.660000  -.180000   -0.0000010881734865
-.620000  -.180000   -0.0000011016851398
-.580000  -.180000   -0.0000011026727892
-.540000  -.180000   -0.0000011138167277
-.500000  -.180000   -0.0000011500112871
-.460000  -.180000   -0.0000012250890868
-.420000  -.180000   -0.0000013401615104
-.380000  -.180000   -0.0000014954250893
-.340000  -.180000   -0.0000016819680830
-.300000  -.180000   -0.0000018895346875
-.260000  -.180000   -0.0000021015771882
-.220000  -.180000   -0.0000023017540391
-.180000  -.180000   -0.0000026134186972
-.140000  -.180000   -0.0000028262038691
-.100000  -.180000   -0.0000029667718580
-.060000  -.180000   -0.0000032099083333
-.020000  -.180000   -0.0000033696849084
0.020000  -.180000   -0.0000034698513904
0.060000  -.180000   -0.0000035468531554
0.100000  -.180000   -0.0000036304232075
0.140000  -.180000   -0.0000035566241677
0.180000  -.180000   -0.0000033663210998
0.220000  -.180000   -0.0000035282895252
0.260000  -.180000   -0.0000033343856650
0.300000  -.180000   -0.0000030634407625
0.340000  -.180000   -0.0000027593831093
0.380000  -.180000   -0.0000024378840615
0.420000  -.180000   -0.0000021040232685
0.460000  -.180000   -0.0000017717749508
0.500000  -.180000   -0.0000014492297011
0.540000  -.180000   -0.0000011488629044
0.580000  -.180000   -0.0000008942504813
0.620000  -.180000   -0.0000007047007937
0.660000  -.180000   -0.0000005979230138
0.700000  -.180000    0.0000001869354192
0.740000  -.180000   -0.0000000462476420
0.780000  -.180000    0.0000003150327133
0.820000  -.180000    0.0000003128288081
0.860000  -.180000   -0.0000002064411513
0.900000  -.180000   -0.0000014060274455
0.940000  -.180000   -0.0000023804284689
0.980000  -.180000   -0.0000044006840193
-.900000  -.140000   -0.0000004375015421
-.860000  -.140000   -0.0000012327652768
-.820000  -.140000   -0.0000015535656310
-.780000  -.140000   -0.0000014661106506
-.740000  -.140000   -0.0000016400133898
-.700000  -.140000   -0.0000012005850439
-.660000  -.140000   -0.0000012261748609
-.620000  -.140000   -0.0000011975348057
-.580000  -.140000   -0.0000011560137576
-.540000  -.140000   -0.0000008185027102
-.500000  -.140000   -0.0000009081363534
-.460000  -.140000   -0.0000010247882752
-.420000  -.140000   -0.0000011672135676
-.380000  -.140000   -0.0000013345816054
-.340000  -.140000   -0.0000015228339833
-.300000  -.140000   -0.0000017239802616
-.260000  -.140000   -0.0000020664919418
-.220000  -.140000   -0.0000023105966241
-.180000  -.140000   -0.0000025365696521
-.140000  -.140000   -0.0000027262057557
-.100000  -.140000   -0.0000029900878937
-.060000  -.140000   -0.0000031354472962
-.020000  -.140000   -0.0000032995457339
0.020000  -.140000   -0.0000033965543835
0.060000  -.140000   -0.0000034813616038
0.100000  -.140000   -0.0000033895282476
0.140000  -.140000   -0.0000035363913993
0.180000  -.140000   -0.0000034006324479
0.220000  -.140000   -0.0000032148898739
0.260000  -.140000   -0.0000029496938402
0.300000  -.140000   -0.0000032233284096
0.340000  -.140000   -0.0000030271391118
0.380000  -.140000   -0.0000027623111484
0.420000  -.140000   -0.0000024684561479
0.460000  -.140000   -0.0000021350448124
0.500000  -.140000   -0.0000018260291564
0.540000  -.140000   -0.0000015457883193
0.580000  -.140000   -0.0000005095895969
0.620000  -.140000   -0.0000003365455155
0.660000  -.140000   -0.0000002499083634
0.700000  -.140000   -0.0000002617439206
0.740000  -.140000    0.0000003607624745
0.780000  -.140000   -0.0000000676377523
0.820000  -.140000   -0.0000000414459327
0.860000  -.140000   -0.0000004734319518
0.900000  -.140000   -0.0000008391398448
0.940000  -.140000   -0.0000023107657827
0.980000  -.140000   -0.0000039340578552
-.900000  -.100000   -0.0000005174973142
-.860000  -.100000   -0.0000013908382662
-.820000  -.100000   -0.0000016933535843
-.780000  -.100000   -0.0000016025146376
-.740000  -.100000   -0.0000017266885336
-.700000  -.100000   -0.0000013177096628
-.660000  -.100000   -0.0000013061759728
-.620000  -.100000   -0.0000012379915601
-.580000  -.100000   -0.0000008534584152
-.540000  -.100000   -0.0000009020519225
-.500000  -.100000   -0.0000009746309666
-.460000  -.100000   -0.0000010780363339
-.420000  -.100000   -0.0000012098541619
-.380000  -.100000   -0.0000013730682328
-.340000  -.100000   -0.0000015596198654
-.300000  -.100000   -0.0000017682283059
-.260000  -.100000   -0.0000019867494964
-.220000  -.100000   -0.0000022055773947
-.180000  -.100000   -0.0000024092089199
-.140000  -.100000   -0.0000027156667293
-.100000  -.100000   -0.0000029253264099
-.060000  -.100000   -0.0000030593586413
-.020000  -.100000   -0.0000032406493400
0.020000  -.100000   -0.0000033306164866
0.060000  -.100000   -0.0000034449347021
0.100000  -.100000   -0.0000033741270698
0.140000  -.100000   -0.0000032414969107
0.180000  -.100000   -0.0000035061277346
0.220000  -.100000   -0.0000033679420582
0.260000  -.100000   -0.0000031877274434
0.300000  -.100000   -0.0000030377482529
0.340000  -.100000   -0.0000027119833080
0.380000  -.100000   -0.0000024095355818
0.420000  -.100000   -0.0000021161480646
0.460000  -.100000   -0.0000018923473874
0.500000  -.100000   -0.0000015828591250
0.540000  -.100000   -0.0000013009055107
0.580000  -.100000   -0.0000010541468132
0.620000  -.100000   -0.0000000174741444
0.660000  -.100000    0.0000000518256752
0.700000  -.100000    0.0000000127768822
0.740000  -.100000    0.0000006876299871
0.780000  -.100000    0.0000002263100591
0.820000  -.100000    0.0000002845846397
0.860000  -.100000   -0.0000001146466067
0.900000  -.100000   -0.0000011263017534
0.940000  -.100000   -0.0000017611493612
0.980000  -.100000   -0.0000034297296313
-.900000  -.060000   -0.0000006344281228
-.860000  -.060000   -0.0000014904156722
-.820000  -.060000   -0.0000017780886461
-.780000  -.060000   -0.0000016864393035
-.740000  -.060000   -0.0000013264650721
-.700000  -.060000   -0.0000013864507799
-.660000  -.060000   -0.0000013453978853
-.620000  -.060000   -0.0000008871436127
-.580000  -.060000   -0.0000009116941145
-.540000  -.060000   -0.0000009449193201
-.500000  -.060000   -0.0000010020975415
-.460000  -.060000   -0.0000010911514419
-.420000  -.060000   -0.0000012127685830
-.380000  -.060000   -0.0000013682991067
-.340000  -.060000   -0.0000015517472279
-.300000  -.060000   -0.0000017611308232
-.260000  -.060000   -0.0000019844604446
-.220000  -.060000   -0.0000022164699839
-.180000  -.060000   -0.0000024441614624
-.140000  -.060000   -0.0000026565288728
-.100000  -.060000   -0.0000028377144485
-.060000  -.060000   -0.0000030744709370
-.020000  -.060000   -0.0000032008985900
0.020000  -.060000   -0.0000032798488772
0.060000  -.060000   -0.0000031790698584
0.100000  -.060000   -0.0000034434326780
0.140000  -.060000   -0.0000033850215432
0.180000  -.060000   -0.0000033406632994
0.220000  -.060000   -0.0000031270695160
0.260000  -.060000   -0.0000030632303347
0.300000  -.060000   -0.0000027423910561
0.340000  -.060000   -0.0000025298987587
0.380000  -.060000   -0.0000023169871120
0.420000  -.060000   -0.0000020508813047
0.460000  -.060000   -0.0000016254436569
0.500000  -.060000   -0.0000014143434121
0.540000  -.060000   -0.0000011249782551
0.580000  -.060000   -0.0000008841148365
0.620000  -.060000   -0.0000006944143093
0.660000  -.060000    0.0000002667072130
0.700000  -.060000    0.0000002127852745
0.740000  -.060000    0.0000000385106772
0.780000  -.060000    0.0000004329192208
0.820000  -.060000    0.0000005182191452
0.860000  -.060000    0.0000001453351388
0.900000  -.060000   -0.0000008651994505
0.940000  -.060000   -0.0000021027569485
0.980000  -.060000   -0.0000034219255021
-.900000  -.020000   -0.0000006933729303
-.860000  -.020000   -0.0000015379983510
-.820000  -.020000   -0.0000018172245496
-.780000  -.020000   -0.0000017255906610
-.740000  -.020000   -0.0000013712546042
-.700000  -.020000   -0.0000014177276732
-.660000  -.020000   -0.0000013605518272
-.620000  -.020000   -0.0000009222842609
-.580000  -.020000   -0.0000009362851318
-.540000  -.020000   -0.0000009624525530
-.500000  -.020000   -0.0000010116884952
-.460000  -.020000   -0.0000010904428041
-.420000  -.020000   -0.0000012040290182
-.380000  -.020000   -0.0000013524152482
-.340000  -.020000   -0.0000015338757847
-.300000  -.020000   -0.0000017391573962
-.260000  -.020000   -0.0000019638174296
-.220000  -.020000   -0.0000021973619841
-.180000  -.020000   -0.0000024321537096
-.140000  -.020000   -0.0000026584834143
-.100000  -.020000   -0.0000028682183310
-.060000  -.020000   -0.0000030501553036
-.020000  -.020000   -0.0000031789898793
0.020000  -.020000   -0.0000032645797751
0.060000  -.020000   -0.0000032837101354
0.100000  -.020000   -0.0000032958564964
0.140000  -.020000   -0.0000032207459952
0.180000  -.020000   -0.0000032121061144
0.220000  -.020000   -0.0000029733403075
0.260000  -.020000   -0.0000029647274531
0.300000  -.020000   -0.0000025655256622
0.340000  -.020000   -0.0000024113808222
0.380000  -.020000   -0.0000021783687375
0.420000  -.020000   -0.0000019166385689
0.460000  -.020000   -0.0000015682164278
0.500000  -.020000   -0.0000012978074009
0.540000  -.020000   -0.0000010256421394
0.580000  -.020000   -0.0000007903067765
0.620000  -.020000   -0.0000006055626788
0.660000  -.020000    0.0000003754315225
0.700000  -.020000    0.0000003154399258
0.740000  -.020000    0.0000001323394749
0.780000  -.020000    0.0000005398286917
0.820000  -.020000    0.0000006408151048
0.860000  -.020000    0.0000002815207140
0.900000  -.020000   -0.0000007291876670
0.940000  -.020000   -0.0000019439299077
0.980000  -.020000   -0.0000037456825610
-.900000  0.020000   -0.0000006933729303
-.860000  0.020000   -0.0000015379983510
-.820000  0.020000   -0.0000018172245496
-.780000  0.020000   -0.0000017255906610
-.740000  0.020000   -0.0000013712546042
-.700000  0.020000   -0.0000014177276732
-.660000  0.020000   -0.0000013605518272
-.620000  0.020000   -0.0000009222842609
-.580000  0.020000   -0.0000009362851318
-.540000  0.020000   -0.0000009624525530
-.500000  0.020000   -0.0000010116884952
-.460000  0.020000   -0.0000010904428041
-.420000  0.020000   -0.0000012040290182
-.380000  0.020000   -0.0000013524152482
-.340000  0.020000   -0.0000015338757847
-.300000  0.020000   -0.0000017391573962
-.260000  0.020000   -0.0000019638174296
-.220000  0.020000   -0.0000021973619841
-.180000  0.020000   -0.0000024321537096
-.140000  0.020000   -0.0000026584834143
-.100000  0.020000   -0.0000028682183310
-.060000  0.020000   -0.0000030501553036
-.020000  0.020000   -0.0000031789898793
0.020000  0.020000   -0.0000032645797751
0.060000  0.020000   -0.0000032837101354
0.100000  0.020000   -0.0000032958564964
0.140000  0.020000   -0.0000032207459952
0.180000  0.020000   -0.0000032121061144
0.220000  0.020000   -0.0000029733403075
0.260000  0.020000   -0.0000029647274531
0.300000  0.020000   -0.0000025655256622
0.340000  0.020000   -0.0000024113808222
0.380000  0.020000   -0.0000021783687375
0.420000  0.020000   -0.0000019166385689
0.460000  0.020000   -0.0000015682164278
0.500000  0.020000   -0.0000012978074009
0.540000  0.020000   -0.0000010256421394
0.580000  0.020000   -0.0000007903067765
0.620000  0.020000   -0.0000006055626788
0.660000  0.020000    0.0000003754315225
0.700000  0.020000    0.0000003154399258
0.740000  0.020000    0.0000001323394749
0.780000  0.020000    0.0000005398286917
0.820000  0.020000    0.0000006408151048
0.860000  0.020000    0.0000002815207140
0.900000  0.020000   -0.0000007291876670
0.940000  0.020000   -0.0000019439299077
0.980000  0.020000   -0.0000037456825610
-.900000  0.060000   -0.0000006344281228
-.860000  0.060000   -0.0000014904156722
-.820000  0.060000   -0.0000017780886461
-.780000  0.060000   -0.0000016864393035
-.740000  0.060000   -0.0000013264650721
-.700000  0.060000   -0.0000013864507799
-.660000  0.060000   -0.0000013453978853
-.620000  0.060000   -0.0000008871436127
-.580000  0.060000   -0.0000009116941145
-.540000  0.060000   -0.0000009449193201
-.500000  0.060000   -0.0000010020975415
-.460000  0.060000   -0.0000010911514419
-.420000  0.060000   -0.0000012127685830
-.380000  0.060000   -0.0000013682991067
-.340000  0.060000   -0.0000015517472279
-.300000  0.060000   -0.0000017611308232
-.260000  0.060000   -0.0000019844604446
-.220000  0.060000   -0.0000022164699839
-.180000  0.060000   -0.0000024441614624
-.140000  0.060000   -0.0000026565288728
-.100000  0.060000   -0.0000028377144485
-.060000  0.060000   -0.0000030744709370
-.020000  0.060000   -0.0000032008985900
0.020000  0.060000   -0.0000032798488772
0.060000  0.060000   -0.0000031790698584
0.100000  0.060000   -0.0000034434326780
0.140000  0.060000   -0.0000033850215432
0.180000  0.060000   -0.0000033406632994
0.220000  0.060000   -0.0000031270695160
0.260000  0.060000   -0.0000030632303347
0.300000  0.060000   -0.0000027423910561
0.340000  0.060000   -0.0000025298987587
0.380000  0.060000   -0.0000023169871120
0.420000  0.060000   -0.0000020508813047
0.460000  0.060000   -0.0000016254436569
0.500000  0.060000   -0.0000014143434121
0.540000  0.060000   -0.0000011249782551
0.580000  0.060000   -0.0000008841148365
0.620000  0.060000   -0.0000006944143093
0.660000  0.060000    0.0000002667072130
0.700000  0.060000    0.0000002127852745
0.740000  0.060000    0.0000000385106772
0.780000  0.060000    0.0000004329192208
0.820000  0.060000    0.0000005182191452
0.860000  0.060000    0.0000001453351388
0.900000  0.060000   -0.0000008651994505
0.940000  0.060000   -0.0000021027569485
0.980000  0.060000   -0.0000034219255021
-.900000  0.100000   -0.0000005174973142
-.860000  0.100000   -0.0000013908382662
-.820000  0.100000   -0.0000016933535843
-.780000  0.100000   -0.0000016025146376
-.740000  0.100000   -0.0000017266885336
-.700000  0.100000   -0.0000013177096628
-.660000  0.100000   -0.0000013061759728
-.620000  0.100000   -0.0000012379915601
-.580000  0.100000   -0.0000008534584152
-.540000  0.100000   -0.0000009020519225
-.500000  0.100000   -0.0000009746309666
-.460000  0.100000   -0.0000010780363339
-.420000  0.100000   -0.0000012098541619
-.380000  0.100000   -0.0000013730682328
-.340000  0.100000   -0.0000015596198654
-.300000  0.100000   -0.0000017682283059
-.260000  0.100000   -0.0000019867494964
-.220000  0.100000   -0.0000022055773947
-.180000  0.100000   -0.0000024092089199
-.140000  0.100000   -0.0000027156667293
-.100000  0.100000   -0.0000029253264099
-.060000  0.100000   -0.0000030593586413
-.020000  0.100000   -0.0000032406493400
0.020000  0.100000   -0.0000033306164866
0.060000  0.100000   -0.0000034449347021
0.100000  0.100000   -0.0000033741270698
0.140000  0.100000   -0.0000032414969107
0.180000  0.100000   -0.0000035061277346
0.220000  0.100000   -0.0000033679420582
0.260000  0.100000   -0.0000031877274434
0.300000  0.100000   -0.0000030377482529
0.340000  0.100000   -0.0000027119833080
0.380000  0.100000   -0.0000024095355818
0.420000  0.100000   -0.0000021161480646
0.460000  0.100000   -0.0000018923473874
0.500000  0.100000   -0.0000015828591250
0.540000  0.100000   -0.0000013009055107
0.580000  0.100000   -0.0000010541468132
0.620000  0.100000   -0.0000000174741444
0.660000  0.100000    0.0000000518256752
0.700000  0.100000    0.0000000127768822
0.740000  0.100000    0.0000006876299871
0.780000  0.100000    0.0000002263100591
0.820000  0.100000    0.0000002845846397
0.860000  0.100000   -0.0000001146466067
0.900000  0.100000   -0.0000011263017534
0.940000  0.100000   -0.0000017611493612
0.980000  0.100000   -0.0000034297296313
-.900000  0.140000   -0.0000004375015421
-.860000  0.140000   -0.0000012327652768
-.820000  0.140000   -0.0000015535656310
-.780000  0.140000   -0.0000014661106506
-.740000  0.140000   -0.0000016400133898
-.700000  0.140000   -0.0000012005850439
-.660000  0.140000   -0.0000012261748609
-.620000  0.140000   -0.0000011975348057
-.580000  0.140000   -0.0000011560137576
-.540000  0.140000   -0.0000008185027102
-.500000  0.140000   -0.0000009081363534
-.460000  0.140000   -0.0000010247882752
-.420000  0.140000   -0.0000011672135676
-.380000  0.140000   -0.0000013345816054
-.340000  0.140000   -0.0000015228339833
-.300000  0.140000   -0.0000017239802616
-.260000  0.140000   -0.0000020664919418
-.220000  0.140000   -0.0000023105966241
-.180000  0.140000   -0.0000025365696521
-.140000  0.140000   -0.0000027262057557
-.100000  0.140000   -0.0000029900878937
-.060000  0.140000   -0.0000031354472962
-.020000  0.140000   -0.0000032995457339
0.020000  0.140000   -0.0000033965543835
0.060000  0.140000   -0.0000034813616038
0.100000  0.140000   -0.0000033895282476
0.140000  0.140000   -0.0000035363913993
0.180000  0.140000   -0.0000034006324479
0.220000  0.140000   -0.0000032148898739
0.260000  0.140000   -0.0000029496938402
0.300000  0.140000   -0.0000032233284096
0.340000  0.140000   -0.0000030271391118
0.380000  0.140000   -0.0000027623111484
0.420000  0.140000   -0.0000024684561479
0.460000  0.140000   -0.0000021350448124
0.500000  0.140000   -0.0000018260291564
0.540000  0.140000   -0.0000015457883193
0.580000  0.140000   -0.0000005095895969
0.620000  0.140000   -0.0000003365455155
0.660000  0.140000   -0.0000002499083634
0.700000  0.140000   -0.0000002617439206
0.740000  0.140000    0.0000003607624745
0.780000  0.140000   -0.0000000676377523
0.820000  0.140000   -0.0000000414459327
0.860000  0.140000   -0.0000004734319518
0.900000  0.140000   -0.0000008391398448
0.940000  0.140000   -0.0000023107657827
0.980000  0.140000   -0.0000039340578552
-.900000  0.180000   -0.0000001944811538
-.860000  0.180000   -0.0000012858319966
-.820000  0.180000   -0.0000017266646448
-.780000  0.180000   -0.0000017526995205
-.740000  0.180000   -0.0000014917285972
-.700000  0.180000   -0.0000015455724576
-.660000  0.180000   -0.0000010881734865
-.620000  0.180000   -0.0000011016851398
-.580000  0.180000   -0.0000011026727892
-.540000  0.180000   -0.0000011138167277
-.500000  0.180000   -0.0000011500112871
-.460000  0.180000   -0.0000012250890868
-.420000  0.180000   -0.0000013401615104
-.380000  0.180000   -0.0000014954250893
-.340000  0.180000   -0.0000016819680830
-.300000  0.180000   -0.0000018895346875
-.260000  0.180000   -0.0000021015771882
-.220000  0.180000   -0.0000023017540391
-.180000  0.180000   -0.0000026134186972
-.140000  0.180000   -0.0000028262038691
-.100000  0.180000   -0.0000029667718580
-.060000  0.180000   -0.0000032099083333
-.020000  0.180000   -0.0000033696849084
0.020000  0.180000   -0.0000034698513904
0.060000  0.180000   -0.0000035468531554
0.100000  0.180000   -0.0000036304232075
0.140000  0.180000   -0.0000035566241677
0.180000  0.180000   -0.0000033663210998
0.220000  0.180000   -0.0000035282895252
0.260000  0.180000   -0.0000033343856650
0.300000  0.180000   -0.0000030634407625
0.340000  0.180000   -0.0000027593831093
0.380000  0.180000   -0.0000024378840615
0.420000  0.180000   -0.0000021040232685
0.460000  0.180000   -0.0000017717749508
0.500000  0.180000   -0.0000014492297011
0.540000  0.180000   -0.0000011488629044
0.580000  0.180000   -0.0000008942504813
0.620000  0.180000   -0.0000007047007937
0.660000  0.180000   -0.0000005979230138
0.700000  0.180000    0.0000001869354192
0.740000  0.180000   -0.0000000462476420
0.780000  0.180000    0.0000003150327133
0.820000  0.180000    0.0000003128288081
0.860000  0.180000   -0.0000002064411513
0.900000  0.180000   -0.0000014060274455
0.940000  0.180000   -0.0000023804284689
0.980000  0.180000   -0.0000044006840193
-.860000  0.220000   -0.0000010200744273
-.820000  0.220000   -0.0000015073754949
-.780000  0.220000   -0.0000015445065558
-.740000  0.220000   -0.0000017361057717
-.700000  0.220000   -0.0000013869986115
-.660000  0.220000   -0.0000013946180254
-.620000  0.220000   -0.0000009319037027
-.580000  0.220000   -0.0000009697834867
-.540000  0.220000   -0.0000010167523973
-.500000  0.220000   -0.0000010826738948
-.460000  0.220000   -0.0000011794889335
-.420000  0.220000   -0.0000013063055225
-.380000  0.220000   -0.0000014630401851
-.340000  0.220000   -0.0000016403698284
-.300000  0.220000   -0.0000018255498915
-.260000  0.220000   -0.0000022042400491
-.220000  0.220000   -0.0000024225048124
-.180000  0.220000   -0.0000026071204340
-.140000  0.220000   -0.0000029154631113
-.100000  0.220000   -0.0000030614971910
-.060000  0.220000   -0.0000032925215734
-.020000  0.220000   -0.0000034543860729
0.020000  0.220000   -0.0000035606450009
0.060000  0.220000   -0.0000036375250508
0.100000  0.220000   -0.0000037027676030
0.140000  0.220000   -0.0000036098592139
0.180000  0.220000   -0.0000036963162415
0.220000  0.220000   -0.0000035158931382
0.260000  0.220000   -0.0000032606914292
0.300000  0.220000   -0.0000034157842336
0.340000  0.220000   -0.0000031599132646
0.380000  0.220000   -0.0000028630184798
0.420000  0.220000   -0.0000025381519073
0.460000  0.220000   -0.0000022050692039
0.500000  0.220000   -0.0000018777492061
0.540000  0.220000   -0.0000015770810625
0.580000  0.220000   -0.0000013147343664
0.620000  0.220000   -0.0000011097329318
0.660000  0.220000   -0.0000002431893405
0.700000  0.220000   -0.0000002970799151
0.740000  0.220000    0.0000003100349684
0.780000  0.220000   -0.0000002088761423
0.820000  0.220000   -0.0000002665819625
0.860000  0.220000   -0.0000008310987316
0.900000  0.220000   -0.0000014402624581
0.940000  0.220000   -0.0000027153016733
-.860000  0.260000   -0.0000008958599393
-.820000  0.260000   -0.0000015389815155
-.780000  0.260000   -0.0000016940543364
-.740000  0.260000   -0.0000015291228280
-.700000  0.260000   -0.0000016093304227
-.660000  0.260000   -0.0000012097820688
-.620000  0.260000   -0.0000012245995866
-.580000  0.260000   -0.0000012213152287
-.540000  0.260000   -0.0000012262224423
-.500000  0.260000   -0.0000012622554557
-.460000  0.260000   -0.0000013399840377
-.420000  0.260000   -0.0000014575288556
-.380000  0.260000   -0.0000016119084464
-.340000  0.260000   -0.0000017902503815
-.300000  0.260000   -0.0000019790305044
-.260000  0.260000   -0.0000021624791233
-.220000  0.260000   -0.0000025237896017
-.180000  0.260000   -0.0000027210566744
-.140000  0.260000   -0.0000030077083590
-.100000  0.260000   -0.0000031605483534
-.060000  0.260000   -0.0000033841513182
-.020000  0.260000   -0.0000035457788978
0.020000  0.260000   -0.0000036543677363
0.060000  0.260000   -0.0000037300754334
0.100000  0.260000   -0.0000037935209964
0.140000  0.260000   -0.0000036916848809
0.180000  0.260000   -0.0000037539509557
0.220000  0.260000   -0.0000035448277243
0.260000  0.260000   -0.0000036315975735
0.300000  0.260000   -0.0000033834721767
0.340000  0.260000   -0.0000030784205191
0.380000  0.260000   -0.0000027343086368
0.420000  0.260000   -0.0000023665996374
0.460000  0.260000   -0.0000019957042271
0.500000  0.260000   -0.0000016413538482
0.540000  0.260000   -0.0000013228674846
0.580000  0.260000   -0.0000010582906417
0.620000  0.260000   -0.0000008680978293
0.660000  0.260000   -0.0000007743899650
0.700000  0.260000   -0.0000000202761464
0.740000  0.260000   -0.0000002995651795
0.780000  0.260000   -0.0000000270937759
0.820000  0.260000   -0.0000001545499245
0.860000  0.260000   -0.0000008582711392
0.900000  0.260000   -0.0000016546440354
0.940000  0.260000   -0.0000027776516095
-.860000  0.300000   -0.0000006348191003
-.820000  0.300000   -0.0000011990555171
-.780000  0.300000   -0.0000013858591800
-.740000  0.300000   -0.0000016723700777
-.700000  0.300000   -0.0000013822387500
-.660000  0.300000   -0.0000014260031960
-.620000  0.300000   -0.0000009839620595
-.580000  0.300000   -0.0000010284988793
-.540000  0.300000   -0.0000010774291569
-.500000  0.300000   -0.0000011435117351
-.460000  0.300000   -0.0000012403927445
-.420000  0.300000   -0.0000013624939299
-.380000  0.300000   -0.0000015095817776
-.340000  0.300000   -0.0000018921756158
-.300000  0.300000   -0.0000020957468943
-.260000  0.300000   -0.0000022889757127
-.220000  0.300000   -0.0000024567454706
-.180000  0.300000   -0.0000028177088916
-.140000  0.300000   -0.0000029613322027
-.100000  0.300000   -0.0000032503071814
-.060000  0.300000   -0.0000034720407263
-.020000  0.300000   -0.0000036344760245
0.020000  0.300000   -0.0000037529385383
0.060000  0.300000   -0.0000038317469481
0.100000  0.300000   -0.0000038890837983
0.140000  0.300000   -0.0000039320527820
0.180000  0.300000   -0.0000038318659807
0.220000  0.300000   -0.0000038664960332
0.260000  0.300000   -0.0000036703673362
0.300000  0.300000   -0.0000033866211446
0.340000  0.300000   -0.0000030380539924
0.380000  0.300000   -0.0000031813140063
0.420000  0.300000   -0.0000028579509014
0.460000  0.300000   -0.0000025153292034
0.500000  0.300000   -0.0000021792566319
0.540000  0.300000   -0.0000018677722743
0.580000  0.300000   -0.0000016011418927
0.620000  0.300000   -0.0000013974153388
0.660000  0.300000   -0.0000005868479848
0.700000  0.300000   -0.0000006621862524
0.740000  0.300000   -0.0000001601049832
0.780000  0.300000   -0.0000007221527835
0.820000  0.300000   -0.0000009285519484
0.860000  0.300000   -0.0000010303092307
0.900000  0.300000   -0.0000020992473696
0.940000  0.300000   -0.0000035474355467
-.860000  0.340000   -0.0000002155051601
-.820000  0.340000   -0.0000010792399654
-.780000  0.340000   -0.0000014092435526
-.740000  0.340000   -0.0000013521456808
-.700000  0.340000   -0.0000015241490975
-.660000  0.340000   -0.0000011457264023
-.620000  0.340000   -0.0000011940974084
-.580000  0.340000   -0.0000012184730932
-.540000  0.340000   -0.0000012449773237
-.500000  0.340000   -0.0000012982859471
-.460000  0.340000   -0.0000013835354756
-.420000  0.340000   -0.0000015013972858
-.380000  0.340000   -0.0000016449989674
-.340000  0.340000   -0.0000018038398944
-.300000  0.340000   -0.0000021786699010
-.260000  0.340000   -0.0000023813001699
-.220000  0.340000   -0.0000025579779762
-.180000  0.340000   -0.0000029026634579
-.140000  0.340000   -0.0000030498254083
-.100000  0.340000   -0.0000033341524121
-.060000  0.340000   -0.0000035549501471
-.020000  0.340000   -0.0000037225459930
0.020000  0.340000   -0.0000038414132130
0.060000  0.340000   -0.0000039276532758
0.100000  0.340000   -0.0000039877458839
0.140000  0.340000   -0.0000040257468325
0.180000  0.340000   -0.0000039192274277
0.220000  0.340000   -0.0000039446201277
0.260000  0.340000   -0.0000037254590168
0.300000  0.340000   -0.0000034104076964
0.340000  0.340000   -0.0000034940763349
0.380000  0.340000   -0.0000031747298735
0.420000  0.340000   -0.0000028154060825
0.460000  0.340000   -0.0000024441967041
0.500000  0.340000   -0.0000020871021811
0.540000  0.340000   -0.0000017609031309
0.580000  0.340000   -0.0000014917984473
0.620000  0.340000   -0.0000013059585866
0.660000  0.340000   -0.0000012217508223
0.700000  0.340000   -0.0000005816504251
0.740000  0.340000   -0.0000008857206666
0.780000  0.340000   -0.0000007791334116
0.820000  0.340000   -0.0000010943691049
0.860000  0.340000   -0.0000013896475287
0.900000  0.340000   -0.0000021910024514
0.940000  0.340000   -0.0000046213738662
-.820000  0.380000   -0.0000008350060972
-.780000  0.380000   -0.0000013327203467
-.740000  0.380000   -0.0000013908374001
-.700000  0.380000   -0.0000015829883145
-.660000  0.380000   -0.0000012817485741
-.620000  0.380000   -0.0000013240028163
-.580000  0.380000   -0.0000013333739073
-.540000  0.380000   -0.0000013502616603
-.500000  0.380000   -0.0000013923779643
-.460000  0.380000   -0.0000014712427907
-.420000  0.380000   -0.0000015888136826
-.380000  0.380000   -0.0000017351946127
-.340000  0.380000   -0.0000018999679024
-.300000  0.380000   -0.0000020652493815
-.260000  0.380000   -0.0000024540423551
-.220000  0.380000   -0.0000026358797301
-.180000  0.380000   -0.0000029666085277
-.140000  0.380000   -0.0000031210961414
-.100000  0.380000   -0.0000034015568241
-.060000  0.380000   -0.0000036236337530
-.020000  0.380000   -0.0000037969118629
0.020000  0.380000   -0.0000039222841797
0.060000  0.380000   -0.0000040121194589
0.100000  0.380000   -0.0000040767525474
0.140000  0.380000   -0.0000041143733169
0.180000  0.380000   -0.0000040051306041
0.220000  0.380000   -0.0000040239435316
0.260000  0.380000   -0.0000037880940586
0.300000  0.380000   -0.0000038161773203
0.340000  0.380000   -0.0000035298057625
0.380000  0.380000   -0.0000031802120717
0.420000  0.380000   -0.0000027956185877
0.460000  0.380000   -0.0000024010471491
0.500000  0.380000   -0.0000020208621726
0.540000  0.380000   -0.0000016836623659
0.580000  0.380000   -0.0000014191833817
0.620000  0.380000   -0.0000012475702306
0.660000  0.380000   -0.0000012004744597
0.700000  0.380000   -0.0000005666710258
0.740000  0.380000   -0.0000009552341608
0.780000  0.380000   -0.0000009361672376
0.820000  0.380000   -0.0000013911125097
0.860000  0.380000   -0.0000019548577488
0.900000  0.380000   -0.0000028389257667
-.820000  0.420000   -0.0000005510935394
-.780000  0.420000   -0.0000011517948072
-.740000  0.420000   -0.0000013387215944
-.700000  0.420000   -0.0000012033193787
-.660000  0.420000   -0.0000013422267606
-.620000  0.420000   -0.0000013858547192
-.580000  0.420000   -0.0000010229002908
-.540000  0.420000   -0.0000010828987361
-.500000  0.420000   -0.0000011566299274
-.460000  0.420000   -0.0000012498596689
-.420000  0.420000   -0.0000013637679964
-.380000  0.420000   -0.0000017863462347
-.340000  0.420000   -0.0000019530342455
-.300000  0.420000   -0.0000021222496957
-.260000  0.420000   -0.0000024932918774
-.220000  0.420000   -0.0000026810739390
-.180000  0.420000   -0.0000030076351422
-.140000  0.420000   -0.0000031680396870
-.100000  0.420000   -0.0000034476337113
-.060000  0.420000   -0.0000036726883932
-.020000  0.420000   -0.0000038482776837
0.020000  0.420000   -0.0000039833322306
0.060000  0.420000   -0.0000040792755845
0.100000  0.420000   -0.0000041484620300
0.140000  0.420000   -0.0000041892873352
0.180000  0.420000   -0.0000040795234920
0.220000  0.420000   -0.0000040955068546
0.260000  0.420000   -0.0000038495233015
0.300000  0.420000   -0.0000038727970174
0.340000  0.420000   -0.0000035681074781
0.380000  0.420000   -0.0000031978359079
0.420000  0.420000   -0.0000032915226783
0.460000  0.420000   -0.0000029595217381
0.500000  0.420000   -0.0000026276583759
0.540000  0.420000   -0.0000023229599057
0.580000  0.420000   -0.0000020701724450
0.620000  0.420000   -0.0000012369520341
0.660000  0.420000   -0.0000012297609254
0.700000  0.420000   -0.0000013739402340
0.740000  0.420000   -0.0000011076958672
0.780000  0.420000   -0.0000012072413796
0.820000  0.420000   -0.0000011777079815
0.860000  0.420000   -0.0000021877555565
0.900000  0.420000   -0.0000037472457564
-.780000  0.460000   -0.0000008518919710
-.740000  0.460000   -0.0000011958403308
-.700000  0.460000   -0.0000015093988639
-.660000  0.460000   -0.0000013346312067
-.620000  0.460000   -0.0000013922287428
-.580000  0.460000   -0.0000010690411334
-.540000  0.460000   -0.0000011286080005
-.500000  0.460000   -0.0000011974186015
-.460000  0.460000   -0.0000012873705192
-.420000  0.460000   -0.0000014010711003
-.380000  0.460000   -0.0000017949679132
-.340000  0.460000   -0.0000019646615887
-.300000  0.460000   -0.0000021380078892
-.260000  0.460000   -0.0000024988341774
-.220000  0.460000   -0.0000026930795545
-.180000  0.460000   -0.0000030159358073
-.140000  0.460000   -0.0000031819712884
-.100000  0.460000   -0.0000034625891626
-.060000  0.460000   -0.0000036924479831
-.020000  0.460000   -0.0000038731059778
0.020000  0.460000   -0.0000040145449238
0.060000  0.460000   -0.0000041196341847
0.100000  0.460000   -0.0000041950493990
0.140000  0.460000   -0.0000042407880783
0.180000  0.460000   -0.0000041334961058
0.220000  0.460000   -0.0000041495963384
0.260000  0.460000   -0.0000038972295133
0.300000  0.460000   -0.0000039182155993
0.340000  0.460000   -0.0000036016188021
0.380000  0.460000   -0.0000032186418947
0.420000  0.460000   -0.0000033170157560
0.460000  0.460000   -0.0000029763435941
0.500000  0.460000   -0.0000026394657468
0.540000  0.460000   -0.0000023373576668
0.580000  0.460000   -0.0000021007512885
0.620000  0.460000   -0.0000012799611931
0.660000  0.460000   -0.0000013126429798
0.700000  0.460000   -0.0000008012511267
0.740000  0.460000   -0.0000013563703170
0.780000  0.460000   -0.0000016006624325
0.820000  0.460000   -0.0000019059591552
0.860000  0.460000   -0.0000024096738909
-.780000  0.500000   -0.0000005386448335
-.740000  0.500000   -0.0000012089289984
-.700000  0.500000   -0.0000013704679229
-.660000  0.500000   -0.0000012593485657
-.620000  0.500000   -0.0000013475080374
-.580000  0.500000   -0.0000010511609683
-.540000  0.500000   -0.0000011132251692
-.500000  0.500000   -0.0000011817733117
-.460000  0.500000   -0.0000012699459590
-.420000  0.500000   -0.0000013835991546
-.380000  0.500000   -0.0000017621482512
-.340000  0.500000   -0.0000019321494811
-.300000  0.500000   -0.0000021072434364
-.260000  0.500000   -0.0000024643021953
-.220000  0.500000   -0.0000026612631459
-.180000  0.500000   -0.0000029833140900
-.140000  0.500000   -0.0000031563404282
-.100000  0.500000   -0.0000034380942196
-.060000  0.500000   -0.0000036735721929
-.020000  0.500000   -0.0000038612514552
0.020000  0.500000   -0.0000040097255240
0.060000  0.500000   -0.0000041239209664
0.100000  0.500000   -0.0000042062631156
0.140000  0.500000   -0.0000042584467739
0.180000  0.500000   -0.0000041566872751
0.220000  0.500000   -0.0000041749740555
0.260000  0.500000   -0.0000039216408076
0.300000  0.500000   -0.0000039426554258
0.340000  0.500000   -0.0000036210259773
0.380000  0.500000   -0.0000032350938855
0.420000  0.500000   -0.0000033351267612
0.460000  0.500000   -0.0000029916378909
0.500000  0.500000   -0.0000026568076823
0.540000  0.500000   -0.0000023670200757
0.580000  0.500000   -0.0000021487560989
0.620000  0.500000   -0.0000013726696410
0.660000  0.500000   -0.0000014591436255
0.700000  0.500000   -0.0000010628294852
0.740000  0.500000   -0.0000010304650573
0.780000  0.500000   -0.0000015621367120
0.820000  0.500000   -0.0000023377164914
0.860000  0.500000   -0.0000035162159198
-.740000  0.540000   -0.0000008098147664
-.700000  0.540000   -0.0000011394486695
-.660000  0.540000   -0.0000011104732534
-.620000  0.540000   -0.0000012478491809
-.580000  0.540000   -0.0000009698638964
-.540000  0.540000   -0.0000010385328262
-.500000  0.540000   -0.0000011070512620
-.460000  0.540000   -0.0000011949229715
-.420000  0.540000   -0.0000013064501705
-.380000  0.540000   -0.0000016790682265
-.340000  0.540000   -0.0000018480002330
-.300000  0.540000   -0.0000020229978358
-.260000  0.540000   -0.0000023777750495
-.220000  0.540000   -0.0000025780976431
-.180000  0.540000   -0.0000029004512337
-.140000  0.540000   -0.0000030800524465
-.100000  0.540000   -0.0000033664122099
-.060000  0.540000   -0.0000036063148433
-.020000  0.540000   -0.0000038026049227
0.020000  0.540000   -0.0000039589757140
0.060000  0.540000   -0.0000040821244532
0.100000  0.540000   -0.0000041732424519
0.140000  0.540000   -0.0000042323063873
0.180000  0.540000   -0.0000041388736811
0.220000  0.540000   -0.0000041614211077
0.260000  0.540000   -0.0000039124782282
0.300000  0.540000   -0.0000039347952980
0.340000  0.540000   -0.0000036161983831
0.380000  0.540000   -0.0000032320811979
0.420000  0.540000   -0.0000033337855733
0.460000  0.540000   -0.0000029956783870
0.500000  0.540000   -0.0000026754599042
0.540000  0.540000   -0.0000024031730338
0.580000  0.540000   -0.0000022118375808
0.620000  0.540000   -0.0000015179350783
0.660000  0.540000   -0.0000016585380587
0.700000  0.540000   -0.0000014130979521
0.740000  0.540000   -0.0000015837124609
0.780000  0.540000   -0.0000018333552817
0.820000  0.540000   -0.0000025404541950
-.740000  0.580000   -0.0000003113845421
-.700000  0.580000   -0.0000010241447325
-.660000  0.580000   -0.0000011815070336
-.620000  0.580000   -0.0000010793306189
-.580000  0.580000   -0.0000011620491727
-.540000  0.580000   -0.0000009025846284
-.500000  0.580000   -0.0000009726563912
-.460000  0.580000   -0.0000010584247070
-.420000  0.580000   -0.0000011657148201
-.380000  0.580000   -0.0000015432613353
-.340000  0.580000   -0.0000017036206259
-.300000  0.580000   -0.0000018769783408
-.260000  0.580000   -0.0000022353108418
-.220000  0.580000   -0.0000024341627703
-.180000  0.580000   -0.0000027597145195
-.140000  0.580000   -0.0000030382593470
-.100000  0.580000   -0.0000032370073990
-.060000  0.580000   -0.0000034829900155
-.020000  0.580000   -0.0000036877329006
0.020000  0.580000   -0.0000038527304470
0.060000  0.580000   -0.0000039848484945
0.100000  0.580000   -0.0000040854087236
0.140000  0.580000   -0.0000040224334671
0.180000  0.580000   -0.0000040702450873
0.220000  0.580000   -0.0000040980500526
0.260000  0.580000   -0.0000038588115173
0.300000  0.580000   -0.0000038837790282
0.340000  0.580000   -0.0000035750736872
0.380000  0.580000   -0.0000032018100176
0.420000  0.580000   -0.0000033031305282
0.460000  0.580000   -0.0000029812008441
0.500000  0.580000   -0.0000026812480462
0.540000  0.580000   -0.0000024371402897
0.580000  0.580000   -0.0000016750779810
0.620000  0.580000   -0.0000016993926601
0.660000  0.580000   -0.0000012807486212
0.700000  0.580000   -0.0000012230987628
0.740000  0.580000   -0.0000017298301681
0.780000  0.580000   -0.0000021516212936
-.700000  0.620000   -0.0000006287743838
-.660000  0.620000   -0.0000008536859886
-.620000  0.620000   -0.0000011166725910
-.580000  0.620000   -0.0000009655853448
-.540000  0.620000   -0.0000010245420603
-.500000  0.620000   -0.0000010659404582
-.460000  0.620000   -0.0000011245032935
-.420000  0.620000   -0.0000012178663904
-.380000  0.620000   -0.0000013437821594
-.340000  0.620000   -0.0000014973709297
-.300000  0.620000   -0.0000016640783202
-.260000  0.620000   -0.0000020274121495
-.220000  0.620000   -0.0000022242488901
-.180000  0.620000   -0.0000025541785666
-.140000  0.620000   -0.0000028388949244
-.100000  0.620000   -0.0000030776959144
-.060000  0.620000   -0.0000032936206954
-.020000  0.620000   -0.0000035067325301
0.020000  0.620000   -0.0000036811180296
0.060000  0.620000   -0.0000038220720649
0.100000  0.620000   -0.0000038064253033
0.140000  0.620000   -0.0000038828988365
0.180000  0.620000   -0.0000039394783863
0.220000  0.620000   -0.0000039732735907
0.260000  0.620000   -0.0000037503510676
0.300000  0.620000   -0.0000037776619137
0.340000  0.620000   -0.0000034864804573
0.380000  0.620000   -0.0000031354825190
0.420000  0.620000   -0.0000027624661649
0.460000  0.620000   -0.0000024033381933
0.500000  0.620000   -0.0000021007946930
0.540000  0.620000   -0.0000018950238262
0.580000  0.620000   -0.0000018204348486
0.620000  0.620000   -0.0000012853811317
0.660000  0.620000   -0.0000016835155780
0.700000  0.620000   -0.0000013216779534
0.740000  0.620000   -0.0000018447332075
0.780000  0.620000   -0.0000031496937177
-.660000  0.660000   -0.0000007604705038
-.620000  0.660000   -0.0000007962351412
-.580000  0.660000   -0.0000009740679689
-.540000  0.660000   -0.0000007865449931
-.500000  0.660000   -0.0000008384831743
-.460000  0.660000   -0.0000008904400762
-.420000  0.660000   -0.0000009684544562
-.380000  0.660000   -0.0000010805337495
-.340000  0.660000   -0.0000012194390780
-.300000  0.660000   -0.0000015526043827
-.260000  0.660000   -0.0000017475700732
-.220000  0.660000   -0.0000020537165337
-.180000  0.660000   -0.0000022758476683
-.140000  0.660000   -0.0000025656643377
-.100000  0.660000   -0.0000028116682854
-.060000  0.660000   -0.0000030232140594
-.020000  0.660000   -0.0000032025342021
0.020000  0.660000   -0.0000033567140728
0.060000  0.660000   -0.0000034824644017
0.100000  0.660000   -0.0000035863586757
0.140000  0.660000   -0.0000036715411720
0.180000  0.660000   -0.0000037358911695
0.220000  0.660000   -0.0000035270341429
0.260000  0.660000   -0.0000035776199599
0.300000  0.660000   -0.0000032727785435
0.340000  0.660000   -0.0000033389510906
0.380000  0.660000   -0.0000030212514747
0.420000  0.660000   -0.0000026864052092
0.460000  0.660000   -0.0000023747091877
0.500000  0.660000   -0.0000021255432442
0.540000  0.660000   -0.0000019784907597
0.580000  0.660000   -0.0000013865714186
0.620000  0.660000   -0.0000016446304758
0.660000  0.660000   -0.0000011188345306
0.700000  0.660000   -0.0000013775321871
0.740000  0.660000   -0.0000026573190494
-.620000  0.700000   -0.0000007499167767
-.580000  0.700000   -0.0000008803402619
-.540000  0.700000   -0.0000007655523807
-.500000  0.700000   -0.0000007987754543
-.460000  0.700000   -0.0000008149940625
-.420000  0.700000   -0.0000006578240749
-.380000  0.700000   -0.0000009352030295
-.340000  0.700000   -0.0000010583818351
-.300000  0.700000   -0.0000012149738562
-.260000  0.700000   -0.0000014894155782
-.220000  0.700000   -0.0000017057818278
-.180000  0.700000   -0.0000019717598866
-.140000  0.700000   -0.0000022122858819
-.100000  0.700000   -0.0000024657959083
-.060000  0.700000   -0.0000026858701899
-.020000  0.700000   -0.0000028740247655
0.020000  0.700000   -0.0000030375711061
0.060000  0.700000   -0.0000031748492104
0.100000  0.700000   -0.0000032882174213
0.140000  0.700000   -0.0000033806246846
0.180000  0.700000   -0.0000032072373378
0.220000  0.700000   -0.0000032762768362
0.260000  0.700000   -0.0000029768134271
0.300000  0.700000   -0.0000030589346039
0.340000  0.700000   -0.0000027275344891
0.380000  0.700000   -0.0000023683617615
0.420000  0.700000   -0.0000025554989610
0.460000  0.700000   -0.0000017403793287
0.500000  0.700000   -0.0000015619042742
0.540000  0.700000   -0.0000015298603365
0.580000  0.700000   -0.0000011166506250
0.620000  0.700000   -0.0000010829080107
0.660000  0.700000   -0.0000011810928535
0.700000  0.700000   -0.0000021429075056
-.580000  0.740000   -0.0000006288928910
-.540000  0.740000   -0.0000006629803015
-.500000  0.740000   -0.0000007143837726
-.460000  0.740000   -0.0000005160641277
-.420000  0.740000   -0.0000005385243786
-.380000  0.740000   -0.0000005884203818
-.340000  0.740000   -0.0000006776079455
-.300000  0.740000   -0.0000009245006993
-.260000  0.740000   -0.0000010899625113
-.220000  0.740000   -0.0000013249964635
-.180000  0.740000   -0.0000015528452735
-.140000  0.740000   -0.0000017861966394
-.100000  0.740000   -0.0000019884038830
-.060000  0.740000   -0.0000022620246803
-.020000  0.740000   -0.0000024588777254
0.020000  0.740000   -0.0000026303126693
0.060000  0.740000   -0.0000027773018135
0.100000  0.740000   -0.0000026821434672
0.140000  0.740000   -0.0000027802082770
0.180000  0.740000   -0.0000028666996837
0.220000  0.740000   -0.0000025974320530
0.260000  0.740000   -0.0000026876339937
0.300000  0.740000   -0.0000023647113695
0.340000  0.740000   -0.0000024888471228
0.380000  0.740000   -0.0000021979905588
0.420000  0.740000   -0.0000019314774386
0.460000  0.740000   -0.0000017320506412
0.500000  0.740000   -0.0000010999489130
0.540000  0.740000   -0.0000012354614171
0.580000  0.740000   -0.0000011426436061
0.620000  0.740000   -0.0000011895165311
0.660000  0.740000   -0.0000021051186992
-.540000  0.780000   -0.0000005882714618
-.500000  0.780000   -0.0000005931488539
-.460000  0.780000   -0.0000004065215211
-.420000  0.780000   -0.0000003912977321
-.380000  0.780000   -0.0000003874865654
-.340000  0.780000   -0.0000004197753445
-.300000  0.780000   -0.0000004991082813
-.260000  0.780000   -0.0000007018438719
-.220000  0.780000   -0.0000008660016825
-.180000  0.780000   -0.0000010682387365
-.140000  0.780000   -0.0000012950737014
-.100000  0.780000   -0.0000015047564362
-.060000  0.780000   -0.0000016889162741
-.020000  0.780000   -0.0000018521137321
0.020000  0.780000   -0.0000019959994181
0.060000  0.780000   -0.0000021230607787
0.100000  0.780000   -0.0000022379137843
0.140000  0.780000   -0.0000023407087006
0.180000  0.780000   -0.0000021315732072
0.220000  0.780000   -0.0000022268389247
0.260000  0.780000   -0.0000019378014898
0.300000  0.780000   -0.0000020591382666
0.340000  0.780000   -0.0000017855677443
0.380000  0.780000   -0.0000015303456612
0.420000  0.780000   -0.0000013393765083
0.460000  0.780000   -0.0000012530569018
0.500000  0.780000   -0.0000008736857943
0.540000  0.780000   -0.0000008267196614
0.580000  0.780000   -0.0000009925345033
0.620000  0.780000   -0.0000021816302526
-.500000  0.820000   -0.0000004556315684
-.460000  0.820000   -0.0000004693872206
-.420000  0.820000   -0.0000004296593510
-.380000  0.820000   -0.0000002067852474
-.340000  0.820000   -0.0000001707407406
-.300000  0.820000   -0.0000001789038264
-.260000  0.820000   -0.0000003020512647
-.220000  0.820000   -0.0000004061666857
-.180000  0.820000   -0.0000005397572668
-.140000  0.820000   -0.0000007325195922
-.100000  0.820000   -0.0000008884139103
-.060000  0.820000   -0.0000010257669365
-.020000  0.820000   -0.0000011482652835
0.020000  0.820000   -0.0000012605031521
0.060000  0.820000   -0.0000013685219652
0.100000  0.820000   -0.0000014740022497
0.140000  0.820000   -0.0000015762951956
0.180000  0.820000   -0.0000013346960695
0.220000  0.820000   -0.0000014488115579
0.260000  0.820000   -0.0000011711460756
0.300000  0.820000   -0.0000013312028964
0.340000  0.820000   -0.0000011141728269
0.380000  0.820000   -0.0000009557015630
0.420000  0.820000   -0.0000004554139180
0.460000  0.820000   -0.0000006181572256
0.500000  0.820000   -0.0000006788305026
0.540000  0.820000   -0.0000008586610710
-.460000  0.860000   -0.0000003180669959
-.420000  0.860000   -0.0000004698019291
-.380000  0.860000   -0.0000002580893757
-.340000  0.860000   -0.0000001384207577
-.300000  0.860000   -0.0000000336102197
-.260000  0.860000    0.0000000195546508
-.220000  0.860000    0.0000000110633415
-.180000  0.860000   -0.0000000558578488
-.140000  0.860000   -0.0000001728202231
-.100000  0.860000   -0.0000002725503205
-.060000  0.860000   -0.0000003599804199
-.020000  0.860000   -0.0000004408300475
0.020000  0.860000   -0.0000005223594952
0.060000  0.860000   -0.0000006082045484
0.100000  0.860000   -0.0000006994122300
0.140000  0.860000   -0.0000007961485124
0.180000  0.860000   -0.0000005819317812
0.220000  0.860000   -0.0000007095525028
0.260000  0.860000   -0.0000005058115121
0.300000  0.860000   -0.0000003323866611
0.340000  0.860000   -0.0000002407938448
0.380000  0.860000   -0.0000002757728781
0.420000  0.860000   -0.0000001860804274
0.460000  0.860000   -0.0000002792922016
0.500000  0.860000   -0.0000013760867923
-.380000  0.900000   -0.0000004501570255
-.340000  0.900000   -0.0000003880259119
-.300000  0.900000   -0.0000000884235883
-.260000  0.900000    0.0000000870246183
-.220000  0.900000    0.0000002170103293
-.180000  0.900000    0.0000002834029362
-.140000  0.900000    0.0000002903629798
-.100000  0.900000    0.0000002386789162
-.060000  0.900000    0.0000001975581307
-.020000  0.900000    0.0000001547724809
0.020000  0.900000    0.0000001048893493
0.060000  0.900000    0.0000000440970977
0.100000  0.900000   -0.0000000291937217
0.140000  0.900000    0.0000001204818391
0.180000  0.900000    0.0000000074183607
0.220000  0.900000    0.0000001300692071
0.260000  0.900000    0.0000002048753151
0.300000  0.900000    0.0000001811554395
0.340000  0.900000    0.0000002469991837
0.380000  0.900000   -0.0000000472706491
0.420000  0.900000   -0.0000008960584406
-.300000  0.940000   -0.0000003995595034
-.260000  0.940000   -0.0000003900227684
-.220000  0.940000   -0.0000000417993972
-.180000  0.940000    0.0000001911095038
-.140000  0.940000    0.0000003712541679
-.100000  0.940000    0.0000004698193200
-.060000  0.940000    0.0000005266585432
-.020000  0.940000    0.0000005566966562
0.020000  0.940000    0.0000005657480002
0.060000  0.940000    0.0000005480965488
0.100000  0.940000    0.0000006265787754
0.140000  0.940000    0.0000005393083723
0.180000  0.940000    0.0000005429967887
0.220000  0.940000    0.0000004617792176
0.260000  0.940000    0.0000003482940180
0.300000  0.940000   -0.0000001173499370
0.340000  0.940000   -0.0000019835797977
-.180000  0.980000   -0.0000002337869629
-.140000  0.980000   -0.0000005371585206
-.100000  0.980000   -0.0000003141118791
-.060000  0.980000   -0.0000000559747511
-.020000  0.980000    0.0000001483846243
0.020000  0.980000    0.0000002149667767
0.060000  0.980000    0.0000001760653563
0.100000  0.980000    0.0000000665955141
0.140000  0.980000   -0.0000001799036041
0.180000  0.980000   -0.0000008701804547
