-.140000  -.980000    0.0000010424967716
-.100000  -.980000    0.0000020836500220
-.060000  -.980000    0.0000027311766608
-.020000  -.980000    0.0000031363172323
0.020000  -.980000    0.0000034867972960
0.060000  -.980000    0.0000038424009598
0.100000  -.980000    0.0000040530927246
0.140000  -.980000    0.0000040570466232
0.180000  -.980000    0.0000038890121397
-.260000  -.940000    0.0000007114520704
-.220000  -.940000    0.0000016597988764
-.180000  -.940000    0.0000023601349946
-.140000  -.940000    0.0000028565756363
-.100000  -.940000    0.0000033026805927
-.060000  -.940000    0.0000034982250899
-.020000  -.940000    0.0000037364963864
0.020000  -.940000    0.0000038988041651
0.060000  -.940000    0.0000039907493102
0.100000  -.940000    0.0000042855870057
0.140000  -.940000    0.0000042608716172
0.180000  -.940000    0.0000044511345163
0.220000  -.940000    0.0000045436012522
0.260000  -.940000    0.0000047463598868
0.300000  -.940000    0.0000045944872290
0.340000  -.940000    0.0000036165372089
-.340000  -.900000    0.0000005306339181
-.300000  -.900000    0.0000013903413447
-.260000  -.900000    0.0000020479683345
-.220000  -.900000    0.0000025355435112
-.180000  -.900000    0.0000028665581212
-.140000  -.900000    0.0000031663481088
-.100000  -.900000    0.0000032365312578
-.060000  -.900000    0.0000033635783622
-.020000  -.900000    0.0000034361645168
0.020000  -.900000    0.0000034652239070
0.060000  -.900000    0.0000034512121041
0.100000  -.900000    0.0000033995312849
0.140000  -.900000    0.0000036788754531
0.180000  -.900000    0.0000035735421618
0.220000  -.900000    0.0000038306311943
0.260000  -.900000    0.0000040482351770
0.300000  -.900000    0.0000041836169262
0.340000  -.900000    0.0000045487073418
0.380000  -.900000    0.0000045691557932
0.420000  -.900000    0.0000042959037038
-.420000  -.860000    0.0000000582296435
-.380000  -.860000    0.0000008773988444
-.340000  -.860000    0.0000015446646056
-.300000  -.860000    0.0000020656282622
-.260000  -.860000    0.0000024485334231
-.220000  -.860000    0.0000026921024155
-.180000  -.860000    0.0000028902905162
-.140000  -.860000    0.0000028929657651
-.100000  -.860000    0.0000029360304007
-.060000  -.860000    0.0000029353209889
-.020000  -.860000    0.0000029016025745
0.020000  -.860000    0.0000028424294684
0.060000  -.860000    0.0000027575351655
0.100000  -.860000    0.0000026528529622
0.140000  -.860000    0.0000025292994014
0.180000  -.860000    0.0000028154101378
0.220000  -.860000    0.0000026722111940
0.260000  -.860000    0.0000029766592586
0.300000  -.860000    0.0000032735933603
0.340000  -.860000    0.0000035196588839
0.380000  -.860000    0.0000036622166552
0.420000  -.860000    0.0000040803631930
0.460000  -.860000    0.0000044422064837
0.500000  -.860000    0.0000040482648920
-.460000  -.820000    0.0000002531746285
-.420000  -.820000    0.0000009272724048
-.380000  -.820000    0.0000015224678419
-.340000  -.820000    0.0000019600425402
-.300000  -.820000    0.0000022744221638
-.260000  -.820000    0.0000024827795842
-.220000  -.820000    0.0000025667553372
-.180000  -.820000    0.0000026136835810
-.140000  -.820000    0.0000024846127545
-.100000  -.820000    0.0000024082393393
-.060000  -.820000    0.0000023020465534
-.020000  -.820000    0.0000021791061688
0.020000  -.820000    0.0000020430089354
0.060000  -.820000    0.0000018966465775
0.100000  -.820000    0.0000017440205456
0.140000  -.820000    0.0000015856919726
0.180000  -.820000    0.0000018494748803
0.220000  -.820000    0.0000017017580624
0.260000  -.820000    0.0000020324302084
0.300000  -.820000    0.0000018648680173
0.340000  -.820000    0.0000022034048786
0.380000  -.820000    0.0000025148775105
0.420000  -.820000    0.0000033219639716
0.460000  -.820000    0.0000033911645921
0.500000  -.820000    0.0000036951417687
0.540000  -.820000    0.0000041215565373
-.500000  -.780000    0.0000002811354555
-.460000  -.780000    0.0000009078633562
-.420000  -.780000    0.0000014022353545
-.380000  -.780000    0.0000017973328975
-.340000  -.780000    0.0000020862034738
-.300000  -.780000    0.0000022585634573
-.260000  -.780000    0.0000023163252998
-.220000  -.780000    0.0000022758749583
-.180000  -.780000    0.0000021980251143
-.140000  -.780000    0.0000019762536547
-.100000  -.780000    0.0000017990145218
-.060000  -.780000    0.0000016100845113
-.020000  -.780000    0.0000014112401567
0.020000  -.780000    0.0000012098184400
0.060000  -.780000    0.0000010130018747
0.100000  -.780000    0.0000008184769985
0.140000  -.780000    0.0000006303041101
0.180000  -.780000    0.0000008360714807
0.220000  -.780000    0.0000006823995075
0.260000  -.780000    0.0000009949252065
0.300000  -.780000    0.0000008490201882
0.340000  -.780000    0.0000012134723144
0.380000  -.780000    0.0000015954635543
0.420000  -.780000    0.0000019557929511
0.460000  -.780000    0.0000022425275182
0.500000  -.780000    0.0000030037133981
0.540000  -.780000    0.0000034534574592
0.580000  -.780000    0.0000038036159731
0.620000  -.780000    0.0000034982454964
-.540000  -.740000    0.0000002315810964
-.500000  -.740000    0.0000007361504620
-.460000  -.740000    0.0000012581812456
-.420000  -.740000    0.0000016274634191
-.380000  -.740000    0.0000019034398123
-.340000  -.740000    0.0000020745298125
-.300000  -.740000    0.0000020941049744
-.260000  -.740000    0.0000020632874394
-.220000  -.740000    0.0000019508723888
-.180000  -.740000    0.0000017492814881
-.140000  -.740000    0.0000015443571774
-.100000  -.740000    0.0000013257209954
-.060000  -.740000    0.0000009496647074
-.020000  -.740000    0.0000006925040173
0.020000  -.740000    0.0000004416938918
0.060000  -.740000    0.0000001993206610
0.100000  -.740000    0.0000002517468940
0.140000  -.740000    0.0000000655526187
0.180000  -.740000   -0.0000001074709225
0.220000  -.740000    0.0000001249925684
0.260000  -.740000   -0.0000000088500830
0.300000  -.740000    0.0000003285985195
0.340000  -.740000    0.0000002042335367
0.380000  -.740000    0.0000005960301264
0.420000  -.740000    0.0000010040388803
0.460000  -.740000    0.0000013914389550
0.500000  -.740000    0.0000023541883851
0.540000  -.740000    0.0000025240561377
0.580000  -.740000    0.0000030522680346
0.620000  -.740000    0.0000035632395013
0.660000  -.740000    0.0000033449777135
-.580000  -.700000    0.0000001225868429
-.540000  -.700000    0.0000006149589281
-.500000  -.700000    0.0000010156830492
-.460000  -.700000    0.0000013592209921
-.420000  -.700000    0.0000017531435541
-.380000  -.700000    0.0000018280485500
-.340000  -.700000    0.0000019223652217
-.300000  -.700000    0.0000019103330547
-.260000  -.700000    0.0000017690150663
-.220000  -.700000    0.0000015933113796
-.180000  -.700000    0.0000013606473708
-.140000  -.700000    0.0000010549210683
-.100000  -.700000    0.0000007698414858
-.060000  -.700000    0.0000004859714289
-.020000  -.700000    0.0000002103370005
0.020000  -.700000   -0.0000000524563570
0.060000  -.700000   -0.0000002995093622
0.100000  -.700000   -0.0000005251338427
0.140000  -.700000   -0.0000007311469303
0.180000  -.700000   -0.0000006198749163
0.220000  -.700000   -0.0000007650826085
0.260000  -.700000   -0.0000005101103126
0.300000  -.700000   -0.0000006162988954
0.340000  -.700000   -0.0000002561517887
0.380000  -.700000    0.0000001673271996
0.420000  -.700000    0.0000000482845600
0.460000  -.700000    0.0000010765334786
0.500000  -.700000    0.0000014997075718
0.540000  -.700000    0.0000018255239371
0.580000  -.700000    0.0000026654212243
0.620000  -.700000    0.0000031785210368
0.660000  -.700000    0.0000036552791168
0.700000  -.700000    0.0000034082373304
-.620000  -.660000    0.0000000263915546
-.580000  -.660000    0.0000004194025400
-.540000  -.660000    0.0000008899187806
-.500000  -.660000    0.0000012264972491
-.460000  -.660000    0.0000015028473784
-.420000  -.660000    0.0000017038957778
-.380000  -.660000    0.0000018157462544
-.340000  -.660000    0.0000018263407191
-.300000  -.660000    0.0000016616193982
-.260000  -.660000    0.0000015150493125
-.220000  -.660000    0.0000012589555177
-.180000  -.660000    0.0000009850151827
-.140000  -.660000    0.0000006755547757
-.100000  -.660000    0.0000003664890466
-.060000  -.660000    0.0000000665458001
-.020000  -.660000   -0.0000002221893393
0.020000  -.660000   -0.0000004924136387
0.060000  -.660000   -0.0000007406390751
0.100000  -.660000   -0.0000009648405005
0.140000  -.660000   -0.0000011650900453
0.180000  -.660000   -0.0000013405353125
0.220000  -.660000   -0.0000012044976842
0.260000  -.660000   -0.0000013160776249
0.300000  -.660000   -0.0000010434941153
0.340000  -.660000   -0.0000011177084785
0.380000  -.660000   -0.0000007462729919
0.420000  -.660000   -0.0000003170346457
0.460000  -.660000    0.0000001373051270
0.500000  -.660000    0.0000005904404358
0.540000  -.660000    0.0000009925971512
0.580000  -.660000    0.0000019817455558
0.620000  -.660000    0.0000020986670071
0.660000  -.660000    0.0000032376672797
0.700000  -.660000    0.0000035882360650
0.740000  -.660000    0.0000030158462876
-.620000  -.620000    0.0000002443556669
-.580000  -.620000    0.0000006661891160
-.540000  -.620000    0.0000009739617707
-.500000  -.620000    0.0000012440097479
-.460000  -.620000    0.0000014619042579
-.420000  -.620000    0.0000016052082122
-.380000  -.620000    0.0000016682842939
-.340000  -.620000    0.0000016353224005
-.300000  -.620000    0.0000015203389229
-.260000  -.620000    0.0000012425205858
-.220000  -.620000    0.0000010018702187
-.180000  -.620000    0.0000006711096364
-.140000  -.620000    0.0000003375461334
-.100000  -.620000    0.0000000124447775
-.060000  -.620000   -0.0000003540117061
-.020000  -.620000   -0.0000006760847645
0.020000  -.620000   -0.0000009741784225
0.060000  -.620000   -0.0000012465075563
0.100000  -.620000   -0.0000013398907395
0.140000  -.620000   -0.0000015335319056
0.180000  -.620000   -0.0000016990649324
0.220000  -.620000   -0.0000018357320808
0.260000  -.620000   -0.0000016750536453
0.300000  -.620000   -0.0000017493669241
0.340000  -.620000   -0.0000014642160681
0.380000  -.620000   -0.0000010897828736
0.420000  -.620000   -0.0000006515042607
0.460000  -.620000   -0.0000001741858193
0.500000  -.620000    0.0000003167547883
0.540000  -.620000    0.0000007842847034
0.580000  -.620000    0.0000011812632611
0.620000  -.620000    0.0000021456576722
0.660000  -.620000    0.0000021829023681
0.700000  -.620000    0.0000032035890252
0.740000  -.620000    0.0000033158749810
0.780000  -.620000    0.0000028940206833
-.660000  -.580000    0.0000001008585848
-.620000  -.580000    0.0000004662749180
-.580000  -.580000    0.0000007439086282
-.540000  -.580000    0.0000011985324991
-.500000  -.580000    0.0000014344036514
-.460000  -.580000    0.0000016040453574
-.420000  -.580000    0.0000016933727468
-.380000  -.580000    0.0000015160387753
-.340000  -.580000    0.0000014537925021
-.300000  -.580000    0.0000013129020457
-.260000  -.580000    0.0000009960962262
-.220000  -.580000    0.0000007510411089
-.180000  -.580000    0.0000003966636668
-.140000  -.580000    0.0000000461861150
-.100000  -.580000   -0.0000002918693571
-.060000  -.580000   -0.0000006433096046
-.020000  -.580000   -0.0000009653228878
0.020000  -.580000   -0.0000012630860935
0.060000  -.580000   -0.0000015340846573
0.100000  -.580000   -0.0000017736387394
0.140000  -.580000   -0.0000018363156368
0.180000  -.580000   -0.0000019921053891
0.220000  -.580000   -0.0000021157101292
0.260000  -.580000   -0.0000019703150590
0.300000  -.580000   -0.0000020261450764
0.340000  -.580000   -0.0000017520712734
0.380000  -.580000   -0.0000013829940798
0.420000  -.580000   -0.0000013961236418
0.460000  -.580000   -0.0000009679147907
0.500000  -.580000   -0.0000005103705666
0.540000  -.580000   -0.0000000468887195
0.580000  -.580000    0.0000010215034774
0.620000  -.580000    0.0000013876629465
0.660000  -.580000    0.0000022870962906
0.700000  -.580000    0.0000029100560512
0.740000  -.580000    0.0000030128938298
0.780000  -.580000    0.0000033057712290
-.660000  -.540000    0.0000002938920925
-.620000  -.540000    0.0000005494591395
-.580000  -.540000    0.0000009899757496
-.540000  -.540000    0.0000012378858552
-.500000  -.540000    0.0000014318021124
-.460000  -.540000    0.0000015621028129
-.420000  -.540000    0.0000016105207308
-.380000  -.540000    0.0000013748504979
-.340000  -.540000    0.0000012968804708
-.300000  -.540000    0.0000011376412724
-.260000  -.540000    0.0000007932096637
-.220000  -.540000    0.0000005377727190
-.180000  -.540000    0.0000001679462396
-.140000  -.540000   -0.0000001455591069
-.100000  -.540000   -0.0000005178553287
-.060000  -.540000   -0.0000008682114571
-.020000  -.540000   -0.0000011929670231
0.020000  -.540000   -0.0000014946404098
0.060000  -.540000   -0.0000017628945340
0.100000  -.540000   -0.0000019955176295
0.140000  -.540000   -0.0000021895131636
0.180000  -.540000   -0.0000022223102120
0.220000  -.540000   -0.0000023349282105
0.260000  -.540000   -0.0000022054501976
0.300000  -.540000   -0.0000022458729205
0.340000  -.540000   -0.0000019837826404
0.380000  -.540000   -0.0000016272729664
0.420000  -.540000   -0.0000016158946872
0.460000  -.540000   -0.0000011892305551
0.500000  -.540000   -0.0000007222935720
0.540000  -.540000   -0.0000002424991419
0.580000  -.540000    0.0000002187906271
0.620000  -.540000    0.0000012754915719
0.660000  -.540000    0.0000015709097377
0.700000  -.540000    0.0000023655838628
0.740000  -.540000    0.0000028110799535
0.780000  -.540000    0.0000032637046081
0.820000  -.540000    0.0000032808908897
-.700000  -.500000    0.0000000858295100
-.660000  -.500000    0.0000003908851006
-.620000  -.500000    0.0000006008261885
-.580000  -.500000    0.0000010553961837
-.540000  -.500000    0.0000012708633155
-.500000  -.500000    0.0000014303575063
-.460000  -.500000    0.0000015303442502
-.420000  -.500000    0.0000015446658730
-.380000  -.500000    0.0000012587220834
-.340000  -.500000    0.0000011655295461
-.300000  -.500000    0.0000010035891820
-.260000  -.500000    0.0000006319761425
-.220000  -.500000    0.0000003801382295
-.180000  -.500000   -0.0000000046275052
-.140000  -.500000   -0.0000003105167106
-.100000  -.500000   -0.0000006865999895
-.060000  -.500000   -0.0000010434032143
-.020000  -.500000   -0.0000013746207079
0.020000  -.500000   -0.0000016758388385
0.060000  -.500000   -0.0000019373703955
0.100000  -.500000   -0.0000021598638113
0.140000  -.500000   -0.0000023469618586
0.180000  -.500000   -0.0000023960199870
0.220000  -.500000   -0.0000024972169570
0.260000  -.500000   -0.0000023845569118
0.300000  -.500000   -0.0000024101217762
0.340000  -.500000   -0.0000021630412941
0.380000  -.500000   -0.0000018236573009
0.420000  -.500000   -0.0000017907515685
0.460000  -.500000   -0.0000013707242167
0.500000  -.500000   -0.0000009041590673
0.540000  -.500000   -0.0000004174377529
0.580000  -.500000    0.0000000647919956
0.620000  -.500000    0.0000011360131749
0.660000  -.500000    0.0000015082684638
0.700000  -.500000    0.0000024091658244
0.740000  -.500000    0.0000030524600609
0.780000  -.500000    0.0000032163917107
0.820000  -.500000    0.0000031366511735
0.860000  -.500000    0.0000027966942213
-.700000  -.460000    0.0000001474688368
-.660000  -.460000    0.0000004656362598
-.620000  -.460000    0.0000006504793986
-.580000  -.460000    0.0000011247753768
-.540000  -.460000    0.0000013129143958
-.500000  -.460000    0.0000014493807810
-.460000  -.460000    0.0000015149383045
-.420000  -.460000    0.0000015144317807
-.380000  -.460000    0.0000011916478386
-.340000  -.460000    0.0000010712896453
-.300000  -.460000    0.0000008948737953
-.260000  -.460000    0.0000004967368270
-.220000  -.460000    0.0000002548238082
-.180000  -.460000   -0.0000001466026712
-.140000  -.460000   -0.0000004377989486
-.100000  -.460000   -0.0000008229967091
-.060000  -.460000   -0.0000011824705525
-.020000  -.460000   -0.0000015097660859
0.020000  -.460000   -0.0000018018489507
0.060000  -.460000   -0.0000020554743922
0.100000  -.460000   -0.0000022730316647
0.140000  -.460000   -0.0000024590574255
0.180000  -.460000   -0.0000025192587236
0.220000  -.460000   -0.0000026089263813
0.260000  -.460000   -0.0000025138344420
0.300000  -.460000   -0.0000025282204580
0.340000  -.460000   -0.0000022959503570
0.380000  -.460000   -0.0000019736238595
0.420000  -.460000   -0.0000019277626800
0.460000  -.460000   -0.0000015184842532
0.500000  -.460000   -0.0000010609861746
0.540000  -.460000   -0.0000005739580062
0.580000  -.460000   -0.0000000872752774
0.620000  -.460000    0.0000009841522133
0.660000  -.460000    0.0000014100643379
0.700000  -.460000    0.0000023715414006
0.740000  -.460000    0.0000024390723951
0.780000  -.460000    0.0000028453970143
0.820000  -.460000    0.0000033082929389
0.860000  -.460000    0.0000035428157940
-.740000  -.420000    0.0000000589278013
-.700000  -.420000    0.0000003471185224
-.660000  -.420000    0.0000005429234205
-.620000  -.420000    0.0000007203640264
-.580000  -.420000    0.0000012095114237
-.540000  -.420000    0.0000013770636519
-.500000  -.420000    0.0000014938296605
-.460000  -.420000    0.0000015293186456
-.420000  -.420000    0.0000015068158141
-.380000  -.420000    0.0000011426793258
-.340000  -.420000    0.0000010277086729
-.300000  -.420000    0.0000008363454200
-.260000  -.420000    0.0000004268896842
-.220000  -.420000    0.0000001696533607
-.180000  -.420000   -0.0000002340107673
-.140000  -.420000   -0.0000005284162559
-.100000  -.420000   -0.0000009090724561
-.060000  -.420000   -0.0000012632573173
-.020000  -.420000   -0.0000015868764359
0.020000  -.420000   -0.0000018821145023
0.060000  -.420000   -0.0000021366033349
0.100000  -.420000   -0.0000023552423606
0.140000  -.420000   -0.0000025245831358
0.180000  -.420000   -0.0000025981303450
0.220000  -.420000   -0.0000026794959500
0.260000  -.420000   -0.0000026000803964
0.300000  -.420000   -0.0000026061742190
0.340000  -.420000   -0.0000023895110724
0.380000  -.420000   -0.0000020850001314
0.420000  -.420000   -0.0000020312755092
0.460000  -.420000   -0.0000016402977001
0.500000  -.420000   -0.0000011938712681
0.540000  -.420000   -0.0000007177082223
0.580000  -.420000   -0.0000002324594786
0.620000  -.420000    0.0000008304444756
0.660000  -.420000    0.0000012827070114
0.700000  -.420000    0.0000015984112436
0.740000  -.420000    0.0000024424418263
0.780000  -.420000    0.0000030136642464
0.820000  -.420000    0.0000037749636648
0.860000  -.420000    0.0000035417232225
0.900000  -.420000    0.0000027398877810
-.740000  -.380000    0.0000001318853855
-.700000  -.380000    0.0000002594593352
-.660000  -.380000    0.0000006394752372
-.620000  -.380000    0.0000008215299675
-.580000  -.380000    0.0000009877312612
-.540000  -.380000    0.0000011122065216
-.500000  -.380000    0.0000012140559923
-.460000  -.380000    0.0000012388479063
-.420000  -.380000    0.0000012331353602
-.380000  -.380000    0.0000011511975156
-.340000  -.380000    0.0000009997736847
-.300000  -.380000    0.0000008077619499
-.260000  -.380000    0.0000003671708651
-.220000  -.380000    0.0000001259105348
-.180000  -.380000   -0.0000002992543328
-.140000  -.380000   -0.0000005752198107
-.100000  -.380000   -0.0000009678986211
-.060000  -.380000   -0.0000013283324441
-.020000  -.380000   -0.0000016541517049
0.020000  -.380000   -0.0000019419887486
0.060000  -.380000   -0.0000021865257354
0.100000  -.380000   -0.0000023874942289
0.140000  -.380000   -0.0000025513090930
0.180000  -.380000   -0.0000026391925965
0.220000  -.380000   -0.0000027188694864
0.260000  -.380000   -0.0000026505706271
0.300000  -.380000   -0.0000026538241053
0.340000  -.380000   -0.0000024531868644
0.380000  -.380000   -0.0000021633937275
0.420000  -.380000   -0.0000018009447286
0.460000  -.380000   -0.0000013742384193
0.500000  -.380000   -0.0000008969042831
0.540000  -.380000   -0.0000003783409553
0.580000  -.380000    0.0000001546851601
0.620000  -.380000    0.0000006727003064
0.660000  -.380000    0.0000011346123048
0.700000  -.380000    0.0000021596178514
0.740000  -.380000    0.0000023770709672
0.780000  -.380000    0.0000030576721897
0.820000  -.380000    0.0000033193585056
0.860000  -.380000    0.0000035505517330
0.900000  -.380000    0.0000034008741538
-.740000  -.340000    0.0000002104027672
-.700000  -.340000    0.0000003477379651
-.660000  -.340000    0.0000007624688623
-.620000  -.340000    0.0000009546991978
-.580000  -.340000    0.0000011159628006
-.540000  -.340000    0.0000012388440628
-.500000  -.340000    0.0000013118763320
-.460000  -.340000    0.0000013340942260
-.420000  -.340000    0.0000012804621818
-.380000  -.340000    0.0000011862638883
-.340000  -.340000    0.0000010321842340
-.300000  -.340000    0.0000005806185116
-.260000  -.340000    0.0000003729073787
-.220000  -.340000    0.0000001056031314
-.180000  -.340000   -0.0000003150190919
-.140000  -.340000   -0.0000006043983526
-.100000  -.340000   -0.0000009885417567
-.060000  -.340000   -0.0000013429752462
-.020000  -.340000   -0.0000016620846673
0.020000  -.340000   -0.0000019483466472
0.060000  -.340000   -0.0000021941174275
0.100000  -.340000   -0.0000024025375807
0.140000  -.340000   -0.0000025685524117
0.180000  -.340000   -0.0000026582851196
0.220000  -.340000   -0.0000027227076903
0.260000  -.340000   -0.0000026723130264
0.300000  -.340000   -0.0000025305506016
0.340000  -.340000   -0.0000024937725521
0.380000  -.340000   -0.0000022250579181
0.420000  -.340000   -0.0000018829681668
0.460000  -.340000   -0.0000014745184571
0.500000  -.340000   -0.0000010137459266
0.540000  -.340000   -0.0000005171270904
0.580000  -.340000   -0.0000000019305737
0.620000  -.340000    0.0000005015829032
0.660000  -.340000    0.0000009602051278
0.700000  -.340000    0.0000019984484039
0.740000  -.340000    0.0000022524620575
0.780000  -.340000    0.0000030035128226
0.820000  -.340000    0.0000034168855478
0.860000  -.340000    0.0000039287674147
0.900000  -.340000    0.0000038753455745
0.940000  -.340000    0.0000019800825176
-.780000  -.300000    0.0000000454857240
-.740000  -.300000    0.0000001493454689
-.700000  -.300000    0.0000004647168693
-.660000  -.300000    0.0000006064483961
-.620000  -.300000    0.0000011161161252
-.580000  -.300000    0.0000012778041031
-.540000  -.300000    0.0000013988715709
-.500000  -.300000    0.0000014504593563
-.460000  -.300000    0.0000014487102233
-.420000  -.300000    0.0000013888010641
-.380000  -.300000    0.0000012535096569
-.340000  -.300000    0.0000008071363087
-.300000  -.300000    0.0000006098663952
-.260000  -.300000    0.0000003751063957
-.220000  -.300000    0.0000001127765790
-.180000  -.300000   -0.0000003328172501
-.140000  -.300000   -0.0000006094278762
-.100000  -.300000   -0.0000010094189966
-.060000  -.300000   -0.0000013650531994
-.020000  -.300000   -0.0000016832141289
0.020000  -.300000   -0.0000019645072309
0.060000  -.300000   -0.0000021991000546
0.100000  -.300000   -0.0000023887642649
0.140000  -.300000   -0.0000025422362478
0.180000  -.300000   -0.0000026431600228
0.220000  -.300000   -0.0000027243533380
0.260000  -.300000   -0.0000026828645614
0.300000  -.300000   -0.0000025474853905
0.340000  -.300000   -0.0000023352444399
0.380000  -.300000   -0.0000022797464758
0.420000  -.300000   -0.0000019596070106
0.460000  -.300000   -0.0000015771974811
0.500000  -.300000   -0.0000011424160722
0.540000  -.300000   -0.0000006680500417
0.580000  -.300000   -0.0000001774561413
0.620000  -.300000    0.0000003094112821
0.660000  -.300000    0.0000013773344600
0.700000  -.300000    0.0000017986365871
0.740000  -.300000    0.0000027701711962
0.780000  -.300000    0.0000028716431151
0.820000  -.300000    0.0000033881064845
0.860000  -.300000    0.0000041017237624
0.900000  -.300000    0.0000038417516300
0.940000  -.300000    0.0000031122132732
-.780000  -.260000    0.0000000419381061
-.740000  -.260000    0.0000002482766018
-.700000  -.260000    0.0000003301319950
-.660000  -.260000    0.0000007901822934
-.620000  -.260000    0.0000009522619003
-.580000  -.260000    0.0000010744393099
-.540000  -.260000    0.0000011776388822
-.500000  -.260000    0.0000012125781478
-.460000  -.260000    0.0000012104031748
-.420000  -.260000    0.0000011657259412
-.380000  -.260000    0.0000010445625868
-.340000  -.260000    0.0000008746851055
-.300000  -.260000    0.0000006772913913
-.260000  -.260000    0.0000004364557194
-.220000  -.260000   -0.0000000406368283
-.180000  -.260000   -0.0000002958812614
-.140000  -.260000   -0.0000007207033233
-.100000  -.260000   -0.0000009804240427
-.060000  -.260000   -0.0000013414412378
-.020000  -.260000   -0.0000016581481686
0.020000  -.260000   -0.0000019363869325
0.060000  -.260000   -0.0000021766936865
0.100000  -.260000   -0.0000023780231027
0.140000  -.260000   -0.0000025263238480
0.180000  -.260000   -0.0000026331516590
0.220000  -.260000   -0.0000026482994903
0.260000  -.260000   -0.0000026666775518
0.300000  -.260000   -0.0000025572520537
0.340000  -.260000   -0.0000023644623860
0.380000  -.260000   -0.0000020920534362
0.420000  -.260000   -0.0000017510053146
0.460000  -.260000   -0.0000013441839091
0.500000  -.260000   -0.0000008846770238
0.540000  -.260000   -0.0000003851319938
0.580000  -.260000    0.0000001386164538
0.620000  -.260000    0.0000006586211592
0.660000  -.260000    0.0000011442054292
0.700000  -.260000    0.0000021992947182
0.740000  -.260000    0.0000025393595432
0.780000  -.260000    0.0000033948470265
0.820000  -.260000    0.0000039617872913
0.860000  -.260000    0.0000041161199361
0.900000  -.260000    0.0000041425752794
0.940000  -.260000    0.0000037290050860
-.780000  -.220000    0.0000001035033585
-.740000  -.220000    0.0000001571266938
-.700000  -.220000    0.0000005137348842
-.660000  -.220000    0.0000006432424619
-.620000  -.220000    0.0000011783233234
-.580000  -.220000    0.0000013252220425
-.540000  -.220000    0.0000014073073545
-.500000  -.220000    0.0000014491733233
-.460000  -.220000    0.0000014147930529
-.420000  -.220000    0.0000013226757481
-.380000  -.220000    0.0000011936813172
-.340000  -.220000    0.0000010091334665
-.300000  -.220000    0.0000007626930068
-.260000  -.220000    0.0000002823181888
-.220000  -.220000    0.0000000282663453
-.180000  -.220000   -0.0000002650921403
-.140000  -.220000   -0.0000006810816010
-.100000  -.220000   -0.0000009659450558
-.060000  -.220000   -0.0000013204018222
-.020000  -.220000   -0.0000016330196272
0.020000  -.220000   -0.0000019074504423
0.060000  -.220000   -0.0000021402901062
0.100000  -.220000   -0.0000023327851320
0.140000  -.220000   -0.0000024874539339
0.180000  -.220000   -0.0000026012808189
0.220000  -.220000   -0.0000026242153405
0.260000  -.220000   -0.0000025709468020
0.300000  -.220000   -0.0000025661965407
0.340000  -.220000   -0.0000023967690754
0.380000  -.220000   -0.0000021524248049
0.420000  -.220000   -0.0000018371988718
0.460000  -.220000   -0.0000014621746981
0.500000  -.220000   -0.0000010392162611
0.540000  -.220000   -0.0000005740970003
0.580000  -.220000   -0.0000000876041631
0.620000  -.220000    0.0000004019407140
0.660000  -.220000    0.0000014680818316
0.700000  -.220000    0.0000019252297504
0.740000  -.220000    0.0000029233958252
0.780000  -.220000    0.0000031298228302
0.820000  -.220000    0.0000037502076204
0.860000  -.220000    0.0000039979469399
0.900000  -.220000    0.0000042299027731
0.940000  -.220000    0.0000037553422546
-.780000  -.180000    0.0000000709535543
-.740000  -.180000    0.0000003132944537
-.700000  -.180000    0.0000004001869201
-.660000  -.180000    0.0000008979901202
-.620000  -.180000    0.0000010482832488
-.580000  -.180000    0.0000011718976087
-.540000  -.180000    0.0000012306379790
-.500000  -.180000    0.0000012716828631
-.460000  -.180000    0.0000012368474868
-.420000  -.180000    0.0000011390714041
-.380000  -.180000    0.0000010173276893
-.340000  -.180000    0.0000008570062071
-.300000  -.180000    0.0000006357728618
-.260000  -.180000    0.0000003699973032
-.220000  -.180000    0.0000000795050001
-.180000  -.180000   -0.0000003692634065
-.140000  -.180000   -0.0000006573926107
-.100000  -.180000   -0.0000009469679762
-.060000  -.180000   -0.0000013087817103
-.020000  -.180000   -0.0000016201995934
0.020000  -.180000   -0.0000018914856944
0.060000  -.180000   -0.0000021228824055
0.100000  -.180000   -0.0000023086956009
0.140000  -.180000   -0.0000024648204606
0.180000  -.180000   -0.0000025487849329
0.220000  -.180000   -0.0000026017841701
0.260000  -.180000   -0.0000025582362695
0.300000  -.180000   -0.0000024477744672
0.340000  -.180000   -0.0000022622910806
0.380000  -.180000   -0.0000020006083247
0.420000  -.180000   -0.0000016744766616
0.460000  -.180000   -0.0000012769289796
0.500000  -.180000   -0.0000008276658676
0.540000  -.180000   -0.0000003415713789
0.580000  -.180000    0.0000001650251054
0.620000  -.180000    0.0000006704628771
0.660000  -.180000    0.0000011571164425
0.700000  -.180000    0.0000022095032594
0.740000  -.180000    0.0000025957411186
0.780000  -.180000    0.0000034746014933
0.820000  -.180000    0.0000041695898691
0.860000  -.180000    0.0000044699203888
0.900000  -.180000    0.0000041362641565
0.940000  -.180000    0.0000040071444910
0.980000  -.180000    0.0000026398721246
-.820000  -.140000    0.0000000020379857
-.780000  -.140000    0.0000001708380378
-.740000  -.140000    0.0000002461455955
-.700000  -.140000    0.0000006478061438
-.660000  -.140000    0.0000008004872824
-.620000  -.140000    0.0000009201689602
-.580000  -.140000    0.0000010269544232
-.540000  -.140000    0.0000015534116653
-.500000  -.140000    0.0000015565801308
-.460000  -.140000    0.0000015150268442
-.420000  -.140000    0.0000014083883708
-.380000  -.140000    0.0000012357892628
-.340000  -.140000    0.0000010158188904
-.300000  -.140000    0.0000007639507584
-.260000  -.140000    0.0000002586663671
-.220000  -.140000   -0.0000000266913217
-.180000  -.140000   -0.0000003178243368
-.140000  -.140000   -0.0000006075595065
-.100000  -.140000   -0.0000010212676113
-.060000  -.140000   -0.0000012809351241
-.020000  -.140000   -0.0000015955035763
0.020000  -.140000   -0.0000018599544530
0.060000  -.140000   -0.0000020947845292
0.100000  -.140000   -0.0000022814279911
0.140000  -.140000   -0.0000024439586194
0.180000  -.140000   -0.0000025229734575
0.220000  -.140000   -0.0000025425500543
0.260000  -.140000   -0.0000024870189456
0.300000  -.140000   -0.0000024851776394
0.340000  -.140000   -0.0000023221679556
0.380000  -.140000   -0.0000020937400028
0.420000  -.140000   -0.0000018060923937
0.460000  -.140000   -0.0000014552742439
0.500000  -.140000   -0.0000010616542726
0.540000  -.140000   -0.0000006265441638
0.580000  -.140000    0.0000003404525213
0.620000  -.140000    0.0000008806707864
0.660000  -.140000    0.0000013751810293
0.700000  -.140000    0.0000018344893485
0.740000  -.140000    0.0000028455571476
0.780000  -.140000    0.0000030702604236
0.820000  -.140000    0.0000037881685715
0.860000  -.140000    0.0000041437252155
0.900000  -.140000    0.0000046303246804
0.940000  -.140000    0.0000040035944075
0.980000  -.140000    0.0000030601383505
-.820000  -.100000    0.0000000069890289
-.780000  -.100000    0.0000001481295363
-.740000  -.100000    0.0000001796874289
-.700000  -.100000    0.0000005862222010
-.660000  -.100000    0.0000007143544108
-.620000  -.100000    0.0000008109685264
-.580000  -.100000    0.0000013958676763
-.540000  -.100000    0.0000014580560059
-.500000  -.100000    0.0000014530023865
-.460000  -.100000    0.0000014104132828
-.420000  -.100000    0.0000013095323738
-.380000  -.100000    0.0000011399687749
-.340000  -.100000    0.0000009220223869
-.300000  -.100000    0.0000006715127913
-.260000  -.100000    0.0000003970829900
-.220000  -.100000    0.0000001026536538
-.180000  -.100000   -0.0000002123827434
-.140000  -.100000   -0.0000007036272772
-.100000  -.100000   -0.0000009765988302
-.060000  -.100000   -0.0000012427120624
-.020000  -.100000   -0.0000015628606172
0.020000  -.100000   -0.0000018237500897
0.060000  -.100000   -0.0000020670595911
0.100000  -.100000   -0.0000022504125343
0.140000  -.100000   -0.0000023899528335
0.180000  -.100000   -0.0000025338511488
0.220000  -.100000   -0.0000025562292897
0.260000  -.100000   -0.0000025168471648
0.300000  -.100000   -0.0000024127984363
0.340000  -.100000   -0.0000022406777143
0.380000  -.100000   -0.0000019975486993
0.420000  -.100000   -0.0000017017849029
0.460000  -.100000   -0.0000013420801453
0.500000  -.100000   -0.0000009106234457
0.540000  -.100000   -0.0000004422669234
0.580000  -.100000    0.0000000176941201
0.620000  -.100000    0.0000010310541406
0.660000  -.100000    0.0000015551371152
0.700000  -.100000    0.0000020214411380
0.740000  -.100000    0.0000030358648554
0.780000  -.100000    0.0000032996070640
0.820000  -.100000    0.0000040410959261
0.860000  -.100000    0.0000044233045452
0.900000  -.100000    0.0000042519927242
0.940000  -.100000    0.0000044894454018
0.980000  -.100000    0.0000035119101456
-.820000  -.060000    0.0000000055763140
-.780000  -.060000    0.0000001279266792
-.740000  -.060000    0.0000004206306550
-.700000  -.060000    0.0000005399617534
-.660000  -.060000    0.0000006495548252
-.620000  -.060000    0.0000012162873675
-.580000  -.060000    0.0000013324443777
-.540000  -.060000    0.0000013906833541
-.500000  -.060000    0.0000013771568704
-.460000  -.060000    0.0000013296705152
-.420000  -.060000    0.0000012328037640
-.380000  -.060000    0.0000010705256463
-.340000  -.060000    0.0000008516847468
-.300000  -.060000    0.0000005991613724
-.260000  -.060000    0.0000003240403115
-.220000  -.060000    0.0000000283631933
-.180000  -.060000   -0.0000002772720916
-.140000  -.060000   -0.0000005893074534
-.100000  -.060000   -0.0000009050033651
-.060000  -.060000   -0.0000013278345145
-.020000  -.060000   -0.0000015421234582
0.020000  -.060000   -0.0000018000871330
0.060000  -.060000   -0.0000020424284262
0.100000  -.060000   -0.0000022483525427
0.140000  -.060000   -0.0000023836878602
0.180000  -.060000   -0.0000024696177632
0.220000  -.060000   -0.0000024932385197
0.260000  -.060000   -0.0000024509351089
0.300000  -.060000   -0.0000023443983999
0.340000  -.060000   -0.0000021665950037
0.380000  -.060000   -0.0000019203486304
0.420000  -.060000   -0.0000016228390015
0.460000  -.060000   -0.0000012571495620
0.500000  -.060000   -0.0000008378996941
0.540000  -.060000   -0.0000003739884602
0.580000  -.060000    0.0000001199387368
0.620000  -.060000    0.0000006040775304
0.660000  -.060000    0.0000016678774096
0.700000  -.060000    0.0000021289958643
0.740000  -.060000    0.0000025111873612
0.780000  -.060000    0.0000034584740687
0.820000  -.060000    0.0000041909806997
0.860000  -.060000    0.0000046081548660
0.900000  -.060000    0.0000044999540661
0.940000  -.060000    0.0000041065136783
0.980000  -.060000    0.0000034997142805
-.820000  -.020000    0.0000000031457285
-.780000  -.020000    0.0000001165311744
-.740000  -.020000    0.0000004051270518
-.700000  -.020000    0.0000005132169778
-.660000  -.020000    0.0000006144084018
-.620000  -.020000    0.0000011882461240
-.580000  -.020000    0.0000012991243093
-.540000  -.020000    0.0000013523346583
-.500000  -.020000    0.0000013353589165
-.460000  -.020000    0.0000012870450900
-.420000  -.020000    0.0000011935277901
-.380000  -.020000    0.0000010341262497
-.340000  -.020000    0.0000008178940602
-.300000  -.020000    0.0000005624233949
-.260000  -.020000    0.0000002815200367
-.220000  -.020000   -0.0000000154326623
-.180000  -.020000   -0.0000003259371224
-.140000  -.020000   -0.0000006421978059
-.100000  -.020000   -0.0000009559134608
-.060000  -.020000   -0.0000012579658353
-.020000  -.020000   -0.0000015311407808
0.020000  -.020000   -0.0000017933459686
0.060000  -.020000   -0.0000020286643128
0.100000  -.020000   -0.0000022221296434
0.140000  -.020000   -0.0000023633495652
0.180000  -.020000   -0.0000024484644909
0.220000  -.020000   -0.0000024720190062
0.260000  -.020000   -0.0000024247575011
0.300000  -.020000   -0.0000023180577583
0.340000  -.020000   -0.0000021328020903
0.380000  -.020000   -0.0000018884739512
0.420000  -.020000   -0.0000015599231405
0.460000  -.020000   -0.0000011990520117
0.500000  -.020000   -0.0000007662919272
0.540000  -.020000   -0.0000003144414488
0.580000  -.020000    0.0000001689173513
0.620000  -.020000    0.0000006576767659
0.660000  -.020000    0.0000017232770923
0.700000  -.020000    0.0000021904687888
0.740000  -.020000    0.0000025869843625
0.780000  -.020000    0.0000035277567161
0.820000  -.020000    0.0000042669614059
0.860000  -.020000    0.0000047039077695
0.900000  -.020000    0.0000046155791244
0.940000  -.020000    0.0000042634417769
0.980000  -.020000    0.0000031823717993
-.820000  0.020000    0.0000000031457285
-.780000  0.020000    0.0000001165311744
-.740000  0.020000    0.0000004051270518
-.700000  0.020000    0.0000005132169778
-.660000  0.020000    0.0000006144084018
-.620000  0.020000    0.0000011882461240
-.580000  0.020000    0.0000012991243093
-.540000  0.020000    0.0000013523346583
-.500000  0.020000    0.0000013353589165
-.460000  0.020000    0.0000012870450900
-.420000  0.020000    0.0000011935277901
-.380000  0.020000    0.0000010341262497
-.340000  0.020000    0.0000008178940602
-.300000  0.020000    0.0000005624233949
-.260000  0.020000    0.0000002815200367
-.220000  0.020000   -0.0000000154326623
-.180000  0.020000   -0.0000003259371224
-.140000  0.020000   -0.0000006421978059
-.100000  0.020000   -0.0000009559134608
-.060000  0.020000   -0.0000012579658353
-.020000  0.020000   -0.0000015311407808
0.020000  0.020000   -0.0000017933459686
0.060000  0.020000   -0.0000020286643128
0.100000  0.020000   -0.0000022221296434
0.140000  0.020000   -0.0000023633495652
0.180000  0.020000   -0.0000024484644909
0.220000  0.020000   -0.0000024720190062
0.260000  0.020000   -0.0000024247575011
0.300000  0.020000   -0.0000023180577583
0.340000  0.020000   -0.0000021328020903
0.380000  0.020000   -0.0000018884739512
0.420000  0.020000   -0.0000015599231405
0.460000  0.020000   -0.0000011990520117
0.500000  0.020000   -0.0000007662919272
0.540000  0.020000   -0.0000003144414488
0.580000  0.020000    0.0000001689173513
0.620000  0.020000    0.0000006576767659
0.660000  0.020000    0.0000017232770923
0.700000  0.020000    0.0000021904687888
0.740000  0.020000    0.0000025869843625
0.780000  0.020000    0.0000035277567161
0.820000  0.020000    0.0000042669614059
0.860000  0.020000    0.0000047039077695
0.900000  0.020000    0.0000046155791244
0.940000  0.020000    0.0000042634417769
0.980000  0.020000    0.0000031823717993
-.820000  0.060000    0.0000000055763140
-.780000  0.060000    0.0000001279266792
-.740000  0.060000    0.0000004206306550
-.700000  0.060000    0.0000005399617534
-.660000  0.060000    0.0000006495548252
-.620000  0.060000    0.0000012162873675
-.580000  0.060000    0.0000013324443777
-.540000  0.060000    0.0000013906833541
-.500000  0.060000    0.0000013771568704
-.460000  0.060000    0.0000013296705152
-.420000  0.060000    0.0000012328037640
-.380000  0.060000    0.0000010705256463
-.340000  0.060000    0.0000008516847468
-.300000  0.060000    0.0000005991613724
-.260000  0.060000    0.0000003240403115
-.220000  0.060000    0.0000000283631933
-.180000  0.060000   -0.0000002772720916
-.140000  0.060000   -0.0000005893074534
-.100000  0.060000   -0.0000009050033651
-.060000  0.060000   -0.0000013278345145
-.020000  0.060000   -0.0000015421234582
0.020000  0.060000   -0.0000018000871330
0.060000  0.060000   -0.0000020424284262
0.100000  0.060000   -0.0000022483525427
0.140000  0.060000   -0.0000023836878602
0.180000  0.060000   -0.0000024696177632
0.220000  0.060000   -0.0000024932385197
0.260000  0.060000   -0.0000024509351089
0.300000  0.060000   -0.0000023443983999
0.340000  0.060000   -0.0000021665950037
0.380000  0.060000   -0.0000019203486304
0.420000  0.060000   -0.0000016228390015
0.460000  0.060000   -0.0000012571495620
0.500000  0.060000   -0.0000008378996941
0.540000  0.060000   -0.0000003739884602
0.580000  0.060000    0.0000001199387368
0.620000  0.060000    0.0000006040775304
0.660000  0.060000    0.0000016678774096
0.700000  0.060000    0.0000021289958643
0.740000  0.060000    0.0000025111873612
0.780000  0.060000    0.0000034584740687
0.820000  0.060000    0.0000041909806997
0.860000  0.060000    0.0000046081548660
0.900000  0.060000    0.0000044999540661
0.940000  0.060000    0.0000041065136783
0.980000  0.060000    0.0000034997142805
-.820000  0.100000    0.0000000069890289
-.780000  0.100000    0.0000001481295363
-.740000  0.100000    0.0000001796874289
-.700000  0.100000    0.0000005862222010
-.660000  0.100000    0.0000007143544108
-.620000  0.100000    0.0000008109685264
-.580000  0.100000    0.0000013958676763
-.540000  0.100000    0.0000014580560059
-.500000  0.100000    0.0000014530023865
-.460000  0.100000    0.0000014104132828
-.420000  0.100000    0.0000013095323738
-.380000  0.100000    0.0000011399687749
-.340000  0.100000    0.0000009220223869
-.300000  0.100000    0.0000006715127913
-.260000  0.100000    0.0000003970829900
-.220000  0.100000    0.0000001026536538
-.180000  0.100000   -0.0000002123827434
-.140000  0.100000   -0.0000007036272772
-.100000  0.100000   -0.0000009765988302
-.060000  0.100000   -0.0000012427120624
-.020000  0.100000   -0.0000015628606172
0.020000  0.100000   -0.0000018237500897
0.060000  0.100000   -0.0000020670595911
0.100000  0.100000   -0.0000022504125343
0.140000  0.100000   -0.0000023899528335
0.180000  0.100000   -0.0000025338511488
0.220000  0.100000   -0.0000025562292897
0.260000  0.100000   -0.0000025168471648
0.300000  0.100000   -0.0000024127984363
0.340000  0.100000   -0.0000022406777143
0.380000  0.100000   -0.0000019975486993
0.420000  0.100000   -0.0000017017849029
0.460000  0.100000   -0.0000013420801453
0.500000  0.100000   -0.0000009106234457
0.540000  0.100000   -0.0000004422669234
0.580000  0.100000    0.0000000176941201
0.620000  0.100000    0.0000010310541406
0.660000  0.100000    0.0000015551371152
0.700000  0.100000    0.0000020214411380
0.740000  0.100000    0.0000030358648554
0.780000  0.100000    0.0000032996070640
0.820000  0.100000    0.0000040410959261
0.860000  0.100000    0.0000044233045452
0.900000  0.100000    0.0000042519927242
0.940000  0.100000    0.0000044894454018
0.980000  0.100000    0.0000035119101456
-.820000  0.140000    0.0000000020379857
-.780000  0.140000    0.0000001708380378
-.740000  0.140000    0.0000002461455955
-.700000  0.140000    0.0000006478061438
-.660000  0.140000    0.0000008004872824
-.620000  0.140000    0.0000009201689602
-.580000  0.140000    0.0000010269544232
-.540000  0.140000    0.0000015534116653
-.500000  0.140000    0.0000015565801308
-.460000  0.140000    0.0000015150268442
-.420000  0.140000    0.0000014083883708
-.380000  0.140000    0.0000012357892628
-.340000  0.140000    0.0000010158188904
-.300000  0.140000    0.0000007639507584
-.260000  0.140000    0.0000002586663671
-.220000  0.140000   -0.0000000266913217
-.180000  0.140000   -0.0000003178243368
-.140000  0.140000   -0.0000006075595065
-.100000  0.140000   -0.0000010212676113
-.060000  0.140000   -0.0000012809351241
-.020000  0.140000   -0.0000015955035763
0.020000  0.140000   -0.0000018599544530
0.060000  0.140000   -0.0000020947845292
0.100000  0.140000   -0.0000022814279911
0.140000  0.140000   -0.0000024439586194
0.180000  0.140000   -0.0000025229734575
0.220000  0.140000   -0.0000025425500543
0.260000  0.140000   -0.0000024870189456
0.300000  0.140000   -0.0000024851776394
0.340000  0.140000   -0.0000023221679556
0.380000  0.140000   -0.0000020937400028
0.420000  0.140000   -0.0000018060923937
0.460000  0.140000   -0.0000014552742439
0.500000  0.140000   -0.0000010616542726
0.540000  0.140000   -0.0000006265441638
0.580000  0.140000    0.0000003404525213
0.620000  0.140000    0.0000008806707864
0.660000  0.140000    0.0000013751810293
0.700000  0.140000    0.0000018344893485
0.740000  0.140000    0.0000028455571476
0.780000  0.140000    0.0000030702604236
0.820000  0.140000    0.0000037881685715
0.860000  0.140000    0.0000041437252155
0.900000  0.140000    0.0000046303246804
0.940000  0.140000    0.0000040035944075
0.980000  0.140000    0.0000030601383505
-.780000  0.180000    0.0000000709535543
-.740000  0.180000    0.0000003132944537
-.700000  0.180000    0.0000004001869201
-.660000  0.180000    0.0000008979901202
-.620000  0.180000    0.0000010482832488
-.580000  0.180000    0.0000011718976087
-.540000  0.180000    0.0000012306379790
-.500000  0.180000    0.0000012716828631
-.460000  0.180000    0.0000012368474868
-.420000  0.180000    0.0000011390714041
-.380000  0.180000    0.0000010173276893
-.340000  0.180000    0.0000008570062071
-.300000  0.180000    0.0000006357728618
-.260000  0.180000    0.0000003699973032
-.220000  0.180000    0.0000000795050001
-.180000  0.180000   -0.0000003692634065
-.140000  0.180000   -0.0000006573926107
-.100000  0.180000   -0.0000009469679762
-.060000  0.180000   -0.0000013087817103
-.020000  0.180000   -0.0000016201995934
0.020000  0.180000   -0.0000018914856944
0.060000  0.180000   -0.0000021228824055
0.100000  0.180000   -0.0000023086956009
0.140000  0.180000   -0.0000024648204606
0.180000  0.180000   -0.0000025487849329
0.220000  0.180000   -0.0000026017841701
0.260000  0.180000   -0.0000025582362695
0.300000  0.180000   -0.0000024477744672
0.340000  0.180000   -0.0000022622910806
0.380000  0.180000   -0.0000020006083247
0.420000  0.180000   -0.0000016744766616
0.460000  0.180000   -0.0000012769289796
0.500000  0.180000   -0.0000008276658676
0.540000  0.180000   -0.0000003415713789
0.580000  0.180000    0.0000001650251054
0.620000  0.180000    0.0000006704628771
0.660000  0.180000    0.0000011571164425
0.700000  0.180000    0.0000022095032594
0.740000  0.180000    0.0000025957411186
0.780000  0.180000    0.0000034746014933
0.820000  0.180000    0.0000041695898691
0.860000  0.180000    0.0000044699203888
0.900000  0.180000    0.0000041362641565
0.940000  0.180000    0.0000040071444910
0.980000  0.180000    0.0000026398721246
-.780000  0.220000    0.0000001035033585
-.740000  0.220000    0.0000001571266938
-.700000  0.220000    0.0000005137348842
-.660000  0.220000    0.0000006432424619
-.620000  0.220000    0.0000011783233234
-.580000  0.220000    0.0000013252220425
-.540000  0.220000    0.0000014073073545
-.500000  0.220000    0.0000014491733233
-.460000  0.220000    0.0000014147930529
-.420000  0.220000    0.0000013226757481
-.380000  0.220000    0.0000011936813172
-.340000  0.220000    0.0000010091334665
-.300000  0.220000    0.0000007626930068
-.260000  0.220000    0.0000002823181888
-.220000  0.220000    0.0000000282663453
-.180000  0.220000   -0.0000002650921403
-.140000  0.220000   -0.0000006810816010
-.100000  0.220000   -0.0000009659450558
-.060000  0.220000   -0.0000013204018222
-.020000  0.220000   -0.0000016330196272
0.020000  0.220000   -0.0000019074504423
0.060000  0.220000   -0.0000021402901062
0.100000  0.220000   -0.0000023327851320
0.140000  0.220000   -0.0000024874539339
0.180000  0.220000   -0.0000026012808189
0.220000  0.220000   -0.0000026242153405
0.260000  0.220000   -0.0000025709468020
0.300000  0.220000   -0.0000025661965407
0.340000  0.220000   -0.0000023967690754
0.380000  0.220000   -0.0000021524248049
0.420000  0.220000   -0.0000018371988718
0.460000  0.220000   -0.0000014621746981
0.500000  0.220000   -0.0000010392162611
0.540000  0.220000   -0.0000005740970003
0.580000  0.220000   -0.0000000876041631
0.620000  0.220000    0.0000004019407140
0.660000  0.220000    0.0000014680818316
0.700000  0.220000    0.0000019252297504
0.740000  0.220000    0.0000029233958252
0.780000  0.220000    0.0000031298228302
0.820000  0.220000    0.0000037502076204
0.860000  0.220000    0.0000039979469399
0.900000  0.220000    0.0000042299027731
0.940000  0.220000    0.0000037553422546
-.780000  0.260000    0.0000000419381061
-.740000  0.260000    0.0000002482766018
-.700000  0.260000    0.0000003301319950
-.660000  0.260000    0.0000007901822934
-.620000  0.260000    0.0000009522619003
-.580000  0.260000    0.0000010744393099
-.540000  0.260000    0.0000011776388822
-.500000  0.260000    0.0000012125781478
-.460000  0.260000    0.0000012104031748
-.420000  0.260000    0.0000011657259412
-.380000  0.260000    0.0000010445625868
-.340000  0.260000    0.0000008746851055
-.300000  0.260000    0.0000006772913913
-.260000  0.260000    0.0000004364557194
-.220000  0.260000   -0.0000000406368283
-.180000  0.260000   -0.0000002958812614
-.140000  0.260000   -0.0000007207033233
-.100000  0.260000   -0.0000009804240427
-.060000  0.260000   -0.0000013414412378
-.020000  0.260000   -0.0000016581481686
0.020000  0.260000   -0.0000019363869325
0.060000  0.260000   -0.0000021766936865
0.100000  0.260000   -0.0000023780231027
0.140000  0.260000   -0.0000025263238480
0.180000  0.260000   -0.0000026331516590
0.220000  0.260000   -0.0000026482994903
0.260000  0.260000   -0.0000026666775518
0.300000  0.260000   -0.0000025572520537
0.340000  0.260000   -0.0000023644623860
0.380000  0.260000   -0.0000020920534362
0.420000  0.260000   -0.0000017510053146
0.460000  0.260000   -0.0000013441839091
0.500000  0.260000   -0.0000008846770238
0.540000  0.260000   -0.0000003851319938
0.580000  0.260000    0.0000001386164538
0.620000  0.260000    0.0000006586211592
0.660000  0.260000    0.0000011442054292
0.700000  0.260000    0.0000021992947182
0.740000  0.260000    0.0000025393595432
0.780000  0.260000    0.0000033948470265
0.820000  0.260000    0.0000039617872913
0.860000  0.260000    0.0000041161199361
0.900000  0.260000    0.0000041425752794
0.940000  0.260000    0.0000037290050860
-.780000  0.300000    0.0000000454857240
-.740000  0.300000    0.0000001493454689
-.700000  0.300000    0.0000004647168693
-.660000  0.300000    0.0000006064483961
-.620000  0.300000    0.0000011161161252
-.580000  0.300000    0.0000012778041031
-.540000  0.300000    0.0000013988715709
-.500000  0.300000    0.0000014504593563
-.460000  0.300000    0.0000014487102233
-.420000  0.300000    0.0000013888010641
-.380000  0.300000    0.0000012535096569
-.340000  0.300000    0.0000008071363087
-.300000  0.300000    0.0000006098663952
-.260000  0.300000    0.0000003751063957
-.220000  0.300000    0.0000001127765790
-.180000  0.300000   -0.0000003328172501
-.140000  0.300000   -0.0000006094278762
-.100000  0.300000   -0.0000010094189966
-.060000  0.300000   -0.0000013650531994
-.020000  0.300000   -0.0000016832141289
0.020000  0.300000   -0.0000019645072309
0.060000  0.300000   -0.0000021991000546
0.100000  0.300000   -0.0000023887642649
0.140000  0.300000   -0.0000025422362478
0.180000  0.300000   -0.0000026431600228
0.220000  0.300000   -0.0000027243533380
0.260000  0.300000   -0.0000026828645614
0.300000  0.300000   -0.0000025474853905
0.340000  0.300000   -0.0000023352444399
0.380000  0.300000   -0.0000022797464758
0.420000  0.300000   -0.0000019596070106
0.460000  0.300000   -0.0000015771974811
0.500000  0.300000   -0.0000011424160722
0.540000  0.300000   -0.0000006680500417
0.580000  0.300000   -0.0000001774561413
0.620000  0.300000    0.0000003094112821
0.660000  0.300000    0.0000013773344600
0.700000  0.300000    0.0000017986365871
0.740000  0.300000    0.0000027701711962
0.780000  0.300000    0.0000028716431151
0.820000  0.300000    0.0000033881064845
0.860000  0.300000    0.0000041017237624
0.900000  0.300000    0.0000038417516300
0.940000  0.300000    0.0000031122132732
-.740000  0.340000    0.0000002104027672
-.700000  0.340000    0.0000003477379651
-.660000  0.340000    0.0000007624688623
-.620000  0.340000    0.0000009546991978
-.580000  0.340000    0.0000011159628006
-.540000  0.340000    0.0000012388440628
-.500000  0.340000    0.0000013118763320
-.460000  0.340000    0.0000013340942260
-.420000  0.340000    0.0000012804621818
-.380000  0.340000    0.0000011862638883
-.340000  0.340000    0.0000010321842340
-.300000  0.340000    0.0000005806185116
-.260000  0.340000    0.0000003729073787
-.220000  0.340000    0.0000001056031314
-.180000  0.340000   -0.0000003150190919
-.140000  0.340000   -0.0000006043983526
-.100000  0.340000   -0.0000009885417567
-.060000  0.340000   -0.0000013429752462
-.020000  0.340000   -0.0000016620846673
0.020000  0.340000   -0.0000019483466472
0.060000  0.340000   -0.0000021941174275
0.100000  0.340000   -0.0000024025375807
0.140000  0.340000   -0.0000025685524117
0.180000  0.340000   -0.0000026582851196
0.220000  0.340000   -0.0000027227076903
0.260000  0.340000   -0.0000026723130264
0.300000  0.340000   -0.0000025305506016
0.340000  0.340000   -0.0000024937725521
0.380000  0.340000   -0.0000022250579181
0.420000  0.340000   -0.0000018829681668
0.460000  0.340000   -0.0000014745184571
0.500000  0.340000   -0.0000010137459266
0.540000  0.340000   -0.0000005171270904
0.580000  0.340000   -0.0000000019305737
0.620000  0.340000    0.0000005015829032
0.660000  0.340000    0.0000009602051278
0.700000  0.340000    0.0000019984484039
0.740000  0.340000    0.0000022524620575
0.780000  0.340000    0.0000030035128226
0.820000  0.340000    0.0000034168855478
0.860000  0.340000    0.0000039287674147
0.900000  0.340000    0.0000038753455745
0.940000  0.340000    0.0000019800825176
-.740000  0.380000    0.0000001318853855
-.700000  0.380000    0.0000002594593352
-.660000  0.380000    0.0000006394752372
-.620000  0.380000    0.0000008215299675
-.580000  0.380000    0.0000009877312612
-.540000  0.380000    0.0000011122065216
-.500000  0.380000    0.0000012140559923
-.460000  0.380000    0.0000012388479063
-.420000  0.380000    0.0000012331353602
-.380000  0.380000    0.0000011511975156
-.340000  0.380000    0.0000009997736847
-.300000  0.380000    0.0000008077619499
-.260000  0.380000    0.0000003671708651
-.220000  0.380000    0.0000001259105348
-.180000  0.380000   -0.0000002992543328
-.140000  0.380000   -0.0000005752198107
-.100000  0.380000   -0.0000009678986211
-.060000  0.380000   -0.0000013283324441
-.020000  0.380000   -0.0000016541517049
0.020000  0.380000   -0.0000019419887486
0.060000  0.380000   -0.0000021865257354
0.100000  0.380000   -0.0000023874942289
0.140000  0.380000   -0.0000025513090930
0.180000  0.380000   -0.0000026391925965
0.220000  0.380000   -0.0000027188694864
0.260000  0.380000   -0.0000026505706271
0.300000  0.380000   -0.0000026538241053
0.340000  0.380000   -0.0000024531868644
0.380000  0.380000   -0.0000021633937275
0.420000  0.380000   -0.0000018009447286
0.460000  0.380000   -0.0000013742384193
0.500000  0.380000   -0.0000008969042831
0.540000  0.380000   -0.0000003783409553
0.580000  0.380000    0.0000001546851601
0.620000  0.380000    0.0000006727003064
0.660000  0.380000    0.0000011346123048
0.700000  0.380000    0.0000021596178514
0.740000  0.380000    0.0000023770709672
0.780000  0.380000    0.0000030576721897
0.820000  0.380000    0.0000033193585056
0.860000  0.380000    0.0000035505517330
0.900000  0.380000    0.0000034008741538
-.740000  0.420000    0.0000000589278013
-.700000  0.420000    0.0000003471185224
-.660000  0.420000    0.0000005429234205
-.620000  0.420000    0.0000007203640264
-.580000  0.420000    0.0000012095114237
-.540000  0.420000    0.0000013770636519
-.500000  0.420000    0.0000014938296605
-.460000  0.420000    0.0000015293186456
-.420000  0.420000    0.0000015068158141
-.380000  0.420000    0.0000011426793258
-.340000  0.420000    0.0000010277086729
-.300000  0.420000    0.0000008363454200
-.260000  0.420000    0.0000004268896842
-.220000  0.420000    0.0000001696533607
-.180000  0.420000   -0.0000002340107673
-.140000  0.420000   -0.0000005284162559
-.100000  0.420000   -0.0000009090724561
-.060000  0.420000   -0.0000012632573173
-.020000  0.420000   -0.0000015868764359
0.020000  0.420000   -0.0000018821145023
0.060000  0.420000   -0.0000021366033349
0.100000  0.420000   -0.0000023552423606
0.140000  0.420000   -0.0000025245831358
0.180000  0.420000   -0.0000025981303450
0.220000  0.420000   -0.0000026794959500
0.260000  0.420000   -0.0000026000803964
0.300000  0.420000   -0.0000026061742190
0.340000  0.420000   -0.0000023895110724
0.380000  0.420000   -0.0000020850001314
0.420000  0.420000   -0.0000020312755092
0.460000  0.420000   -0.0000016402977001
0.500000  0.420000   -0.0000011938712681
0.540000  0.420000   -0.0000007177082223
0.580000  0.420000   -0.0000002324594786
0.620000  0.420000    0.0000008304444756
0.660000  0.420000    0.0000012827070114
0.700000  0.420000    0.0000015984112436
0.740000  0.420000    0.0000024424418263
0.780000  0.420000    0.0000030136642464
0.820000  0.420000    0.0000037749636648
0.860000  0.420000    0.0000035417232225
0.900000  0.420000    0.0000027398877810
-.700000  0.460000    0.0000001474688368
-.660000  0.460000    0.0000004656362598
-.620000  0.460000    0.0000006504793986
-.580000  0.460000    0.0000011247753768
-.540000  0.460000    0.0000013129143958
-.500000  0.460000    0.0000014493807810
-.460000  0.460000    0.0000015149383045
-.420000  0.460000    0.0000015144317807
-.380000  0.460000    0.0000011916478386
-.340000  0.460000    0.0000010712896453
-.300000  0.460000    0.0000008948737953
-.260000  0.460000    0.0000004967368270
-.220000  0.460000    0.0000002548238082
-.180000  0.460000   -0.0000001466026712
-.140000  0.460000   -0.0000004377989486
-.100000  0.460000   -0.0000008229967091
-.060000  0.460000   -0.0000011824705525
-.020000  0.460000   -0.0000015097660859
0.020000  0.460000   -0.0000018018489507
0.060000  0.460000   -0.0000020554743922
0.100000  0.460000   -0.0000022730316647
0.140000  0.460000   -0.0000024590574255
0.180000  0.460000   -0.0000025192587236
0.220000  0.460000   -0.0000026089263813
0.260000  0.460000   -0.0000025138344420
0.300000  0.460000   -0.0000025282204580
0.340000  0.460000   -0.0000022959503570
0.380000  0.460000   -0.0000019736238595
0.420000  0.460000   -0.0000019277626800
0.460000  0.460000   -0.0000015184842532
0.500000  0.460000   -0.0000010609861746
0.540000  0.460000   -0.0000005739580062
0.580000  0.460000   -0.0000000872752774
0.620000  0.460000    0.0000009841522133
0.660000  0.460000    0.0000014100643379
0.700000  0.460000    0.0000023715414006
0.740000  0.460000    0.0000024390723951
0.780000  0.460000    0.0000028453970143
0.820000  0.460000    0.0000033082929389
0.860000  0.460000    0.0000035428157940
-.700000  0.500000    0.0000000858295100
-.660000  0.500000    0.0000003908851006
-.620000  0.500000    0.0000006008261885
-.580000  0.500000    0.0000010553961837
-.540000  0.500000    0.0000012708633155
-.500000  0.500000    0.0000014303575063
-.460000  0.500000    0.0000015303442502
-.420000  0.500000    0.0000015446658730
-.380000  0.500000    0.0000012587220834
-.340000  0.500000    0.0000011655295461
-.300000  0.500000    0.0000010035891820
-.260000  0.500000    0.0000006319761425
-.220000  0.500000    0.0000003801382295
-.180000  0.500000   -0.0000000046275052
-.140000  0.500000   -0.0000003105167106
-.100000  0.500000   -0.0000006865999895
-.060000  0.500000   -0.0000010434032143
-.020000  0.500000   -0.0000013746207079
0.020000  0.500000   -0.0000016758388385
0.060000  0.500000   -0.0000019373703955
0.100000  0.500000   -0.0000021598638113
0.140000  0.500000   -0.0000023469618586
0.180000  0.500000   -0.0000023960199870
0.220000  0.500000   -0.0000024972169570
0.260000  0.500000   -0.0000023845569118
0.300000  0.500000   -0.0000024101217762
0.340000  0.500000   -0.0000021630412941
0.380000  0.500000   -0.0000018236573009
0.420000  0.500000   -0.0000017907515685
0.460000  0.500000   -0.0000013707242167
0.500000  0.500000   -0.0000009041590673
0.540000  0.500000   -0.0000004174377529
0.580000  0.500000    0.0000000647919956
0.620000  0.500000    0.0000011360131749
0.660000  0.500000    0.0000015082684638
0.700000  0.500000    0.0000024091658244
0.740000  0.500000    0.0000030524600609
0.780000  0.500000    0.0000032163917107
0.820000  0.500000    0.0000031366511735
0.860000  0.500000    0.0000027966942213
-.660000  0.540000    0.0000002938920925
-.620000  0.540000    0.0000005494591395
-.580000  0.540000    0.0000009899757496
-.540000  0.540000    0.0000012378858552
-.500000  0.540000    0.0000014318021124
-.460000  0.540000    0.0000015621028129
-.420000  0.540000    0.0000016105207308
-.380000  0.540000    0.0000013748504979
-.340000  0.540000    0.0000012968804708
-.300000  0.540000    0.0000011376412724
-.260000  0.540000    0.0000007932096637
-.220000  0.540000    0.0000005377727190
-.180000  0.540000    0.0000001679462396
-.140000  0.540000   -0.0000001455591069
-.100000  0.540000   -0.0000005178553287
-.060000  0.540000   -0.0000008682114571
-.020000  0.540000   -0.0000011929670231
0.020000  0.540000   -0.0000014946404098
0.060000  0.540000   -0.0000017628945340
0.100000  0.540000   -0.0000019955176295
0.140000  0.540000   -0.0000021895131636
0.180000  0.540000   -0.0000022223102120
0.220000  0.540000   -0.0000023349282105
0.260000  0.540000   -0.0000022054501976
0.300000  0.540000   -0.0000022458729205
0.340000  0.540000   -0.0000019837826404
0.380000  0.540000   -0.0000016272729664
0.420000  0.540000   -0.0000016158946872
0.460000  0.540000   -0.0000011892305551
0.500000  0.540000   -0.0000007222935720
0.540000  0.540000   -0.0000002424991419
0.580000  0.540000    0.0000002187906271
0.620000  0.540000    0.0000012754915719
0.660000  0.540000    0.0000015709097377
0.700000  0.540000    0.0000023655838628
0.740000  0.540000    0.0000028110799535
0.780000  0.540000    0.0000032637046081
0.820000  0.540000    0.0000032808908897
-.660000  0.580000    0.0000001008585848
-.620000  0.580000    0.0000004662749180
-.580000  0.580000    0.0000007439086282
-.540000  0.580000    0.0000011985324991
-.500000  0.580000    0.0000014344036514
-.460000  0.580000    0.0000016040453574
-.420000  0.580000    0.0000016933727468
-.380000  0.580000    0.0000015160387753
-.340000  0.580000    0.0000014537925021
-.300000  0.580000    0.0000013129020457
-.260000  0.580000    0.0000009960962262
-.220000  0.580000    0.0000007510411089
-.180000  0.580000    0.0000003966636668
-.140000  0.580000    0.0000000461861150
-.100000  0.580000   -0.0000002918693571
-.060000  0.580000   -0.0000006433096046
-.020000  0.580000   -0.0000009653228878
0.020000  0.580000   -0.0000012630860935
0.060000  0.580000   -0.0000015340846573
0.100000  0.580000   -0.0000017736387394
0.140000  0.580000   -0.0000018363156368
0.180000  0.580000   -0.0000019921053891
0.220000  0.580000   -0.0000021157101292
0.260000  0.580000   -0.0000019703150590
0.300000  0.580000   -0.0000020261450764
0.340000  0.580000   -0.0000017520712734
0.380000  0.580000   -0.0000013829940798
0.420000  0.580000   -0.0000013961236418
0.460000  0.580000   -0.0000009679147907
0.500000  0.580000   -0.0000005103705666
0.540000  0.580000   -0.0000000468887195
0.580000  0.580000    0.0000010215034774
0.620000  0.580000    0.0000013876629465
0.660000  0.580000    0.0000022870962906
0.700000  0.580000    0.0000029100560512
0.740000  0.580000    0.0000030128938298
0.780000  0.580000    0.0000033057712290
-.620000  0.620000    0.0000002443556669
-.580000  0.620000    0.0000006661891160
-.540000  0.620000    0.0000009739617707
-.500000  0.620000    0.0000012440097479
-.460000  0.620000    0.0000014619042579
-.420000  0.620000    0.0000016052082122
-.380000  0.620000    0.0000016682842939
-.340000  0.620000    0.0000016353224005
-.300000  0.620000    0.0000015203389229
-.260000  0.620000    0.0000012425205858
-.220000  0.620000    0.0000010018702187
-.180000  0.620000    0.0000006711096364
-.140000  0.620000    0.0000003375461334
-.100000  0.620000    0.0000000124447775
-.060000  0.620000   -0.0000003540117061
-.020000  0.620000   -0.0000006760847645
0.020000  0.620000   -0.0000009741784225
0.060000  0.620000   -0.0000012465075563
0.100000  0.620000   -0.0000013398907395
0.140000  0.620000   -0.0000015335319056
0.180000  0.620000   -0.0000016990649324
0.220000  0.620000   -0.0000018357320808
0.260000  0.620000   -0.0000016750536453
0.300000  0.620000   -0.0000017493669241
0.340000  0.620000   -0.0000014642160681
0.380000  0.620000   -0.0000010897828736
0.420000  0.620000   -0.0000006515042607
0.460000  0.620000   -0.0000001741858193
0.500000  0.620000    0.0000003167547883
0.540000  0.620000    0.0000007842847034
0.580000  0.620000    0.0000011812632611
0.620000  0.620000    0.0000021456576722
0.660000  0.620000    0.0000021829023681
0.700000  0.620000    0.0000032035890252
0.740000  0.620000    0.0000033158749810
0.780000  0.620000    0.0000028940206833
-.620000  0.660000    0.0000000263915546
-.580000  0.660000    0.0000004194025400
-.540000  0.660000    0.0000008899187806
-.500000  0.660000    0.0000012264972491
-.460000  0.660000    0.0000015028473784
-.420000  0.660000    0.0000017038957778
-.380000  0.660000    0.0000018157462544
-.340000  0.660000    0.0000018263407191
-.300000  0.660000    0.0000016616193982
-.260000  0.660000    0.0000015150493125
-.220000  0.660000    0.0000012589555177
-.180000  0.660000    0.0000009850151827
-.140000  0.660000    0.0000006755547757
-.100000  0.660000    0.0000003664890466
-.060000  0.660000    0.0000000665458001
-.020000  0.660000   -0.0000002221893393
0.020000  0.660000   -0.0000004924136387
0.060000  0.660000   -0.0000007406390751
0.100000  0.660000   -0.0000009648405005
0.140000  0.660000   -0.0000011650900453
0.180000  0.660000   -0.0000013405353125
0.220000  0.660000   -0.0000012044976842
0.260000  0.660000   -0.0000013160776249
0.300000  0.660000   -0.0000010434941153
0.340000  0.660000   -0.0000011177084785
0.380000  0.660000   -0.0000007462729919
0.420000  0.660000   -0.0000003170346457
0.460000  0.660000    0.0000001373051270
0.500000  0.660000    0.0000005904404358
0.540000  0.660000    0.0000009925971512
0.580000  0.660000    0.0000019817455558
0.620000  0.660000    0.0000020986670071
0.660000  0.660000    0.0000032376672797
0.700000  0.660000    0.0000035882360650
0.740000  0.660000    0.0000030158462876
-.580000  0.700000    0.0000001225868429
-.540000  0.700000    0.0000006149589281
-.500000  0.700000    0.0000010156830492
-.460000  0.700000    0.0000013592209921
-.420000  0.700000    0.0000017531435541
-.380000  0.700000    0.0000018280485500
-.340000  0.700000    0.0000019223652217
-.300000  0.700000    0.0000019103330547
-.260000  0.700000    0.0000017690150663
-.220000  0.700000    0.0000015933113796
-.180000  0.700000    0.0000013606473708
-.140000  0.700000    0.0000010549210683
-.100000  0.700000    0.0000007698414858
-.060000  0.700000    0.0000004859714289
-.020000  0.700000    0.0000002103370005
0.020000  0.700000   -0.0000000524563570
0.060000  0.700000   -0.0000002995093622
0.100000  0.700000   -0.0000005251338427
0.140000  0.700000   -0.0000007311469303
0.180000  0.700000   -0.0000006198749163
0.220000  0.700000   -0.0000007650826085
0.260000  0.700000   -0.0000005101103126
0.300000  0.700000   -0.0000006162988954
0.340000  0.700000   -0.0000002561517887
0.380000  0.700000    0.0000001673271996
0.420000  0.700000    0.0000000482845600
0.460000  0.700000    0.0000010765334786
0.500000  0.700000    0.0000014997075718
0.540000  0.700000    0.0000018255239371
0.580000  0.700000    0.0000026654212243
0.620000  0.700000    0.0000031785210368
0.660000  0.700000    0.0000036552791168
0.700000  0.700000    0.0000034082373304
-.540000  0.740000    0.0000002315810964
-.500000  0.740000    0.0000007361504620
-.460000  0.740000    0.0000012581812456
-.420000  0.740000    0.0000016274634191
-.380000  0.740000    0.0000019034398123
-.340000  0.740000    0.0000020745298125
-.300000  0.740000    0.0000020941049744
-.260000  0.740000    0.0000020632874394
-.220000  0.740000    0.0000019508723888
-.180000  0.740000    0.0000017492814881
-.140000  0.740000    0.0000015443571774
-.100000  0.740000    0.0000013257209954
-.060000  0.740000    0.0000009496647074
-.020000  0.740000    0.0000006925040173
0.020000  0.740000    0.0000004416938918
0.060000  0.740000    0.0000001993206610
0.100000  0.740000    0.0000002517468940
0.140000  0.740000    0.0000000655526187
0.180000  0.740000   -0.0000001074709225
0.220000  0.740000    0.0000001249925684
0.260000  0.740000   -0.0000000088500830
0.300000  0.740000    0.0000003285985195
0.340000  0.740000    0.0000002042335367
0.380000  0.740000    0.0000005960301264
0.420000  0.740000    0.0000010040388803
0.460000  0.740000    0.0000013914389550
0.500000  0.740000    0.0000023541883851
0.540000  0.740000    0.0000025240561377
0.580000  0.740000    0.0000030522680346
0.620000  0.740000    0.0000035632395013
0.660000  0.740000    0.0000033449777135
-.500000  0.780000    0.0000002811354555
-.460000  0.780000    0.0000009078633562
-.420000  0.780000    0.0000014022353545
-.380000  0.780000    0.0000017973328975
-.340000  0.780000    0.0000020862034738
-.300000  0.780000    0.0000022585634573
-.260000  0.780000    0.0000023163252998
-.220000  0.780000    0.0000022758749583
-.180000  0.780000    0.0000021980251143
-.140000  0.780000    0.0000019762536547
-.100000  0.780000    0.0000017990145218
-.060000  0.780000    0.0000016100845113
-.020000  0.780000    0.0000014112401567
0.020000  0.780000    0.0000012098184400
0.060000  0.780000    0.0000010130018747
0.100000  0.780000    0.0000008184769985
0.140000  0.780000    0.0000006303041101
0.180000  0.780000    0.0000008360714807
0.220000  0.780000    0.0000006823995075
0.260000  0.780000    0.0000009949252065
0.300000  0.780000    0.0000008490201882
0.340000  0.780000    0.0000012134723144
0.380000  0.780000    0.0000015954635543
0.420000  0.780000    0.0000019557929511
0.460000  0.780000    0.0000022425275182
0.500000  0.780000    0.0000030037133981
0.540000  0.780000    0.0000034534574592
0.580000  0.780000    0.0000038036159731
0.620000  0.780000    0.0000034982454964
-.460000  0.820000    0.0000002531746285
-.420000  0.820000    0.0000009272724048
-.380000  0.820000    0.0000015224678419
-.340000  0.820000    0.0000019600425402
-.300000  0.820000    0.0000022744221638
-.260000  0.820000    0.0000024827795842
-.220000  0.820000    0.0000025667553372
-.180000  0.820000    0.0000026136835810
-.140000  0.820000    0.0000024846127545
-.100000  0.820000    0.0000024082393393
-.060000  0.820000    0.0000023020465534
-.020000  0.820000    0.0000021791061688
0.020000  0.820000    0.0000020430089354
0.060000  0.820000    0.0000018966465775
0.100000  0.820000    0.0000017440205456
0.140000  0.820000    0.0000015856919726
0.180000  0.820000    0.0000018494748803
0.220000  0.820000    0.0000017017580624
0.260000  0.820000    0.0000020324302084
0.300000  0.820000    0.0000018648680173
0.340000  0.820000    0.0000022034048786
0.380000  0.820000    0.0000025148775105
0.420000  0.820000    0.0000033219639716
0.460000  0.820000    0.0000033911645921
0.500000  0.820000    0.0000036951417687
0.540000  0.820000    0.0000041215565373
-.420000  0.860000    0.0000000582296435
-.380000  0.860000    0.0000008773988444
-.340000  0.860000    0.0000015446646056
-.300000  0.860000    0.0000020656282622
-.260000  0.860000    0.0000024485334231
-.220000  0.860000    0.0000026921024155
-.180000  0.860000    0.0000028902905162
-.140000  0.860000    0.0000028929657651
-.100000  0.860000    0.0000029360304007
-.060000  0.860000    0.0000029353209889
-.020000  0.860000    0.0000029016025745
0.020000  0.860000    0.0000028424294684
0.060000  0.860000    0.0000027575351655
0.100000  0.860000    0.0000026528529622
0.140000  0.860000    0.0000025292994014
0.180000  0.860000    0.0000028154101378
0.220000  0.860000    0.0000026722111940
0.260000  0.860000    0.0000029766592586
0.300000  0.860000    0.0000032735933603
0.340000  0.860000    0.0000035196588839
0.380000  0.860000    0.0000036622166552
0.420000  0.860000    0.0000040803631930
0.460000  0.860000    0.0000044422064837
0.500000  0.860000    0.0000040482648920
-.340000  0.900000    0.0000005306339181
-.300000  0.900000    0.0000013903413447
-.260000  0.900000    0.0000020479683345
-.220000  0.900000    0.0000025355435112
-.180000  0.900000    0.0000028665581212
-.140000  0.900000    0.0000031663481088
-.100000  0.900000    0.0000032365312578
-.060000  0.900000    0.0000033635783622
-.020000  0.900000    0.0000034361645168
0.020000  0.900000    0.0000034652239070
0.060000  0.900000    0.0000034512121041
0.100000  0.900000    0.0000033995312849
0.140000  0.900000    0.0000036788754531
0.180000  0.900000    0.0000035735421618
0.220000  0.900000    0.0000038306311943
0.260000  0.900000    0.0000040482351770
0.300000  0.900000    0.0000041836169262
0.340000  0.900000    0.0000045487073418
0.380000  0.900000    0.0000045691557932
0.420000  0.900000    0.0000042959037038
-.260000  0.940000    0.0000007114520704
-.220000  0.940000    0.0000016597988764
-.180000  0.940000    0.0000023601349946
-.140000  0.940000    0.0000028565756363
-.100000  0.940000    0.0000033026805927
-.060000  0.940000    0.0000034982250899
-.020000  0.940000    0.0000037364963864
0.020000  0.940000    0.0000038988041651
0.060000  0.940000    0.0000039907493102
0.100000  0.940000    0.0000042855870057
0.140000  0.940000    0.0000042608716172
0.180000  0.940000    0.0000044511345163
0.220000  0.940000    0.0000045436012522
0.260000  0.940000    0.0000047463598868
0.300000  0.940000    0.0000045944872290
0.340000  0.940000    0.0000036165372089
-.140000  0.980000    0.0000010424967716
-.100000  0.980000    0.0000020836500220
-.060000  0.980000    0.0000027311766608
-.020000  0.980000    0.0000031363172323
0.020000  0.980000    0.0000034867972960
0.060000  0.980000    0.0000038424009598
0.100000  0.980000    0.0000040530927246
0.140000  0.980000    0.0000040570466232
0.180000  0.980000    0.0000038890121397
