-.140000  -.980000    0.0000002167560725
-.100000  -.980000    0.0000002259599994
-.060000  -.980000    0.0000001840140839
-.020000  -.980000    0.0000001216429594
0.020000  -.980000   -0.0000000268970375
0.060000  -.980000   -0.0000002555371830
0.100000  -.980000   -0.0000004573999979
0.140000  -.980000   -0.0000005911397604
0.180000  -.980000   -0.0000007051919624
-.300000  -.940000    0.0000000479550150
-.260000  -.940000    0.0000004172943420
-.220000  -.940000    0.0000005898883327
-.180000  -.940000    0.0000005875189269
-.140000  -.940000    0.0000005153635394
-.100000  -.940000    0.0000003694778780
-.060000  -.940000    0.0000002456059565
-.020000  -.940000    0.0000000860980924
0.020000  -.940000   -0.0000000691682906
0.060000  -.940000   -0.0000002166426357
0.100000  -.940000   -0.0000004138592218
0.140000  -.940000   -0.0000005514837203
0.180000  -.940000   -0.0000007554941544
0.220000  -.940000   -0.0000009575758134
0.260000  -.940000   -0.0000012163521450
0.300000  -.940000   -0.0000013937844432
0.340000  -.940000   -0.0000011544863152
-.380000  -.900000    0.0000001136484299
-.340000  -.900000    0.0000005482738833
-.300000  -.900000    0.0000007546116684
-.260000  -.900000    0.0000007729684968
-.220000  -.900000    0.0000006977983421
-.180000  -.900000    0.0000005650357632
-.140000  -.900000    0.0000004167945623
-.100000  -.900000    0.0000002630821713
-.060000  -.900000    0.0000001229094357
-.020000  -.900000   -0.0000000051945336
0.020000  -.900000   -0.0000001181829747
0.060000  -.900000   -0.0000002161137626
0.100000  -.900000   -0.0000002974472785
0.140000  -.900000   -0.0000004303728841
0.180000  -.900000   -0.0000005099861430
0.220000  -.900000   -0.0000006731040826
0.260000  -.900000   -0.0000008603451432
0.300000  -.900000   -0.0000010723114567
0.340000  -.900000   -0.0000013819072658
0.380000  -.900000   -0.0000016717961243
0.420000  -.900000   -0.0000018556094243
-.420000  -.860000    0.0000004763407747
-.380000  -.860000    0.0000007856059674
-.340000  -.860000    0.0000008728547909
-.300000  -.860000    0.0000008284864821
-.260000  -.860000    0.0000007037197390
-.220000  -.860000    0.0000005332739344
-.180000  -.860000    0.0000003756366975
-.140000  -.860000    0.0000002062176102
-.100000  -.860000    0.0000000733737348
-.060000  -.860000   -0.0000000377249491
-.020000  -.860000   -0.0000001257897086
0.020000  -.860000   -0.0000001866378413
0.060000  -.860000   -0.0000002247026475
0.100000  -.860000   -0.0000002437130658
0.140000  -.860000   -0.0000002451151006
0.180000  -.860000   -0.0000003134252545
0.220000  -.860000   -0.0000003231869498
0.260000  -.860000   -0.0000004371007013
0.300000  -.860000   -0.0000005899438040
0.340000  -.860000   -0.0000007895004677
0.380000  -.860000   -0.0000010351937016
0.420000  -.860000   -0.0000014263619578
0.460000  -.860000   -0.0000018642828369
0.500000  -.860000   -0.0000020885175956
-.500000  -.820000    0.0000001491342620
-.460000  -.820000    0.0000006482378205
-.420000  -.820000    0.0000008703379460
-.380000  -.820000    0.0000009021825265
-.340000  -.820000    0.0000008115854171
-.300000  -.820000    0.0000006436494151
-.260000  -.820000    0.0000004800653068
-.220000  -.820000    0.0000002813971959
-.180000  -.820000    0.0000001136045184
-.140000  -.820000   -0.0000000352967437
-.100000  -.820000   -0.0000001418417637
-.060000  -.820000   -0.0000002165007111
-.020000  -.820000   -0.0000002550125159
0.020000  -.820000   -0.0000002615886984
0.060000  -.820000   -0.0000002357416212
0.100000  -.820000   -0.0000001846793473
0.140000  -.820000   -0.0000001126345111
0.180000  -.820000   -0.0000001078751124
0.220000  -.820000   -0.0000000417774848
0.260000  -.820000   -0.0000000721308357
0.300000  -.820000   -0.0000000345125352
0.340000  -.820000   -0.0000001543992627
0.380000  -.820000   -0.0000003292704650
0.420000  -.820000   -0.0000007004354306
0.460000  -.820000   -0.0000010240381901
0.500000  -.820000   -0.0000015024941074
0.540000  -.820000   -0.0000020828914637
-.540000  -.780000    0.0000002581631188
-.500000  -.780000    0.0000007123285874
-.460000  -.780000    0.0000008933679421
-.420000  -.780000    0.0000009041744584
-.380000  -.780000    0.0000007893844428
-.340000  -.780000    0.0000005989588485
-.300000  -.780000    0.0000003734621092
-.260000  -.780000    0.0000001864380544
-.220000  -.780000   -0.0000000131707745
-.180000  -.780000   -0.0000001670428378
-.140000  -.780000   -0.0000002759900797
-.100000  -.780000   -0.0000003478871673
-.060000  -.780000   -0.0000003812080316
-.020000  -.780000   -0.0000003744475295
0.020000  -.780000   -0.0000003255299820
0.060000  -.780000   -0.0000002400669936
0.100000  -.780000   -0.0000001225253999
0.140000  -.780000    0.0000000239122674
0.180000  -.780000    0.0000000738876637
0.220000  -.780000    0.0000002255771234
0.260000  -.780000    0.0000002629241645
0.300000  -.780000    0.0000003906777327
0.340000  -.780000    0.0000003491378621
0.380000  -.780000    0.0000002568039381
0.420000  -.780000    0.0000000934780764
0.460000  -.780000   -0.0000001414652539
0.500000  -.780000   -0.0000006399519667
0.540000  -.780000   -0.0000011899172932
0.580000  -.780000   -0.0000018434124578
0.620000  -.780000   -0.0000022149671212
-.580000  -.740000    0.0000002775336485
-.540000  -.740000    0.0000007151312146
-.500000  -.740000    0.0000008995742428
-.460000  -.740000    0.0000008808951550
-.420000  -.740000    0.0000007532763087
-.380000  -.740000    0.0000005471344930
-.340000  -.740000    0.0000003032315121
-.300000  -.740000    0.0000000938074207
-.260000  -.740000   -0.0000001210308505
-.220000  -.740000   -0.0000003098893092
-.180000  -.740000   -0.0000004260389622
-.140000  -.740000   -0.0000005263520155
-.100000  -.740000   -0.0000005829235327
-.060000  -.740000   -0.0000005032103504
-.020000  -.740000   -0.0000004485883180
0.020000  -.740000   -0.0000003507178402
0.060000  -.740000   -0.0000002114621156
0.100000  -.740000   -0.0000001528410096
0.140000  -.740000    0.0000000370569576
0.180000  -.740000    0.0000002491737322
0.220000  -.740000    0.0000003619770066
0.260000  -.740000    0.0000005632142634
0.300000  -.740000    0.0000006454982451
0.340000  -.740000    0.0000008121045126
0.380000  -.740000    0.0000007962638430
0.420000  -.740000    0.0000007190761614
0.460000  -.740000    0.0000005674672281
0.500000  -.740000    0.0000001644532343
0.540000  -.740000   -0.0000002071731881
0.580000  -.740000   -0.0000008220084887
0.620000  -.740000   -0.0000015948444500
0.660000  -.740000   -0.0000022289304143
-.620000  -.700000    0.0000002201508209
-.580000  -.700000    0.0000006695186304
-.540000  -.700000    0.0000008708150109
-.500000  -.700000    0.0000008776236760
-.460000  -.700000    0.0000007449718827
-.420000  -.700000    0.0000004934707840
-.380000  -.700000    0.0000002787946150
-.340000  -.700000    0.0000000229113457
-.300000  -.700000   -0.0000002107073726
-.260000  -.700000   -0.0000004301671453
-.220000  -.700000   -0.0000005587410971
-.180000  -.700000   -0.0000006975046847
-.140000  -.700000   -0.0000006882263558
-.100000  -.700000   -0.0000007118869007
-.060000  -.700000   -0.0000006849197996
-.020000  -.700000   -0.0000006020549772
0.020000  -.700000   -0.0000004721238708
0.060000  -.700000   -0.0000002945779663
0.100000  -.700000   -0.0000000779684558
0.140000  -.700000    0.0000001702641930
0.180000  -.700000    0.0000002958545075
0.220000  -.700000    0.0000005630561529
0.260000  -.700000    0.0000007191711840
0.300000  -.700000    0.0000009637071508
0.340000  -.700000    0.0000010687602527
0.380000  -.700000    0.0000011421771371
0.420000  -.700000    0.0000012783911728
0.460000  -.700000    0.0000010762140436
0.500000  -.700000    0.0000008953639323
0.540000  -.700000    0.0000006096450795
0.580000  -.700000    0.0000000641387788
0.620000  -.700000   -0.0000006021090224
0.660000  -.700000   -0.0000014253012307
0.700000  -.700000   -0.0000021591642596
-.660000  -.660000    0.0000001145255175
-.620000  -.660000    0.0000005862220606
-.580000  -.660000    0.0000008239971238
-.540000  -.660000    0.0000008359574500
-.500000  -.660000    0.0000007260610337
-.460000  -.660000    0.0000005170279511
-.420000  -.660000    0.0000002558886166
-.380000  -.660000   -0.0000000142178349
-.340000  -.660000   -0.0000002687943519
-.300000  -.660000   -0.0000005031197683
-.260000  -.660000   -0.0000006571766686
-.220000  -.660000   -0.0000008311917660
-.180000  -.660000   -0.0000008402191530
-.140000  -.660000   -0.0000009030893025
-.100000  -.660000   -0.0000009151179000
-.060000  -.660000   -0.0000008674636760
-.020000  -.660000   -0.0000007566602825
0.020000  -.660000   -0.0000005941064716
0.060000  -.660000   -0.0000003809560614
0.100000  -.660000   -0.0000001307234641
0.140000  -.660000    0.0000001522541638
0.180000  -.660000    0.0000004628653505
0.220000  -.660000    0.0000006273709779
0.260000  -.660000    0.0000009406821182
0.300000  -.660000    0.0000011161908722
0.340000  -.660000    0.0000014058887866
0.380000  -.660000    0.0000015159864091
0.420000  -.660000    0.0000015864917634
0.460000  -.660000    0.0000015926522681
0.500000  -.660000    0.0000015139676421
0.540000  -.660000    0.0000013407452479
0.580000  -.660000    0.0000008852383667
0.620000  -.660000    0.0000004669304360
0.660000  -.660000   -0.0000004196362337
0.700000  -.660000   -0.0000013066073808
0.740000  -.660000   -0.0000020947636218
-.660000  -.620000    0.0000004648300734
-.620000  -.620000    0.0000007476205482
-.580000  -.620000    0.0000008144742734
-.540000  -.620000    0.0000007286815330
-.500000  -.620000    0.0000005271890100
-.460000  -.620000    0.0000002641219789
-.420000  -.620000   -0.0000000208784797
-.380000  -.620000   -0.0000002896519600
-.340000  -.620000   -0.0000005240883676
-.300000  -.620000   -0.0000007052110759
-.260000  -.620000   -0.0000009021597667
-.220000  -.620000   -0.0000009404062232
-.180000  -.620000   -0.0000010402816533
-.140000  -.620000   -0.0000011042908920
-.100000  -.620000   -0.0000011078172729
-.060000  -.620000   -0.0000008177996260
-.020000  -.620000   -0.0000006906082074
0.020000  -.620000   -0.0000005023230922
0.060000  -.620000   -0.0000002648467899
0.100000  -.620000   -0.0000001857700789
0.140000  -.620000    0.0000001272418431
0.180000  -.620000    0.0000004628398204
0.220000  -.620000    0.0000008218005176
0.260000  -.620000    0.0000010072554086
0.300000  -.620000    0.0000013633785117
0.340000  -.620000    0.0000015391089688
0.380000  -.620000    0.0000017110435107
0.420000  -.620000    0.0000018499676682
0.460000  -.620000    0.0000019279529389
0.500000  -.620000    0.0000019169342344
0.540000  -.620000    0.0000018046229760
0.580000  -.620000    0.0000015887952852
0.620000  -.620000    0.0000011042798688
0.660000  -.620000    0.0000006335173860
0.700000  -.620000   -0.0000003149264460
0.740000  -.620000   -0.0000012648926488
0.780000  -.620000   -0.0000019801306300
-.700000  -.580000    0.0000002980174640
-.660000  -.580000    0.0000006449817462
-.620000  -.580000    0.0000007693713622
-.580000  -.580000    0.0000007266029937
-.540000  -.580000    0.0000005237472639
-.500000  -.580000    0.0000002873919317
-.460000  -.580000    0.0000000128620728
-.420000  -.580000   -0.0000002629081441
-.380000  -.580000   -0.0000005574496752
-.340000  -.580000   -0.0000007620094818
-.300000  -.580000   -0.0000009048918702
-.260000  -.580000   -0.0000011230583778
-.220000  -.580000   -0.0000011081267338
-.180000  -.580000   -0.0000012189059105
-.140000  -.580000   -0.0000012860762724
-.100000  -.580000   -0.0000010159064882
-.060000  -.580000   -0.0000009338533935
-.020000  -.580000   -0.0000007945182114
0.020000  -.580000   -0.0000005896782096
0.060000  -.580000   -0.0000003330300592
0.100000  -.580000   -0.0000000321258384
0.140000  -.580000    0.0000000942199512
0.180000  -.580000    0.0000004509125590
0.220000  -.580000    0.0000008280724352
0.260000  -.580000    0.0000010475457145
0.300000  -.580000    0.0000014161159069
0.340000  -.580000    0.0000016334147396
0.380000  -.580000    0.0000018575436828
0.420000  -.580000    0.0000021299580657
0.460000  -.580000    0.0000022466680061
0.500000  -.580000    0.0000023068094827
0.540000  -.580000    0.0000022894227767
0.580000  -.580000    0.0000020349675030
0.620000  -.580000    0.0000017788517505
0.660000  -.580000    0.0000012387788695
0.700000  -.580000    0.0000005469413799
0.740000  -.580000   -0.0000002783115298
0.780000  -.580000   -0.0000013571245586
-.740000  -.540000    0.0000001058321349
-.700000  -.540000    0.0000005036204423
-.660000  -.540000    0.0000006928608862
-.620000  -.540000    0.0000007117948257
-.580000  -.540000    0.0000005539974645
-.540000  -.540000    0.0000003458095177
-.500000  -.540000    0.0000000807480265
-.460000  -.540000   -0.0000002012759425
-.420000  -.540000   -0.0000004673838163
-.380000  -.540000   -0.0000007925601714
-.340000  -.540000   -0.0000009672179620
-.300000  -.540000   -0.0000010722627306
-.260000  -.540000   -0.0000013084800888
-.220000  -.540000   -0.0000012466308147
-.180000  -.540000   -0.0000013688362626
-.140000  -.540000   -0.0000011349091413
-.100000  -.540000   -0.0000011150290899
-.060000  -.540000   -0.0000010323690953
-.020000  -.540000   -0.0000008823135040
0.020000  -.540000   -0.0000006664130398
0.060000  -.540000   -0.0000003939056068
0.100000  -.540000   -0.0000000772040313
0.140000  -.540000    0.0000002795460221
0.180000  -.540000    0.0000004325074540
0.220000  -.540000    0.0000008223500271
0.260000  -.540000    0.0000010639681506
0.300000  -.540000    0.0000014422154486
0.340000  -.540000    0.0000016882564079
0.380000  -.540000    0.0000019485255346
0.420000  -.540000    0.0000022269321021
0.460000  -.540000    0.0000023837797440
0.500000  -.540000    0.0000024903930208
0.540000  -.540000    0.0000025258409825
0.580000  -.540000    0.0000024799259509
0.620000  -.540000    0.0000021836800666
0.660000  -.540000    0.0000018907947059
0.700000  -.540000    0.0000012991219717
0.740000  -.540000    0.0000005531364834
0.780000  -.540000   -0.0000004640872366
0.820000  -.540000   -0.0000015269958259
-.740000  -.500000    0.0000003129809731
-.700000  -.500000    0.0000005916790219
-.660000  -.500000    0.0000006743353287
-.620000  -.500000    0.0000006016085249
-.580000  -.500000    0.0000004032623941
-.540000  -.500000    0.0000001637846248
-.500000  -.500000   -0.0000001113617148
-.460000  -.500000   -0.0000003882306828
-.420000  -.500000   -0.0000006386101716
-.380000  -.500000   -0.0000009778923918
-.340000  -.500000   -0.0000011258682359
-.300000  -.500000   -0.0000011955298329
-.260000  -.500000   -0.0000014490311916
-.220000  -.500000   -0.0000013453045383
-.180000  -.500000   -0.0000014820006293
-.140000  -.500000   -0.0000012018628823
-.100000  -.500000   -0.0000011867160786
-.060000  -.500000   -0.0000011069622960
-.020000  -.500000   -0.0000009497572773
0.020000  -.500000   -0.0000007275513915
0.060000  -.500000   -0.0000004443668838
0.100000  -.500000   -0.0000001161167547
0.140000  -.500000    0.0000002500038058
0.180000  -.500000    0.0000004082723962
0.220000  -.500000    0.0000008060257620
0.260000  -.500000    0.0000010590135089
0.300000  -.500000    0.0000014426383016
0.340000  -.500000    0.0000017046171743
0.380000  -.500000    0.0000019837085642
0.420000  -.500000    0.0000022706392673
0.460000  -.500000    0.0000024577719907
0.500000  -.500000    0.0000025973377655
0.540000  -.500000    0.0000026749368639
0.580000  -.500000    0.0000026786431749
0.620000  -.500000    0.0000024823849658
0.660000  -.500000    0.0000022485299691
0.700000  -.500000    0.0000017671536394
0.740000  -.500000    0.0000011210255480
0.780000  -.500000    0.0000003164089122
0.820000  -.500000   -0.0000006974484222
0.860000  -.500000   -0.0000016326025341
-.780000  -.460000    0.0000001023034532
-.740000  -.460000    0.0000004388413793
-.700000  -.460000    0.0000006023284907
-.660000  -.460000    0.0000006036823609
-.620000  -.460000    0.0000004700379245
-.580000  -.460000    0.0000002459043215
-.540000  -.460000   -0.0000000047224203
-.500000  -.460000   -0.0000002753126357
-.460000  -.460000   -0.0000005367295270
-.420000  -.460000   -0.0000007619515096
-.380000  -.460000   -0.0000011039771449
-.340000  -.460000   -0.0000012233184429
-.300000  -.460000   -0.0000012660338583
-.260000  -.460000   -0.0000015281993478
-.220000  -.460000   -0.0000013958359602
-.180000  -.460000   -0.0000015420383255
-.140000  -.460000   -0.0000012291866394
-.100000  -.460000   -0.0000012280463462
-.060000  -.460000   -0.0000011526424289
-.020000  -.460000   -0.0000010008789003
0.020000  -.460000   -0.0000007744147843
0.060000  -.460000   -0.0000004814765805
0.100000  -.460000   -0.0000001476358417
0.140000  -.460000    0.0000002240967887
0.180000  -.460000    0.0000003796721949
0.220000  -.460000    0.0000007814564562
0.260000  -.460000    0.0000010341379566
0.300000  -.460000    0.0000014202061739
0.340000  -.460000    0.0000016857389010
0.380000  -.460000    0.0000019693048836
0.420000  -.460000    0.0000022676520792
0.460000  -.460000    0.0000024691425851
0.500000  -.460000    0.0000026329148613
0.540000  -.460000    0.0000027459002286
0.580000  -.460000    0.0000027870030017
0.620000  -.460000    0.0000026653622547
0.660000  -.460000    0.0000024964496713
0.700000  -.460000    0.0000021173484059
0.740000  -.460000    0.0000017022483633
0.780000  -.460000    0.0000010121698464
0.820000  -.460000    0.0000000185957556
0.860000  -.460000   -0.0000010887025552
-.780000  -.420000    0.0000002451316863
-.740000  -.420000    0.0000004888064740
-.700000  -.420000    0.0000005512529285
-.660000  -.420000    0.0000005063708411
-.620000  -.420000    0.0000003395129314
-.580000  -.420000    0.0000000996696370
-.540000  -.420000   -0.0000001465705138
-.500000  -.420000   -0.0000004011190441
-.460000  -.420000   -0.0000006374711089
-.420000  -.420000   -0.0000008377609330
-.380000  -.420000   -0.0000011693823907
-.340000  -.420000   -0.0000012610306669
-.300000  -.420000   -0.0000012789522680
-.260000  -.420000   -0.0000015519186912
-.220000  -.420000   -0.0000013931014050
-.180000  -.420000   -0.0000015636691813
-.140000  -.420000   -0.0000012219368803
-.100000  -.420000   -0.0000012364258506
-.060000  -.420000   -0.0000011731527587
-.020000  -.420000   -0.0000010276260605
0.020000  -.420000   -0.0000007982103592
0.060000  -.420000   -0.0000005054077634
0.100000  -.420000   -0.0000001701714612
0.140000  -.420000    0.0000002040354163
0.180000  -.420000    0.0000003521734404
0.220000  -.420000    0.0000007527061936
0.260000  -.420000    0.0000009942120467
0.300000  -.420000    0.0000013798751320
0.340000  -.420000    0.0000016370450962
0.380000  -.420000    0.0000019151075193
0.420000  -.420000    0.0000022225365441
0.460000  -.420000    0.0000024301077211
0.500000  -.420000    0.0000026063732154
0.540000  -.420000    0.0000027388687197
0.580000  -.420000    0.0000028122021654
0.620000  -.420000    0.0000027447663458
0.660000  -.420000    0.0000026349411754
0.700000  -.420000    0.0000024477477282
0.740000  -.420000    0.0000019988925757
0.780000  -.420000    0.0000014033707356
0.820000  -.420000    0.0000005252221035
0.860000  -.420000   -0.0000004364232161
0.900000  -.420000   -0.0000013585492382
-.820000  -.380000    0.0000000292177671
-.780000  -.380000    0.0000003266845635
-.740000  -.380000    0.0000004871568283
-.700000  -.380000    0.0000005058519290
-.660000  -.380000    0.0000004003407702
-.620000  -.380000    0.0000002202811306
-.580000  -.380000   -0.0000000256652734
-.540000  -.380000   -0.0000002989688349
-.500000  -.380000   -0.0000005725363276
-.460000  -.380000   -0.0000008201853776
-.420000  -.380000   -0.0000010220978302
-.380000  -.380000   -0.0000011631481182
-.340000  -.380000   -0.0000012382229766
-.300000  -.380000   -0.0000012373845152
-.260000  -.380000   -0.0000015103047853
-.220000  -.380000   -0.0000013437889413
-.180000  -.380000   -0.0000015287613674
-.140000  -.380000   -0.0000011771061424
-.100000  -.380000   -0.0000012075984219
-.060000  -.380000   -0.0000011618322954
-.020000  -.380000   -0.0000010263610508
0.020000  -.380000   -0.0000008045202629
0.060000  -.380000   -0.0000005187717479
0.100000  -.380000   -0.0000001809332168
0.140000  -.380000    0.0000001929048580
0.180000  -.380000    0.0000003231886861
0.220000  -.380000    0.0000007212463592
0.260000  -.380000    0.0000009429641732
0.300000  -.380000    0.0000013269740971
0.340000  -.380000    0.0000015654311605
0.380000  -.380000    0.0000018264762556
0.420000  -.380000    0.0000020785961680
0.460000  -.380000    0.0000023084750314
0.500000  -.380000    0.0000025013072237
0.540000  -.380000    0.0000026407995363
0.580000  -.380000    0.0000027206128288
0.620000  -.380000    0.0000027307708811
0.660000  -.380000    0.0000026735845797
0.700000  -.380000    0.0000024473882344
0.740000  -.380000    0.0000021816834551
0.780000  -.380000    0.0000016822946449
0.820000  -.380000    0.0000010378220214
0.860000  -.380000    0.0000001317920769
0.900000  -.380000   -0.0000008888466577
-.820000  -.340000    0.0000001244249672
-.780000  -.340000    0.0000003580342324
-.740000  -.340000    0.0000004486695289
-.700000  -.340000    0.0000004314638482
-.660000  -.340000    0.0000002924892509
-.620000  -.340000    0.0000001164248282
-.580000  -.340000   -0.0000001092447699
-.540000  -.340000   -0.0000003553363169
-.500000  -.340000   -0.0000005969786823
-.460000  -.340000   -0.0000008112494301
-.420000  -.340000   -0.0000009847729425
-.380000  -.340000   -0.0000011045169532
-.340000  -.340000   -0.0000011586990133
-.300000  -.340000   -0.0000015003625530
-.260000  -.340000   -0.0000014082255954
-.220000  -.340000   -0.0000012386193099
-.180000  -.340000   -0.0000014430793080
-.140000  -.340000   -0.0000010892843389
-.100000  -.340000   -0.0000011483710663
-.060000  -.340000   -0.0000011291108422
-.020000  -.340000   -0.0000010088430245
0.020000  -.340000   -0.0000007980070442
0.060000  -.340000   -0.0000005126389912
0.100000  -.340000   -0.0000001771228331
0.140000  -.340000    0.0000001889451478
0.180000  -.340000    0.0000002967727922
0.220000  -.340000    0.0000006934145759
0.260000  -.340000    0.0000008851311922
0.300000  -.340000    0.0000011487959652
0.340000  -.340000    0.0000014791108512
0.380000  -.340000    0.0000017143636595
0.420000  -.340000    0.0000019481403419
0.460000  -.340000    0.0000021652962714
0.500000  -.340000    0.0000023520423799
0.540000  -.340000    0.0000024984861672
0.580000  -.340000    0.0000025962933331
0.620000  -.340000    0.0000026345109206
0.660000  -.340000    0.0000026206512138
0.700000  -.340000    0.0000024543838365
0.740000  -.340000    0.0000022552520005
0.780000  -.340000    0.0000018477742007
0.820000  -.340000    0.0000012986728341
0.860000  -.340000    0.0000004957622861
0.900000  -.340000   -0.0000004248898641
0.940000  -.340000   -0.0000009529814318
-.820000  -.300000    0.0000001821596443
-.780000  -.300000    0.0000003507099842
-.740000  -.300000    0.0000004073844164
-.700000  -.300000    0.0000003490011014
-.660000  -.300000    0.0000002144942424
-.620000  -.300000    0.0000000259599133
-.580000  -.300000   -0.0000001705985890
-.540000  -.300000   -0.0000003802087206
-.500000  -.300000   -0.0000005812113615
-.460000  -.300000   -0.0000007615978301
-.420000  -.300000   -0.0000009035727752
-.380000  -.300000   -0.0000009949612366
-.340000  -.300000   -0.0000013454065774
-.300000  -.300000   -0.0000013329962969
-.260000  -.300000   -0.0000012477765410
-.220000  -.300000   -0.0000010901922113
-.180000  -.300000   -0.0000013046410261
-.140000  -.300000   -0.0000009670695059
-.100000  -.300000   -0.0000010512548737
-.060000  -.300000   -0.0000010618323009
-.020000  -.300000   -0.0000009634047162
0.020000  -.300000   -0.0000007645311196
0.060000  -.300000   -0.0000004887778773
0.100000  -.300000   -0.0000001637619379
0.140000  -.300000    0.0000001994182055
0.180000  -.300000    0.0000002794035503
0.220000  -.300000    0.0000006703420761
0.260000  -.300000    0.0000008265490422
0.300000  -.300000    0.0000010554109228
0.340000  -.300000    0.0000013064626669
0.380000  -.300000    0.0000015875322805
0.420000  -.300000    0.0000017941321940
0.460000  -.300000    0.0000019910649669
0.500000  -.300000    0.0000021649602325
0.540000  -.300000    0.0000023083687302
0.580000  -.300000    0.0000024147819537
0.620000  -.300000    0.0000024792373913
0.660000  -.300000    0.0000024465919133
0.700000  -.300000    0.0000023676979577
0.740000  -.300000    0.0000021553264935
0.780000  -.300000    0.0000019037212120
0.820000  -.300000    0.0000014509479811
0.860000  -.300000    0.0000007545544690
0.900000  -.300000   -0.0000000201274646
0.940000  -.300000   -0.0000008573396615
-.860000  -.260000    0.0000000014884665
-.820000  -.260000    0.0000002052769851
-.780000  -.260000    0.0000003306171190
-.740000  -.260000    0.0000003471784114
-.700000  -.260000    0.0000002734110249
-.660000  -.260000    0.0000001421903173
-.620000  -.260000   -0.0000000285529346
-.580000  -.260000   -0.0000002322243647
-.540000  -.260000   -0.0000004458579695
-.500000  -.260000   -0.0000006516939995
-.460000  -.260000   -0.0000008342995216
-.420000  -.260000   -0.0000009819418906
-.380000  -.260000   -0.0000010856750603
-.340000  -.260000   -0.0000011344256641
-.300000  -.260000   -0.0000011232584577
-.260000  -.260000   -0.0000010455877307
-.220000  -.260000   -0.0000013505675434
-.180000  -.260000   -0.0000011174213082
-.140000  -.260000   -0.0000013562507246
-.100000  -.260000   -0.0000009229129518
-.060000  -.260000   -0.0000009692416118
-.020000  -.260000   -0.0000009057172987
0.020000  -.260000   -0.0000007206148973
0.060000  -.260000   -0.0000004549162067
0.100000  -.260000   -0.0000001323764424
0.140000  -.260000   -0.0000000929145625
0.180000  -.260000    0.0000002715542920
0.220000  -.260000    0.0000004365898815
0.260000  -.260000    0.0000007767395796
0.300000  -.260000    0.0000009580634837
0.340000  -.260000    0.0000011722451824
0.380000  -.260000    0.0000013899960886
0.420000  -.260000    0.0000015991486291
0.460000  -.260000    0.0000017885528923
0.500000  -.260000    0.0000019550688962
0.540000  -.260000    0.0000020863828833
0.580000  -.260000    0.0000021888604971
0.620000  -.260000    0.0000022389375700
0.660000  -.260000    0.0000022462413621
0.700000  -.260000    0.0000021801418768
0.740000  -.260000    0.0000020444740148
0.780000  -.260000    0.0000017823352236
0.820000  -.260000    0.0000014058328491
0.860000  -.260000    0.0000009098137197
0.900000  -.260000    0.0000002326583361
0.940000  -.260000   -0.0000005357881869
-.860000  -.220000    0.0000000394828349
-.820000  -.220000    0.0000002068752574
-.780000  -.220000    0.0000002886147810
-.740000  -.220000    0.0000002842732586
-.700000  -.220000    0.0000002105951974
-.660000  -.220000    0.0000000822563308
-.620000  -.220000   -0.0000000674104007
-.580000  -.220000   -0.0000002232535065
-.540000  -.220000   -0.0000003871317008
-.500000  -.220000   -0.0000005426798598
-.460000  -.220000   -0.0000006811101990
-.420000  -.220000   -0.0000007917316562
-.380000  -.220000   -0.0000008663686758
-.340000  -.220000   -0.0000008996211817
-.300000  -.220000   -0.0000008831639311
-.260000  -.220000   -0.0000012008919640
-.220000  -.220000   -0.0000010798648410
-.180000  -.220000   -0.0000008846906519
-.140000  -.220000   -0.0000011442329047
-.100000  -.220000   -0.0000007569479179
-.060000  -.220000   -0.0000008469566003
-.020000  -.220000   -0.0000008196586541
0.020000  -.220000   -0.0000006578236919
0.060000  -.220000   -0.0000003996086414
0.100000  -.220000   -0.0000000872341297
0.140000  -.220000   -0.0000000722033933
0.180000  -.220000    0.0000002799940822
0.220000  -.220000    0.0000004089920993
0.260000  -.220000    0.0000005838286433
0.300000  -.220000    0.0000008729491855
0.340000  -.220000    0.0000010421127478
0.380000  -.220000    0.0000012159400588
0.420000  -.220000    0.0000013876576648
0.460000  -.220000    0.0000015474297169
0.500000  -.220000    0.0000016909881621
0.540000  -.220000    0.0000018115970077
0.580000  -.220000    0.0000019086057033
0.620000  -.220000    0.0000019695303694
0.660000  -.220000    0.0000019889147531
0.700000  -.220000    0.0000019500602892
0.740000  -.220000    0.0000018277212761
0.780000  -.220000    0.0000016647898114
0.820000  -.220000    0.0000013695883539
0.860000  -.220000    0.0000009710698866
0.900000  -.220000    0.0000003980087527
0.940000  -.220000   -0.0000002711974498
-.860000  -.180000    0.0000000585052844
-.820000  -.180000    0.0000001857588554
-.780000  -.180000    0.0000002423956123
-.740000  -.180000    0.0000002245893940
-.700000  -.180000    0.0000001518986970
-.660000  -.180000    0.0000000434945389
-.620000  -.180000   -0.0000000844061891
-.580000  -.180000   -0.0000002318256836
-.540000  -.180000   -0.0000003831755237
-.500000  -.180000   -0.0000005300152611
-.460000  -.180000   -0.0000006662783738
-.420000  -.180000   -0.0000007775864291
-.380000  -.180000   -0.0000008573486992
-.340000  -.180000   -0.0000009057173735
-.300000  -.180000   -0.0000009133045331
-.260000  -.180000   -0.0000008730453165
-.220000  -.180000   -0.0000007795727861
-.180000  -.180000   -0.0000011153184299
-.140000  -.180000   -0.0000008822952783
-.100000  -.180000   -0.0000005620417033
-.060000  -.180000   -0.0000006994121811
-.020000  -.180000   -0.0000007188799600
0.020000  -.180000   -0.0000005808806577
0.060000  -.180000   -0.0000003306581865
0.100000  -.180000   -0.0000000197032211
0.140000  -.180000   -0.0000000313291404
0.180000  -.180000    0.0000000873844673
0.220000  -.180000    0.0000003964807557
0.260000  -.180000    0.0000005113650858
0.300000  -.180000    0.0000006769283671
0.340000  -.180000    0.0000008457225663
0.380000  -.180000    0.0000009973506359
0.420000  -.180000    0.0000011505214341
0.460000  -.180000    0.0000012944585251
0.500000  -.180000    0.0000014212909397
0.540000  -.180000    0.0000015283954006
0.580000  -.180000    0.0000016063168261
0.620000  -.180000    0.0000016587499328
0.660000  -.180000    0.0000016824462672
0.700000  -.180000    0.0000016519810830
0.740000  -.180000    0.0000015818820697
0.780000  -.180000    0.0000014328281501
0.820000  -.180000    0.0000011948952560
0.860000  -.180000    0.0000008750815963
0.900000  -.180000    0.0000004794875677
0.940000  -.180000   -0.0000000923023271
0.980000  -.180000   -0.0000005606613852
-.860000  -.140000    0.0000000635811030
-.820000  -.140000    0.0000001551232762
-.780000  -.140000    0.0000001842562927
-.740000  -.140000    0.0000001706780259
-.700000  -.140000    0.0000001039141645
-.660000  -.140000    0.0000000188444280
-.620000  -.140000   -0.0000000937247752
-.580000  -.140000   -0.0000002205735192
-.540000  -.140000   -0.0000002843688499
-.500000  -.140000   -0.0000003783786745
-.460000  -.140000   -0.0000004634518974
-.420000  -.140000   -0.0000005305525151
-.380000  -.140000   -0.0000005776206455
-.340000  -.140000   -0.0000006041475097
-.300000  -.140000   -0.0000006000642626
-.260000  -.140000   -0.0000008890474405
-.220000  -.140000   -0.0000008445893946
-.180000  -.140000   -0.0000007483798135
-.140000  -.140000   -0.0000005871238668
-.100000  -.140000   -0.0000009003839517
-.060000  -.140000   -0.0000005226097051
-.020000  -.140000   -0.0000006009149567
0.020000  -.140000   -0.0000004907015825
0.060000  -.140000   -0.0000002400651541
0.100000  -.140000   -0.0000002855335384
0.140000  -.140000    0.0000000350109272
0.180000  -.140000    0.0000001052119398
0.220000  -.140000    0.0000002326980319
0.260000  -.140000    0.0000003703378702
0.300000  -.140000    0.0000005781356832
0.340000  -.140000    0.0000006621741132
0.380000  -.140000    0.0000008172342067
0.420000  -.140000    0.0000009524805408
0.460000  -.140000    0.0000010482853562
0.500000  -.140000    0.0000011272354756
0.540000  -.140000    0.0000011932459884
0.580000  -.140000    0.0000012819359993
0.620000  -.140000    0.0000013224726804
0.660000  -.140000    0.0000013367061417
0.700000  -.140000    0.0000013314873970
0.740000  -.140000    0.0000012739662825
0.780000  -.140000    0.0000011872645739
0.820000  -.140000    0.0000010176681469
0.860000  -.140000    0.0000007813209620
0.900000  -.140000    0.0000004247501985
0.940000  -.140000    0.0000000205298755
0.980000  -.140000   -0.0000004095064996
-.860000  -.100000    0.0000000541186973
-.820000  -.100000    0.0000001160046880
-.780000  -.100000    0.0000001349416030
-.740000  -.100000    0.0000001156616687
-.700000  -.100000    0.0000000688288110
-.660000  -.100000    0.0000000012141216
-.620000  -.100000   -0.0000000868782543
-.580000  -.100000   -0.0000001449508506
-.540000  -.100000   -0.0000002220411406
-.500000  -.100000   -0.0000002972020142
-.460000  -.100000   -0.0000003636248917
-.420000  -.100000   -0.0000004210242084
-.380000  -.100000   -0.0000004652166564
-.340000  -.100000   -0.0000004939824335
-.300000  -.100000   -0.0000005063395694
-.260000  -.100000   -0.0000004948236597
-.220000  -.100000   -0.0000004607945476
-.180000  -.100000   -0.0000003961015636
-.140000  -.100000   -0.0000007135969102
-.100000  -.100000   -0.0000005712838205
-.060000  -.100000   -0.0000003141014131
-.020000  -.100000   -0.0000004688661003
0.020000  -.100000   -0.0000003845856993
0.060000  -.100000   -0.0000001251196118
0.100000  -.100000   -0.0000001732748055
0.140000  -.100000   -0.0000000980169221
0.180000  -.100000    0.0000001457546029
0.220000  -.100000    0.0000002181996301
0.260000  -.100000    0.0000003054570938
0.300000  -.100000    0.0000003711612064
0.340000  -.100000    0.0000005081851910
0.380000  -.100000    0.0000006122857421
0.420000  -.100000    0.0000005804278940
0.460000  -.100000    0.0000006705001939
0.500000  -.100000    0.0000007924633994
0.540000  -.100000    0.0000008884968526
0.580000  -.100000    0.0000009182966154
0.620000  -.100000    0.0000009662697208
0.660000  -.100000    0.0000009749961137
0.700000  -.100000    0.0000009701793819
0.740000  -.100000    0.0000009329712146
0.780000  -.100000    0.0000008704581111
0.820000  -.100000    0.0000007487670540
0.860000  -.100000    0.0000005831961020
0.900000  -.100000    0.0000003744158277
0.940000  -.100000    0.0000000507933269
0.980000  -.100000   -0.0000002581699202
-.860000  -.060000    0.0000000355686764
-.820000  -.060000    0.0000000709618764
-.780000  -.060000    0.0000000813105656
-.740000  -.060000    0.0000000659877315
-.700000  -.060000    0.0000000388466493
-.660000  -.060000   -0.0000000057030160
-.620000  -.060000   -0.0000000453993191
-.580000  -.060000   -0.0000000933104072
-.540000  -.060000   -0.0000001428994608
-.500000  -.060000   -0.0000001902709880
-.460000  -.060000   -0.0000002346228458
-.420000  -.060000   -0.0000002737330859
-.380000  -.060000   -0.0000003072407109
-.340000  -.060000   -0.0000003291127417
-.300000  -.060000   -0.0000003440187195
-.260000  -.060000   -0.0000003503461150
-.220000  -.060000   -0.0000003446751777
-.180000  -.060000   -0.0000003242364473
-.140000  -.060000   -0.0000002869150043
-.100000  -.060000   -0.0000002196129896
-.060000  -.060000   -0.0000005889809952
-.020000  -.060000   -0.0000003137967649
0.020000  -.060000   -0.0000002633540675
0.060000  -.060000   -0.0000003158700220
0.100000  -.060000   -0.0000000320982605
0.140000  -.060000   -0.0000000063101489
0.180000  -.060000    0.0000000448833510
0.220000  -.060000    0.0000001097755366
0.260000  -.060000    0.0000001731141411
0.300000  -.060000    0.0000002137808238
0.340000  -.060000    0.0000003437484148
0.380000  -.060000    0.0000002342176418
0.420000  -.060000    0.0000004830165154
0.460000  -.060000    0.0000005669709386
0.500000  -.060000    0.0000004755493242
0.540000  -.060000    0.0000005203651584
0.580000  -.060000    0.0000005569607293
0.620000  -.060000    0.0000005785475504
0.660000  -.060000    0.0000005930756356
0.700000  -.060000    0.0000005886837764
0.740000  -.060000    0.0000005743982458
0.780000  -.060000    0.0000005296864278
0.820000  -.060000    0.0000004601477405
0.860000  -.060000    0.0000003620827393
0.900000  -.060000    0.0000002345907880
0.940000  -.060000    0.0000000610148768
0.980000  -.060000   -0.0000001435422409
-.860000  -.020000    0.0000000121344869
-.820000  -.020000    0.0000000238591424
-.780000  -.020000    0.0000000267693794
-.740000  -.020000    0.0000000216174059
-.700000  -.020000    0.0000000124122324
-.660000  -.020000   -0.0000000031336373
-.620000  -.020000   -0.0000000161440274
-.580000  -.020000   -0.0000000326511419
-.540000  -.020000   -0.0000000498467170
-.500000  -.020000   -0.0000000646275129
-.460000  -.020000   -0.0000000814860881
-.420000  -.020000   -0.0000000953681417
-.380000  -.020000   -0.0000001073776023
-.340000  -.020000   -0.0000001176710935
-.300000  -.020000   -0.0000001233561623
-.260000  -.020000   -0.0000001275686906
-.220000  -.020000   -0.0000001283057002
-.180000  -.020000   -0.0000001284686559
-.140000  -.020000   -0.0000001273433682
-.100000  -.020000   -0.0000001238968491
-.060000  -.020000   -0.0000001203717437
-.020000  -.020000   -0.0000000909596612
0.020000  -.020000   -0.0000000830568262
0.060000  -.020000   -0.0000000720743868
0.100000  -.020000   -0.0000000397267728
0.140000  -.020000   -0.0000000162372669
0.180000  -.020000    0.0000000084962005
0.220000  -.020000    0.0000000338062977
0.260000  -.020000    0.0000000543933612
0.300000  -.020000    0.0000000743618050
0.340000  -.020000    0.0000001063514656
0.380000  -.020000    0.0000000901273028
0.420000  -.020000    0.0000001985313543
0.460000  -.020000    0.0000000615481649
0.500000  -.020000    0.0000001993879756
0.540000  -.020000    0.0000001665246075
0.580000  -.020000    0.0000001905046300
0.620000  -.020000    0.0000001940741084
0.660000  -.020000    0.0000001995736321
0.700000  -.020000    0.0000001994532719
0.740000  -.020000    0.0000001942791119
0.780000  -.020000    0.0000001776328385
0.820000  -.020000    0.0000001553032145
0.860000  -.020000    0.0000001231397361
0.900000  -.020000    0.0000000810275826
0.940000  -.020000    0.0000000224331694
0.980000  -.020000   -0.0000000435466925
-.860000  0.020000   -0.0000000121344869
-.820000  0.020000   -0.0000000238591424
-.780000  0.020000   -0.0000000267693794
-.740000  0.020000   -0.0000000216174059
-.700000  0.020000   -0.0000000124122324
-.660000  0.020000    0.0000000031336373
-.620000  0.020000    0.0000000161440274
-.580000  0.020000    0.0000000326511419
-.540000  0.020000    0.0000000498467170
-.500000  0.020000    0.0000000646275129
-.460000  0.020000    0.0000000814860881
-.420000  0.020000    0.0000000953681417
-.380000  0.020000    0.0000001073776023
-.340000  0.020000    0.0000001176710935
-.300000  0.020000    0.0000001233561623
-.260000  0.020000    0.0000001275686906
-.220000  0.020000    0.0000001283057002
-.180000  0.020000    0.0000001284686559
-.140000  0.020000    0.0000001273433682
-.100000  0.020000    0.0000001238968491
-.060000  0.020000    0.0000001203717437
-.020000  0.020000    0.0000000909596612
0.020000  0.020000    0.0000000830568262
0.060000  0.020000    0.0000000720743868
0.100000  0.020000    0.0000000397267728
0.140000  0.020000    0.0000000162372669
0.180000  0.020000   -0.0000000084962005
0.220000  0.020000   -0.0000000338062977
0.260000  0.020000   -0.0000000543933612
0.300000  0.020000   -0.0000000743618050
0.340000  0.020000   -0.0000001063514656
0.380000  0.020000   -0.0000000901273028
0.420000  0.020000   -0.0000001985313543
0.460000  0.020000   -0.0000000615481649
0.500000  0.020000   -0.0000001993879756
0.540000  0.020000   -0.0000001665246075
0.580000  0.020000   -0.0000001905046300
0.620000  0.020000   -0.0000001940741084
0.660000  0.020000   -0.0000001995736321
0.700000  0.020000   -0.0000001994532719
0.740000  0.020000   -0.0000001942791119
0.780000  0.020000   -0.0000001776328385
0.820000  0.020000   -0.0000001553032145
0.860000  0.020000   -0.0000001231397361
0.900000  0.020000   -0.0000000810275826
0.940000  0.020000   -0.0000000224331694
0.980000  0.020000    0.0000000435466925
-.860000  0.060000   -0.0000000355686764
-.820000  0.060000   -0.0000000709618764
-.780000  0.060000   -0.0000000813105656
-.740000  0.060000   -0.0000000659877315
-.700000  0.060000   -0.0000000388466493
-.660000  0.060000    0.0000000057030160
-.620000  0.060000    0.0000000453993191
-.580000  0.060000    0.0000000933104072
-.540000  0.060000    0.0000001428994608
-.500000  0.060000    0.0000001902709880
-.460000  0.060000    0.0000002346228458
-.420000  0.060000    0.0000002737330859
-.380000  0.060000    0.0000003072407109
-.340000  0.060000    0.0000003291127417
-.300000  0.060000    0.0000003440187195
-.260000  0.060000    0.0000003503461150
-.220000  0.060000    0.0000003446751777
-.180000  0.060000    0.0000003242364473
-.140000  0.060000    0.0000002869150043
-.100000  0.060000    0.0000002196129896
-.060000  0.060000    0.0000005889809952
-.020000  0.060000    0.0000003137967649
0.020000  0.060000    0.0000002633540675
0.060000  0.060000    0.0000003158700220
0.100000  0.060000    0.0000000320982605
0.140000  0.060000    0.0000000063101489
0.180000  0.060000   -0.0000000448833510
0.220000  0.060000   -0.0000001097755366
0.260000  0.060000   -0.0000001731141411
0.300000  0.060000   -0.0000002137808238
0.340000  0.060000   -0.0000003437484148
0.380000  0.060000   -0.0000002342176418
0.420000  0.060000   -0.0000004830165154
0.460000  0.060000   -0.0000005669709386
0.500000  0.060000   -0.0000004755493242
0.540000  0.060000   -0.0000005203651584
0.580000  0.060000   -0.0000005569607293
0.620000  0.060000   -0.0000005785475504
0.660000  0.060000   -0.0000005930756356
0.700000  0.060000   -0.0000005886837764
0.740000  0.060000   -0.0000005743982458
0.780000  0.060000   -0.0000005296864278
0.820000  0.060000   -0.0000004601477405
0.860000  0.060000   -0.0000003620827393
0.900000  0.060000   -0.0000002345907880
0.940000  0.060000   -0.0000000610148768
0.980000  0.060000    0.0000001435422409
-.860000  0.100000   -0.0000000541186973
-.820000  0.100000   -0.0000001160046880
-.780000  0.100000   -0.0000001349416030
-.740000  0.100000   -0.0000001156616687
-.700000  0.100000   -0.0000000688288110
-.660000  0.100000   -0.0000000012141216
-.620000  0.100000    0.0000000868782543
-.580000  0.100000    0.0000001449508506
-.540000  0.100000    0.0000002220411406
-.500000  0.100000    0.0000002972020142
-.460000  0.100000    0.0000003636248917
-.420000  0.100000    0.0000004210242084
-.380000  0.100000    0.0000004652166564
-.340000  0.100000    0.0000004939824335
-.300000  0.100000    0.0000005063395694
-.260000  0.100000    0.0000004948236597
-.220000  0.100000    0.0000004607945476
-.180000  0.100000    0.0000003961015636
-.140000  0.100000    0.0000007135969102
-.100000  0.100000    0.0000005712838205
-.060000  0.100000    0.0000003141014131
-.020000  0.100000    0.0000004688661003
0.020000  0.100000    0.0000003845856993
0.060000  0.100000    0.0000001251196118
0.100000  0.100000    0.0000001732748055
0.140000  0.100000    0.0000000980169221
0.180000  0.100000   -0.0000001457546029
0.220000  0.100000   -0.0000002181996301
0.260000  0.100000   -0.0000003054570938
0.300000  0.100000   -0.0000003711612064
0.340000  0.100000   -0.0000005081851910
0.380000  0.100000   -0.0000006122857421
0.420000  0.100000   -0.0000005804278940
0.460000  0.100000   -0.0000006705001939
0.500000  0.100000   -0.0000007924633994
0.540000  0.100000   -0.0000008884968526
0.580000  0.100000   -0.0000009182966154
0.620000  0.100000   -0.0000009662697208
0.660000  0.100000   -0.0000009749961137
0.700000  0.100000   -0.0000009701793819
0.740000  0.100000   -0.0000009329712146
0.780000  0.100000   -0.0000008704581111
0.820000  0.100000   -0.0000007487670540
0.860000  0.100000   -0.0000005831961020
0.900000  0.100000   -0.0000003744158277
0.940000  0.100000   -0.0000000507933269
0.980000  0.100000    0.0000002581699202
-.860000  0.140000   -0.0000000635811030
-.820000  0.140000   -0.0000001551232762
-.780000  0.140000   -0.0000001842562927
-.740000  0.140000   -0.0000001706780259
-.700000  0.140000   -0.0000001039141645
-.660000  0.140000   -0.0000000188444280
-.620000  0.140000    0.0000000937247752
-.580000  0.140000    0.0000002205735192
-.540000  0.140000    0.0000002843688499
-.500000  0.140000    0.0000003783786745
-.460000  0.140000    0.0000004634518974
-.420000  0.140000    0.0000005305525151
-.380000  0.140000    0.0000005776206455
-.340000  0.140000    0.0000006041475097
-.300000  0.140000    0.0000006000642626
-.260000  0.140000    0.0000008890474405
-.220000  0.140000    0.0000008445893946
-.180000  0.140000    0.0000007483798135
-.140000  0.140000    0.0000005871238668
-.100000  0.140000    0.0000009003839517
-.060000  0.140000    0.0000005226097051
-.020000  0.140000    0.0000006009149567
0.020000  0.140000    0.0000004907015825
0.060000  0.140000    0.0000002400651541
0.100000  0.140000    0.0000002855335384
0.140000  0.140000   -0.0000000350109272
0.180000  0.140000   -0.0000001052119398
0.220000  0.140000   -0.0000002326980319
0.260000  0.140000   -0.0000003703378702
0.300000  0.140000   -0.0000005781356832
0.340000  0.140000   -0.0000006621741132
0.380000  0.140000   -0.0000008172342067
0.420000  0.140000   -0.0000009524805408
0.460000  0.140000   -0.0000010482853562
0.500000  0.140000   -0.0000011272354756
0.540000  0.140000   -0.0000011932459884
0.580000  0.140000   -0.0000012819359993
0.620000  0.140000   -0.0000013224726804
0.660000  0.140000   -0.0000013367061417
0.700000  0.140000   -0.0000013314873970
0.740000  0.140000   -0.0000012739662825
0.780000  0.140000   -0.0000011872645739
0.820000  0.140000   -0.0000010176681469
0.860000  0.140000   -0.0000007813209620
0.900000  0.140000   -0.0000004247501985
0.940000  0.140000   -0.0000000205298755
0.980000  0.140000    0.0000004095064996
-.860000  0.180000   -0.0000000585052844
-.820000  0.180000   -0.0000001857588554
-.780000  0.180000   -0.0000002423956123
-.740000  0.180000   -0.0000002245893940
-.700000  0.180000   -0.0000001518986970
-.660000  0.180000   -0.0000000434945389
-.620000  0.180000    0.0000000844061891
-.580000  0.180000    0.0000002318256836
-.540000  0.180000    0.0000003831755237
-.500000  0.180000    0.0000005300152611
-.460000  0.180000    0.0000006662783738
-.420000  0.180000    0.0000007775864291
-.380000  0.180000    0.0000008573486992
-.340000  0.180000    0.0000009057173735
-.300000  0.180000    0.0000009133045331
-.260000  0.180000    0.0000008730453165
-.220000  0.180000    0.0000007795727861
-.180000  0.180000    0.0000011153184299
-.140000  0.180000    0.0000008822952783
-.100000  0.180000    0.0000005620417033
-.060000  0.180000    0.0000006994121811
-.020000  0.180000    0.0000007188799600
0.020000  0.180000    0.0000005808806577
0.060000  0.180000    0.0000003306581865
0.100000  0.180000    0.0000000197032211
0.140000  0.180000    0.0000000313291404
0.180000  0.180000   -0.0000000873844673
0.220000  0.180000   -0.0000003964807557
0.260000  0.180000   -0.0000005113650858
0.300000  0.180000   -0.0000006769283671
0.340000  0.180000   -0.0000008457225663
0.380000  0.180000   -0.0000009973506359
0.420000  0.180000   -0.0000011505214341
0.460000  0.180000   -0.0000012944585251
0.500000  0.180000   -0.0000014212909397
0.540000  0.180000   -0.0000015283954006
0.580000  0.180000   -0.0000016063168261
0.620000  0.180000   -0.0000016587499328
0.660000  0.180000   -0.0000016824462672
0.700000  0.180000   -0.0000016519810830
0.740000  0.180000   -0.0000015818820697
0.780000  0.180000   -0.0000014328281501
0.820000  0.180000   -0.0000011948952560
0.860000  0.180000   -0.0000008750815963
0.900000  0.180000   -0.0000004794875677
0.940000  0.180000    0.0000000923023271
0.980000  0.180000    0.0000005606613852
-.860000  0.220000   -0.0000000394828349
-.820000  0.220000   -0.0000002068752574
-.780000  0.220000   -0.0000002886147810
-.740000  0.220000   -0.0000002842732586
-.700000  0.220000   -0.0000002105951974
-.660000  0.220000   -0.0000000822563308
-.620000  0.220000    0.0000000674104007
-.580000  0.220000    0.0000002232535065
-.540000  0.220000    0.0000003871317008
-.500000  0.220000    0.0000005426798598
-.460000  0.220000    0.0000006811101990
-.420000  0.220000    0.0000007917316562
-.380000  0.220000    0.0000008663686758
-.340000  0.220000    0.0000008996211817
-.300000  0.220000    0.0000008831639311
-.260000  0.220000    0.0000012008919640
-.220000  0.220000    0.0000010798648410
-.180000  0.220000    0.0000008846906519
-.140000  0.220000    0.0000011442329047
-.100000  0.220000    0.0000007569479179
-.060000  0.220000    0.0000008469566003
-.020000  0.220000    0.0000008196586541
0.020000  0.220000    0.0000006578236919
0.060000  0.220000    0.0000003996086414
0.100000  0.220000    0.0000000872341297
0.140000  0.220000    0.0000000722033933
0.180000  0.220000   -0.0000002799940822
0.220000  0.220000   -0.0000004089920993
0.260000  0.220000   -0.0000005838286433
0.300000  0.220000   -0.0000008729491855
0.340000  0.220000   -0.0000010421127478
0.380000  0.220000   -0.0000012159400588
0.420000  0.220000   -0.0000013876576648
0.460000  0.220000   -0.0000015474297169
0.500000  0.220000   -0.0000016909881621
0.540000  0.220000   -0.0000018115970077
0.580000  0.220000   -0.0000019086057033
0.620000  0.220000   -0.0000019695303694
0.660000  0.220000   -0.0000019889147531
0.700000  0.220000   -0.0000019500602892
0.740000  0.220000   -0.0000018277212761
0.780000  0.220000   -0.0000016647898114
0.820000  0.220000   -0.0000013695883539
0.860000  0.220000   -0.0000009710698866
0.900000  0.220000   -0.0000003980087527
0.940000  0.220000    0.0000002711974498
-.860000  0.260000   -0.0000000014884665
-.820000  0.260000   -0.0000002052769851
-.780000  0.260000   -0.0000003306171190
-.740000  0.260000   -0.0000003471784114
-.700000  0.260000   -0.0000002734110249
-.660000  0.260000   -0.0000001421903173
-.620000  0.260000    0.0000000285529346
-.580000  0.260000    0.0000002322243647
-.540000  0.260000    0.0000004458579695
-.500000  0.260000    0.0000006516939995
-.460000  0.260000    0.0000008342995216
-.420000  0.260000    0.0000009819418906
-.380000  0.260000    0.0000010856750603
-.340000  0.260000    0.0000011344256641
-.300000  0.260000    0.0000011232584577
-.260000  0.260000    0.0000010455877307
-.220000  0.260000    0.0000013505675434
-.180000  0.260000    0.0000011174213082
-.140000  0.260000    0.0000013562507246
-.100000  0.260000    0.0000009229129518
-.060000  0.260000    0.0000009692416118
-.020000  0.260000    0.0000009057172987
0.020000  0.260000    0.0000007206148973
0.060000  0.260000    0.0000004549162067
0.100000  0.260000    0.0000001323764424
0.140000  0.260000    0.0000000929145625
0.180000  0.260000   -0.0000002715542920
0.220000  0.260000   -0.0000004365898815
0.260000  0.260000   -0.0000007767395796
0.300000  0.260000   -0.0000009580634837
0.340000  0.260000   -0.0000011722451824
0.380000  0.260000   -0.0000013899960886
0.420000  0.260000   -0.0000015991486291
0.460000  0.260000   -0.0000017885528923
0.500000  0.260000   -0.0000019550688962
0.540000  0.260000   -0.0000020863828833
0.580000  0.260000   -0.0000021888604971
0.620000  0.260000   -0.0000022389375700
0.660000  0.260000   -0.0000022462413621
0.700000  0.260000   -0.0000021801418768
0.740000  0.260000   -0.0000020444740148
0.780000  0.260000   -0.0000017823352236
0.820000  0.260000   -0.0000014058328491
0.860000  0.260000   -0.0000009098137197
0.900000  0.260000   -0.0000002326583361
0.940000  0.260000    0.0000005357881869
-.820000  0.300000   -0.0000001821596443
-.780000  0.300000   -0.0000003507099842
-.740000  0.300000   -0.0000004073844164
-.700000  0.300000   -0.0000003490011014
-.660000  0.300000   -0.0000002144942424
-.620000  0.300000   -0.0000000259599133
-.580000  0.300000    0.0000001705985890
-.540000  0.300000    0.0000003802087206
-.500000  0.300000    0.0000005812113615
-.460000  0.300000    0.0000007615978301
-.420000  0.300000    0.0000009035727752
-.380000  0.300000    0.0000009949612366
-.340000  0.300000    0.0000013454065774
-.300000  0.300000    0.0000013329962969
-.260000  0.300000    0.0000012477765410
-.220000  0.300000    0.0000010901922113
-.180000  0.300000    0.0000013046410261
-.140000  0.300000    0.0000009670695059
-.100000  0.300000    0.0000010512548737
-.060000  0.300000    0.0000010618323009
-.020000  0.300000    0.0000009634047162
0.020000  0.300000    0.0000007645311196
0.060000  0.300000    0.0000004887778773
0.100000  0.300000    0.0000001637619379
0.140000  0.300000   -0.0000001994182055
0.180000  0.300000   -0.0000002794035503
0.220000  0.300000   -0.0000006703420761
0.260000  0.300000   -0.0000008265490422
0.300000  0.300000   -0.0000010554109228
0.340000  0.300000   -0.0000013064626669
0.380000  0.300000   -0.0000015875322805
0.420000  0.300000   -0.0000017941321940
0.460000  0.300000   -0.0000019910649669
0.500000  0.300000   -0.0000021649602325
0.540000  0.300000   -0.0000023083687302
0.580000  0.300000   -0.0000024147819537
0.620000  0.300000   -0.0000024792373913
0.660000  0.300000   -0.0000024465919133
0.700000  0.300000   -0.0000023676979577
0.740000  0.300000   -0.0000021553264935
0.780000  0.300000   -0.0000019037212120
0.820000  0.300000   -0.0000014509479811
0.860000  0.300000   -0.0000007545544690
0.900000  0.300000    0.0000000201274646
0.940000  0.300000    0.0000008573396615
-.820000  0.340000   -0.0000001244249672
-.780000  0.340000   -0.0000003580342324
-.740000  0.340000   -0.0000004486695289
-.700000  0.340000   -0.0000004314638482
-.660000  0.340000   -0.0000002924892509
-.620000  0.340000   -0.0000001164248282
-.580000  0.340000    0.0000001092447699
-.540000  0.340000    0.0000003553363169
-.500000  0.340000    0.0000005969786823
-.460000  0.340000    0.0000008112494301
-.420000  0.340000    0.0000009847729425
-.380000  0.340000    0.0000011045169532
-.340000  0.340000    0.0000011586990133
-.300000  0.340000    0.0000015003625530
-.260000  0.340000    0.0000014082255954
-.220000  0.340000    0.0000012386193099
-.180000  0.340000    0.0000014430793080
-.140000  0.340000    0.0000010892843389
-.100000  0.340000    0.0000011483710663
-.060000  0.340000    0.0000011291108422
-.020000  0.340000    0.0000010088430245
0.020000  0.340000    0.0000007980070442
0.060000  0.340000    0.0000005126389912
0.100000  0.340000    0.0000001771228331
0.140000  0.340000   -0.0000001889451478
0.180000  0.340000   -0.0000002967727922
0.220000  0.340000   -0.0000006934145759
0.260000  0.340000   -0.0000008851311922
0.300000  0.340000   -0.0000011487959652
0.340000  0.340000   -0.0000014791108512
0.380000  0.340000   -0.0000017143636595
0.420000  0.340000   -0.0000019481403419
0.460000  0.340000   -0.0000021652962714
0.500000  0.340000   -0.0000023520423799
0.540000  0.340000   -0.0000024984861672
0.580000  0.340000   -0.0000025962933331
0.620000  0.340000   -0.0000026345109206
0.660000  0.340000   -0.0000026206512138
0.700000  0.340000   -0.0000024543838365
0.740000  0.340000   -0.0000022552520005
0.780000  0.340000   -0.0000018477742007
0.820000  0.340000   -0.0000012986728341
0.860000  0.340000   -0.0000004957622861
0.900000  0.340000    0.0000004248898641
0.940000  0.340000    0.0000009529814318
-.820000  0.380000   -0.0000000292177671
-.780000  0.380000   -0.0000003266845635
-.740000  0.380000   -0.0000004871568283
-.700000  0.380000   -0.0000005058519290
-.660000  0.380000   -0.0000004003407702
-.620000  0.380000   -0.0000002202811306
-.580000  0.380000    0.0000000256652734
-.540000  0.380000    0.0000002989688349
-.500000  0.380000    0.0000005725363276
-.460000  0.380000    0.0000008201853776
-.420000  0.380000    0.0000010220978302
-.380000  0.380000    0.0000011631481182
-.340000  0.380000    0.0000012382229766
-.300000  0.380000    0.0000012373845152
-.260000  0.380000    0.0000015103047853
-.220000  0.380000    0.0000013437889413
-.180000  0.380000    0.0000015287613674
-.140000  0.380000    0.0000011771061424
-.100000  0.380000    0.0000012075984219
-.060000  0.380000    0.0000011618322954
-.020000  0.380000    0.0000010263610508
0.020000  0.380000    0.0000008045202629
0.060000  0.380000    0.0000005187717479
0.100000  0.380000    0.0000001809332168
0.140000  0.380000   -0.0000001929048580
0.180000  0.380000   -0.0000003231886861
0.220000  0.380000   -0.0000007212463592
0.260000  0.380000   -0.0000009429641732
0.300000  0.380000   -0.0000013269740971
0.340000  0.380000   -0.0000015654311605
0.380000  0.380000   -0.0000018264762556
0.420000  0.380000   -0.0000020785961680
0.460000  0.380000   -0.0000023084750314
0.500000  0.380000   -0.0000025013072237
0.540000  0.380000   -0.0000026407995363
0.580000  0.380000   -0.0000027206128288
0.620000  0.380000   -0.0000027307708811
0.660000  0.380000   -0.0000026735845797
0.700000  0.380000   -0.0000024473882344
0.740000  0.380000   -0.0000021816834551
0.780000  0.380000   -0.0000016822946449
0.820000  0.380000   -0.0000010378220214
0.860000  0.380000   -0.0000001317920769
0.900000  0.380000    0.0000008888466577
-.780000  0.420000   -0.0000002451316863
-.740000  0.420000   -0.0000004888064740
-.700000  0.420000   -0.0000005512529285
-.660000  0.420000   -0.0000005063708411
-.620000  0.420000   -0.0000003395129314
-.580000  0.420000   -0.0000000996696370
-.540000  0.420000    0.0000001465705138
-.500000  0.420000    0.0000004011190441
-.460000  0.420000    0.0000006374711089
-.420000  0.420000    0.0000008377609330
-.380000  0.420000    0.0000011693823907
-.340000  0.420000    0.0000012610306669
-.300000  0.420000    0.0000012789522680
-.260000  0.420000    0.0000015519186912
-.220000  0.420000    0.0000013931014050
-.180000  0.420000    0.0000015636691813
-.140000  0.420000    0.0000012219368803
-.100000  0.420000    0.0000012364258506
-.060000  0.420000    0.0000011731527587
-.020000  0.420000    0.0000010276260605
0.020000  0.420000    0.0000007982103592
0.060000  0.420000    0.0000005054077634
0.100000  0.420000    0.0000001701714612
0.140000  0.420000   -0.0000002040354163
0.180000  0.420000   -0.0000003521734404
0.220000  0.420000   -0.0000007527061936
0.260000  0.420000   -0.0000009942120467
0.300000  0.420000   -0.0000013798751320
0.340000  0.420000   -0.0000016370450962
0.380000  0.420000   -0.0000019151075193
0.420000  0.420000   -0.0000022225365441
0.460000  0.420000   -0.0000024301077211
0.500000  0.420000   -0.0000026063732154
0.540000  0.420000   -0.0000027388687197
0.580000  0.420000   -0.0000028122021654
0.620000  0.420000   -0.0000027447663458
0.660000  0.420000   -0.0000026349411754
0.700000  0.420000   -0.0000024477477282
0.740000  0.420000   -0.0000019988925757
0.780000  0.420000   -0.0000014033707356
0.820000  0.420000   -0.0000005252221035
0.860000  0.420000    0.0000004364232161
0.900000  0.420000    0.0000013585492382
-.780000  0.460000   -0.0000001023034532
-.740000  0.460000   -0.0000004388413793
-.700000  0.460000   -0.0000006023284907
-.660000  0.460000   -0.0000006036823609
-.620000  0.460000   -0.0000004700379245
-.580000  0.460000   -0.0000002459043215
-.540000  0.460000    0.0000000047224203
-.500000  0.460000    0.0000002753126357
-.460000  0.460000    0.0000005367295270
-.420000  0.460000    0.0000007619515096
-.380000  0.460000    0.0000011039771449
-.340000  0.460000    0.0000012233184429
-.300000  0.460000    0.0000012660338583
-.260000  0.460000    0.0000015281993478
-.220000  0.460000    0.0000013958359602
-.180000  0.460000    0.0000015420383255
-.140000  0.460000    0.0000012291866394
-.100000  0.460000    0.0000012280463462
-.060000  0.460000    0.0000011526424289
-.020000  0.460000    0.0000010008789003
0.020000  0.460000    0.0000007744147843
0.060000  0.460000    0.0000004814765805
0.100000  0.460000    0.0000001476358417
0.140000  0.460000   -0.0000002240967887
0.180000  0.460000   -0.0000003796721949
0.220000  0.460000   -0.0000007814564562
0.260000  0.460000   -0.0000010341379566
0.300000  0.460000   -0.0000014202061739
0.340000  0.460000   -0.0000016857389010
0.380000  0.460000   -0.0000019693048836
0.420000  0.460000   -0.0000022676520792
0.460000  0.460000   -0.0000024691425851
0.500000  0.460000   -0.0000026329148613
0.540000  0.460000   -0.0000027459002286
0.580000  0.460000   -0.0000027870030017
0.620000  0.460000   -0.0000026653622547
0.660000  0.460000   -0.0000024964496713
0.700000  0.460000   -0.0000021173484059
0.740000  0.460000   -0.0000017022483633
0.780000  0.460000   -0.0000010121698464
0.820000  0.460000   -0.0000000185957556
0.860000  0.460000    0.0000010887025552
-.740000  0.500000   -0.0000003129809731
-.700000  0.500000   -0.0000005916790219
-.660000  0.500000   -0.0000006743353287
-.620000  0.500000   -0.0000006016085249
-.580000  0.500000   -0.0000004032623941
-.540000  0.500000   -0.0000001637846248
-.500000  0.500000    0.0000001113617148
-.460000  0.500000    0.0000003882306828
-.420000  0.500000    0.0000006386101716
-.380000  0.500000    0.0000009778923918
-.340000  0.500000    0.0000011258682359
-.300000  0.500000    0.0000011955298329
-.260000  0.500000    0.0000014490311916
-.220000  0.500000    0.0000013453045383
-.180000  0.500000    0.0000014820006293
-.140000  0.500000    0.0000012018628823
-.100000  0.500000    0.0000011867160786
-.060000  0.500000    0.0000011069622960
-.020000  0.500000    0.0000009497572773
0.020000  0.500000    0.0000007275513915
0.060000  0.500000    0.0000004443668838
0.100000  0.500000    0.0000001161167547
0.140000  0.500000   -0.0000002500038058
0.180000  0.500000   -0.0000004082723962
0.220000  0.500000   -0.0000008060257620
0.260000  0.500000   -0.0000010590135089
0.300000  0.500000   -0.0000014426383016
0.340000  0.500000   -0.0000017046171743
0.380000  0.500000   -0.0000019837085642
0.420000  0.500000   -0.0000022706392673
0.460000  0.500000   -0.0000024577719907
0.500000  0.500000   -0.0000025973377655
0.540000  0.500000   -0.0000026749368639
0.580000  0.500000   -0.0000026786431749
0.620000  0.500000   -0.0000024823849658
0.660000  0.500000   -0.0000022485299691
0.700000  0.500000   -0.0000017671536394
0.740000  0.500000   -0.0000011210255480
0.780000  0.500000   -0.0000003164089122
0.820000  0.500000    0.0000006974484222
0.860000  0.500000    0.0000016326025341
-.740000  0.540000   -0.0000001058321349
-.700000  0.540000   -0.0000005036204423
-.660000  0.540000   -0.0000006928608862
-.620000  0.540000   -0.0000007117948257
-.580000  0.540000   -0.0000005539974645
-.540000  0.540000   -0.0000003458095177
-.500000  0.540000   -0.0000000807480265
-.460000  0.540000    0.0000002012759425
-.420000  0.540000    0.0000004673838163
-.380000  0.540000    0.0000007925601714
-.340000  0.540000    0.0000009672179620
-.300000  0.540000    0.0000010722627306
-.260000  0.540000    0.0000013084800888
-.220000  0.540000    0.0000012466308147
-.180000  0.540000    0.0000013688362626
-.140000  0.540000    0.0000011349091413
-.100000  0.540000    0.0000011150290899
-.060000  0.540000    0.0000010323690953
-.020000  0.540000    0.0000008823135040
0.020000  0.540000    0.0000006664130398
0.060000  0.540000    0.0000003939056068
0.100000  0.540000    0.0000000772040313
0.140000  0.540000   -0.0000002795460221
0.180000  0.540000   -0.0000004325074540
0.220000  0.540000   -0.0000008223500271
0.260000  0.540000   -0.0000010639681506
0.300000  0.540000   -0.0000014422154486
0.340000  0.540000   -0.0000016882564079
0.380000  0.540000   -0.0000019485255346
0.420000  0.540000   -0.0000022269321021
0.460000  0.540000   -0.0000023837797440
0.500000  0.540000   -0.0000024903930208
0.540000  0.540000   -0.0000025258409825
0.580000  0.540000   -0.0000024799259509
0.620000  0.540000   -0.0000021836800666
0.660000  0.540000   -0.0000018907947059
0.700000  0.540000   -0.0000012991219717
0.740000  0.540000   -0.0000005531364834
0.780000  0.540000    0.0000004640872366
0.820000  0.540000    0.0000015269958259
-.700000  0.580000   -0.0000002980174640
-.660000  0.580000   -0.0000006449817462
-.620000  0.580000   -0.0000007693713622
-.580000  0.580000   -0.0000007266029937
-.540000  0.580000   -0.0000005237472639
-.500000  0.580000   -0.0000002873919317
-.460000  0.580000   -0.0000000128620728
-.420000  0.580000    0.0000002629081441
-.380000  0.580000    0.0000005574496752
-.340000  0.580000    0.0000007620094818
-.300000  0.580000    0.0000009048918702
-.260000  0.580000    0.0000011230583778
-.220000  0.580000    0.0000011081267338
-.180000  0.580000    0.0000012189059105
-.140000  0.580000    0.0000012860762724
-.100000  0.580000    0.0000010159064882
-.060000  0.580000    0.0000009338533935
-.020000  0.580000    0.0000007945182114
0.020000  0.580000    0.0000005896782096
0.060000  0.580000    0.0000003330300592
0.100000  0.580000    0.0000000321258384
0.140000  0.580000   -0.0000000942199512
0.180000  0.580000   -0.0000004509125590
0.220000  0.580000   -0.0000008280724352
0.260000  0.580000   -0.0000010475457145
0.300000  0.580000   -0.0000014161159069
0.340000  0.580000   -0.0000016334147396
0.380000  0.580000   -0.0000018575436828
0.420000  0.580000   -0.0000021299580657
0.460000  0.580000   -0.0000022466680061
0.500000  0.580000   -0.0000023068094827
0.540000  0.580000   -0.0000022894227767
0.580000  0.580000   -0.0000020349675030
0.620000  0.580000   -0.0000017788517505
0.660000  0.580000   -0.0000012387788695
0.700000  0.580000   -0.0000005469413799
0.740000  0.580000    0.0000002783115298
0.780000  0.580000    0.0000013571245586
-.660000  0.620000   -0.0000004648300734
-.620000  0.620000   -0.0000007476205482
-.580000  0.620000   -0.0000008144742734
-.540000  0.620000   -0.0000007286815330
-.500000  0.620000   -0.0000005271890100
-.460000  0.620000   -0.0000002641219789
-.420000  0.620000    0.0000000208784797
-.380000  0.620000    0.0000002896519600
-.340000  0.620000    0.0000005240883676
-.300000  0.620000    0.0000007052110759
-.260000  0.620000    0.0000009021597667
-.220000  0.620000    0.0000009404062232
-.180000  0.620000    0.0000010402816533
-.140000  0.620000    0.0000011042908920
-.100000  0.620000    0.0000011078172729
-.060000  0.620000    0.0000008177996260
-.020000  0.620000    0.0000006906082074
0.020000  0.620000    0.0000005023230922
0.060000  0.620000    0.0000002648467899
0.100000  0.620000    0.0000001857700789
0.140000  0.620000   -0.0000001272418431
0.180000  0.620000   -0.0000004628398204
0.220000  0.620000   -0.0000008218005176
0.260000  0.620000   -0.0000010072554086
0.300000  0.620000   -0.0000013633785117
0.340000  0.620000   -0.0000015391089688
0.380000  0.620000   -0.0000017110435107
0.420000  0.620000   -0.0000018499676682
0.460000  0.620000   -0.0000019279529389
0.500000  0.620000   -0.0000019169342344
0.540000  0.620000   -0.0000018046229760
0.580000  0.620000   -0.0000015887952852
0.620000  0.620000   -0.0000011042798688
0.660000  0.620000   -0.0000006335173860
0.700000  0.620000    0.0000003149264460
0.740000  0.620000    0.0000012648926488
0.780000  0.620000    0.0000019801306300
-.660000  0.660000   -0.0000001145255175
-.620000  0.660000   -0.0000005862220606
-.580000  0.660000   -0.0000008239971238
-.540000  0.660000   -0.0000008359574500
-.500000  0.660000   -0.0000007260610337
-.460000  0.660000   -0.0000005170279511
-.420000  0.660000   -0.0000002558886166
-.380000  0.660000    0.0000000142178349
-.340000  0.660000    0.0000002687943519
-.300000  0.660000    0.0000005031197683
-.260000  0.660000    0.0000006571766686
-.220000  0.660000    0.0000008311917660
-.180000  0.660000    0.0000008402191530
-.140000  0.660000    0.0000009030893025
-.100000  0.660000    0.0000009151179000
-.060000  0.660000    0.0000008674636760
-.020000  0.660000    0.0000007566602825
0.020000  0.660000    0.0000005941064716
0.060000  0.660000    0.0000003809560614
0.100000  0.660000    0.0000001307234641
0.140000  0.660000   -0.0000001522541638
0.180000  0.660000   -0.0000004628653505
0.220000  0.660000   -0.0000006273709779
0.260000  0.660000   -0.0000009406821182
0.300000  0.660000   -0.0000011161908722
0.340000  0.660000   -0.0000014058887866
0.380000  0.660000   -0.0000015159864091
0.420000  0.660000   -0.0000015864917634
0.460000  0.660000   -0.0000015926522681
0.500000  0.660000   -0.0000015139676421
0.540000  0.660000   -0.0000013407452479
0.580000  0.660000   -0.0000008852383667
0.620000  0.660000   -0.0000004669304360
0.660000  0.660000    0.0000004196362337
0.700000  0.660000    0.0000013066073808
0.740000  0.660000    0.0000020947636218
-.620000  0.700000   -0.0000002201508209
-.580000  0.700000   -0.0000006695186304
-.540000  0.700000   -0.0000008708150109
-.500000  0.700000   -0.0000008776236760
-.460000  0.700000   -0.0000007449718827
-.420000  0.700000   -0.0000004934707840
-.380000  0.700000   -0.0000002787946150
-.340000  0.700000   -0.0000000229113457
-.300000  0.700000    0.0000002107073726
-.260000  0.700000    0.0000004301671453
-.220000  0.700000    0.0000005587410971
-.180000  0.700000    0.0000006975046847
-.140000  0.700000    0.0000006882263558
-.100000  0.700000    0.0000007118869007
-.060000  0.700000    0.0000006849197996
-.020000  0.700000    0.0000006020549772
0.020000  0.700000    0.0000004721238708
0.060000  0.700000    0.0000002945779663
0.100000  0.700000    0.0000000779684558
0.140000  0.700000   -0.0000001702641930
0.180000  0.700000   -0.0000002958545075
0.220000  0.700000   -0.0000005630561529
0.260000  0.700000   -0.0000007191711840
0.300000  0.700000   -0.0000009637071508
0.340000  0.700000   -0.0000010687602527
0.380000  0.700000   -0.0000011421771371
0.420000  0.700000   -0.0000012783911728
0.460000  0.700000   -0.0000010762140436
0.500000  0.700000   -0.0000008953639323
0.540000  0.700000   -0.0000006096450795
0.580000  0.700000   -0.0000000641387788
0.620000  0.700000    0.0000006021090224
0.660000  0.700000    0.0000014253012307
0.700000  0.700000    0.0000021591642596
-.580000  0.740000   -0.0000002775336485
-.540000  0.740000   -0.0000007151312146
-.500000  0.740000   -0.0000008995742428
-.460000  0.740000   -0.0000008808951550
-.420000  0.740000   -0.0000007532763087
-.380000  0.740000   -0.0000005471344930
-.340000  0.740000   -0.0000003032315121
-.300000  0.740000   -0.0000000938074207
-.260000  0.740000    0.0000001210308505
-.220000  0.740000    0.0000003098893092
-.180000  0.740000    0.0000004260389622
-.140000  0.740000    0.0000005263520155
-.100000  0.740000    0.0000005829235327
-.060000  0.740000    0.0000005032103504
-.020000  0.740000    0.0000004485883180
0.020000  0.740000    0.0000003507178402
0.060000  0.740000    0.0000002114621156
0.100000  0.740000    0.0000001528410096
0.140000  0.740000   -0.0000000370569576
0.180000  0.740000   -0.0000002491737322
0.220000  0.740000   -0.0000003619770066
0.260000  0.740000   -0.0000005632142634
0.300000  0.740000   -0.0000006454982451
0.340000  0.740000   -0.0000008121045126
0.380000  0.740000   -0.0000007962638430
0.420000  0.740000   -0.0000007190761614
0.460000  0.740000   -0.0000005674672281
0.500000  0.740000   -0.0000001644532343
0.540000  0.740000    0.0000002071731881
0.580000  0.740000    0.0000008220084887
0.620000  0.740000    0.0000015948444500
0.660000  0.740000    0.0000022289304143
-.540000  0.780000   -0.0000002581631188
-.500000  0.780000   -0.0000007123285874
-.460000  0.780000   -0.0000008933679421
-.420000  0.780000   -0.0000009041744584
-.380000  0.780000   -0.0000007893844428
-.340000  0.780000   -0.0000005989588485
-.300000  0.780000   -0.0000003734621092
-.260000  0.780000   -0.0000001864380544
-.220000  0.780000    0.0000000131707745
-.180000  0.780000    0.0000001670428378
-.140000  0.780000    0.0000002759900797
-.100000  0.780000    0.0000003478871673
-.060000  0.780000    0.0000003812080316
-.020000  0.780000    0.0000003744475295
0.020000  0.780000    0.0000003255299820
0.060000  0.780000    0.0000002400669936
0.100000  0.780000    0.0000001225253999
0.140000  0.780000   -0.0000000239122674
0.180000  0.780000   -0.0000000738876637
0.220000  0.780000   -0.0000002255771234
0.260000  0.780000   -0.0000002629241645
0.300000  0.780000   -0.0000003906777327
0.340000  0.780000   -0.0000003491378621
0.380000  0.780000   -0.0000002568039381
0.420000  0.780000   -0.0000000934780764
0.460000  0.780000    0.0000001414652539
0.500000  0.780000    0.0000006399519667
0.540000  0.780000    0.0000011899172932
0.580000  0.780000    0.0000018434124578
0.620000  0.780000    0.0000022149671212
-.500000  0.820000   -0.0000001491342620
-.460000  0.820000   -0.0000006482378205
-.420000  0.820000   -0.0000008703379460
-.380000  0.820000   -0.0000009021825265
-.340000  0.820000   -0.0000008115854171
-.300000  0.820000   -0.0000006436494151
-.260000  0.820000   -0.0000004800653068
-.220000  0.820000   -0.0000002813971959
-.180000  0.820000   -0.0000001136045184
-.140000  0.820000    0.0000000352967437
-.100000  0.820000    0.0000001418417637
-.060000  0.820000    0.0000002165007111
-.020000  0.820000    0.0000002550125159
0.020000  0.820000    0.0000002615886984
0.060000  0.820000    0.0000002357416212
0.100000  0.820000    0.0000001846793473
0.140000  0.820000    0.0000001126345111
0.180000  0.820000    0.0000001078751124
0.220000  0.820000    0.0000000417774848
0.260000  0.820000    0.0000000721308357
0.300000  0.820000    0.0000000345125352
0.340000  0.820000    0.0000001543992627
0.380000  0.820000    0.0000003292704650
0.420000  0.820000    0.0000007004354306
0.460000  0.820000    0.0000010240381901
0.500000  0.820000    0.0000015024941074
0.540000  0.820000    0.0000020828914637
-.420000  0.860000   -0.0000004763407747
-.380000  0.860000   -0.0000007856059674
-.340000  0.860000   -0.0000008728547909
-.300000  0.860000   -0.0000008284864821
-.260000  0.860000   -0.0000007037197390
-.220000  0.860000   -0.0000005332739344
-.180000  0.860000   -0.0000003756366975
-.140000  0.860000   -0.0000002062176102
-.100000  0.860000   -0.0000000733737348
-.060000  0.860000    0.0000000377249491
-.020000  0.860000    0.0000001257897086
0.020000  0.860000    0.0000001866378413
0.060000  0.860000    0.0000002247026475
0.100000  0.860000    0.0000002437130658
0.140000  0.860000    0.0000002451151006
0.180000  0.860000    0.0000003134252545
0.220000  0.860000    0.0000003231869498
0.260000  0.860000    0.0000004371007013
0.300000  0.860000    0.0000005899438040
0.340000  0.860000    0.0000007895004677
0.380000  0.860000    0.0000010351937016
0.420000  0.860000    0.0000014263619578
0.460000  0.860000    0.0000018642828369
0.500000  0.860000    0.0000020885175956
-.380000  0.900000   -0.0000001136484299
-.340000  0.900000   -0.0000005482738833
-.300000  0.900000   -0.0000007546116684
-.260000  0.900000   -0.0000007729684968
-.220000  0.900000   -0.0000006977983421
-.180000  0.900000   -0.0000005650357632
-.140000  0.900000   -0.0000004167945623
-.100000  0.900000   -0.0000002630821713
-.060000  0.900000   -0.0000001229094357
-.020000  0.900000    0.0000000051945336
0.020000  0.900000    0.0000001181829747
0.060000  0.900000    0.0000002161137626
0.100000  0.900000    0.0000002974472785
0.140000  0.900000    0.0000004303728841
0.180000  0.900000    0.0000005099861430
0.220000  0.900000    0.0000006731040826
0.260000  0.900000    0.0000008603451432
0.300000  0.900000    0.0000010723114567
0.340000  0.900000    0.0000013819072658
0.380000  0.900000    0.0000016717961243
0.420000  0.900000    0.0000018556094243
-.300000  0.940000   -0.0000000479550150
-.260000  0.940000   -0.0000004172943420
-.220000  0.940000   -0.0000005898883327
-.180000  0.940000   -0.0000005875189269
-.140000  0.940000   -0.0000005153635394
-.100000  0.940000   -0.0000003694778780
-.060000  0.940000   -0.0000002456059565
-.020000  0.940000   -0.0000000860980924
0.020000  0.940000    0.0000000691682906
0.060000  0.940000    0.0000002166426357
0.100000  0.940000    0.0000004138592218
0.140000  0.940000    0.0000005514837203
0.180000  0.940000    0.0000007554941544
0.220000  0.940000    0.0000009575758134
0.260000  0.940000    0.0000012163521450
0.300000  0.940000    0.0000013937844432
0.340000  0.940000    0.0000011544863152
-.140000  0.980000   -0.0000002167560725
-.100000  0.980000   -0.0000002259599994
-.060000  0.980000   -0.0000001840140839
-.020000  0.980000   -0.0000001216429594
0.020000  0.980000    0.0000000268970375
0.060000  0.980000    0.0000002555371830
0.100000  0.980000    0.0000004573999979
0.140000  0.980000    0.0000005911397604
0.180000  0.980000    0.0000007051919624
