-.140000  -.980000   -0.0000003541393488
-.100000  -.980000   -0.0000000986577083
-.060000  -.980000    0.0000002064841147
-.020000  -.980000    0.0000004425065695
0.020000  -.980000    0.0000005359300892
0.060000  -.980000    0.0000005509834932
0.100000  -.980000    0.0000004919233351
0.140000  -.980000    0.0000002577873647
0.180000  -.980000   -0.0000004014233037
-.300000  -.940000   -0.0000001596462383
-.260000  -.940000   -0.0000002533154009
-.220000  -.940000    0.0000001374538001
-.180000  -.940000    0.0000003999386305
-.140000  -.940000    0.0000006180336957
-.100000  -.940000    0.0000007264184034
-.060000  -.940000    0.0000008059820776
-.020000  -.940000    0.0000008438068664
0.020000  -.940000    0.0000008598372331
0.060000  -.940000    0.0000008421519922
0.100000  -.940000    0.0000009778464874
0.140000  -.940000    0.0000008697134091
0.180000  -.940000    0.0000009277242457
0.220000  -.940000    0.0000008811739883
0.260000  -.940000    0.0000008855857639
0.300000  -.940000    0.0000004307380019
0.340000  -.940000   -0.0000013111259296
-.380000  -.900000   -0.0000002232571771
-.340000  -.900000   -0.0000002634072070
-.300000  -.900000    0.0000000813075702
-.260000  -.900000    0.0000002734567601
-.220000  -.900000    0.0000004396237809
-.180000  -.900000    0.0000005419521348
-.140000  -.900000    0.0000005308293408
-.100000  -.900000    0.0000005021928587
-.060000  -.900000    0.0000004485429753
-.020000  -.900000    0.0000003971445794
0.020000  -.900000    0.0000003396814212
0.060000  -.900000    0.0000002659934501
0.100000  -.900000    0.0000001696427097
0.140000  -.900000    0.0000003812207849
0.180000  -.900000    0.0000002253140619
0.220000  -.900000    0.0000004126148285
0.260000  -.900000    0.0000005451408702
0.300000  -.900000    0.0000005513514311
0.340000  -.900000    0.0000007720636070
0.380000  -.900000    0.0000005202542288
0.420000  -.900000   -0.0000002695564272
-.420000  -.860000   -0.0000003015204967
-.380000  -.860000   -0.0000000770580549
-.340000  -.860000    0.0000000332310495
-.300000  -.860000    0.0000001584394327
-.260000  -.860000    0.0000002484892614
-.220000  -.860000    0.0000002800345967
-.180000  -.860000    0.0000001701429442
-.140000  -.860000    0.0000000842710695
-.100000  -.860000   -0.0000000439604835
-.060000  -.860000   -0.0000001492688632
-.020000  -.860000   -0.0000002445540434
0.020000  -.860000   -0.0000003378682837
0.060000  -.860000   -0.0000004371968010
0.100000  -.860000   -0.0000005494007837
0.140000  -.860000   -0.0000006804786090
0.180000  -.860000   -0.0000003953192755
0.220000  -.860000   -0.0000005823812676
0.260000  -.860000   -0.0000003059622043
0.300000  -.860000   -0.0000000650907567
0.340000  -.860000    0.0000000771536302
0.380000  -.860000    0.0000000449303043
0.420000  -.860000    0.0000002806569179
0.460000  -.860000    0.0000003907252247
0.500000  -.860000   -0.0000006382543503
-.500000  -.820000   -0.0000002006765072
-.460000  -.820000   -0.0000002751932935
-.420000  -.820000   -0.0000003002996352
-.380000  -.820000    0.0000000392589916
-.340000  -.820000    0.0000000948236849
-.300000  -.820000    0.0000001202647957
-.260000  -.820000   -0.0000000869178179
-.220000  -.820000   -0.0000001460573065
-.180000  -.820000   -0.0000003328526213
-.140000  -.820000   -0.0000004976544366
-.100000  -.820000   -0.0000006921960448
-.060000  -.820000   -0.0000008545986168
-.020000  -.820000   -0.0000009957874084
0.020000  -.820000   -0.0000011294475344
0.060000  -.820000   -0.0000012596774845
0.100000  -.820000   -0.0000013912704050
0.140000  -.820000   -0.0000015304049945
0.180000  -.820000   -0.0000012219170434
0.220000  -.820000   -0.0000013903395604
0.260000  -.820000   -0.0000010321605683
0.300000  -.820000   -0.0000012951689731
0.340000  -.820000   -0.0000010110786412
0.380000  -.820000   -0.0000008056516512
0.420000  -.820000   -0.0000000550721898
0.460000  -.820000   -0.0000002650620403
0.500000  -.820000   -0.0000002591863776
0.540000  -.820000   -0.0000001533950087
-.540000  -.780000   -0.0000003265371325
-.500000  -.780000   -0.0000003950226893
-.460000  -.780000   -0.0000001499425595
-.420000  -.780000   -0.0000001437757409
-.380000  -.780000   -0.0000001256253953
-.340000  -.780000   -0.0000001300836119
-.300000  -.780000   -0.0000001737173239
-.260000  -.780000   -0.0000004703482811
-.220000  -.780000   -0.0000005923200779
-.180000  -.780000   -0.0000008628556586
-.140000  -.780000   -0.0000010642995055
-.100000  -.780000   -0.0000013276106534
-.060000  -.780000   -0.0000015514322728
-.020000  -.780000   -0.0000017432989970
0.020000  -.780000   -0.0000019155249620
0.060000  -.780000   -0.0000020749616797
0.100000  -.780000   -0.0000022283003571
0.140000  -.780000   -0.0000023788904526
0.180000  -.780000   -0.0000021065838114
0.220000  -.780000   -0.0000022607588660
0.260000  -.780000   -0.0000018926331729
0.300000  -.780000   -0.0000021144293937
0.340000  -.780000   -0.0000017632945216
0.380000  -.780000   -0.0000014348540848
0.420000  -.780000   -0.0000011948211699
0.460000  -.780000   -0.0000011043209865
0.500000  -.780000   -0.0000004963402175
0.540000  -.780000   -0.0000003324113760
0.580000  -.780000   -0.0000003509536799
0.620000  -.780000   -0.0000013245766962
-.580000  -.740000   -0.0000003380110082
-.540000  -.740000   -0.0000004206497632
-.500000  -.740000   -0.0000005619983393
-.460000  -.740000   -0.0000002284641425
-.420000  -.740000   -0.0000002467005948
-.380000  -.740000   -0.0000002728516984
-.340000  -.740000   -0.0000003312350313
-.300000  -.740000   -0.0000007022224754
-.260000  -.740000   -0.0000008190104960
-.220000  -.740000   -0.0000011418140613
-.180000  -.740000   -0.0000013282840618
-.140000  -.740000   -0.0000016238402270
-.100000  -.740000   -0.0000018679671287
-.060000  -.740000   -0.0000021450610766
-.020000  -.740000   -0.0000023887296516
0.020000  -.740000   -0.0000025981345516
0.060000  -.740000   -0.0000027883603763
0.100000  -.740000   -0.0000026727817206
0.140000  -.740000   -0.0000028042780715
0.180000  -.740000   -0.0000029396513362
0.220000  -.740000   -0.0000025992637404
0.260000  -.740000   -0.0000027570257888
0.300000  -.740000   -0.0000023498897743
0.340000  -.740000   -0.0000025908997366
0.380000  -.740000   -0.0000022176148639
0.420000  -.740000   -0.0000018836905836
0.460000  -.740000   -0.0000016456883686
0.500000  -.740000   -0.0000007264733216
0.540000  -.740000   -0.0000009124539024
0.580000  -.740000   -0.0000006969148527
0.620000  -.740000   -0.0000005399883246
0.660000  -.740000   -0.0000014320744878
-.620000  -.700000   -0.0000004231109540
-.580000  -.700000   -0.0000006712092234
-.540000  -.700000   -0.0000005205007179
-.500000  -.700000   -0.0000006169145298
-.460000  -.700000   -0.0000006565365642
-.420000  -.700000   -0.0000002768373058
-.380000  -.700000   -0.0000007313450185
-.340000  -.700000   -0.0000008062425102
-.300000  -.700000   -0.0000009144291694
-.260000  -.700000   -0.0000013096094802
-.220000  -.700000   -0.0000014724631979
-.180000  -.700000   -0.0000018175456166
-.140000  -.700000   -0.0000020284457815
-.100000  -.700000   -0.0000023439792768
-.060000  -.700000   -0.0000026087777039
-.020000  -.700000   -0.0000028324438841
0.020000  -.700000   -0.0000030251175668
0.060000  -.700000   -0.0000031980039024
0.100000  -.700000   -0.0000033525617307
0.140000  -.700000   -0.0000034967841353
0.180000  -.700000   -0.0000032637089177
0.220000  -.700000   -0.0000033899527466
0.260000  -.700000   -0.0000030165648653
0.300000  -.700000   -0.0000031824678598
0.340000  -.700000   -0.0000027610737977
0.380000  -.700000   -0.0000023119151359
0.420000  -.700000   -0.0000026648963998
0.460000  -.700000   -0.0000015241678230
0.500000  -.700000   -0.0000012924361956
0.540000  -.700000   -0.0000012562643984
0.580000  -.700000   -0.0000006067578715
0.620000  -.700000   -0.0000004469249263
0.660000  -.700000   -0.0000003496653521
0.700000  -.700000   -0.0000012622694388
-.660000  -.660000   -0.0000003629960411
-.620000  -.660000   -0.0000004718051285
-.580000  -.660000   -0.0000007696021636
-.540000  -.660000   -0.0000004716250204
-.500000  -.660000   -0.0000005525605173
-.460000  -.660000   -0.0000006110666587
-.420000  -.660000   -0.0000006730369287
-.380000  -.660000   -0.0000007520530950
-.340000  -.660000   -0.0000008535142186
-.300000  -.660000   -0.0000013343278989
-.260000  -.660000   -0.0000014775704965
-.220000  -.660000   -0.0000018909265699
-.180000  -.660000   -0.0000020691930509
-.140000  -.660000   -0.0000024344680362
-.100000  -.660000   -0.0000027347556044
-.060000  -.660000   -0.0000029830024781
-.020000  -.660000   -0.0000031861597041
0.020000  -.660000   -0.0000033626351950
0.060000  -.660000   -0.0000035167029335
0.100000  -.660000   -0.0000036554002356
0.140000  -.660000   -0.0000037836641137
0.180000  -.660000   -0.0000039052796493
0.220000  -.660000   -0.0000036235965412
0.260000  -.660000   -0.0000037472106252
0.300000  -.660000   -0.0000033628466333
0.340000  -.660000   -0.0000035440617253
0.380000  -.660000   -0.0000031338739113
0.420000  -.660000   -0.0000027112450721
0.460000  -.660000   -0.0000023269753530
0.500000  -.660000   -0.0000020201108693
0.540000  -.660000   -0.0000018554413031
0.580000  -.660000   -0.0000009681007898
0.620000  -.660000   -0.0000013422600434
0.660000  -.660000   -0.0000003699362147
0.700000  -.660000   -0.0000004732163189
0.740000  -.660000   -0.0000019076284515
-.700000  -.620000   -0.0000001348879483
-.660000  -.620000   -0.0000004924799904
-.620000  -.620000   -0.0000009072136508
-.580000  -.620000   -0.0000006759445497
-.540000  -.620000   -0.0000008042015128
-.500000  -.620000   -0.0000008818815163
-.460000  -.620000   -0.0000009400943666
-.420000  -.620000   -0.0000010085219904
-.380000  -.620000   -0.0000010930336753
-.340000  -.620000   -0.0000011940059799
-.300000  -.620000   -0.0000013220106558
-.260000  -.620000   -0.0000018207242800
-.220000  -.620000   -0.0000019697178329
-.180000  -.620000   -0.0000024010285546
-.140000  -.620000   -0.0000027553500069
-.100000  -.620000   -0.0000030407166190
-.060000  -.620000   -0.0000032495385645
-.020000  -.620000   -0.0000035102196132
0.020000  -.620000   -0.0000037309183281
0.060000  -.620000   -0.0000039117394810
0.100000  -.620000   -0.0000038791675684
0.140000  -.620000   -0.0000039904324304
0.180000  -.620000   -0.0000040971171611
0.220000  -.620000   -0.0000042051494608
0.260000  -.620000   -0.0000039023090732
0.300000  -.620000   -0.0000040334582911
0.340000  -.620000   -0.0000036563294239
0.380000  -.620000   -0.0000032119713580
0.420000  -.620000   -0.0000027538551124
0.460000  -.620000   -0.0000023102284526
0.500000  -.620000   -0.0000019320560588
0.540000  -.620000   -0.0000016689985516
0.580000  -.620000   -0.0000015774041643
0.620000  -.620000   -0.0000007593011851
0.660000  -.620000   -0.0000013088520730
0.700000  -.620000   -0.0000005287517085
0.740000  -.620000   -0.0000010046459200
0.780000  -.620000   -0.0000021075186463
-.700000  -.580000   -0.0000006476993220
-.660000  -.580000   -0.0000009138139963
-.620000  -.580000   -0.0000007737236162
-.580000  -.580000   -0.0000009617834752
-.540000  -.580000   -0.0000005027068541
-.500000  -.580000   -0.0000005851333167
-.460000  -.580000   -0.0000006702163207
-.420000  -.580000   -0.0000007628942799
-.380000  -.580000   -0.0000013627576721
-.340000  -.580000   -0.0000014629083366
-.300000  -.580000   -0.0000015806242732
-.260000  -.580000   -0.0000020896809226
-.220000  -.580000   -0.0000022250505279
-.180000  -.580000   -0.0000026549352751
-.140000  -.580000   -0.0000030014432716
-.100000  -.580000   -0.0000031711384240
-.060000  -.580000   -0.0000034659192265
-.020000  -.580000   -0.0000037120252948
0.020000  -.580000   -0.0000039172684519
0.060000  -.580000   -0.0000040828769839
0.100000  -.580000   -0.0000042313976923
0.140000  -.580000   -0.0000041271042333
0.180000  -.580000   -0.0000042208085475
0.220000  -.580000   -0.0000043179119921
0.260000  -.580000   -0.0000040036335551
0.300000  -.580000   -0.0000041217529128
0.340000  -.580000   -0.0000037256510631
0.380000  -.580000   -0.0000032623670084
0.420000  -.580000   -0.0000035241264679
0.460000  -.580000   -0.0000031215870006
0.500000  -.580000   -0.0000027516600009
0.540000  -.580000   -0.0000024675268849
0.580000  -.580000   -0.0000013556588911
0.620000  -.580000   -0.0000013853396647
0.660000  -.580000   -0.0000006979204663
0.700000  -.580000   -0.0000004584472558
0.740000  -.580000   -0.0000010216956304
0.780000  -.580000   -0.0000012036041066
-.740000  -.540000   -0.0000003312736682
-.700000  -.540000   -0.0000007708056395
-.660000  -.540000   -0.0000007490519887
-.620000  -.540000   -0.0000010161959490
-.580000  -.540000   -0.0000005682589074
-.540000  -.540000   -0.0000006704369063
-.500000  -.540000   -0.0000007547968730
-.460000  -.540000   -0.0000008372113476
-.420000  -.540000   -0.0000009374884419
-.380000  -.540000   -0.0000015562325818
-.340000  -.540000   -0.0000016590129396
-.300000  -.540000   -0.0000017678305359
-.260000  -.540000   -0.0000022859669325
-.220000  -.540000   -0.0000024123220261
-.180000  -.540000   -0.0000028410122217
-.140000  -.540000   -0.0000029729026535
-.100000  -.540000   -0.0000033300326425
-.060000  -.540000   -0.0000036130724137
-.020000  -.540000   -0.0000038489480251
0.020000  -.540000   -0.0000040371516176
0.060000  -.540000   -0.0000041883969933
0.100000  -.540000   -0.0000043234986354
0.140000  -.540000   -0.0000044405214620
0.180000  -.540000   -0.0000042891634025
0.220000  -.540000   -0.0000043765248088
0.260000  -.540000   -0.0000040549760273
0.300000  -.540000   -0.0000041668970438
0.340000  -.540000   -0.0000037593356012
0.380000  -.540000   -0.0000032918070684
0.420000  -.540000   -0.0000035409263033
0.460000  -.540000   -0.0000031210513474
0.500000  -.540000   -0.0000027259439521
0.540000  -.540000   -0.0000023978504339
0.580000  -.540000   -0.0000021795858671
0.620000  -.540000   -0.0000011313569113
0.660000  -.540000   -0.0000013214816356
0.700000  -.540000   -0.0000008293334987
0.740000  -.540000   -0.0000009116826491
0.780000  -.540000   -0.0000009430547228
0.820000  -.540000   -0.0000014223241683
-.740000  -.500000   -0.0000008089880954
-.700000  -.500000   -0.0000010851265231
-.660000  -.500000   -0.0000009421712176
-.620000  -.500000   -0.0000011720753865
-.580000  -.500000   -0.0000006642938946
-.540000  -.500000   -0.0000007604679644
-.500000  -.500000   -0.0000008515126614
-.460000  -.500000   -0.0000009276132323
-.420000  -.500000   -0.0000010290037163
-.380000  -.500000   -0.0000016681727830
-.340000  -.500000   -0.0000017791306711
-.300000  -.500000   -0.0000018910099649
-.260000  -.500000   -0.0000024136270669
-.220000  -.500000   -0.0000025349017749
-.180000  -.500000   -0.0000029585638304
-.140000  -.500000   -0.0000030754390921
-.100000  -.500000   -0.0000034239447198
-.060000  -.500000   -0.0000037025269496
-.020000  -.500000   -0.0000039260053109
0.020000  -.500000   -0.0000041016885950
0.060000  -.500000   -0.0000042374556689
0.100000  -.500000   -0.0000043612654377
0.140000  -.500000   -0.0000044683496951
0.180000  -.500000   -0.0000043085803806
0.220000  -.500000   -0.0000043905393527
0.260000  -.500000   -0.0000040673327242
0.300000  -.500000   -0.0000041777082979
0.340000  -.500000   -0.0000037722242053
0.380000  -.500000   -0.0000033031402804
0.420000  -.500000   -0.0000035502243977
0.460000  -.500000   -0.0000031230704553
0.500000  -.500000   -0.0000027145542465
0.540000  -.500000   -0.0000023628998125
0.580000  -.500000   -0.0000021057013055
0.620000  -.500000   -0.0000009697204731
0.660000  -.500000   -0.0000010653403295
0.700000  -.500000   -0.0000003726794308
0.740000  -.500000   -0.0000001660534807
0.780000  -.500000   -0.0000006673835153
0.820000  -.500000   -0.0000014702898983
0.860000  -.500000   -0.0000023427457334
-.780000  -.460000   -0.0000003342637957
-.740000  -.460000   -0.0000007563853881
-.700000  -.460000   -0.0000012889823090
-.660000  -.460000   -0.0000010405527066
-.620000  -.460000   -0.0000012387517298
-.580000  -.460000   -0.0000006772326385
-.540000  -.460000   -0.0000007646699906
-.500000  -.460000   -0.0000008642809420
-.460000  -.460000   -0.0000009457556838
-.420000  -.460000   -0.0000010378373699
-.380000  -.460000   -0.0000017195595692
-.340000  -.460000   -0.0000018184877447
-.300000  -.460000   -0.0000019326957997
-.260000  -.460000   -0.0000024712462119
-.220000  -.460000   -0.0000025828095459
-.180000  -.460000   -0.0000030184565959
-.140000  -.460000   -0.0000031182643513
-.100000  -.460000   -0.0000034701712737
-.060000  -.460000   -0.0000037491479100
-.020000  -.460000   -0.0000039567344449
0.020000  -.460000   -0.0000041123570744
0.060000  -.460000   -0.0000042424346264
0.100000  -.460000   -0.0000043546582661
0.140000  -.460000   -0.0000044544294446
0.180000  -.460000   -0.0000042888258398
0.220000  -.460000   -0.0000043705533951
0.260000  -.460000   -0.0000040493055242
0.300000  -.460000   -0.0000041653345279
0.340000  -.460000   -0.0000037669270147
0.380000  -.460000   -0.0000033064351162
0.420000  -.460000   -0.0000035589707140
0.460000  -.460000   -0.0000031352839179
0.500000  -.460000   -0.0000027261263748
0.540000  -.460000   -0.0000023600528259
0.580000  -.460000   -0.0000020843464404
0.620000  -.460000   -0.0000008951769484
0.660000  -.460000   -0.0000009201728680
0.700000  -.460000   -0.0000000972996567
0.740000  -.460000   -0.0000007935403457
0.780000  -.460000   -0.0000009370063554
0.820000  -.460000   -0.0000009838787354
0.860000  -.460000   -0.0000011224541005
-.780000  -.420000   -0.0000006517167946
-.740000  -.420000   -0.0000009215917950
-.700000  -.420000   -0.0000007694405250
-.660000  -.420000   -0.0000010405237026
-.620000  -.420000   -0.0000012106409982
-.580000  -.420000   -0.0000005972008207
-.540000  -.420000   -0.0000006885931867
-.500000  -.420000   -0.0000007806564213
-.460000  -.420000   -0.0000008879646651
-.420000  -.420000   -0.0000009837999965
-.380000  -.420000   -0.0000017148179351
-.340000  -.420000   -0.0000018099242289
-.300000  -.420000   -0.0000019077996650
-.260000  -.420000   -0.0000024913722556
-.220000  -.420000   -0.0000025846789608
-.180000  -.420000   -0.0000030423262548
-.140000  -.420000   -0.0000031278536612
-.100000  -.420000   -0.0000034841957090
-.060000  -.420000   -0.0000037486379702
-.020000  -.420000   -0.0000039394137313
0.020000  -.420000   -0.0000040880486276
0.060000  -.420000   -0.0000042131987664
0.100000  -.420000   -0.0000043131167913
0.140000  -.420000   -0.0000044100654627
0.180000  -.420000   -0.0000042410377732
0.220000  -.420000   -0.0000043279655779
0.260000  -.420000   -0.0000040113482447
0.300000  -.420000   -0.0000041424795487
0.340000  -.420000   -0.0000037555603524
0.380000  -.420000   -0.0000033106239208
0.420000  -.420000   -0.0000035832076949
0.460000  -.420000   -0.0000031693870053
0.500000  -.420000   -0.0000027672932940
0.540000  -.420000   -0.0000024034773597
0.580000  -.420000   -0.0000021188658758
0.620000  -.420000   -0.0000008990203047
0.660000  -.420000   -0.0000008709728830
0.700000  -.420000   -0.0000010768240201
0.740000  -.420000   -0.0000005211039120
0.780000  -.420000   -0.0000004137289863
0.820000  -.420000    0.0000000102029341
0.860000  -.420000   -0.0000010395351034
0.900000  -.420000   -0.0000025811162602
-.820000  -.380000   -0.0000002474666520
-.780000  -.380000   -0.0000008596997964
-.740000  -.380000   -0.0000009715908544
-.700000  -.380000   -0.0000013785796490
-.660000  -.380000   -0.0000009366413041
-.620000  -.380000   -0.0000010865831700
-.580000  -.380000   -0.0000012036397967
-.540000  -.380000   -0.0000012691200251
-.500000  -.380000   -0.0000013532462721
-.460000  -.380000   -0.0000014363053940
-.420000  -.380000   -0.0000015129047825
-.380000  -.380000   -0.0000016141784141
-.340000  -.380000   -0.0000017329817770
-.300000  -.380000   -0.0000018447066773
-.260000  -.380000   -0.0000024485242838
-.220000  -.380000   -0.0000025511272238
-.180000  -.380000   -0.0000030138754720
-.140000  -.380000   -0.0000030922999806
-.100000  -.380000   -0.0000034449654734
-.060000  -.380000   -0.0000037067854812
-.020000  -.380000   -0.0000039006094778
0.020000  -.380000   -0.0000040442998625
0.060000  -.380000   -0.0000041526237287
0.100000  -.380000   -0.0000042429440597
0.140000  -.380000   -0.0000043486957924
0.180000  -.380000   -0.0000041750753721
0.220000  -.380000   -0.0000042756544152
0.260000  -.380000   -0.0000039658620049
0.300000  -.380000   -0.0000041246476129
0.340000  -.380000   -0.0000037549256783
0.380000  -.380000   -0.0000033301124147
0.420000  -.380000   -0.0000028745924949
0.460000  -.380000   -0.0000024085222477
0.500000  -.380000   -0.0000019581893305
0.540000  -.380000   -0.0000015472187988
0.580000  -.380000   -0.0000012020845749
0.620000  -.380000   -0.0000009839208555
0.660000  -.380000   -0.0000009170464615
0.700000  -.380000    0.0000000515419317
0.740000  -.380000   -0.0000004090076701
0.780000  -.380000   -0.0000001221851248
0.820000  -.380000   -0.0000005511704558
0.860000  -.380000   -0.0000009010102445
0.900000  -.380000   -0.0000015160477220
-.820000  -.340000   -0.0000005068564463
-.780000  -.340000   -0.0000009405422329
-.740000  -.340000   -0.0000009055339729
-.700000  -.340000   -0.0000012591142160
-.660000  -.340000   -0.0000007273480274
-.620000  -.340000   -0.0000008685611253
-.580000  -.340000   -0.0000009831085753
-.540000  -.340000   -0.0000010756882941
-.500000  -.340000   -0.0000011468768186
-.460000  -.340000   -0.0000012474954215
-.420000  -.340000   -0.0000013595725431
-.380000  -.340000   -0.0000014646565924
-.340000  -.340000   -0.0000015706573484
-.300000  -.340000   -0.0000022557121174
-.260000  -.340000   -0.0000023552344989
-.220000  -.340000   -0.0000024438622156
-.180000  -.340000   -0.0000029593987532
-.140000  -.340000   -0.0000030163162721
-.100000  -.340000   -0.0000033989425162
-.060000  -.340000   -0.0000036671951588
-.020000  -.340000   -0.0000038462632522
0.020000  -.340000   -0.0000039678780948
0.060000  -.340000   -0.0000040631435632
0.100000  -.340000   -0.0000041637100689
0.140000  -.340000   -0.0000042773199174
0.180000  -.340000   -0.0000040966323047
0.220000  -.340000   -0.0000042264624321
0.260000  -.340000   -0.0000039292235417
0.300000  -.340000   -0.0000035532494376
0.340000  -.340000   -0.0000037734873183
0.380000  -.340000   -0.0000033780126139
0.420000  -.340000   -0.0000029514797019
0.460000  -.340000   -0.0000025139460394
0.500000  -.340000   -0.0000020870108199
0.540000  -.340000   -0.0000016967497573
0.580000  -.340000   -0.0000013667186451
0.620000  -.340000   -0.0000011491331261
0.660000  -.340000   -0.0000010615961858
0.700000  -.340000   -0.0000000449742853
0.740000  -.340000   -0.0000004420051366
0.780000  -.340000   -0.0000000300385719
0.820000  -.340000   -0.0000002355239156
0.860000  -.340000   -0.0000001722391127
0.900000  -.340000   -0.0000007711820046
0.940000  -.340000   -0.0000033969187069
-.820000  -.300000   -0.0000006388192772
-.780000  -.300000   -0.0000008957124587
-.740000  -.300000   -0.0000014156876379
-.700000  -.300000   -0.0000010239047006
-.660000  -.300000   -0.0000012405482986
-.620000  -.300000   -0.0000005523735277
-.580000  -.300000   -0.0000006545353676
-.540000  -.300000   -0.0000007702086369
-.500000  -.300000   -0.0000008738880274
-.460000  -.300000   -0.0000009723396420
-.420000  -.300000   -0.0000010955052803
-.380000  -.300000   -0.0000012380612676
-.340000  -.300000   -0.0000019701211597
-.300000  -.300000   -0.0000020976097426
-.260000  -.300000   -0.0000022235451327
-.220000  -.300000   -0.0000023290511878
-.180000  -.300000   -0.0000028633150126
-.140000  -.300000   -0.0000029299943340
-.100000  -.300000   -0.0000033148276281
-.060000  -.300000   -0.0000035810181852
-.020000  -.300000   -0.0000037567760060
0.020000  -.300000   -0.0000038796740272
0.060000  -.300000   -0.0000039836227418
0.100000  -.300000   -0.0000040816972092
0.140000  -.300000   -0.0000041930469208
0.180000  -.300000   -0.0000040226079712
0.220000  -.300000   -0.0000041942784350
0.260000  -.300000   -0.0000039122255075
0.300000  -.300000   -0.0000035668382906
0.340000  -.300000   -0.0000031642559406
0.380000  -.300000   -0.0000034766037534
0.420000  -.300000   -0.0000030816907925
0.460000  -.300000   -0.0000026787046682
0.500000  -.300000   -0.0000022847871388
0.540000  -.300000   -0.0000019185077381
0.580000  -.300000   -0.0000016181638987
0.620000  -.300000   -0.0000014056334041
0.660000  -.300000   -0.0000001840018774
0.700000  -.300000   -0.0000002696631930
0.740000  -.300000    0.0000006050021779
0.780000  -.300000   -0.0000001125828152
0.820000  -.300000   -0.0000001489780398
0.860000  -.300000    0.0000002145040806
0.900000  -.300000   -0.0000008124598043
0.940000  -.300000   -0.0000021866397131
-.860000  -.260000   -0.0000002129752630
-.820000  -.260000   -0.0000010552496509
-.780000  -.260000   -0.0000013411406518
-.740000  -.260000   -0.0000011657688916
-.700000  -.260000   -0.0000014696341880
-.660000  -.260000   -0.0000008612197157
-.620000  -.260000   -0.0000009997644611
-.580000  -.260000   -0.0000010918829748
-.540000  -.260000   -0.0000011955642159
-.500000  -.260000   -0.0000012823934644
-.460000  -.260000   -0.0000013698845337
-.420000  -.260000   -0.0000014829944397
-.380000  -.260000   -0.0000016249533119
-.340000  -.260000   -0.0000017695440462
-.300000  -.260000   -0.0000019010299942
-.260000  -.260000   -0.0000020182502008
-.220000  -.260000   -0.0000026651092503
-.180000  -.260000   -0.0000027479862570
-.140000  -.260000   -0.0000031911968262
-.100000  -.260000   -0.0000032347360830
-.060000  -.260000   -0.0000035206258657
-.020000  -.260000   -0.0000036888860089
0.020000  -.260000   -0.0000037944634563
0.060000  -.260000   -0.0000038775189939
0.100000  -.260000   -0.0000039844794561
0.140000  -.260000   -0.0000038089702453
0.180000  -.260000   -0.0000039827457004
0.220000  -.260000   -0.0000037051813505
0.260000  -.260000   -0.0000039469874165
0.300000  -.260000   -0.0000036234791176
0.340000  -.260000   -0.0000032604533714
0.380000  -.260000   -0.0000028629556168
0.420000  -.260000   -0.0000024460931132
0.460000  -.260000   -0.0000020186121367
0.500000  -.260000   -0.0000016023149186
0.540000  -.260000   -0.0000012197535432
0.580000  -.260000   -0.0000008764525419
0.620000  -.260000   -0.0000006353270207
0.660000  -.260000   -0.0000005464040057
0.700000  -.260000    0.0000005954890087
0.740000  -.260000    0.0000003046468499
0.780000  -.260000    0.0000008509837978
0.820000  -.260000    0.0000009800059664
0.860000  -.260000    0.0000003288749636
0.900000  -.260000   -0.0000002771587372
0.940000  -.260000   -0.0000012434970789
-.860000  -.220000   -0.0000003765786083
-.820000  -.220000   -0.0000009907336746
-.780000  -.220000   -0.0000011006265851
-.740000  -.220000   -0.0000015577912707
-.700000  -.220000   -0.0000010682541057
-.660000  -.220000   -0.0000012527944196
-.620000  -.220000   -0.0000005200088365
-.580000  -.220000   -0.0000006309023527
-.540000  -.220000   -0.0000007377345261
-.500000  -.220000   -0.0000008680195249
-.460000  -.220000   -0.0000010039038540
-.420000  -.220000   -0.0000011391416778
-.380000  -.220000   -0.0000012839866970
-.340000  -.220000   -0.0000014438180381
-.300000  -.220000   -0.0000016127657051
-.260000  -.220000   -0.0000023514875369
-.220000  -.220000   -0.0000024694424347
-.180000  -.220000   -0.0000025719428158
-.140000  -.220000   -0.0000030791262746
-.100000  -.220000   -0.0000031120010046
-.060000  -.220000   -0.0000034236713284
-.020000  -.220000   -0.0000035983534267
0.020000  -.220000   -0.0000036983996076
0.060000  -.220000   -0.0000037960741187
0.100000  -.220000   -0.0000039306093885
0.140000  -.220000   -0.0000037601396281
0.180000  -.220000   -0.0000039569010049
0.220000  -.220000   -0.0000037121828068
0.260000  -.220000   -0.0000034150070907
0.300000  -.220000   -0.0000037614679123
0.340000  -.220000   -0.0000034470396067
0.380000  -.220000   -0.0000030962951028
0.420000  -.220000   -0.0000027208121126
0.460000  -.220000   -0.0000023419516829
0.500000  -.220000   -0.0000019677734124
0.540000  -.220000   -0.0000016231148941
0.580000  -.220000   -0.0000013133244931
0.620000  -.220000   -0.0000011206095046
0.660000  -.220000    0.0000001831826241
0.700000  -.220000    0.0000001457306775
0.740000  -.220000    0.0000010362866022
0.780000  -.220000    0.0000004718508580
0.820000  -.220000    0.0000006918631549
0.860000  -.220000    0.0000002044330760
0.900000  -.220000   -0.0000001088178514
0.940000  -.220000   -0.0000013141493244
-.860000  -.180000   -0.0000006526851208
-.820000  -.180000   -0.0000013099594893
-.780000  -.180000   -0.0000014296999176
-.740000  -.180000   -0.0000011215065545
-.700000  -.180000   -0.0000013927604563
-.660000  -.180000   -0.0000007023866219
-.620000  -.180000   -0.0000008516379766
-.580000  -.180000   -0.0000009527165911
-.540000  -.180000   -0.0000010473102996
-.500000  -.180000   -0.0000011682427286
-.460000  -.180000   -0.0000013013921414
-.420000  -.180000   -0.0000014366214948
-.380000  -.180000   -0.0000015804951235
-.340000  -.180000   -0.0000017407729670
-.300000  -.180000   -0.0000019148937646
-.260000  -.180000   -0.0000020921539487
-.220000  -.180000   -0.0000022508240653
-.180000  -.180000   -0.0000028568591487
-.140000  -.180000   -0.0000029499779818
-.100000  -.180000   -0.0000030045128108
-.060000  -.180000   -0.0000033404456801
-.020000  -.180000   -0.0000035171173909
0.020000  -.180000   -0.0000036060841571
0.060000  -.180000   -0.0000037022017833
0.100000  -.180000   -0.0000038829389126
0.140000  -.180000   -0.0000037157242890
0.180000  -.180000   -0.0000034783952422
0.220000  -.180000   -0.0000038234477123
0.260000  -.180000   -0.0000035544625585
0.300000  -.180000   -0.0000032641040993
0.340000  -.180000   -0.0000029310623381
0.380000  -.180000   -0.0000025598768514
0.420000  -.180000   -0.0000021825794316
0.460000  -.180000   -0.0000017953884023
0.500000  -.180000   -0.0000014202245773
0.540000  -.180000   -0.0000010630692402
0.580000  -.180000   -0.0000007686755930
0.620000  -.180000   -0.0000005260447616
0.660000  -.180000   -0.0000004147729003
0.700000  -.180000    0.0000007321203929
0.740000  -.180000    0.0000004917149814
0.780000  -.180000    0.0000011961694567
0.820000  -.180000    0.0000014457280623
0.860000  -.180000    0.0000010569658571
0.900000  -.180000   -0.0000002452336114
0.940000  -.180000   -0.0000009378233291
0.980000  -.180000   -0.0000029497179914
-.860000  -.140000   -0.0000006070051709
-.820000  -.140000   -0.0000010394613362
-.780000  -.140000   -0.0000009921402215
-.740000  -.140000   -0.0000013889503890
-.700000  -.140000   -0.0000008081897546
-.660000  -.140000   -0.0000009692607975
-.620000  -.140000   -0.0000011122299207
-.580000  -.140000   -0.0000012015550045
-.540000  -.140000   -0.0000004524760837
-.500000  -.140000   -0.0000005890349740
-.460000  -.140000   -0.0000007549598573
-.420000  -.140000   -0.0000009429995179
-.380000  -.140000   -0.0000011386629062
-.340000  -.140000   -0.0000013380398762
-.300000  -.140000   -0.0000015358877920
-.260000  -.140000   -0.0000023344242916
-.220000  -.140000   -0.0000025182828347
-.180000  -.140000   -0.0000026799685159
-.140000  -.140000   -0.0000027891470612
-.100000  -.140000   -0.0000032567617626
-.060000  -.140000   -0.0000032727921937
-.020000  -.140000   -0.0000034662107569
0.020000  -.140000   -0.0000035424897458
0.060000  -.140000   -0.0000036569833100
0.100000  -.140000   -0.0000034897996111
0.140000  -.140000   -0.0000037684554164
0.180000  -.140000   -0.0000035799501252
0.220000  -.140000   -0.0000033460845132
0.260000  -.140000   -0.0000031054367168
0.300000  -.140000   -0.0000035846741739
0.340000  -.140000   -0.0000032858035944
0.380000  -.140000   -0.0000030221977805
0.420000  -.140000   -0.0000027039273478
0.460000  -.140000   -0.0000023571195218
0.500000  -.140000   -0.0000020136195131
0.540000  -.140000   -0.0000017140146530
0.580000  -.140000   -0.0000002881376061
0.620000  -.140000   -0.0000000427745068
0.660000  -.140000    0.0000000752711129
0.700000  -.140000    0.0000000205067094
0.740000  -.140000    0.0000010274270420
0.780000  -.140000    0.0000004964313548
0.820000  -.140000    0.0000008349816576
0.860000  -.140000    0.0000005391008388
0.900000  -.140000    0.0000006003982412
0.940000  -.140000   -0.0000009836507485
0.980000  -.140000   -0.0000024470335199
-.860000  -.100000   -0.0000007798808711
-.820000  -.100000   -0.0000012342989634
-.780000  -.100000   -0.0000011894813153
-.740000  -.100000   -0.0000015872946487
-.700000  -.100000   -0.0000010103065666
-.660000  -.100000   -0.0000011668389468
-.620000  -.100000   -0.0000013007241842
-.580000  -.100000   -0.0000005295489041
-.540000  -.100000   -0.0000006552172537
-.500000  -.100000   -0.0000007874237075
-.460000  -.100000   -0.0000009465828811
-.420000  -.100000   -0.0000011341064084
-.380000  -.100000   -0.0000013375728237
-.340000  -.100000   -0.0000015515280672
-.300000  -.100000   -0.0000017659954100
-.260000  -.100000   -0.0000019773125284
-.220000  -.100000   -0.0000021770005230
-.180000  -.100000   -0.0000023563552300
-.140000  -.100000   -0.0000030648180614
-.100000  -.100000   -0.0000031588841076
-.060000  -.100000   -0.0000031711271479
-.020000  -.100000   -0.0000034183477005
0.020000  -.100000   -0.0000034754121666
0.060000  -.100000   -0.0000036434606883
0.100000  -.100000   -0.0000035014562922
0.140000  -.100000   -0.0000033293667369
0.180000  -.100000   -0.0000038209083970
0.220000  -.100000   -0.0000036518085008
0.260000  -.100000   -0.0000034567042033
0.300000  -.100000   -0.0000031899460930
0.340000  -.100000   -0.0000029471053879
0.380000  -.100000   -0.0000026402063872
0.420000  -.100000   -0.0000022754553588
0.460000  -.100000   -0.0000019563139073
0.500000  -.100000   -0.0000016708543742
0.540000  -.100000   -0.0000013298304131
0.580000  -.100000   -0.0000010654662960
0.620000  -.100000    0.0000002456409486
0.660000  -.100000    0.0000004144902530
0.700000  -.100000    0.0000004016817478
0.740000  -.100000    0.0000014326910539
0.780000  -.100000    0.0000009414008247
0.820000  -.100000    0.0000012943807985
0.860000  -.100000    0.0000010494825013
0.900000  -.100000   -0.0000000229658437
0.940000  -.100000   -0.0000001753604125
0.980000  -.100000   -0.0000017932457350
-.860000  -.060000   -0.0000009023078612
-.820000  -.060000   -0.0000013649054578
-.780000  -.060000   -0.0000013236661729
-.740000  -.060000   -0.0000008912266136
-.700000  -.060000   -0.0000011440514724
-.660000  -.060000   -0.0000012970212354
-.620000  -.060000   -0.0000005239810094
-.580000  -.060000   -0.0000006637368841
-.540000  -.060000   -0.0000007887244624
-.500000  -.060000   -0.0000009181477293
-.460000  -.060000   -0.0000010716841010
-.420000  -.060000   -0.0000012560055136
-.380000  -.060000   -0.0000014624733905
-.340000  -.060000   -0.0000016841083090
-.300000  -.060000   -0.0000019153145827
-.260000  -.060000   -0.0000021467670410
-.220000  -.060000   -0.0000023743473514
-.180000  -.060000   -0.0000025866852338
-.140000  -.060000   -0.0000027721356509
-.100000  -.060000   -0.0000029154283083
-.060000  -.060000   -0.0000034795754406
-.020000  -.060000   -0.0000033851031212
0.020000  -.060000   -0.0000034177395350
0.060000  -.060000   -0.0000032206691554
0.100000  -.060000   -0.0000036848698571
0.140000  -.060000   -0.0000036077060683
0.180000  -.060000   -0.0000034894094313
0.220000  -.060000   -0.0000033523580040
0.260000  -.060000   -0.0000031721365533
0.300000  -.060000   -0.0000029516670347
0.340000  -.060000   -0.0000026949109364
0.380000  -.060000   -0.0000024281979160
0.420000  -.060000   -0.0000020982091035
0.460000  -.060000   -0.0000017931539006
0.500000  -.060000   -0.0000013676852662
0.540000  -.060000   -0.0000010964897350
0.580000  -.060000   -0.0000008389870932
0.620000  -.060000   -0.0000006477228389
0.660000  -.060000    0.0000006642968718
0.700000  -.060000    0.0000006733774100
0.740000  -.060000    0.0000004386322622
0.780000  -.060000    0.0000012330747213
0.820000  -.060000    0.0000015813536796
0.860000  -.060000    0.0000013847475996
0.900000  -.060000    0.0000003869579012
0.940000  -.060000   -0.0000008392808939
0.980000  -.060000   -0.0000018650804716
-.860000  -.020000   -0.0000009638711718
-.820000  -.020000   -0.0000014302770109
-.780000  -.020000   -0.0000013912327770
-.740000  -.020000   -0.0000009589102476
-.700000  -.020000   -0.0000012109964161
-.660000  -.020000   -0.0000013591369669
-.620000  -.020000   -0.0000005906760543
-.580000  -.020000   -0.0000007338223258
-.540000  -.020000   -0.0000008536607758
-.500000  -.020000   -0.0000009791017371
-.460000  -.020000   -0.0000011333373767
-.420000  -.020000   -0.0000013153347340
-.380000  -.020000   -0.0000015235499422
-.340000  -.020000   -0.0000017490726242
-.300000  -.020000   -0.0000019862671753
-.260000  -.020000   -0.0000022305569815
-.220000  -.020000   -0.0000024746071448
-.180000  -.020000   -0.0000027128165495
-.140000  -.020000   -0.0000029378540833
-.100000  -.020000   -0.0000031384022693
-.060000  -.020000   -0.0000033009042431
-.020000  -.020000   -0.0000033570147474
0.020000  -.020000   -0.0000034124317916
0.060000  -.020000   -0.0000033991430425
0.100000  -.020000   -0.0000034012092370
0.140000  -.020000   -0.0000033856132666
0.180000  -.020000   -0.0000032988317370
0.220000  -.020000   -0.0000031890017816
0.260000  -.020000   -0.0000030309351122
0.300000  -.020000   -0.0000027928701501
0.340000  -.020000   -0.0000025920540713
0.380000  -.020000   -0.0000021655423518
0.420000  -.020000   -0.0000019970527948
0.460000  -.020000   -0.0000016262144981
0.500000  -.020000   -0.0000013193729908
0.540000  -.020000   -0.0000009999111575
0.580000  -.020000   -0.0000007271723218
0.620000  -.020000   -0.0000005261111872
0.660000  -.020000    0.0000007951450703
0.700000  -.020000    0.0000008121132243
0.740000  -.020000    0.0000005782303689
0.780000  -.020000    0.0000013771456529
0.820000  -.020000    0.0000017151460923
0.860000  -.020000    0.0000015514289198
0.900000  -.020000    0.0000005926378323
0.940000  -.020000   -0.0000005845954070
0.980000  -.020000   -0.0000024819775112
-.860000  0.020000   -0.0000009638711718
-.820000  0.020000   -0.0000014302770109
-.780000  0.020000   -0.0000013912327770
-.740000  0.020000   -0.0000009589102476
-.700000  0.020000   -0.0000012109964161
-.660000  0.020000   -0.0000013591369669
-.620000  0.020000   -0.0000005906760543
-.580000  0.020000   -0.0000007338223258
-.540000  0.020000   -0.0000008536607758
-.500000  0.020000   -0.0000009791017371
-.460000  0.020000   -0.0000011333373767
-.420000  0.020000   -0.0000013153347340
-.380000  0.020000   -0.0000015235499422
-.340000  0.020000   -0.0000017490726242
-.300000  0.020000   -0.0000019862671753
-.260000  0.020000   -0.0000022305569815
-.220000  0.020000   -0.0000024746071448
-.180000  0.020000   -0.0000027128165495
-.140000  0.020000   -0.0000029378540833
-.100000  0.020000   -0.0000031384022693
-.060000  0.020000   -0.0000033009042431
-.020000  0.020000   -0.0000033570147474
0.020000  0.020000   -0.0000034124317916
0.060000  0.020000   -0.0000033991430425
0.100000  0.020000   -0.0000034012092370
0.140000  0.020000   -0.0000033856132666
0.180000  0.020000   -0.0000032988317370
0.220000  0.020000   -0.0000031890017816
0.260000  0.020000   -0.0000030309351122
0.300000  0.020000   -0.0000027928701501
0.340000  0.020000   -0.0000025920540713
0.380000  0.020000   -0.0000021655423518
0.420000  0.020000   -0.0000019970527948
0.460000  0.020000   -0.0000016262144981
0.500000  0.020000   -0.0000013193729908
0.540000  0.020000   -0.0000009999111575
0.580000  0.020000   -0.0000007271723218
0.620000  0.020000   -0.0000005261111872
0.660000  0.020000    0.0000007951450703
0.700000  0.020000    0.0000008121132243
0.740000  0.020000    0.0000005782303689
0.780000  0.020000    0.0000013771456529
0.820000  0.020000    0.0000017151460923
0.860000  0.020000    0.0000015514289198
0.900000  0.020000    0.0000005926378323
0.940000  0.020000   -0.0000005845954070
0.980000  0.020000   -0.0000024819775112
-.860000  0.060000   -0.0000009023078612
-.820000  0.060000   -0.0000013649054578
-.780000  0.060000   -0.0000013236661729
-.740000  0.060000   -0.0000008912266136
-.700000  0.060000   -0.0000011440514724
-.660000  0.060000   -0.0000012970212354
-.620000  0.060000   -0.0000005239810094
-.580000  0.060000   -0.0000006637368841
-.540000  0.060000   -0.0000007887244624
-.500000  0.060000   -0.0000009181477293
-.460000  0.060000   -0.0000010716841010
-.420000  0.060000   -0.0000012560055136
-.380000  0.060000   -0.0000014624733905
-.340000  0.060000   -0.0000016841083090
-.300000  0.060000   -0.0000019153145827
-.260000  0.060000   -0.0000021467670410
-.220000  0.060000   -0.0000023743473514
-.180000  0.060000   -0.0000025866852338
-.140000  0.060000   -0.0000027721356509
-.100000  0.060000   -0.0000029154283083
-.060000  0.060000   -0.0000034795754406
-.020000  0.060000   -0.0000033851031212
0.020000  0.060000   -0.0000034177395350
0.060000  0.060000   -0.0000032206691554
0.100000  0.060000   -0.0000036848698571
0.140000  0.060000   -0.0000036077060683
0.180000  0.060000   -0.0000034894094313
0.220000  0.060000   -0.0000033523580040
0.260000  0.060000   -0.0000031721365533
0.300000  0.060000   -0.0000029516670347
0.340000  0.060000   -0.0000026949109364
0.380000  0.060000   -0.0000024281979160
0.420000  0.060000   -0.0000020982091035
0.460000  0.060000   -0.0000017931539006
0.500000  0.060000   -0.0000013676852662
0.540000  0.060000   -0.0000010964897350
0.580000  0.060000   -0.0000008389870932
0.620000  0.060000   -0.0000006477228389
0.660000  0.060000    0.0000006642968718
0.700000  0.060000    0.0000006733774100
0.740000  0.060000    0.0000004386322622
0.780000  0.060000    0.0000012330747213
0.820000  0.060000    0.0000015813536796
0.860000  0.060000    0.0000013847475996
0.900000  0.060000    0.0000003869579012
0.940000  0.060000   -0.0000008392808939
0.980000  0.060000   -0.0000018650804716
-.860000  0.100000   -0.0000007798808711
-.820000  0.100000   -0.0000012342989634
-.780000  0.100000   -0.0000011894813153
-.740000  0.100000   -0.0000015872946487
-.700000  0.100000   -0.0000010103065666
-.660000  0.100000   -0.0000011668389468
-.620000  0.100000   -0.0000013007241842
-.580000  0.100000   -0.0000005295489041
-.540000  0.100000   -0.0000006552172537
-.500000  0.100000   -0.0000007874237075
-.460000  0.100000   -0.0000009465828811
-.420000  0.100000   -0.0000011341064084
-.380000  0.100000   -0.0000013375728237
-.340000  0.100000   -0.0000015515280672
-.300000  0.100000   -0.0000017659954100
-.260000  0.100000   -0.0000019773125284
-.220000  0.100000   -0.0000021770005230
-.180000  0.100000   -0.0000023563552300
-.140000  0.100000   -0.0000030648180614
-.100000  0.100000   -0.0000031588841076
-.060000  0.100000   -0.0000031711271479
-.020000  0.100000   -0.0000034183477005
0.020000  0.100000   -0.0000034754121666
0.060000  0.100000   -0.0000036434606883
0.100000  0.100000   -0.0000035014562922
0.140000  0.100000   -0.0000033293667369
0.180000  0.100000   -0.0000038209083970
0.220000  0.100000   -0.0000036518085008
0.260000  0.100000   -0.0000034567042033
0.300000  0.100000   -0.0000031899460930
0.340000  0.100000   -0.0000029471053879
0.380000  0.100000   -0.0000026402063872
0.420000  0.100000   -0.0000022754553588
0.460000  0.100000   -0.0000019563139073
0.500000  0.100000   -0.0000016708543742
0.540000  0.100000   -0.0000013298304131
0.580000  0.100000   -0.0000010654662960
0.620000  0.100000    0.0000002456409486
0.660000  0.100000    0.0000004144902530
0.700000  0.100000    0.0000004016817478
0.740000  0.100000    0.0000014326910539
0.780000  0.100000    0.0000009414008247
0.820000  0.100000    0.0000012943807985
0.860000  0.100000    0.0000010494825013
0.900000  0.100000   -0.0000000229658437
0.940000  0.100000   -0.0000001753604125
0.980000  0.100000   -0.0000017932457350
-.860000  0.140000   -0.0000006070051709
-.820000  0.140000   -0.0000010394613362
-.780000  0.140000   -0.0000009921402215
-.740000  0.140000   -0.0000013889503890
-.700000  0.140000   -0.0000008081897546
-.660000  0.140000   -0.0000009692607975
-.620000  0.140000   -0.0000011122299207
-.580000  0.140000   -0.0000012015550045
-.540000  0.140000   -0.0000004524760837
-.500000  0.140000   -0.0000005890349740
-.460000  0.140000   -0.0000007549598573
-.420000  0.140000   -0.0000009429995179
-.380000  0.140000   -0.0000011386629062
-.340000  0.140000   -0.0000013380398762
-.300000  0.140000   -0.0000015358877920
-.260000  0.140000   -0.0000023344242916
-.220000  0.140000   -0.0000025182828347
-.180000  0.140000   -0.0000026799685159
-.140000  0.140000   -0.0000027891470612
-.100000  0.140000   -0.0000032567617626
-.060000  0.140000   -0.0000032727921937
-.020000  0.140000   -0.0000034662107569
0.020000  0.140000   -0.0000035424897458
0.060000  0.140000   -0.0000036569833100
0.100000  0.140000   -0.0000034897996111
0.140000  0.140000   -0.0000037684554164
0.180000  0.140000   -0.0000035799501252
0.220000  0.140000   -0.0000033460845132
0.260000  0.140000   -0.0000031054367168
0.300000  0.140000   -0.0000035846741739
0.340000  0.140000   -0.0000032858035944
0.380000  0.140000   -0.0000030221977805
0.420000  0.140000   -0.0000027039273478
0.460000  0.140000   -0.0000023571195218
0.500000  0.140000   -0.0000020136195131
0.540000  0.140000   -0.0000017140146530
0.580000  0.140000   -0.0000002881376061
0.620000  0.140000   -0.0000000427745068
0.660000  0.140000    0.0000000752711129
0.700000  0.140000    0.0000000205067094
0.740000  0.140000    0.0000010274270420
0.780000  0.140000    0.0000004964313548
0.820000  0.140000    0.0000008349816576
0.860000  0.140000    0.0000005391008388
0.900000  0.140000    0.0000006003982412
0.940000  0.140000   -0.0000009836507485
0.980000  0.140000   -0.0000024470335199
-.860000  0.180000   -0.0000006526851208
-.820000  0.180000   -0.0000013099594893
-.780000  0.180000   -0.0000014296999176
-.740000  0.180000   -0.0000011215065545
-.700000  0.180000   -0.0000013927604563
-.660000  0.180000   -0.0000007023866219
-.620000  0.180000   -0.0000008516379766
-.580000  0.180000   -0.0000009527165911
-.540000  0.180000   -0.0000010473102996
-.500000  0.180000   -0.0000011682427286
-.460000  0.180000   -0.0000013013921414
-.420000  0.180000   -0.0000014366214948
-.380000  0.180000   -0.0000015804951235
-.340000  0.180000   -0.0000017407729670
-.300000  0.180000   -0.0000019148937646
-.260000  0.180000   -0.0000020921539487
-.220000  0.180000   -0.0000022508240653
-.180000  0.180000   -0.0000028568591487
-.140000  0.180000   -0.0000029499779818
-.100000  0.180000   -0.0000030045128108
-.060000  0.180000   -0.0000033404456801
-.020000  0.180000   -0.0000035171173909
0.020000  0.180000   -0.0000036060841571
0.060000  0.180000   -0.0000037022017833
0.100000  0.180000   -0.0000038829389126
0.140000  0.180000   -0.0000037157242890
0.180000  0.180000   -0.0000034783952422
0.220000  0.180000   -0.0000038234477123
0.260000  0.180000   -0.0000035544625585
0.300000  0.180000   -0.0000032641040993
0.340000  0.180000   -0.0000029310623381
0.380000  0.180000   -0.0000025598768514
0.420000  0.180000   -0.0000021825794316
0.460000  0.180000   -0.0000017953884023
0.500000  0.180000   -0.0000014202245773
0.540000  0.180000   -0.0000010630692402
0.580000  0.180000   -0.0000007686755930
0.620000  0.180000   -0.0000005260447616
0.660000  0.180000   -0.0000004147729003
0.700000  0.180000    0.0000007321203929
0.740000  0.180000    0.0000004917149814
0.780000  0.180000    0.0000011961694567
0.820000  0.180000    0.0000014457280623
0.860000  0.180000    0.0000010569658571
0.900000  0.180000   -0.0000002452336114
0.940000  0.180000   -0.0000009378233291
0.980000  0.180000   -0.0000029497179914
-.860000  0.220000   -0.0000003765786083
-.820000  0.220000   -0.0000009907336746
-.780000  0.220000   -0.0000011006265851
-.740000  0.220000   -0.0000015577912707
-.700000  0.220000   -0.0000010682541057
-.660000  0.220000   -0.0000012527944196
-.620000  0.220000   -0.0000005200088365
-.580000  0.220000   -0.0000006309023527
-.540000  0.220000   -0.0000007377345261
-.500000  0.220000   -0.0000008680195249
-.460000  0.220000   -0.0000010039038540
-.420000  0.220000   -0.0000011391416778
-.380000  0.220000   -0.0000012839866970
-.340000  0.220000   -0.0000014438180381
-.300000  0.220000   -0.0000016127657051
-.260000  0.220000   -0.0000023514875369
-.220000  0.220000   -0.0000024694424347
-.180000  0.220000   -0.0000025719428158
-.140000  0.220000   -0.0000030791262746
-.100000  0.220000   -0.0000031120010046
-.060000  0.220000   -0.0000034236713284
-.020000  0.220000   -0.0000035983534267
0.020000  0.220000   -0.0000036983996076
0.060000  0.220000   -0.0000037960741187
0.100000  0.220000   -0.0000039306093885
0.140000  0.220000   -0.0000037601396281
0.180000  0.220000   -0.0000039569010049
0.220000  0.220000   -0.0000037121828068
0.260000  0.220000   -0.0000034150070907
0.300000  0.220000   -0.0000037614679123
0.340000  0.220000   -0.0000034470396067
0.380000  0.220000   -0.0000030962951028
0.420000  0.220000   -0.0000027208121126
0.460000  0.220000   -0.0000023419516829
0.500000  0.220000   -0.0000019677734124
0.540000  0.220000   -0.0000016231148941
0.580000  0.220000   -0.0000013133244931
0.620000  0.220000   -0.0000011206095046
0.660000  0.220000    0.0000001831826241
0.700000  0.220000    0.0000001457306775
0.740000  0.220000    0.0000010362866022
0.780000  0.220000    0.0000004718508580
0.820000  0.220000    0.0000006918631549
0.860000  0.220000    0.0000002044330760
0.900000  0.220000   -0.0000001088178514
0.940000  0.220000   -0.0000013141493244
-.860000  0.260000   -0.0000002129752630
-.820000  0.260000   -0.0000010552496509
-.780000  0.260000   -0.0000013411406518
-.740000  0.260000   -0.0000011657688916
-.700000  0.260000   -0.0000014696341880
-.660000  0.260000   -0.0000008612197157
-.620000  0.260000   -0.0000009997644611
-.580000  0.260000   -0.0000010918829748
-.540000  0.260000   -0.0000011955642159
-.500000  0.260000   -0.0000012823934644
-.460000  0.260000   -0.0000013698845337
-.420000  0.260000   -0.0000014829944397
-.380000  0.260000   -0.0000016249533119
-.340000  0.260000   -0.0000017695440462
-.300000  0.260000   -0.0000019010299942
-.260000  0.260000   -0.0000020182502008
-.220000  0.260000   -0.0000026651092503
-.180000  0.260000   -0.0000027479862570
-.140000  0.260000   -0.0000031911968262
-.100000  0.260000   -0.0000032347360830
-.060000  0.260000   -0.0000035206258657
-.020000  0.260000   -0.0000036888860089
0.020000  0.260000   -0.0000037944634563
0.060000  0.260000   -0.0000038775189939
0.100000  0.260000   -0.0000039844794561
0.140000  0.260000   -0.0000038089702453
0.180000  0.260000   -0.0000039827457004
0.220000  0.260000   -0.0000037051813505
0.260000  0.260000   -0.0000039469874165
0.300000  0.260000   -0.0000036234791176
0.340000  0.260000   -0.0000032604533714
0.380000  0.260000   -0.0000028629556168
0.420000  0.260000   -0.0000024460931132
0.460000  0.260000   -0.0000020186121367
0.500000  0.260000   -0.0000016023149186
0.540000  0.260000   -0.0000012197535432
0.580000  0.260000   -0.0000008764525419
0.620000  0.260000   -0.0000006353270207
0.660000  0.260000   -0.0000005464040057
0.700000  0.260000    0.0000005954890087
0.740000  0.260000    0.0000003046468499
0.780000  0.260000    0.0000008509837978
0.820000  0.260000    0.0000009800059664
0.860000  0.260000    0.0000003288749636
0.900000  0.260000   -0.0000002771587372
0.940000  0.260000   -0.0000012434970789
-.820000  0.300000   -0.0000006388192772
-.780000  0.300000   -0.0000008957124587
-.740000  0.300000   -0.0000014156876379
-.700000  0.300000   -0.0000010239047006
-.660000  0.300000   -0.0000012405482986
-.620000  0.300000   -0.0000005523735277
-.580000  0.300000   -0.0000006545353676
-.540000  0.300000   -0.0000007702086369
-.500000  0.300000   -0.0000008738880274
-.460000  0.300000   -0.0000009723396420
-.420000  0.300000   -0.0000010955052803
-.380000  0.300000   -0.0000012380612676
-.340000  0.300000   -0.0000019701211597
-.300000  0.300000   -0.0000020976097426
-.260000  0.300000   -0.0000022235451327
-.220000  0.300000   -0.0000023290511878
-.180000  0.300000   -0.0000028633150126
-.140000  0.300000   -0.0000029299943340
-.100000  0.300000   -0.0000033148276281
-.060000  0.300000   -0.0000035810181852
-.020000  0.300000   -0.0000037567760060
0.020000  0.300000   -0.0000038796740272
0.060000  0.300000   -0.0000039836227418
0.100000  0.300000   -0.0000040816972092
0.140000  0.300000   -0.0000041930469208
0.180000  0.300000   -0.0000040226079712
0.220000  0.300000   -0.0000041942784350
0.260000  0.300000   -0.0000039122255075
0.300000  0.300000   -0.0000035668382906
0.340000  0.300000   -0.0000031642559406
0.380000  0.300000   -0.0000034766037534
0.420000  0.300000   -0.0000030816907925
0.460000  0.300000   -0.0000026787046682
0.500000  0.300000   -0.0000022847871388
0.540000  0.300000   -0.0000019185077381
0.580000  0.300000   -0.0000016181638987
0.620000  0.300000   -0.0000014056334041
0.660000  0.300000   -0.0000001840018774
0.700000  0.300000   -0.0000002696631930
0.740000  0.300000    0.0000006050021779
0.780000  0.300000   -0.0000001125828152
0.820000  0.300000   -0.0000001489780398
0.860000  0.300000    0.0000002145040806
0.900000  0.300000   -0.0000008124598043
0.940000  0.300000   -0.0000021866397131
-.820000  0.340000   -0.0000005068564463
-.780000  0.340000   -0.0000009405422329
-.740000  0.340000   -0.0000009055339729
-.700000  0.340000   -0.0000012591142160
-.660000  0.340000   -0.0000007273480274
-.620000  0.340000   -0.0000008685611253
-.580000  0.340000   -0.0000009831085753
-.540000  0.340000   -0.0000010756882941
-.500000  0.340000   -0.0000011468768186
-.460000  0.340000   -0.0000012474954215
-.420000  0.340000   -0.0000013595725431
-.380000  0.340000   -0.0000014646565924
-.340000  0.340000   -0.0000015706573484
-.300000  0.340000   -0.0000022557121174
-.260000  0.340000   -0.0000023552344989
-.220000  0.340000   -0.0000024438622156
-.180000  0.340000   -0.0000029593987532
-.140000  0.340000   -0.0000030163162721
-.100000  0.340000   -0.0000033989425162
-.060000  0.340000   -0.0000036671951588
-.020000  0.340000   -0.0000038462632522
0.020000  0.340000   -0.0000039678780948
0.060000  0.340000   -0.0000040631435632
0.100000  0.340000   -0.0000041637100689
0.140000  0.340000   -0.0000042773199174
0.180000  0.340000   -0.0000040966323047
0.220000  0.340000   -0.0000042264624321
0.260000  0.340000   -0.0000039292235417
0.300000  0.340000   -0.0000035532494376
0.340000  0.340000   -0.0000037734873183
0.380000  0.340000   -0.0000033780126139
0.420000  0.340000   -0.0000029514797019
0.460000  0.340000   -0.0000025139460394
0.500000  0.340000   -0.0000020870108199
0.540000  0.340000   -0.0000016967497573
0.580000  0.340000   -0.0000013667186451
0.620000  0.340000   -0.0000011491331261
0.660000  0.340000   -0.0000010615961858
0.700000  0.340000   -0.0000000449742853
0.740000  0.340000   -0.0000004420051366
0.780000  0.340000   -0.0000000300385719
0.820000  0.340000   -0.0000002355239156
0.860000  0.340000   -0.0000001722391127
0.900000  0.340000   -0.0000007711820046
0.940000  0.340000   -0.0000033969187069
-.820000  0.380000   -0.0000002474666520
-.780000  0.380000   -0.0000008596997964
-.740000  0.380000   -0.0000009715908544
-.700000  0.380000   -0.0000013785796490
-.660000  0.380000   -0.0000009366413041
-.620000  0.380000   -0.0000010865831700
-.580000  0.380000   -0.0000012036397967
-.540000  0.380000   -0.0000012691200251
-.500000  0.380000   -0.0000013532462721
-.460000  0.380000   -0.0000014363053940
-.420000  0.380000   -0.0000015129047825
-.380000  0.380000   -0.0000016141784141
-.340000  0.380000   -0.0000017329817770
-.300000  0.380000   -0.0000018447066773
-.260000  0.380000   -0.0000024485242838
-.220000  0.380000   -0.0000025511272238
-.180000  0.380000   -0.0000030138754720
-.140000  0.380000   -0.0000030922999806
-.100000  0.380000   -0.0000034449654734
-.060000  0.380000   -0.0000037067854812
-.020000  0.380000   -0.0000039006094778
0.020000  0.380000   -0.0000040442998625
0.060000  0.380000   -0.0000041526237287
0.100000  0.380000   -0.0000042429440597
0.140000  0.380000   -0.0000043486957924
0.180000  0.380000   -0.0000041750753721
0.220000  0.380000   -0.0000042756544152
0.260000  0.380000   -0.0000039658620049
0.300000  0.380000   -0.0000041246476129
0.340000  0.380000   -0.0000037549256783
0.380000  0.380000   -0.0000033301124147
0.420000  0.380000   -0.0000028745924949
0.460000  0.380000   -0.0000024085222477
0.500000  0.380000   -0.0000019581893305
0.540000  0.380000   -0.0000015472187988
0.580000  0.380000   -0.0000012020845749
0.620000  0.380000   -0.0000009839208555
0.660000  0.380000   -0.0000009170464615
0.700000  0.380000    0.0000000515419317
0.740000  0.380000   -0.0000004090076701
0.780000  0.380000   -0.0000001221851248
0.820000  0.380000   -0.0000005511704558
0.860000  0.380000   -0.0000009010102445
0.900000  0.380000   -0.0000015160477220
-.780000  0.420000   -0.0000006517167946
-.740000  0.420000   -0.0000009215917950
-.700000  0.420000   -0.0000007694405250
-.660000  0.420000   -0.0000010405237026
-.620000  0.420000   -0.0000012106409982
-.580000  0.420000   -0.0000005972008207
-.540000  0.420000   -0.0000006885931867
-.500000  0.420000   -0.0000007806564213
-.460000  0.420000   -0.0000008879646651
-.420000  0.420000   -0.0000009837999965
-.380000  0.420000   -0.0000017148179351
-.340000  0.420000   -0.0000018099242289
-.300000  0.420000   -0.0000019077996650
-.260000  0.420000   -0.0000024913722556
-.220000  0.420000   -0.0000025846789608
-.180000  0.420000   -0.0000030423262548
-.140000  0.420000   -0.0000031278536612
-.100000  0.420000   -0.0000034841957090
-.060000  0.420000   -0.0000037486379702
-.020000  0.420000   -0.0000039394137313
0.020000  0.420000   -0.0000040880486276
0.060000  0.420000   -0.0000042131987664
0.100000  0.420000   -0.0000043131167913
0.140000  0.420000   -0.0000044100654627
0.180000  0.420000   -0.0000042410377732
0.220000  0.420000   -0.0000043279655779
0.260000  0.420000   -0.0000040113482447
0.300000  0.420000   -0.0000041424795487
0.340000  0.420000   -0.0000037555603524
0.380000  0.420000   -0.0000033106239208
0.420000  0.420000   -0.0000035832076949
0.460000  0.420000   -0.0000031693870053
0.500000  0.420000   -0.0000027672932940
0.540000  0.420000   -0.0000024034773597
0.580000  0.420000   -0.0000021188658758
0.620000  0.420000   -0.0000008990203047
0.660000  0.420000   -0.0000008709728830
0.700000  0.420000   -0.0000010768240201
0.740000  0.420000   -0.0000005211039120
0.780000  0.420000   -0.0000004137289863
0.820000  0.420000    0.0000000102029341
0.860000  0.420000   -0.0000010395351034
0.900000  0.420000   -0.0000025811162602
-.780000  0.460000   -0.0000003342637957
-.740000  0.460000   -0.0000007563853881
-.700000  0.460000   -0.0000012889823090
-.660000  0.460000   -0.0000010405527066
-.620000  0.460000   -0.0000012387517298
-.580000  0.460000   -0.0000006772326385
-.540000  0.460000   -0.0000007646699906
-.500000  0.460000   -0.0000008642809420
-.460000  0.460000   -0.0000009457556838
-.420000  0.460000   -0.0000010378373699
-.380000  0.460000   -0.0000017195595692
-.340000  0.460000   -0.0000018184877447
-.300000  0.460000   -0.0000019326957997
-.260000  0.460000   -0.0000024712462119
-.220000  0.460000   -0.0000025828095459
-.180000  0.460000   -0.0000030184565959
-.140000  0.460000   -0.0000031182643513
-.100000  0.460000   -0.0000034701712737
-.060000  0.460000   -0.0000037491479100
-.020000  0.460000   -0.0000039567344449
0.020000  0.460000   -0.0000041123570744
0.060000  0.460000   -0.0000042424346264
0.100000  0.460000   -0.0000043546582661
0.140000  0.460000   -0.0000044544294446
0.180000  0.460000   -0.0000042888258398
0.220000  0.460000   -0.0000043705533951
0.260000  0.460000   -0.0000040493055242
0.300000  0.460000   -0.0000041653345279
0.340000  0.460000   -0.0000037669270147
0.380000  0.460000   -0.0000033064351162
0.420000  0.460000   -0.0000035589707140
0.460000  0.460000   -0.0000031352839179
0.500000  0.460000   -0.0000027261263748
0.540000  0.460000   -0.0000023600528259
0.580000  0.460000   -0.0000020843464404
0.620000  0.460000   -0.0000008951769484
0.660000  0.460000   -0.0000009201728680
0.700000  0.460000   -0.0000000972996567
0.740000  0.460000   -0.0000007935403457
0.780000  0.460000   -0.0000009370063554
0.820000  0.460000   -0.0000009838787354
0.860000  0.460000   -0.0000011224541005
-.740000  0.500000   -0.0000008089880954
-.700000  0.500000   -0.0000010851265231
-.660000  0.500000   -0.0000009421712176
-.620000  0.500000   -0.0000011720753865
-.580000  0.500000   -0.0000006642938946
-.540000  0.500000   -0.0000007604679644
-.500000  0.500000   -0.0000008515126614
-.460000  0.500000   -0.0000009276132323
-.420000  0.500000   -0.0000010290037163
-.380000  0.500000   -0.0000016681727830
-.340000  0.500000   -0.0000017791306711
-.300000  0.500000   -0.0000018910099649
-.260000  0.500000   -0.0000024136270669
-.220000  0.500000   -0.0000025349017749
-.180000  0.500000   -0.0000029585638304
-.140000  0.500000   -0.0000030754390921
-.100000  0.500000   -0.0000034239447198
-.060000  0.500000   -0.0000037025269496
-.020000  0.500000   -0.0000039260053109
0.020000  0.500000   -0.0000041016885950
0.060000  0.500000   -0.0000042374556689
0.100000  0.500000   -0.0000043612654377
0.140000  0.500000   -0.0000044683496951
0.180000  0.500000   -0.0000043085803806
0.220000  0.500000   -0.0000043905393527
0.260000  0.500000   -0.0000040673327242
0.300000  0.500000   -0.0000041777082979
0.340000  0.500000   -0.0000037722242053
0.380000  0.500000   -0.0000033031402804
0.420000  0.500000   -0.0000035502243977
0.460000  0.500000   -0.0000031230704553
0.500000  0.500000   -0.0000027145542465
0.540000  0.500000   -0.0000023628998125
0.580000  0.500000   -0.0000021057013055
0.620000  0.500000   -0.0000009697204731
0.660000  0.500000   -0.0000010653403295
0.700000  0.500000   -0.0000003726794308
0.740000  0.500000   -0.0000001660534807
0.780000  0.500000   -0.0000006673835153
0.820000  0.500000   -0.0000014702898983
0.860000  0.500000   -0.0000023427457334
-.740000  0.540000   -0.0000003312736682
-.700000  0.540000   -0.0000007708056395
-.660000  0.540000   -0.0000007490519887
-.620000  0.540000   -0.0000010161959490
-.580000  0.540000   -0.0000005682589074
-.540000  0.540000   -0.0000006704369063
-.500000  0.540000   -0.0000007547968730
-.460000  0.540000   -0.0000008372113476
-.420000  0.540000   -0.0000009374884419
-.380000  0.540000   -0.0000015562325818
-.340000  0.540000   -0.0000016590129396
-.300000  0.540000   -0.0000017678305359
-.260000  0.540000   -0.0000022859669325
-.220000  0.540000   -0.0000024123220261
-.180000  0.540000   -0.0000028410122217
-.140000  0.540000   -0.0000029729026535
-.100000  0.540000   -0.0000033300326425
-.060000  0.540000   -0.0000036130724137
-.020000  0.540000   -0.0000038489480251
0.020000  0.540000   -0.0000040371516176
0.060000  0.540000   -0.0000041883969933
0.100000  0.540000   -0.0000043234986354
0.140000  0.540000   -0.0000044405214620
0.180000  0.540000   -0.0000042891634025
0.220000  0.540000   -0.0000043765248088
0.260000  0.540000   -0.0000040549760273
0.300000  0.540000   -0.0000041668970438
0.340000  0.540000   -0.0000037593356012
0.380000  0.540000   -0.0000032918070684
0.420000  0.540000   -0.0000035409263033
0.460000  0.540000   -0.0000031210513474
0.500000  0.540000   -0.0000027259439521
0.540000  0.540000   -0.0000023978504339
0.580000  0.540000   -0.0000021795858671
0.620000  0.540000   -0.0000011313569113
0.660000  0.540000   -0.0000013214816356
0.700000  0.540000   -0.0000008293334987
0.740000  0.540000   -0.0000009116826491
0.780000  0.540000   -0.0000009430547228
0.820000  0.540000   -0.0000014223241683
-.700000  0.580000   -0.0000006476993220
-.660000  0.580000   -0.0000009138139963
-.620000  0.580000   -0.0000007737236162
-.580000  0.580000   -0.0000009617834752
-.540000  0.580000   -0.0000005027068541
-.500000  0.580000   -0.0000005851333167
-.460000  0.580000   -0.0000006702163207
-.420000  0.580000   -0.0000007628942799
-.380000  0.580000   -0.0000013627576721
-.340000  0.580000   -0.0000014629083366
-.300000  0.580000   -0.0000015806242732
-.260000  0.580000   -0.0000020896809226
-.220000  0.580000   -0.0000022250505279
-.180000  0.580000   -0.0000026549352751
-.140000  0.580000   -0.0000030014432716
-.100000  0.580000   -0.0000031711384240
-.060000  0.580000   -0.0000034659192265
-.020000  0.580000   -0.0000037120252948
0.020000  0.580000   -0.0000039172684519
0.060000  0.580000   -0.0000040828769839
0.100000  0.580000   -0.0000042313976923
0.140000  0.580000   -0.0000041271042333
0.180000  0.580000   -0.0000042208085475
0.220000  0.580000   -0.0000043179119921
0.260000  0.580000   -0.0000040036335551
0.300000  0.580000   -0.0000041217529128
0.340000  0.580000   -0.0000037256510631
0.380000  0.580000   -0.0000032623670084
0.420000  0.580000   -0.0000035241264679
0.460000  0.580000   -0.0000031215870006
0.500000  0.580000   -0.0000027516600009
0.540000  0.580000   -0.0000024675268849
0.580000  0.580000   -0.0000013556588911
0.620000  0.580000   -0.0000013853396647
0.660000  0.580000   -0.0000006979204663
0.700000  0.580000   -0.0000004584472558
0.740000  0.580000   -0.0000010216956304
0.780000  0.580000   -0.0000012036041066
-.700000  0.620000   -0.0000001348879483
-.660000  0.620000   -0.0000004924799904
-.620000  0.620000   -0.0000009072136508
-.580000  0.620000   -0.0000006759445497
-.540000  0.620000   -0.0000008042015128
-.500000  0.620000   -0.0000008818815163
-.460000  0.620000   -0.0000009400943666
-.420000  0.620000   -0.0000010085219904
-.380000  0.620000   -0.0000010930336753
-.340000  0.620000   -0.0000011940059799
-.300000  0.620000   -0.0000013220106558
-.260000  0.620000   -0.0000018207242800
-.220000  0.620000   -0.0000019697178329
-.180000  0.620000   -0.0000024010285546
-.140000  0.620000   -0.0000027553500069
-.100000  0.620000   -0.0000030407166190
-.060000  0.620000   -0.0000032495385645
-.020000  0.620000   -0.0000035102196132
0.020000  0.620000   -0.0000037309183281
0.060000  0.620000   -0.0000039117394810
0.100000  0.620000   -0.0000038791675684
0.140000  0.620000   -0.0000039904324304
0.180000  0.620000   -0.0000040971171611
0.220000  0.620000   -0.0000042051494608
0.260000  0.620000   -0.0000039023090732
0.300000  0.620000   -0.0000040334582911
0.340000  0.620000   -0.0000036563294239
0.380000  0.620000   -0.0000032119713580
0.420000  0.620000   -0.0000027538551124
0.460000  0.620000   -0.0000023102284526
0.500000  0.620000   -0.0000019320560588
0.540000  0.620000   -0.0000016689985516
0.580000  0.620000   -0.0000015774041643
0.620000  0.620000   -0.0000007593011851
0.660000  0.620000   -0.0000013088520730
0.700000  0.620000   -0.0000005287517085
0.740000  0.620000   -0.0000010046459200
0.780000  0.620000   -0.0000021075186463
-.660000  0.660000   -0.0000003629960411
-.620000  0.660000   -0.0000004718051285
-.580000  0.660000   -0.0000007696021636
-.540000  0.660000   -0.0000004716250204
-.500000  0.660000   -0.0000005525605173
-.460000  0.660000   -0.0000006110666587
-.420000  0.660000   -0.0000006730369287
-.380000  0.660000   -0.0000007520530950
-.340000  0.660000   -0.0000008535142186
-.300000  0.660000   -0.0000013343278989
-.260000  0.660000   -0.0000014775704965
-.220000  0.660000   -0.0000018909265699
-.180000  0.660000   -0.0000020691930509
-.140000  0.660000   -0.0000024344680362
-.100000  0.660000   -0.0000027347556044
-.060000  0.660000   -0.0000029830024781
-.020000  0.660000   -0.0000031861597041
0.020000  0.660000   -0.0000033626351950
0.060000  0.660000   -0.0000035167029335
0.100000  0.660000   -0.0000036554002356
0.140000  0.660000   -0.0000037836641137
0.180000  0.660000   -0.0000039052796493
0.220000  0.660000   -0.0000036235965412
0.260000  0.660000   -0.0000037472106252
0.300000  0.660000   -0.0000033628466333
0.340000  0.660000   -0.0000035440617253
0.380000  0.660000   -0.0000031338739113
0.420000  0.660000   -0.0000027112450721
0.460000  0.660000   -0.0000023269753530
0.500000  0.660000   -0.0000020201108693
0.540000  0.660000   -0.0000018554413031
0.580000  0.660000   -0.0000009681007898
0.620000  0.660000   -0.0000013422600434
0.660000  0.660000   -0.0000003699362147
0.700000  0.660000   -0.0000004732163189
0.740000  0.660000   -0.0000019076284515
-.620000  0.700000   -0.0000004231109540
-.580000  0.700000   -0.0000006712092234
-.540000  0.700000   -0.0000005205007179
-.500000  0.700000   -0.0000006169145298
-.460000  0.700000   -0.0000006565365642
-.420000  0.700000   -0.0000002768373058
-.380000  0.700000   -0.0000007313450185
-.340000  0.700000   -0.0000008062425102
-.300000  0.700000   -0.0000009144291694
-.260000  0.700000   -0.0000013096094802
-.220000  0.700000   -0.0000014724631979
-.180000  0.700000   -0.0000018175456166
-.140000  0.700000   -0.0000020284457815
-.100000  0.700000   -0.0000023439792768
-.060000  0.700000   -0.0000026087777039
-.020000  0.700000   -0.0000028324438841
0.020000  0.700000   -0.0000030251175668
0.060000  0.700000   -0.0000031980039024
0.100000  0.700000   -0.0000033525617307
0.140000  0.700000   -0.0000034967841353
0.180000  0.700000   -0.0000032637089177
0.220000  0.700000   -0.0000033899527466
0.260000  0.700000   -0.0000030165648653
0.300000  0.700000   -0.0000031824678598
0.340000  0.700000   -0.0000027610737977
0.380000  0.700000   -0.0000023119151359
0.420000  0.700000   -0.0000026648963998
0.460000  0.700000   -0.0000015241678230
0.500000  0.700000   -0.0000012924361956
0.540000  0.700000   -0.0000012562643984
0.580000  0.700000   -0.0000006067578715
0.620000  0.700000   -0.0000004469249263
0.660000  0.700000   -0.0000003496653521
0.700000  0.700000   -0.0000012622694388
-.580000  0.740000   -0.0000003380110082
-.540000  0.740000   -0.0000004206497632
-.500000  0.740000   -0.0000005619983393
-.460000  0.740000   -0.0000002284641425
-.420000  0.740000   -0.0000002467005948
-.380000  0.740000   -0.0000002728516984
-.340000  0.740000   -0.0000003312350313
-.300000  0.740000   -0.0000007022224754
-.260000  0.740000   -0.0000008190104960
-.220000  0.740000   -0.0000011418140613
-.180000  0.740000   -0.0000013282840618
-.140000  0.740000   -0.0000016238402270
-.100000  0.740000   -0.0000018679671287
-.060000  0.740000   -0.0000021450610766
-.020000  0.740000   -0.0000023887296516
0.020000  0.740000   -0.0000025981345516
0.060000  0.740000   -0.0000027883603763
0.100000  0.740000   -0.0000026727817206
0.140000  0.740000   -0.0000028042780715
0.180000  0.740000   -0.0000029396513362
0.220000  0.740000   -0.0000025992637404
0.260000  0.740000   -0.0000027570257888
0.300000  0.740000   -0.0000023498897743
0.340000  0.740000   -0.0000025908997366
0.380000  0.740000   -0.0000022176148639
0.420000  0.740000   -0.0000018836905836
0.460000  0.740000   -0.0000016456883686
0.500000  0.740000   -0.0000007264733216
0.540000  0.740000   -0.0000009124539024
0.580000  0.740000   -0.0000006969148527
0.620000  0.740000   -0.0000005399883246
0.660000  0.740000   -0.0000014320744878
-.540000  0.780000   -0.0000003265371325
-.500000  0.780000   -0.0000003950226893
-.460000  0.780000   -0.0000001499425595
-.420000  0.780000   -0.0000001437757409
-.380000  0.780000   -0.0000001256253953
-.340000  0.780000   -0.0000001300836119
-.300000  0.780000   -0.0000001737173239
-.260000  0.780000   -0.0000004703482811
-.220000  0.780000   -0.0000005923200779
-.180000  0.780000   -0.0000008628556586
-.140000  0.780000   -0.0000010642995055
-.100000  0.780000   -0.0000013276106534
-.060000  0.780000   -0.0000015514322728
-.020000  0.780000   -0.0000017432989970
0.020000  0.780000   -0.0000019155249620
0.060000  0.780000   -0.0000020749616797
0.100000  0.780000   -0.0000022283003571
0.140000  0.780000   -0.0000023788904526
0.180000  0.780000   -0.0000021065838114
0.220000  0.780000   -0.0000022607588660
0.260000  0.780000   -0.0000018926331729
0.300000  0.780000   -0.0000021144293937
0.340000  0.780000   -0.0000017632945216
0.380000  0.780000   -0.0000014348540848
0.420000  0.780000   -0.0000011948211699
0.460000  0.780000   -0.0000011043209865
0.500000  0.780000   -0.0000004963402175
0.540000  0.780000   -0.0000003324113760
0.580000  0.780000   -0.0000003509536799
0.620000  0.780000   -0.0000013245766962
-.500000  0.820000   -0.0000002006765072
-.460000  0.820000   -0.0000002751932935
-.420000  0.820000   -0.0000003002996352
-.380000  0.820000    0.0000000392589916
-.340000  0.820000    0.0000000948236849
-.300000  0.820000    0.0000001202647957
-.260000  0.820000   -0.0000000869178179
-.220000  0.820000   -0.0000001460573065
-.180000  0.820000   -0.0000003328526213
-.140000  0.820000   -0.0000004976544366
-.100000  0.820000   -0.0000006921960448
-.060000  0.820000   -0.0000008545986168
-.020000  0.820000   -0.0000009957874084
0.020000  0.820000   -0.0000011294475344
0.060000  0.820000   -0.0000012596774845
0.100000  0.820000   -0.0000013912704050
0.140000  0.820000   -0.0000015304049945
0.180000  0.820000   -0.0000012219170434
0.220000  0.820000   -0.0000013903395604
0.260000  0.820000   -0.0000010321605683
0.300000  0.820000   -0.0000012951689731
0.340000  0.820000   -0.0000010110786412
0.380000  0.820000   -0.0000008056516512
0.420000  0.820000   -0.0000000550721898
0.460000  0.820000   -0.0000002650620403
0.500000  0.820000   -0.0000002591863776
0.540000  0.820000   -0.0000001533950087
-.420000  0.860000   -0.0000003015204967
-.380000  0.860000   -0.0000000770580549
-.340000  0.860000    0.0000000332310495
-.300000  0.860000    0.0000001584394327
-.260000  0.860000    0.0000002484892614
-.220000  0.860000    0.0000002800345967
-.180000  0.860000    0.0000001701429442
-.140000  0.860000    0.0000000842710695
-.100000  0.860000   -0.0000000439604835
-.060000  0.860000   -0.0000001492688632
-.020000  0.860000   -0.0000002445540434
0.020000  0.860000   -0.0000003378682837
0.060000  0.860000   -0.0000004371968010
0.100000  0.860000   -0.0000005494007837
0.140000  0.860000   -0.0000006804786090
0.180000  0.860000   -0.0000003953192755
0.220000  0.860000   -0.0000005823812676
0.260000  0.860000   -0.0000003059622043
0.300000  0.860000   -0.0000000650907567
0.340000  0.860000    0.0000000771536302
0.380000  0.860000    0.0000000449303043
0.420000  0.860000    0.0000002806569179
0.460000  0.860000    0.0000003907252247
0.500000  0.860000   -0.0000006382543503
-.380000  0.900000   -0.0000002232571771
-.340000  0.900000   -0.0000002634072070
-.300000  0.900000    0.0000000813075702
-.260000  0.900000    0.0000002734567601
-.220000  0.900000    0.0000004396237809
-.180000  0.900000    0.0000005419521348
-.140000  0.900000    0.0000005308293408
-.100000  0.900000    0.0000005021928587
-.060000  0.900000    0.0000004485429753
-.020000  0.900000    0.0000003971445794
0.020000  0.900000    0.0000003396814212
0.060000  0.900000    0.0000002659934501
0.100000  0.900000    0.0000001696427097
0.140000  0.900000    0.0000003812207849
0.180000  0.900000    0.0000002253140619
0.220000  0.900000    0.0000004126148285
0.260000  0.900000    0.0000005451408702
0.300000  0.900000    0.0000005513514311
0.340000  0.900000    0.0000007720636070
0.380000  0.900000    0.0000005202542288
0.420000  0.900000   -0.0000002695564272
-.300000  0.940000   -0.0000001596462383
-.260000  0.940000   -0.0000002533154009
-.220000  0.940000    0.0000001374538001
-.180000  0.940000    0.0000003999386305
-.140000  0.940000    0.0000006180336957
-.100000  0.940000    0.0000007264184034
-.060000  0.940000    0.0000008059820776
-.020000  0.940000    0.0000008438068664
0.020000  0.940000    0.0000008598372331
0.060000  0.940000    0.0000008421519922
0.100000  0.940000    0.0000009778464874
0.140000  0.940000    0.0000008697134091
0.180000  0.940000    0.0000009277242457
0.220000  0.940000    0.0000008811739883
0.260000  0.940000    0.0000008855857639
0.300000  0.940000    0.0000004307380019
0.340000  0.940000   -0.0000013111259296
-.140000  0.980000   -0.0000003541393488
-.100000  0.980000   -0.0000000986577083
-.060000  0.980000    0.0000002064841147
-.020000  0.980000    0.0000004425065695
0.020000  0.980000    0.0000005359300892
0.060000  0.980000    0.0000005509834932
0.100000  0.980000    0.0000004919233351
0.140000  0.980000    0.0000002577873647
0.180000  0.980000   -0.0000004014233037
