-.140000  -.980000    0.0000003636762883
-.100000  -.980000    0.0000005538962775
-.060000  -.980000    0.0000004408534725
-.020000  -.980000    0.0000000991806876
0.020000  -.980000   -0.0000000450924793
0.060000  -.980000    0.0000000522886076
0.100000  -.980000   -0.0000000230306918
0.140000  -.980000   -0.0000003504628432
0.180000  -.980000   -0.0000005426237354
-.260000  -.940000    0.0000005595263179
-.220000  -.940000    0.0000006216294661
-.180000  -.940000    0.0000006453427956
-.140000  -.940000    0.0000004593304800
-.100000  -.940000    0.0000005903238950
-.060000  -.940000    0.0000001314758233
-.020000  -.940000    0.0000000831675404
0.020000  -.940000   -0.0000000370210345
0.060000  -.940000   -0.0000002334468568
0.100000  -.940000    0.0000000041532488
0.140000  -.940000   -0.0000003792021013
0.180000  -.940000   -0.0000003869421809
0.220000  -.940000   -0.0000005769318071
0.260000  -.940000   -0.0000005725970148
0.300000  -.940000   -0.0000010147096261
0.340000  -.940000   -0.0000012931019354
-.340000  -.900000    0.0000005883756942
-.300000  -.900000    0.0000006810873952
-.260000  -.900000    0.0000007617461191
-.220000  -.900000    0.0000006349071269
-.180000  -.900000    0.0000003455180286
-.140000  -.900000    0.0000004801617981
-.100000  -.900000   -0.0000000074932599
-.060000  -.900000    0.0000000120113671
-.020000  -.900000   -0.0000000085574220
0.020000  -.900000   -0.0000000734945303
0.060000  -.900000   -0.0000001857861460
0.100000  -.900000   -0.0000003513638545
0.140000  -.900000   -0.0000000246495568
0.180000  -.900000   -0.0000003410109983
0.220000  -.900000   -0.0000002305247814
0.260000  -.900000   -0.0000002750169050
0.300000  -.900000   -0.0000005111154340
0.340000  -.900000   -0.0000005482398721
0.380000  -.900000   -0.0000009900657314
0.420000  -.900000   -0.0000015123178975
-.420000  -.860000    0.0000003334490722
-.380000  -.860000    0.0000005914641970
-.340000  -.860000    0.0000007932492777
-.300000  -.860000    0.0000007819398923
-.260000  -.860000    0.0000005866860025
-.220000  -.860000    0.0000002525628438
-.180000  -.860000    0.0000004047701323
-.140000  -.860000   -0.0000000864846776
-.100000  -.860000   -0.0000000141578205
-.060000  -.860000    0.0000000338140223
-.020000  -.860000    0.0000000563830158
0.020000  -.860000    0.0000000495015959
0.060000  -.860000    0.0000000132999240
0.100000  -.860000   -0.0000000579270037
0.140000  -.860000   -0.0000001718111310
0.180000  -.860000    0.0000002088470088
0.220000  -.860000   -0.0000000414113391
0.260000  -.860000    0.0000001329827857
0.300000  -.860000    0.0000001591908392
0.340000  -.860000    0.0000000103946848
0.380000  -.860000   -0.0000003559990414
0.420000  -.860000   -0.0000005864438873
0.460000  -.860000   -0.0000008804568352
0.500000  -.860000   -0.0000015710912756
-.460000  -.820000    0.0000004184254547
-.420000  -.820000    0.0000008268757137
-.380000  -.820000    0.0000005927105460
-.340000  -.820000    0.0000004983902281
-.300000  -.820000    0.0000002486999134
-.260000  -.820000    0.0000004558256883
-.220000  -.820000    0.0000000248987719
-.180000  -.820000    0.0000001584534640
-.140000  -.820000   -0.0000003583523256
-.100000  -.820000   -0.0000002690644358
-.060000  -.820000   -0.0000001884227104
-.020000  -.820000   -0.0000001209200999
0.020000  -.820000   -0.0000000677587814
0.060000  -.820000   -0.0000000321256610
0.100000  -.820000   -0.0000000168946741
0.140000  -.820000   -0.0000000307860348
0.180000  -.820000    0.0000004538651460
0.220000  -.820000    0.0000003358276253
0.260000  -.820000    0.0000006493421201
0.300000  -.820000    0.0000003665750379
0.340000  -.820000    0.0000004408704662
0.380000  -.820000    0.0000003439819931
0.420000  -.820000    0.0000004449063838
0.460000  -.820000   -0.0000001366294767
0.500000  -.820000   -0.0000007010294384
0.540000  -.820000   -0.0000011331683631
-.540000  -.780000    0.0000000276460043
-.500000  -.780000    0.0000004844658351
-.460000  -.780000    0.0000005380400086
-.420000  -.780000    0.0000006155392675
-.380000  -.780000    0.0000005139594841
-.340000  -.780000    0.0000002636196378
-.300000  -.780000   -0.0000000961854887
-.260000  -.780000    0.0000000620393053
-.220000  -.780000   -0.0000004086117381
-.180000  -.780000   -0.0000002862985692
-.140000  -.780000   -0.0000007801548659
-.100000  -.780000   -0.0000006694829227
-.060000  -.780000   -0.0000005532922634
-.020000  -.780000   -0.0000004396799834
0.020000  -.780000   -0.0000003286712959
0.060000  -.780000   -0.0000002243365992
0.100000  -.780000   -0.0000001331570002
0.140000  -.780000   -0.0000000603323366
0.180000  -.780000    0.0000005007056888
0.220000  -.780000    0.0000004914125132
0.260000  -.780000    0.0000009140383095
0.300000  -.780000    0.0000007707113943
0.340000  -.780000    0.0000009946051323
0.380000  -.780000    0.0000010753078177
0.420000  -.780000    0.0000009847972558
0.460000  -.780000    0.0000006856644374
0.500000  -.780000    0.0000004992873109
0.540000  -.780000   -0.0000000518253823
0.580000  -.780000   -0.0000007699230285
0.620000  -.780000   -0.0000015524194931
-.580000  -.740000    0.0000000306941123
-.540000  -.740000    0.0000004245292905
-.500000  -.740000    0.0000007793680916
-.460000  -.740000    0.0000005176878142
-.420000  -.740000    0.0000004117959689
-.380000  -.740000    0.0000001624943548
-.340000  -.740000   -0.0000001890386123
-.300000  -.740000   -0.0000000273285502
-.260000  -.740000   -0.0000004836974016
-.220000  -.740000   -0.0000003485910390
-.180000  -.740000   -0.0000008256101832
-.140000  -.740000   -0.0000006931252438
-.100000  -.740000   -0.0000005543035032
-.060000  -.740000   -0.0000009747902469
-.020000  -.740000   -0.0000008168958114
0.020000  -.740000   -0.0000006552902538
0.060000  -.740000   -0.0000004922729531
0.100000  -.740000    0.0000001758110484
0.140000  -.740000    0.0000003099072272
0.180000  -.740000    0.0000004212394976
0.220000  -.740000    0.0000009744998176
0.260000  -.740000    0.0000010033856065
0.300000  -.740000    0.0000014187906225
0.340000  -.740000    0.0000013065024261
0.380000  -.740000    0.0000015227357117
0.420000  -.740000    0.0000015973635405
0.460000  -.740000    0.0000014970092892
0.500000  -.740000    0.0000015293422860
0.540000  -.740000    0.0000009610939180
0.580000  -.740000    0.0000003738386143
0.620000  -.740000   -0.0000003858809744
0.660000  -.740000   -0.0000015277059290
-.580000  -.700000    0.0000004621583690
-.540000  -.700000    0.0000005857308678
-.500000  -.700000    0.0000007320395855
-.460000  -.700000    0.0000006996143108
-.420000  -.700000   -0.0000000119352512
-.380000  -.700000    0.0000001901611963
-.340000  -.700000   -0.0000002065676223
-.300000  -.700000   -0.0000006430266055
-.260000  -.700000   -0.0000005063756337
-.220000  -.700000   -0.0000009617128655
-.180000  -.700000   -0.0000008232653214
-.140000  -.700000   -0.0000012291989230
-.100000  -.700000   -0.0000010683752513
-.060000  -.700000   -0.0000008911218182
-.020000  -.700000   -0.0000007021849380
0.020000  -.700000   -0.0000005072451418
0.060000  -.700000   -0.0000003046062505
0.100000  -.700000   -0.0000001038344655
0.140000  -.700000    0.0000000872669714
0.180000  -.700000    0.0000007203657246
0.220000  -.700000    0.0000008633629997
0.260000  -.700000    0.0000014046339025
0.300000  -.700000    0.0000014573502805
0.340000  -.700000    0.0000018599197866
0.380000  -.700000    0.0000021550647053
0.420000  -.700000    0.0000019552974414
0.460000  -.700000    0.0000023599136407
0.500000  -.700000    0.0000022212919576
0.540000  -.700000    0.0000018775396546
0.580000  -.700000    0.0000015560728477
0.620000  -.700000    0.0000008940178540
0.660000  -.700000    0.0000000397602016
0.700000  -.700000   -0.0000011442373513
-.620000  -.660000    0.0000002576818753
-.580000  -.660000    0.0000006181821295
-.540000  -.660000    0.0000004669939359
-.500000  -.660000    0.0000004228634516
-.460000  -.660000    0.0000002363460452
-.420000  -.660000   -0.0000000616710853
-.380000  -.660000   -0.0000004343802657
-.340000  -.660000   -0.0000008429113470
-.300000  -.660000   -0.0000007240407160
-.260000  -.660000   -0.0000011514677267
-.220000  -.660000   -0.0000010178877867
-.180000  -.660000   -0.0000013953314898
-.140000  -.660000   -0.0000012360163555
-.100000  -.660000   -0.0000010549235871
-.060000  -.660000   -0.0000008567632070
-.020000  -.660000   -0.0000006458502610
0.020000  -.660000   -0.0000004246108605
0.060000  -.660000   -0.0000001917278530
0.100000  -.660000    0.0000000425744975
0.140000  -.660000    0.0000002744734513
0.180000  -.660000    0.0000004921752585
0.220000  -.660000    0.0000011077758791
0.260000  -.660000    0.0000012673024550
0.300000  -.660000    0.0000017912391718
0.340000  -.660000    0.0000018435017945
0.380000  -.660000    0.0000022275335783
0.420000  -.660000    0.0000025041749127
0.460000  -.660000    0.0000026551388885
0.500000  -.660000    0.0000026561070813
0.540000  -.660000    0.0000024789802449
0.580000  -.660000    0.0000023657234923
0.620000  -.660000    0.0000017030398185
0.660000  -.660000    0.0000011879363269
0.700000  -.660000    0.0000002021565012
0.740000  -.660000   -0.0000012610312169
-.660000  -.620000    0.0000001608863940
-.620000  -.620000    0.0000005544008145
-.580000  -.620000    0.0000005054621758
-.540000  -.620000    0.0000005335299961
-.500000  -.620000    0.0000004149474338
-.460000  -.620000    0.0000001699347469
-.420000  -.620000   -0.0000001655235894
-.380000  -.620000   -0.0000005565190360
-.340000  -.620000   -0.0000009652885115
-.300000  -.620000   -0.0000013562072024
-.260000  -.620000   -0.0000012443915860
-.220000  -.620000   -0.0000015881904739
-.180000  -.620000   -0.0000014416773614
-.140000  -.620000   -0.0000012657234018
-.100000  -.620000   -0.0000010707567373
-.060000  -.620000   -0.0000012862454493
-.020000  -.620000   -0.0000010479265860
0.020000  -.620000   -0.0000007945394236
0.060000  -.620000   -0.0000005326308815
0.100000  -.620000    0.0000001251191454
0.140000  -.620000    0.0000003884034634
0.180000  -.620000    0.0000006405082711
0.220000  -.620000    0.0000008653906742
0.260000  -.620000    0.0000014611110434
0.300000  -.620000    0.0000016129286650
0.340000  -.620000    0.0000021152779729
0.380000  -.620000    0.0000025376954027
0.420000  -.620000    0.0000028662558089
0.460000  -.620000    0.0000030872603485
0.500000  -.620000    0.0000031807379551
0.540000  -.620000    0.0000031251842342
0.580000  -.620000    0.0000028913404904
0.620000  -.620000    0.0000026709737369
0.660000  -.620000    0.0000019374348207
0.700000  -.620000    0.0000012773599191
0.740000  -.620000    0.0000001137400085
0.780000  -.620000   -0.0000010967651766
-.700000  -.580000    0.0000000601687703
-.660000  -.580000    0.0000004128458233
-.620000  -.580000    0.0000004641620337
-.580000  -.580000    0.0000005590800663
-.540000  -.580000    0.0000000858212031
-.500000  -.580000   -0.0000001475145048
-.460000  -.580000   -0.0000004594086586
-.420000  -.580000   -0.0000008171261655
-.380000  -.580000   -0.0000007057548599
-.340000  -.580000   -0.0000011008318532
-.300000  -.580000   -0.0000014658170217
-.260000  -.580000   -0.0000013440844990
-.220000  -.580000   -0.0000016514170402
-.180000  -.580000   -0.0000014942096896
-.140000  -.580000   -0.0000013084564027
-.100000  -.580000   -0.0000014977174281
-.060000  -.580000   -0.0000012694726866
-.020000  -.580000   -0.0000010178444083
0.020000  -.580000   -0.0000007504103726
0.060000  -.580000   -0.0000004721721219
0.100000  -.580000   -0.0000001890387323
0.140000  -.580000    0.0000004458189755
0.180000  -.580000    0.0000007232862941
0.220000  -.580000    0.0000009762214821
0.260000  -.580000    0.0000015680837944
0.300000  -.580000    0.0000017583939427
0.340000  -.580000    0.0000022729244433
0.380000  -.580000    0.0000027172501754
0.420000  -.580000    0.0000027384375240
0.460000  -.580000    0.0000030355058640
0.500000  -.580000    0.0000032175216928
0.540000  -.580000    0.0000032652958903
0.580000  -.580000    0.0000034319130217
0.620000  -.580000    0.0000031297070952
0.660000  -.580000    0.0000028051593758
0.700000  -.580000    0.0000021720462027
0.740000  -.580000    0.0000011602808202
0.780000  -.580000   -0.0000000182537634
-.700000  -.540000    0.0000002294762353
-.660000  -.540000    0.0000003603092773
-.620000  -.540000    0.0000005070158210
-.580000  -.540000    0.0000001448137122
-.540000  -.540000   -0.0000000333111415
-.500000  -.540000   -0.0000002989649507
-.460000  -.540000   -0.0000006214690666
-.420000  -.540000   -0.0000009741501902
-.380000  -.540000   -0.0000008662913340
-.340000  -.540000   -0.0000012371973947
-.300000  -.540000   -0.0000015676969206
-.260000  -.540000   -0.0000014409871019
-.220000  -.540000   -0.0000017067669688
-.180000  -.540000   -0.0000015431945774
-.140000  -.540000   -0.0000017054548109
-.100000  -.540000   -0.0000014965853888
-.060000  -.540000   -0.0000012596389417
-.020000  -.540000   -0.0000010003546491
0.020000  -.540000   -0.0000007246763656
0.060000  -.540000   -0.0000004375906511
0.100000  -.540000   -0.0000001432788119
0.140000  -.540000    0.0000001484558775
0.180000  -.540000    0.0000007568406107
0.220000  -.540000    0.0000010279127136
0.260000  -.540000    0.0000016056867458
0.300000  -.540000    0.0000018218663140
0.340000  -.540000    0.0000023375439909
0.380000  -.540000    0.0000027912060225
0.420000  -.540000    0.0000028569958030
0.460000  -.540000    0.0000031872681986
0.500000  -.540000    0.0000034175365806
0.540000  -.540000    0.0000035329711687
0.580000  -.540000    0.0000035116155575
0.620000  -.540000    0.0000035817430728
0.660000  -.540000    0.0000031993593228
0.700000  -.540000    0.0000027703646450
0.740000  -.540000    0.0000020126881913
0.780000  -.540000    0.0000010036774773
0.820000  -.540000   -0.0000002661701524
-.740000  -.500000    0.0000000941949046
-.700000  -.500000    0.0000003781449317
-.660000  -.500000    0.0000003957523616
-.620000  -.500000    0.0000004680435875
-.580000  -.500000    0.0000000265190770
-.540000  -.500000   -0.0000001873906180
-.500000  -.500000   -0.0000004686577854
-.460000  -.500000   -0.0000007906052015
-.420000  -.500000   -0.0000011247837973
-.380000  -.500000   -0.0000010257762193
-.340000  -.500000   -0.0000013637111978
-.300000  -.500000   -0.0000016524408266
-.260000  -.500000   -0.0000015256242646
-.220000  -.500000   -0.0000017471645134
-.180000  -.500000   -0.0000015799345715
-.140000  -.500000   -0.0000016983729309
-.100000  -.500000   -0.0000014872667078
-.060000  -.500000   -0.0000012497377693
-.020000  -.500000   -0.0000009888908370
0.020000  -.500000   -0.0000007095230102
0.060000  -.500000   -0.0000004193051893
0.100000  -.500000   -0.0000001210874108
0.140000  -.500000    0.0000001754799604
0.180000  -.500000    0.0000007541896776
0.220000  -.500000    0.0000010338988008
0.260000  -.500000    0.0000015907885090
0.300000  -.500000    0.0000018200438820
0.340000  -.500000    0.0000023275389835
0.380000  -.500000    0.0000027807490929
0.420000  -.500000    0.0000028724504549
0.460000  -.500000    0.0000032207659526
0.500000  -.500000    0.0000034845950027
0.540000  -.500000    0.0000036473467508
0.580000  -.500000    0.0000036922967373
0.620000  -.500000    0.0000038373470859
0.660000  -.500000    0.0000035754340990
0.700000  -.500000    0.0000032798059578
0.740000  -.500000    0.0000027079167315
0.780000  -.500000    0.0000018088514814
0.820000  -.500000    0.0000005871608163
0.860000  -.500000   -0.0000006900508712
-.740000  -.460000    0.0000001679232913
-.700000  -.460000    0.0000004486302407
-.660000  -.460000    0.0000003601870521
-.620000  -.460000    0.0000003627895548
-.580000  -.460000   -0.0000001224251228
-.540000  -.460000   -0.0000003584583532
-.500000  -.460000   -0.0000006426625485
-.460000  -.460000   -0.0000009500398853
-.420000  -.460000   -0.0000012581427237
-.380000  -.460000   -0.0000011696383633
-.340000  -.460000   -0.0000014668671828
-.300000  -.460000   -0.0000017128382314
-.260000  -.460000   -0.0000015882411301
-.220000  -.460000   -0.0000017638532314
-.180000  -.460000   -0.0000015994922372
-.140000  -.460000   -0.0000016753106677
-.100000  -.460000   -0.0000014667227042
-.060000  -.460000   -0.0000012311114736
-.020000  -.460000   -0.0000009740829700
0.020000  -.460000   -0.0000006984498989
0.060000  -.460000   -0.0000004097717509
0.100000  -.460000   -0.0000001124712887
0.140000  -.460000    0.0000001809712752
0.180000  -.460000    0.0000007246569061
0.220000  -.460000    0.0000010044524617
0.260000  -.460000    0.0000015345671587
0.300000  -.460000    0.0000017645701378
0.340000  -.460000    0.0000022561388016
0.380000  -.460000    0.0000027001631090
0.420000  -.460000    0.0000028015204145
0.460000  -.460000    0.0000031568742876
0.500000  -.460000    0.0000034378308634
0.540000  -.460000    0.0000036317956489
0.580000  -.460000    0.0000037249419387
0.620000  -.460000    0.0000039334679499
0.660000  -.460000    0.0000037602198929
0.700000  -.460000    0.0000035731775550
0.740000  -.460000    0.0000030189829921
0.780000  -.460000    0.0000023250949174
0.820000  -.460000    0.0000013885178499
0.860000  -.460000    0.0000002251146715
-.780000  -.420000    0.0000000353064623
-.740000  -.420000    0.0000002279828052
-.700000  -.420000    0.0000002314346606
-.660000  -.420000    0.0000002690367216
-.620000  -.420000    0.0000002143994469
-.580000  -.420000   -0.0000002833520483
-.540000  -.420000   -0.0000005269641799
-.500000  -.420000   -0.0000008022276412
-.460000  -.420000   -0.0000010877153870
-.420000  -.420000   -0.0000013613284099
-.380000  -.420000   -0.0000012890423474
-.340000  -.420000   -0.0000015409920028
-.300000  -.420000   -0.0000017404449420
-.260000  -.420000   -0.0000016216887669
-.220000  -.420000   -0.0000017539455045
-.180000  -.420000   -0.0000015943907182
-.140000  -.420000   -0.0000016320403094
-.100000  -.420000   -0.0000014309239042
-.060000  -.420000   -0.0000012034614132
-.020000  -.420000   -0.0000009544611680
0.020000  -.420000   -0.0000006854925995
0.060000  -.420000   -0.0000004035477118
0.100000  -.420000   -0.0000001135071032
0.140000  -.420000    0.0000001708902447
0.180000  -.420000    0.0000006765374036
0.220000  -.420000    0.0000009481161500
0.260000  -.420000    0.0000014457969415
0.300000  -.420000    0.0000016651796271
0.340000  -.420000    0.0000021340667736
0.380000  -.420000    0.0000025622083293
0.420000  -.420000    0.0000026541868089
0.460000  -.420000    0.0000030070502144
0.500000  -.420000    0.0000032948308229
0.540000  -.420000    0.0000035057945730
0.580000  -.420000    0.0000036294518824
0.620000  -.420000    0.0000038935797283
0.660000  -.420000    0.0000037874785369
0.700000  -.420000    0.0000035270296637
0.740000  -.420000    0.0000032627351891
0.780000  -.420000    0.0000027321412557
0.820000  -.420000    0.0000019927309603
0.860000  -.420000    0.0000008691585970
0.900000  -.420000   -0.0000004845584321
-.780000  -.380000    0.0000001125632683
-.740000  -.380000    0.0000002330937059
-.700000  -.380000    0.0000003733123219
-.660000  -.380000    0.0000001433662145
-.620000  -.380000    0.0000000447990314
-.580000  -.380000   -0.0000001203703453
-.540000  -.380000   -0.0000003396155987
-.500000  -.380000   -0.0000005933277034
-.460000  -.380000   -0.0000008624114187
-.420000  -.380000   -0.0000011264224572
-.380000  -.380000   -0.0000013719969478
-.340000  -.380000   -0.0000015773502247
-.300000  -.380000   -0.0000017295825813
-.260000  -.380000   -0.0000016255035935
-.220000  -.380000   -0.0000017133120678
-.180000  -.380000   -0.0000015637882951
-.140000  -.380000   -0.0000015670001729
-.100000  -.380000   -0.0000013770885253
-.060000  -.380000   -0.0000011608603130
-.020000  -.380000   -0.0000009228183277
0.020000  -.380000   -0.0000006660576172
0.060000  -.380000   -0.0000003955976511
0.100000  -.380000   -0.0000001193214433
0.140000  -.380000    0.0000001509737561
0.180000  -.380000    0.0000006150897743
0.220000  -.380000    0.0000008687858972
0.260000  -.380000    0.0000013316851881
0.300000  -.380000    0.0000015286727423
0.340000  -.380000    0.0000019686434010
0.380000  -.380000    0.0000023745480679
0.420000  -.380000    0.0000027432965103
0.460000  -.380000    0.0000030684696628
0.500000  -.380000    0.0000033387527449
0.540000  -.380000    0.0000035493634139
0.580000  -.380000    0.0000036884395599
0.620000  -.380000    0.0000037368213665
0.660000  -.380000    0.0000036797711874
0.700000  -.380000    0.0000036652465680
0.740000  -.380000    0.0000033292722097
0.780000  -.380000    0.0000029287881016
0.820000  -.380000    0.0000022659929518
0.860000  -.380000    0.0000013649512859
0.900000  -.380000    0.0000002169762103
-.780000  -.340000    0.0000001453586793
-.740000  -.340000    0.0000001941653647
-.700000  -.340000    0.0000002650973650
-.660000  -.340000    0.0000000053952009
-.620000  -.340000   -0.0000001227255704
-.580000  -.340000   -0.0000003012419561
-.540000  -.340000   -0.0000005145569787
-.500000  -.340000   -0.0000007484714121
-.460000  -.340000   -0.0000009841308135
-.420000  -.340000   -0.0000012101701491
-.380000  -.340000   -0.0000014094006848
-.340000  -.340000   -0.0000015674178821
-.300000  -.340000   -0.0000014753931510
-.260000  -.340000   -0.0000015890859864
-.220000  -.340000   -0.0000016373472533
-.180000  -.340000   -0.0000015039770994
-.140000  -.340000   -0.0000014766055512
-.100000  -.340000   -0.0000013013808488
-.060000  -.340000   -0.0000011010843093
-.020000  -.340000   -0.0000008788382077
0.020000  -.340000   -0.0000006379231910
0.060000  -.340000   -0.0000003831865410
0.100000  -.340000   -0.0000001231241526
0.140000  -.340000    0.0000001240488285
0.180000  -.340000    0.0000005454231912
0.220000  -.340000    0.0000007733217182
0.260000  -.340000    0.0000011968524806
0.300000  -.340000    0.0000016009469521
0.340000  -.340000    0.0000017655065572
0.380000  -.340000    0.0000021431445330
0.420000  -.340000    0.0000024867146196
0.460000  -.340000    0.0000027930668590
0.500000  -.340000    0.0000030541194923
0.540000  -.340000    0.0000032624179736
0.580000  -.340000    0.0000034079310130
0.620000  -.340000    0.0000034769921687
0.660000  -.340000    0.0000034526211436
0.700000  -.340000    0.0000035082860811
0.740000  -.340000    0.0000032473657060
0.780000  -.340000    0.0000029590372938
0.820000  -.340000    0.0000024417071764
0.860000  -.340000    0.0000017241299356
0.900000  -.340000    0.0000007368331350
0.940000  -.340000   -0.0000004743223024
-.820000  -.300000    0.0000000218987491
-.780000  -.300000    0.0000001377724227
-.740000  -.300000    0.0000002727959516
-.700000  -.300000    0.0000001406570643
-.660000  -.300000    0.0000000946254594
-.620000  -.300000   -0.0000002679385629
-.580000  -.300000   -0.0000004465620978
-.540000  -.300000   -0.0000006463056100
-.500000  -.300000   -0.0000008528361473
-.460000  -.300000   -0.0000010554910656
-.420000  -.300000   -0.0000012381864538
-.380000  -.300000   -0.0000013935701891
-.340000  -.300000   -0.0000013199054022
-.300000  -.300000   -0.0000014424005101
-.260000  -.300000   -0.0000015163191864
-.220000  -.300000   -0.0000015258853453
-.180000  -.300000   -0.0000014134182517
-.140000  -.300000   -0.0000013594995127
-.100000  -.300000   -0.0000012063777733
-.060000  -.300000   -0.0000010233423748
-.020000  -.300000   -0.0000008202202305
0.020000  -.300000   -0.0000005994713411
0.060000  -.300000   -0.0000003629507958
0.100000  -.300000   -0.0000001261422526
0.140000  -.300000    0.0000000945552176
0.180000  -.300000    0.0000004700047649
0.220000  -.300000    0.0000006618079494
0.260000  -.300000    0.0000010435404110
0.300000  -.300000    0.0000014081471248
0.340000  -.300000    0.0000017578679558
0.380000  -.300000    0.0000018692960778
0.420000  -.300000    0.0000021846275987
0.460000  -.300000    0.0000024655649846
0.500000  -.300000    0.0000027089934272
0.540000  -.300000    0.0000029068071648
0.580000  -.300000    0.0000030484397063
0.620000  -.300000    0.0000031256779450
0.660000  -.300000    0.0000033289667342
0.700000  -.300000    0.0000032417032692
0.740000  -.300000    0.0000031751803361
0.780000  -.300000    0.0000028424085995
0.820000  -.300000    0.0000024478294476
0.860000  -.300000    0.0000018833258017
0.900000  -.300000    0.0000010234478052
0.940000  -.300000   -0.0000000477378243
-.820000  -.260000    0.0000000709782527
-.780000  -.260000    0.0000001915650291
-.740000  -.260000    0.0000001753531025
-.700000  -.260000    0.0000002007897720
-.660000  -.260000   -0.0000000553918869
-.620000  -.260000   -0.0000001744678607
-.580000  -.260000   -0.0000003249070443
-.540000  -.260000   -0.0000004958308906
-.500000  -.260000   -0.0000006757853440
-.460000  -.260000   -0.0000008535067513
-.420000  -.260000   -0.0000010183614075
-.380000  -.260000   -0.0000011651938831
-.340000  -.260000   -0.0000012825006621
-.300000  -.260000   -0.0000013623228842
-.260000  -.260000   -0.0000013951368644
-.220000  -.260000   -0.0000013024775939
-.180000  -.260000   -0.0000012931747727
-.140000  -.260000   -0.0000011593733004
-.100000  -.260000   -0.0000010898780428
-.060000  -.260000   -0.0000009284820981
-.020000  -.260000   -0.0000007476957747
0.020000  -.260000   -0.0000005509962981
0.060000  -.260000   -0.0000003373565862
0.100000  -.260000   -0.0000001251718058
0.140000  -.260000    0.0000001777699445
0.180000  -.260000    0.0000003898250131
0.220000  -.260000    0.0000007114516045
0.260000  -.260000    0.0000008724185039
0.300000  -.260000    0.0000011940261425
0.340000  -.260000    0.0000015026433526
0.380000  -.260000    0.0000017940789790
0.420000  -.260000    0.0000020641445451
0.460000  -.260000    0.0000023118409488
0.500000  -.260000    0.0000025258118420
0.540000  -.260000    0.0000027043926319
0.580000  -.260000    0.0000028397191766
0.620000  -.260000    0.0000029222984437
0.660000  -.260000    0.0000029381347770
0.700000  -.260000    0.0000030235497646
0.740000  -.260000    0.0000028755464128
0.780000  -.260000    0.0000027168607809
0.820000  -.260000    0.0000023946424701
0.860000  -.260000    0.0000018904168079
0.900000  -.260000    0.0000012026991455
0.940000  -.260000    0.0000003237450234
-.820000  -.220000    0.0000000725372557
-.780000  -.220000    0.0000001317928538
-.740000  -.220000    0.0000002077330052
-.700000  -.220000    0.0000000627069317
-.660000  -.220000    0.0000000042825642
-.620000  -.220000   -0.0000002896003082
-.580000  -.220000   -0.0000004312737951
-.540000  -.220000   -0.0000005826100548
-.500000  -.220000   -0.0000007326948845
-.460000  -.220000   -0.0000008760649196
-.420000  -.220000   -0.0000010027497514
-.380000  -.220000   -0.0000011073674762
-.340000  -.220000   -0.0000011837824450
-.300000  -.220000   -0.0000012252558000
-.260000  -.220000   -0.0000011614372785
-.220000  -.220000   -0.0000011730981916
-.180000  -.220000   -0.0000011377452021
-.140000  -.220000   -0.0000010328503571
-.100000  -.220000   -0.0000009526281954
-.060000  -.220000   -0.0000008173345139
-.020000  -.220000   -0.0000006613157035
0.020000  -.220000   -0.0000004890497471
0.060000  -.220000   -0.0000003033079314
0.100000  -.220000   -0.0000001220702028
0.140000  -.220000    0.0000001362607985
0.180000  -.220000    0.0000003049015149
0.220000  -.220000    0.0000005804172019
0.260000  -.220000    0.0000008515821541
0.300000  -.220000    0.0000009584938199
0.340000  -.220000    0.0000012218929797
0.380000  -.220000    0.0000014726616549
0.420000  -.220000    0.0000017063268967
0.460000  -.220000    0.0000019205023950
0.500000  -.220000    0.0000021087378499
0.540000  -.220000    0.0000022658258180
0.580000  -.220000    0.0000023818146776
0.620000  -.220000    0.0000024523654292
0.660000  -.220000    0.0000026389016797
0.700000  -.220000    0.0000026005898062
0.740000  -.220000    0.0000025972105732
0.780000  -.220000    0.0000023981136651
0.820000  -.220000    0.0000021646741940
0.860000  -.220000    0.0000017717659736
0.900000  -.220000    0.0000012296334246
0.940000  -.220000    0.0000004781955163
-.820000  -.180000    0.0000000932782506
-.780000  -.180000    0.0000001456215503
-.740000  -.180000    0.0000000966718936
-.700000  -.180000    0.0000000891083717
-.660000  -.180000   -0.0000001137006425
-.620000  -.180000   -0.0000002108649064
-.580000  -.180000   -0.0000003238290906
-.540000  -.180000   -0.0000004453165392
-.500000  -.180000   -0.0000005691506515
-.460000  -.180000   -0.0000006852868367
-.420000  -.180000   -0.0000007915599675
-.380000  -.180000   -0.0000008814353998
-.340000  -.180000   -0.0000009505068239
-.300000  -.180000   -0.0000009971822915
-.260000  -.180000   -0.0000010163033707
-.220000  -.180000   -0.0000010018748820
-.180000  -.180000   -0.0000009195794873
-.140000  -.180000   -0.0000008817546056
-.100000  -.180000   -0.0000007954113148
-.060000  -.180000   -0.0000006903028429
-.020000  -.180000   -0.0000005620291737
0.020000  -.180000   -0.0000004171504509
0.060000  -.180000   -0.0000002606879086
0.100000  -.180000   -0.0000001147586837
0.140000  -.180000    0.0000000976698566
0.180000  -.180000    0.0000003078682211
0.220000  -.180000    0.0000004391713165
0.260000  -.180000    0.0000006638305502
0.300000  -.180000    0.0000008810499322
0.340000  -.180000    0.0000010931763106
0.380000  -.180000    0.0000012927372778
0.420000  -.180000    0.0000014864992667
0.460000  -.180000    0.0000016550109661
0.500000  -.180000    0.0000018039218308
0.540000  -.180000    0.0000019342801873
0.580000  -.180000    0.0000020500867592
0.620000  -.180000    0.0000021209873858
0.660000  -.180000    0.0000021401391632
0.700000  -.180000    0.0000022361303090
0.740000  -.180000    0.0000021539185161
0.780000  -.180000    0.0000020829753806
0.820000  -.180000    0.0000018983113165
0.860000  -.180000    0.0000015933879134
0.900000  -.180000    0.0000011391992980
0.940000  -.180000    0.0000005617965795
0.980000  -.180000   -0.0000001467751284
-.820000  -.140000    0.0000000597056789
-.780000  -.140000    0.0000000728165652
-.740000  -.140000    0.0000000977901288
-.700000  -.140000   -0.0000000149978683
-.660000  -.140000   -0.0000000702671302
-.620000  -.140000   -0.0000001430479934
-.580000  -.140000   -0.0000002286908799
-.540000  -.140000   -0.0000004532098889
-.500000  -.140000   -0.0000005464392311
-.460000  -.140000   -0.0000006313835738
-.420000  -.140000   -0.0000007044979019
-.380000  -.140000   -0.0000007625173631
-.340000  -.140000   -0.0000008032934366
-.300000  -.140000   -0.0000008207326806
-.260000  -.140000   -0.0000007728136854
-.220000  -.140000   -0.0000007742935128
-.180000  -.140000   -0.0000007539666311
-.140000  -.140000   -0.0000007040617191
-.100000  -.140000   -0.0000006209433408
-.060000  -.140000   -0.0000005506674565
-.020000  -.140000   -0.0000004510614993
0.020000  -.140000   -0.0000003381121535
0.060000  -.140000   -0.0000002111400701
0.100000  -.140000   -0.0000000723047824
0.140000  -.140000    0.0000000587832344
0.180000  -.140000    0.0000002234174377
0.220000  -.140000    0.0000003942047095
0.260000  -.140000    0.0000005603689853
0.300000  -.140000    0.0000006256847283
0.340000  -.140000    0.0000007905639938
0.380000  -.140000    0.0000009551340242
0.420000  -.140000    0.0000010941481351
0.460000  -.140000    0.0000012278701245
0.500000  -.140000    0.0000013696750580
0.540000  -.140000    0.0000014784702868
0.580000  -.140000    0.0000016425156324
0.620000  -.140000    0.0000017082848495
0.660000  -.140000    0.0000017352014297
0.700000  -.140000    0.0000017208508522
0.740000  -.140000    0.0000017467772259
0.780000  -.140000    0.0000016333151612
0.820000  -.140000    0.0000015148661320
0.860000  -.140000    0.0000012977620142
0.900000  -.140000    0.0000009884878711
0.940000  -.140000    0.0000005290431588
0.980000  -.140000   -0.0000000226519897
-.860000  -.100000    0.0000000023377113
-.820000  -.100000    0.0000000533061074
-.780000  -.100000    0.0000000629448966
-.740000  -.100000    0.0000000837659533
-.700000  -.100000   -0.0000000009069540
-.660000  -.100000   -0.0000000383411865
-.620000  -.100000   -0.0000000880842957
-.580000  -.100000   -0.0000002471053775
-.540000  -.100000   -0.0000003174167515
-.500000  -.100000   -0.0000003837904375
-.460000  -.100000   -0.0000004441051211
-.420000  -.100000   -0.0000004976492514
-.380000  -.100000   -0.0000005400806010
-.340000  -.100000   -0.0000005707158116
-.300000  -.100000   -0.0000005875511384
-.260000  -.100000   -0.0000005905095406
-.220000  -.100000   -0.0000005779276497
-.180000  -.100000   -0.0000005465306735
-.140000  -.100000   -0.0000004972754884
-.100000  -.100000   -0.0000004607059068
-.060000  -.100000   -0.0000003957559553
-.020000  -.100000   -0.0000003312364863
0.020000  -.100000   -0.0000002497814254
0.060000  -.100000   -0.0000001569107376
0.100000  -.100000   -0.0000000550652077
0.140000  -.100000    0.0000000523244723
0.180000  -.100000    0.0000001298841550
0.220000  -.100000    0.0000002561157014
0.260000  -.100000    0.0000003595542498
0.300000  -.100000    0.0000004947467324
0.340000  -.100000    0.0000006018293255
0.380000  -.100000    0.0000007127970294
0.420000  -.100000    0.0000007956960751
0.460000  -.100000    0.0000009270594840
0.500000  -.100000    0.0000009695072482
0.540000  -.100000    0.0000010435896072
0.580000  -.100000    0.0000011647719854
0.620000  -.100000    0.0000012429889456
0.660000  -.100000    0.0000012779075419
0.700000  -.100000    0.0000012666676704
0.740000  -.100000    0.0000012836016022
0.780000  -.100000    0.0000012086738081
0.820000  -.100000    0.0000011257386424
0.860000  -.100000    0.0000009745855144
0.900000  -.100000    0.0000007408120596
0.940000  -.100000    0.0000004434434621
0.980000  -.100000    0.0000000554817138
-.860000  -.060000    0.0000000041509768
-.820000  -.060000    0.0000000369439228
-.780000  -.060000    0.0000000422082781
-.740000  -.060000    0.0000000154800614
-.700000  -.060000    0.0000000034743979
-.660000  -.060000   -0.0000000173517676
-.620000  -.060000   -0.0000001047292317
-.580000  -.060000   -0.0000001450685465
-.540000  -.060000   -0.0000001866802624
-.500000  -.060000   -0.0000002263555734
-.460000  -.060000   -0.0000002624348054
-.420000  -.060000   -0.0000002943632345
-.380000  -.060000   -0.0000003205421903
-.340000  -.060000   -0.0000003379655825
-.300000  -.060000   -0.0000003493504534
-.260000  -.060000   -0.0000003522613113
-.220000  -.060000   -0.0000003470603519
-.180000  -.060000   -0.0000003337284614
-.140000  -.060000   -0.0000003109448610
-.100000  -.060000   -0.0000002769332762
-.060000  -.060000   -0.0000002276053665
-.020000  -.060000   -0.0000002026929093
0.020000  -.060000   -0.0000001545514594
0.060000  -.060000   -0.0000001203785684
0.100000  -.060000   -0.0000000382111234
0.140000  -.060000    0.0000000275064301
0.180000  -.060000    0.0000000934089341
0.220000  -.060000    0.0000001692510186
0.260000  -.060000    0.0000002255853221
0.300000  -.060000    0.0000003131457629
0.340000  -.060000    0.0000003746914921
0.380000  -.060000    0.0000004221924952
0.420000  -.060000    0.0000005382883744
0.460000  -.060000    0.0000005545535693
0.500000  -.060000    0.0000006532012325
0.540000  -.060000    0.0000006618839651
0.580000  -.060000    0.0000006737593888
0.620000  -.060000    0.0000007256547063
0.660000  -.060000    0.0000007780724306
0.700000  -.060000    0.0000007749549030
0.740000  -.060000    0.0000007521778536
0.780000  -.060000    0.0000007414961043
0.820000  -.060000    0.0000006939081524
0.860000  -.060000    0.0000006024517299
0.900000  -.060000    0.0000004662951001
0.940000  -.060000    0.0000002792050554
0.980000  -.060000    0.0000000497465238
-.860000  -.020000    0.0000000018940133
-.820000  -.020000    0.0000000132268923
-.780000  -.020000    0.0000000146690360
-.740000  -.020000    0.0000000058745702
-.700000  -.020000    0.0000000018103969
-.660000  -.020000   -0.0000000047287805
-.620000  -.020000   -0.0000000344134873
-.580000  -.020000   -0.0000000477858498
-.540000  -.020000   -0.0000000613575717
-.500000  -.020000   -0.0000000745173113
-.460000  -.020000   -0.0000000866103587
-.420000  -.020000   -0.0000000970672212
-.380000  -.020000   -0.0000001060710438
-.340000  -.020000   -0.0000001115076641
-.300000  -.020000   -0.0000001154964784
-.260000  -.020000   -0.0000001162942035
-.220000  -.020000   -0.0000001138464989
-.180000  -.020000   -0.0000001105016491
-.140000  -.020000   -0.0000001030398729
-.100000  -.020000   -0.0000000948149789
-.060000  -.020000   -0.0000000825034413
-.020000  -.020000   -0.0000000677144378
0.020000  -.020000   -0.0000000513773011
0.060000  -.020000   -0.0000000336997208
0.100000  -.020000   -0.0000000118650799
0.140000  -.020000    0.0000000096313288
0.180000  -.020000    0.0000000325107512
0.220000  -.020000    0.0000000578173351
0.260000  -.020000    0.0000000768228534
0.300000  -.020000    0.0000001059635381
0.340000  -.020000    0.0000001277893475
0.380000  -.020000    0.0000001416931543
0.420000  -.020000    0.0000001892794418
0.460000  -.020000    0.0000001659705363
0.500000  -.020000    0.0000001821006789
0.540000  -.020000    0.0000002626456098
0.580000  -.020000    0.0000002145349373
0.620000  -.020000    0.0000002483975628
0.660000  -.020000    0.0000002608516136
0.700000  -.020000    0.0000002612621509
0.740000  -.020000    0.0000002538333540
0.780000  -.020000    0.0000002498163310
0.820000  -.020000    0.0000002346705675
0.860000  -.020000    0.0000002036637969
0.900000  -.020000    0.0000001589850003
0.940000  -.020000    0.0000000970157077
0.980000  -.020000    0.0000000145020136
-.860000  0.020000   -0.0000000018940133
-.820000  0.020000   -0.0000000132268923
-.780000  0.020000   -0.0000000146690360
-.740000  0.020000   -0.0000000058745702
-.700000  0.020000   -0.0000000018103969
-.660000  0.020000    0.0000000047287805
-.620000  0.020000    0.0000000344134873
-.580000  0.020000    0.0000000477858498
-.540000  0.020000    0.0000000613575717
-.500000  0.020000    0.0000000745173113
-.460000  0.020000    0.0000000866103587
-.420000  0.020000    0.0000000970672212
-.380000  0.020000    0.0000001060710438
-.340000  0.020000    0.0000001115076641
-.300000  0.020000    0.0000001154964784
-.260000  0.020000    0.0000001162942035
-.220000  0.020000    0.0000001138464989
-.180000  0.020000    0.0000001105016491
-.140000  0.020000    0.0000001030398729
-.100000  0.020000    0.0000000948149789
-.060000  0.020000    0.0000000825034413
-.020000  0.020000    0.0000000677144378
0.020000  0.020000    0.0000000513773011
0.060000  0.020000    0.0000000336997208
0.100000  0.020000    0.0000000118650799
0.140000  0.020000   -0.0000000096313288
0.180000  0.020000   -0.0000000325107512
0.220000  0.020000   -0.0000000578173351
0.260000  0.020000   -0.0000000768228534
0.300000  0.020000   -0.0000001059635381
0.340000  0.020000   -0.0000001277893475
0.380000  0.020000   -0.0000001416931543
0.420000  0.020000   -0.0000001892794418
0.460000  0.020000   -0.0000001659705363
0.500000  0.020000   -0.0000001821006789
0.540000  0.020000   -0.0000002626456098
0.580000  0.020000   -0.0000002145349373
0.620000  0.020000   -0.0000002483975628
0.660000  0.020000   -0.0000002608516136
0.700000  0.020000   -0.0000002612621509
0.740000  0.020000   -0.0000002538333540
0.780000  0.020000   -0.0000002498163310
0.820000  0.020000   -0.0000002346705675
0.860000  0.020000   -0.0000002036637969
0.900000  0.020000   -0.0000001589850003
0.940000  0.020000   -0.0000000970157077
0.980000  0.020000   -0.0000000145020136
-.860000  0.060000   -0.0000000041509768
-.820000  0.060000   -0.0000000369439228
-.780000  0.060000   -0.0000000422082781
-.740000  0.060000   -0.0000000154800614
-.700000  0.060000   -0.0000000034743979
-.660000  0.060000    0.0000000173517676
-.620000  0.060000    0.0000001047292317
-.580000  0.060000    0.0000001450685465
-.540000  0.060000    0.0000001866802624
-.500000  0.060000    0.0000002263555734
-.460000  0.060000    0.0000002624348054
-.420000  0.060000    0.0000002943632345
-.380000  0.060000    0.0000003205421903
-.340000  0.060000    0.0000003379655825
-.300000  0.060000    0.0000003493504534
-.260000  0.060000    0.0000003522613113
-.220000  0.060000    0.0000003470603519
-.180000  0.060000    0.0000003337284614
-.140000  0.060000    0.0000003109448610
-.100000  0.060000    0.0000002769332762
-.060000  0.060000    0.0000002276053665
-.020000  0.060000    0.0000002026929093
0.020000  0.060000    0.0000001545514594
0.060000  0.060000    0.0000001203785684
0.100000  0.060000    0.0000000382111234
0.140000  0.060000   -0.0000000275064301
0.180000  0.060000   -0.0000000934089341
0.220000  0.060000   -0.0000001692510186
0.260000  0.060000   -0.0000002255853221
0.300000  0.060000   -0.0000003131457629
0.340000  0.060000   -0.0000003746914921
0.380000  0.060000   -0.0000004221924952
0.420000  0.060000   -0.0000005382883744
0.460000  0.060000   -0.0000005545535693
0.500000  0.060000   -0.0000006532012325
0.540000  0.060000   -0.0000006618839651
0.580000  0.060000   -0.0000006737593888
0.620000  0.060000   -0.0000007256547063
0.660000  0.060000   -0.0000007780724306
0.700000  0.060000   -0.0000007749549030
0.740000  0.060000   -0.0000007521778536
0.780000  0.060000   -0.0000007414961043
0.820000  0.060000   -0.0000006939081524
0.860000  0.060000   -0.0000006024517299
0.900000  0.060000   -0.0000004662951001
0.940000  0.060000   -0.0000002792050554
0.980000  0.060000   -0.0000000497465238
-.860000  0.100000   -0.0000000023377113
-.820000  0.100000   -0.0000000533061074
-.780000  0.100000   -0.0000000629448966
-.740000  0.100000   -0.0000000837659533
-.700000  0.100000    0.0000000009069540
-.660000  0.100000    0.0000000383411865
-.620000  0.100000    0.0000000880842957
-.580000  0.100000    0.0000002471053775
-.540000  0.100000    0.0000003174167515
-.500000  0.100000    0.0000003837904375
-.460000  0.100000    0.0000004441051211
-.420000  0.100000    0.0000004976492514
-.380000  0.100000    0.0000005400806010
-.340000  0.100000    0.0000005707158116
-.300000  0.100000    0.0000005875511384
-.260000  0.100000    0.0000005905095406
-.220000  0.100000    0.0000005779276497
-.180000  0.100000    0.0000005465306735
-.140000  0.100000    0.0000004972754884
-.100000  0.100000    0.0000004607059068
-.060000  0.100000    0.0000003957559553
-.020000  0.100000    0.0000003312364863
0.020000  0.100000    0.0000002497814254
0.060000  0.100000    0.0000001569107376
0.100000  0.100000    0.0000000550652077
0.140000  0.100000   -0.0000000523244723
0.180000  0.100000   -0.0000001298841550
0.220000  0.100000   -0.0000002561157014
0.260000  0.100000   -0.0000003595542498
0.300000  0.100000   -0.0000004947467324
0.340000  0.100000   -0.0000006018293255
0.380000  0.100000   -0.0000007127970294
0.420000  0.100000   -0.0000007956960751
0.460000  0.100000   -0.0000009270594840
0.500000  0.100000   -0.0000009695072482
0.540000  0.100000   -0.0000010435896072
0.580000  0.100000   -0.0000011647719854
0.620000  0.100000   -0.0000012429889456
0.660000  0.100000   -0.0000012779075419
0.700000  0.100000   -0.0000012666676704
0.740000  0.100000   -0.0000012836016022
0.780000  0.100000   -0.0000012086738081
0.820000  0.100000   -0.0000011257386424
0.860000  0.100000   -0.0000009745855144
0.900000  0.100000   -0.0000007408120596
0.940000  0.100000   -0.0000004434434621
0.980000  0.100000   -0.0000000554817138
-.820000  0.140000   -0.0000000597056789
-.780000  0.140000   -0.0000000728165652
-.740000  0.140000   -0.0000000977901288
-.700000  0.140000    0.0000000149978683
-.660000  0.140000    0.0000000702671302
-.620000  0.140000    0.0000001430479934
-.580000  0.140000    0.0000002286908799
-.540000  0.140000    0.0000004532098889
-.500000  0.140000    0.0000005464392311
-.460000  0.140000    0.0000006313835738
-.420000  0.140000    0.0000007044979019
-.380000  0.140000    0.0000007625173631
-.340000  0.140000    0.0000008032934366
-.300000  0.140000    0.0000008207326806
-.260000  0.140000    0.0000007728136854
-.220000  0.140000    0.0000007742935128
-.180000  0.140000    0.0000007539666311
-.140000  0.140000    0.0000007040617191
-.100000  0.140000    0.0000006209433408
-.060000  0.140000    0.0000005506674565
-.020000  0.140000    0.0000004510614993
0.020000  0.140000    0.0000003381121535
0.060000  0.140000    0.0000002111400701
0.100000  0.140000    0.0000000723047824
0.140000  0.140000   -0.0000000587832344
0.180000  0.140000   -0.0000002234174377
0.220000  0.140000   -0.0000003942047095
0.260000  0.140000   -0.0000005603689853
0.300000  0.140000   -0.0000006256847283
0.340000  0.140000   -0.0000007905639938
0.380000  0.140000   -0.0000009551340242
0.420000  0.140000   -0.0000010941481351
0.460000  0.140000   -0.0000012278701245
0.500000  0.140000   -0.0000013696750580
0.540000  0.140000   -0.0000014784702868
0.580000  0.140000   -0.0000016425156324
0.620000  0.140000   -0.0000017082848495
0.660000  0.140000   -0.0000017352014297
0.700000  0.140000   -0.0000017208508522
0.740000  0.140000   -0.0000017467772259
0.780000  0.140000   -0.0000016333151612
0.820000  0.140000   -0.0000015148661320
0.860000  0.140000   -0.0000012977620142
0.900000  0.140000   -0.0000009884878711
0.940000  0.140000   -0.0000005290431588
0.980000  0.140000    0.0000000226519897
-.820000  0.180000   -0.0000000932782506
-.780000  0.180000   -0.0000001456215503
-.740000  0.180000   -0.0000000966718936
-.700000  0.180000   -0.0000000891083717
-.660000  0.180000    0.0000001137006425
-.620000  0.180000    0.0000002108649064
-.580000  0.180000    0.0000003238290906
-.540000  0.180000    0.0000004453165392
-.500000  0.180000    0.0000005691506515
-.460000  0.180000    0.0000006852868367
-.420000  0.180000    0.0000007915599675
-.380000  0.180000    0.0000008814353998
-.340000  0.180000    0.0000009505068239
-.300000  0.180000    0.0000009971822915
-.260000  0.180000    0.0000010163033707
-.220000  0.180000    0.0000010018748820
-.180000  0.180000    0.0000009195794873
-.140000  0.180000    0.0000008817546056
-.100000  0.180000    0.0000007954113148
-.060000  0.180000    0.0000006903028429
-.020000  0.180000    0.0000005620291737
0.020000  0.180000    0.0000004171504509
0.060000  0.180000    0.0000002606879086
0.100000  0.180000    0.0000001147586837
0.140000  0.180000   -0.0000000976698566
0.180000  0.180000   -0.0000003078682211
0.220000  0.180000   -0.0000004391713165
0.260000  0.180000   -0.0000006638305502
0.300000  0.180000   -0.0000008810499322
0.340000  0.180000   -0.0000010931763106
0.380000  0.180000   -0.0000012927372778
0.420000  0.180000   -0.0000014864992667
0.460000  0.180000   -0.0000016550109661
0.500000  0.180000   -0.0000018039218308
0.540000  0.180000   -0.0000019342801873
0.580000  0.180000   -0.0000020500867592
0.620000  0.180000   -0.0000021209873858
0.660000  0.180000   -0.0000021401391632
0.700000  0.180000   -0.0000022361303090
0.740000  0.180000   -0.0000021539185161
0.780000  0.180000   -0.0000020829753806
0.820000  0.180000   -0.0000018983113165
0.860000  0.180000   -0.0000015933879134
0.900000  0.180000   -0.0000011391992980
0.940000  0.180000   -0.0000005617965795
0.980000  0.180000    0.0000001467751284
-.820000  0.220000   -0.0000000725372557
-.780000  0.220000   -0.0000001317928538
-.740000  0.220000   -0.0000002077330052
-.700000  0.220000   -0.0000000627069317
-.660000  0.220000   -0.0000000042825642
-.620000  0.220000    0.0000002896003082
-.580000  0.220000    0.0000004312737951
-.540000  0.220000    0.0000005826100548
-.500000  0.220000    0.0000007326948845
-.460000  0.220000    0.0000008760649196
-.420000  0.220000    0.0000010027497514
-.380000  0.220000    0.0000011073674762
-.340000  0.220000    0.0000011837824450
-.300000  0.220000    0.0000012252558000
-.260000  0.220000    0.0000011614372785
-.220000  0.220000    0.0000011730981916
-.180000  0.220000    0.0000011377452021
-.140000  0.220000    0.0000010328503571
-.100000  0.220000    0.0000009526281954
-.060000  0.220000    0.0000008173345139
-.020000  0.220000    0.0000006613157035
0.020000  0.220000    0.0000004890497471
0.060000  0.220000    0.0000003033079314
0.100000  0.220000    0.0000001220702028
0.140000  0.220000   -0.0000001362607985
0.180000  0.220000   -0.0000003049015149
0.220000  0.220000   -0.0000005804172019
0.260000  0.220000   -0.0000008515821541
0.300000  0.220000   -0.0000009584938199
0.340000  0.220000   -0.0000012218929797
0.380000  0.220000   -0.0000014726616549
0.420000  0.220000   -0.0000017063268967
0.460000  0.220000   -0.0000019205023950
0.500000  0.220000   -0.0000021087378499
0.540000  0.220000   -0.0000022658258180
0.580000  0.220000   -0.0000023818146776
0.620000  0.220000   -0.0000024523654292
0.660000  0.220000   -0.0000026389016797
0.700000  0.220000   -0.0000026005898062
0.740000  0.220000   -0.0000025972105732
0.780000  0.220000   -0.0000023981136651
0.820000  0.220000   -0.0000021646741940
0.860000  0.220000   -0.0000017717659736
0.900000  0.220000   -0.0000012296334246
0.940000  0.220000   -0.0000004781955163
-.820000  0.260000   -0.0000000709782527
-.780000  0.260000   -0.0000001915650291
-.740000  0.260000   -0.0000001753531025
-.700000  0.260000   -0.0000002007897720
-.660000  0.260000    0.0000000553918869
-.620000  0.260000    0.0000001744678607
-.580000  0.260000    0.0000003249070443
-.540000  0.260000    0.0000004958308906
-.500000  0.260000    0.0000006757853440
-.460000  0.260000    0.0000008535067513
-.420000  0.260000    0.0000010183614075
-.380000  0.260000    0.0000011651938831
-.340000  0.260000    0.0000012825006621
-.300000  0.260000    0.0000013623228842
-.260000  0.260000    0.0000013951368644
-.220000  0.260000    0.0000013024775939
-.180000  0.260000    0.0000012931747727
-.140000  0.260000    0.0000011593733004
-.100000  0.260000    0.0000010898780428
-.060000  0.260000    0.0000009284820981
-.020000  0.260000    0.0000007476957747
0.020000  0.260000    0.0000005509962981
0.060000  0.260000    0.0000003373565862
0.100000  0.260000    0.0000001251718058
0.140000  0.260000   -0.0000001777699445
0.180000  0.260000   -0.0000003898250131
0.220000  0.260000   -0.0000007114516045
0.260000  0.260000   -0.0000008724185039
0.300000  0.260000   -0.0000011940261425
0.340000  0.260000   -0.0000015026433526
0.380000  0.260000   -0.0000017940789790
0.420000  0.260000   -0.0000020641445451
0.460000  0.260000   -0.0000023118409488
0.500000  0.260000   -0.0000025258118420
0.540000  0.260000   -0.0000027043926319
0.580000  0.260000   -0.0000028397191766
0.620000  0.260000   -0.0000029222984437
0.660000  0.260000   -0.0000029381347770
0.700000  0.260000   -0.0000030235497646
0.740000  0.260000   -0.0000028755464128
0.780000  0.260000   -0.0000027168607809
0.820000  0.260000   -0.0000023946424701
0.860000  0.260000   -0.0000018904168079
0.900000  0.260000   -0.0000012026991455
0.940000  0.260000   -0.0000003237450234
-.820000  0.300000   -0.0000000218987491
-.780000  0.300000   -0.0000001377724227
-.740000  0.300000   -0.0000002727959516
-.700000  0.300000   -0.0000001406570643
-.660000  0.300000   -0.0000000946254594
-.620000  0.300000    0.0000002679385629
-.580000  0.300000    0.0000004465620978
-.540000  0.300000    0.0000006463056100
-.500000  0.300000    0.0000008528361473
-.460000  0.300000    0.0000010554910656
-.420000  0.300000    0.0000012381864538
-.380000  0.300000    0.0000013935701891
-.340000  0.300000    0.0000013199054022
-.300000  0.300000    0.0000014424005101
-.260000  0.300000    0.0000015163191864
-.220000  0.300000    0.0000015258853453
-.180000  0.300000    0.0000014134182517
-.140000  0.300000    0.0000013594995127
-.100000  0.300000    0.0000012063777733
-.060000  0.300000    0.0000010233423748
-.020000  0.300000    0.0000008202202305
0.020000  0.300000    0.0000005994713411
0.060000  0.300000    0.0000003629507958
0.100000  0.300000    0.0000001261422526
0.140000  0.300000   -0.0000000945552176
0.180000  0.300000   -0.0000004700047649
0.220000  0.300000   -0.0000006618079494
0.260000  0.300000   -0.0000010435404110
0.300000  0.300000   -0.0000014081471248
0.340000  0.300000   -0.0000017578679558
0.380000  0.300000   -0.0000018692960778
0.420000  0.300000   -0.0000021846275987
0.460000  0.300000   -0.0000024655649846
0.500000  0.300000   -0.0000027089934272
0.540000  0.300000   -0.0000029068071648
0.580000  0.300000   -0.0000030484397063
0.620000  0.300000   -0.0000031256779450
0.660000  0.300000   -0.0000033289667342
0.700000  0.300000   -0.0000032417032692
0.740000  0.300000   -0.0000031751803361
0.780000  0.300000   -0.0000028424085995
0.820000  0.300000   -0.0000024478294476
0.860000  0.300000   -0.0000018833258017
0.900000  0.300000   -0.0000010234478052
0.940000  0.300000    0.0000000477378243
-.780000  0.340000   -0.0000001453586793
-.740000  0.340000   -0.0000001941653647
-.700000  0.340000   -0.0000002650973650
-.660000  0.340000   -0.0000000053952009
-.620000  0.340000    0.0000001227255704
-.580000  0.340000    0.0000003012419561
-.540000  0.340000    0.0000005145569787
-.500000  0.340000    0.0000007484714121
-.460000  0.340000    0.0000009841308135
-.420000  0.340000    0.0000012101701491
-.380000  0.340000    0.0000014094006848
-.340000  0.340000    0.0000015674178821
-.300000  0.340000    0.0000014753931510
-.260000  0.340000    0.0000015890859864
-.220000  0.340000    0.0000016373472533
-.180000  0.340000    0.0000015039770994
-.140000  0.340000    0.0000014766055512
-.100000  0.340000    0.0000013013808488
-.060000  0.340000    0.0000011010843093
-.020000  0.340000    0.0000008788382077
0.020000  0.340000    0.0000006379231910
0.060000  0.340000    0.0000003831865410
0.100000  0.340000    0.0000001231241526
0.140000  0.340000   -0.0000001240488285
0.180000  0.340000   -0.0000005454231912
0.220000  0.340000   -0.0000007733217182
0.260000  0.340000   -0.0000011968524806
0.300000  0.340000   -0.0000016009469521
0.340000  0.340000   -0.0000017655065572
0.380000  0.340000   -0.0000021431445330
0.420000  0.340000   -0.0000024867146196
0.460000  0.340000   -0.0000027930668590
0.500000  0.340000   -0.0000030541194923
0.540000  0.340000   -0.0000032624179736
0.580000  0.340000   -0.0000034079310130
0.620000  0.340000   -0.0000034769921687
0.660000  0.340000   -0.0000034526211436
0.700000  0.340000   -0.0000035082860811
0.740000  0.340000   -0.0000032473657060
0.780000  0.340000   -0.0000029590372938
0.820000  0.340000   -0.0000024417071764
0.860000  0.340000   -0.0000017241299356
0.900000  0.340000   -0.0000007368331350
0.940000  0.340000    0.0000004743223024
-.780000  0.380000   -0.0000001125632683
-.740000  0.380000   -0.0000002330937059
-.700000  0.380000   -0.0000003733123219
-.660000  0.380000   -0.0000001433662145
-.620000  0.380000   -0.0000000447990314
-.580000  0.380000    0.0000001203703453
-.540000  0.380000    0.0000003396155987
-.500000  0.380000    0.0000005933277034
-.460000  0.380000    0.0000008624114187
-.420000  0.380000    0.0000011264224572
-.380000  0.380000    0.0000013719969478
-.340000  0.380000    0.0000015773502247
-.300000  0.380000    0.0000017295825813
-.260000  0.380000    0.0000016255035935
-.220000  0.380000    0.0000017133120678
-.180000  0.380000    0.0000015637882951
-.140000  0.380000    0.0000015670001729
-.100000  0.380000    0.0000013770885253
-.060000  0.380000    0.0000011608603130
-.020000  0.380000    0.0000009228183277
0.020000  0.380000    0.0000006660576172
0.060000  0.380000    0.0000003955976511
0.100000  0.380000    0.0000001193214433
0.140000  0.380000   -0.0000001509737561
0.180000  0.380000   -0.0000006150897743
0.220000  0.380000   -0.0000008687858972
0.260000  0.380000   -0.0000013316851881
0.300000  0.380000   -0.0000015286727423
0.340000  0.380000   -0.0000019686434010
0.380000  0.380000   -0.0000023745480679
0.420000  0.380000   -0.0000027432965103
0.460000  0.380000   -0.0000030684696628
0.500000  0.380000   -0.0000033387527449
0.540000  0.380000   -0.0000035493634139
0.580000  0.380000   -0.0000036884395599
0.620000  0.380000   -0.0000037368213665
0.660000  0.380000   -0.0000036797711874
0.700000  0.380000   -0.0000036652465680
0.740000  0.380000   -0.0000033292722097
0.780000  0.380000   -0.0000029287881016
0.820000  0.380000   -0.0000022659929518
0.860000  0.380000   -0.0000013649512859
0.900000  0.380000   -0.0000002169762103
-.780000  0.420000   -0.0000000353064623
-.740000  0.420000   -0.0000002279828052
-.700000  0.420000   -0.0000002314346606
-.660000  0.420000   -0.0000002690367216
-.620000  0.420000   -0.0000002143994469
-.580000  0.420000    0.0000002833520483
-.540000  0.420000    0.0000005269641799
-.500000  0.420000    0.0000008022276412
-.460000  0.420000    0.0000010877153870
-.420000  0.420000    0.0000013613284099
-.380000  0.420000    0.0000012890423474
-.340000  0.420000    0.0000015409920028
-.300000  0.420000    0.0000017404449420
-.260000  0.420000    0.0000016216887669
-.220000  0.420000    0.0000017539455045
-.180000  0.420000    0.0000015943907182
-.140000  0.420000    0.0000016320403094
-.100000  0.420000    0.0000014309239042
-.060000  0.420000    0.0000012034614132
-.020000  0.420000    0.0000009544611680
0.020000  0.420000    0.0000006854925995
0.060000  0.420000    0.0000004035477118
0.100000  0.420000    0.0000001135071032
0.140000  0.420000   -0.0000001708902447
0.180000  0.420000   -0.0000006765374036
0.220000  0.420000   -0.0000009481161500
0.260000  0.420000   -0.0000014457969415
0.300000  0.420000   -0.0000016651796271
0.340000  0.420000   -0.0000021340667736
0.380000  0.420000   -0.0000025622083293
0.420000  0.420000   -0.0000026541868089
0.460000  0.420000   -0.0000030070502144
0.500000  0.420000   -0.0000032948308229
0.540000  0.420000   -0.0000035057945730
0.580000  0.420000   -0.0000036294518824
0.620000  0.420000   -0.0000038935797283
0.660000  0.420000   -0.0000037874785369
0.700000  0.420000   -0.0000035270296637
0.740000  0.420000   -0.0000032627351891
0.780000  0.420000   -0.0000027321412557
0.820000  0.420000   -0.0000019927309603
0.860000  0.420000   -0.0000008691585970
0.900000  0.420000    0.0000004845584321
-.740000  0.460000   -0.0000001679232913
-.700000  0.460000   -0.0000004486302407
-.660000  0.460000   -0.0000003601870521
-.620000  0.460000   -0.0000003627895548
-.580000  0.460000    0.0000001224251228
-.540000  0.460000    0.0000003584583532
-.500000  0.460000    0.0000006426625485
-.460000  0.460000    0.0000009500398853
-.420000  0.460000    0.0000012581427237
-.380000  0.460000    0.0000011696383633
-.340000  0.460000    0.0000014668671828
-.300000  0.460000    0.0000017128382314
-.260000  0.460000    0.0000015882411301
-.220000  0.460000    0.0000017638532314
-.180000  0.460000    0.0000015994922372
-.140000  0.460000    0.0000016753106677
-.100000  0.460000    0.0000014667227042
-.060000  0.460000    0.0000012311114736
-.020000  0.460000    0.0000009740829700
0.020000  0.460000    0.0000006984498989
0.060000  0.460000    0.0000004097717509
0.100000  0.460000    0.0000001124712887
0.140000  0.460000   -0.0000001809712752
0.180000  0.460000   -0.0000007246569061
0.220000  0.460000   -0.0000010044524617
0.260000  0.460000   -0.0000015345671587
0.300000  0.460000   -0.0000017645701378
0.340000  0.460000   -0.0000022561388016
0.380000  0.460000   -0.0000027001631090
0.420000  0.460000   -0.0000028015204145
0.460000  0.460000   -0.0000031568742876
0.500000  0.460000   -0.0000034378308634
0.540000  0.460000   -0.0000036317956489
0.580000  0.460000   -0.0000037249419387
0.620000  0.460000   -0.0000039334679499
0.660000  0.460000   -0.0000037602198929
0.700000  0.460000   -0.0000035731775550
0.740000  0.460000   -0.0000030189829921
0.780000  0.460000   -0.0000023250949174
0.820000  0.460000   -0.0000013885178499
0.860000  0.460000   -0.0000002251146715
-.740000  0.500000   -0.0000000941949046
-.700000  0.500000   -0.0000003781449317
-.660000  0.500000   -0.0000003957523616
-.620000  0.500000   -0.0000004680435875
-.580000  0.500000   -0.0000000265190770
-.540000  0.500000    0.0000001873906180
-.500000  0.500000    0.0000004686577854
-.460000  0.500000    0.0000007906052015
-.420000  0.500000    0.0000011247837973
-.380000  0.500000    0.0000010257762193
-.340000  0.500000    0.0000013637111978
-.300000  0.500000    0.0000016524408266
-.260000  0.500000    0.0000015256242646
-.220000  0.500000    0.0000017471645134
-.180000  0.500000    0.0000015799345715
-.140000  0.500000    0.0000016983729309
-.100000  0.500000    0.0000014872667078
-.060000  0.500000    0.0000012497377693
-.020000  0.500000    0.0000009888908370
0.020000  0.500000    0.0000007095230102
0.060000  0.500000    0.0000004193051893
0.100000  0.500000    0.0000001210874108
0.140000  0.500000   -0.0000001754799604
0.180000  0.500000   -0.0000007541896776
0.220000  0.500000   -0.0000010338988008
0.260000  0.500000   -0.0000015907885090
0.300000  0.500000   -0.0000018200438820
0.340000  0.500000   -0.0000023275389835
0.380000  0.500000   -0.0000027807490929
0.420000  0.500000   -0.0000028724504549
0.460000  0.500000   -0.0000032207659526
0.500000  0.500000   -0.0000034845950027
0.540000  0.500000   -0.0000036473467508
0.580000  0.500000   -0.0000036922967373
0.620000  0.500000   -0.0000038373470859
0.660000  0.500000   -0.0000035754340990
0.700000  0.500000   -0.0000032798059578
0.740000  0.500000   -0.0000027079167315
0.780000  0.500000   -0.0000018088514814
0.820000  0.500000   -0.0000005871608163
0.860000  0.500000    0.0000006900508712
-.700000  0.540000   -0.0000002294762353
-.660000  0.540000   -0.0000003603092773
-.620000  0.540000   -0.0000005070158210
-.580000  0.540000   -0.0000001448137122
-.540000  0.540000    0.0000000333111415
-.500000  0.540000    0.0000002989649507
-.460000  0.540000    0.0000006214690666
-.420000  0.540000    0.0000009741501902
-.380000  0.540000    0.0000008662913340
-.340000  0.540000    0.0000012371973947
-.300000  0.540000    0.0000015676969206
-.260000  0.540000    0.0000014409871019
-.220000  0.540000    0.0000017067669688
-.180000  0.540000    0.0000015431945774
-.140000  0.540000    0.0000017054548109
-.100000  0.540000    0.0000014965853888
-.060000  0.540000    0.0000012596389417
-.020000  0.540000    0.0000010003546491
0.020000  0.540000    0.0000007246763656
0.060000  0.540000    0.0000004375906511
0.100000  0.540000    0.0000001432788119
0.140000  0.540000   -0.0000001484558775
0.180000  0.540000   -0.0000007568406107
0.220000  0.540000   -0.0000010279127136
0.260000  0.540000   -0.0000016056867458
0.300000  0.540000   -0.0000018218663140
0.340000  0.540000   -0.0000023375439909
0.380000  0.540000   -0.0000027912060225
0.420000  0.540000   -0.0000028569958030
0.460000  0.540000   -0.0000031872681986
0.500000  0.540000   -0.0000034175365806
0.540000  0.540000   -0.0000035329711687
0.580000  0.540000   -0.0000035116155575
0.620000  0.540000   -0.0000035817430728
0.660000  0.540000   -0.0000031993593228
0.700000  0.540000   -0.0000027703646450
0.740000  0.540000   -0.0000020126881913
0.780000  0.540000   -0.0000010036774773
0.820000  0.540000    0.0000002661701524
-.700000  0.580000   -0.0000000601687703
-.660000  0.580000   -0.0000004128458233
-.620000  0.580000   -0.0000004641620337
-.580000  0.580000   -0.0000005590800663
-.540000  0.580000   -0.0000000858212031
-.500000  0.580000    0.0000001475145048
-.460000  0.580000    0.0000004594086586
-.420000  0.580000    0.0000008171261655
-.380000  0.580000    0.0000007057548599
-.340000  0.580000    0.0000011008318532
-.300000  0.580000    0.0000014658170217
-.260000  0.580000    0.0000013440844990
-.220000  0.580000    0.0000016514170402
-.180000  0.580000    0.0000014942096896
-.140000  0.580000    0.0000013084564027
-.100000  0.580000    0.0000014977174281
-.060000  0.580000    0.0000012694726866
-.020000  0.580000    0.0000010178444083
0.020000  0.580000    0.0000007504103726
0.060000  0.580000    0.0000004721721219
0.100000  0.580000    0.0000001890387323
0.140000  0.580000   -0.0000004458189755
0.180000  0.580000   -0.0000007232862941
0.220000  0.580000   -0.0000009762214821
0.260000  0.580000   -0.0000015680837944
0.300000  0.580000   -0.0000017583939427
0.340000  0.580000   -0.0000022729244433
0.380000  0.580000   -0.0000027172501754
0.420000  0.580000   -0.0000027384375240
0.460000  0.580000   -0.0000030355058640
0.500000  0.580000   -0.0000032175216928
0.540000  0.580000   -0.0000032652958903
0.580000  0.580000   -0.0000034319130217
0.620000  0.580000   -0.0000031297070952
0.660000  0.580000   -0.0000028051593758
0.700000  0.580000   -0.0000021720462027
0.740000  0.580000   -0.0000011602808202
0.780000  0.580000    0.0000000182537634
-.660000  0.620000   -0.0000001608863940
-.620000  0.620000   -0.0000005544008145
-.580000  0.620000   -0.0000005054621758
-.540000  0.620000   -0.0000005335299961
-.500000  0.620000   -0.0000004149474338
-.460000  0.620000   -0.0000001699347469
-.420000  0.620000    0.0000001655235894
-.380000  0.620000    0.0000005565190360
-.340000  0.620000    0.0000009652885115
-.300000  0.620000    0.0000013562072024
-.260000  0.620000    0.0000012443915860
-.220000  0.620000    0.0000015881904739
-.180000  0.620000    0.0000014416773614
-.140000  0.620000    0.0000012657234018
-.100000  0.620000    0.0000010707567373
-.060000  0.620000    0.0000012862454493
-.020000  0.620000    0.0000010479265860
0.020000  0.620000    0.0000007945394236
0.060000  0.620000    0.0000005326308815
0.100000  0.620000   -0.0000001251191454
0.140000  0.620000   -0.0000003884034634
0.180000  0.620000   -0.0000006405082711
0.220000  0.620000   -0.0000008653906742
0.260000  0.620000   -0.0000014611110434
0.300000  0.620000   -0.0000016129286650
0.340000  0.620000   -0.0000021152779729
0.380000  0.620000   -0.0000025376954027
0.420000  0.620000   -0.0000028662558089
0.460000  0.620000   -0.0000030872603485
0.500000  0.620000   -0.0000031807379551
0.540000  0.620000   -0.0000031251842342
0.580000  0.620000   -0.0000028913404904
0.620000  0.620000   -0.0000026709737369
0.660000  0.620000   -0.0000019374348207
0.700000  0.620000   -0.0000012773599191
0.740000  0.620000   -0.0000001137400085
0.780000  0.620000    0.0000010967651766
-.620000  0.660000   -0.0000002576818753
-.580000  0.660000   -0.0000006181821295
-.540000  0.660000   -0.0000004669939359
-.500000  0.660000   -0.0000004228634516
-.460000  0.660000   -0.0000002363460452
-.420000  0.660000    0.0000000616710853
-.380000  0.660000    0.0000004343802657
-.340000  0.660000    0.0000008429113470
-.300000  0.660000    0.0000007240407160
-.260000  0.660000    0.0000011514677267
-.220000  0.660000    0.0000010178877867
-.180000  0.660000    0.0000013953314898
-.140000  0.660000    0.0000012360163555
-.100000  0.660000    0.0000010549235871
-.060000  0.660000    0.0000008567632070
-.020000  0.660000    0.0000006458502610
0.020000  0.660000    0.0000004246108605
0.060000  0.660000    0.0000001917278530
0.100000  0.660000   -0.0000000425744975
0.140000  0.660000   -0.0000002744734513
0.180000  0.660000   -0.0000004921752585
0.220000  0.660000   -0.0000011077758791
0.260000  0.660000   -0.0000012673024550
0.300000  0.660000   -0.0000017912391718
0.340000  0.660000   -0.0000018435017945
0.380000  0.660000   -0.0000022275335783
0.420000  0.660000   -0.0000025041749127
0.460000  0.660000   -0.0000026551388885
0.500000  0.660000   -0.0000026561070813
0.540000  0.660000   -0.0000024789802449
0.580000  0.660000   -0.0000023657234923
0.620000  0.660000   -0.0000017030398185
0.660000  0.660000   -0.0000011879363269
0.700000  0.660000   -0.0000002021565012
0.740000  0.660000    0.0000012610312169
-.580000  0.700000   -0.0000004621583690
-.540000  0.700000   -0.0000005857308678
-.500000  0.700000   -0.0000007320395855
-.460000  0.700000   -0.0000006996143108
-.420000  0.700000    0.0000000119352512
-.380000  0.700000   -0.0000001901611963
-.340000  0.700000    0.0000002065676223
-.300000  0.700000    0.0000006430266055
-.260000  0.700000    0.0000005063756337
-.220000  0.700000    0.0000009617128655
-.180000  0.700000    0.0000008232653214
-.140000  0.700000    0.0000012291989230
-.100000  0.700000    0.0000010683752513
-.060000  0.700000    0.0000008911218182
-.020000  0.700000    0.0000007021849380
0.020000  0.700000    0.0000005072451418
0.060000  0.700000    0.0000003046062505
0.100000  0.700000    0.0000001038344655
0.140000  0.700000   -0.0000000872669714
0.180000  0.700000   -0.0000007203657246
0.220000  0.700000   -0.0000008633629997
0.260000  0.700000   -0.0000014046339025
0.300000  0.700000   -0.0000014573502805
0.340000  0.700000   -0.0000018599197866
0.380000  0.700000   -0.0000021550647053
0.420000  0.700000   -0.0000019552974414
0.460000  0.700000   -0.0000023599136407
0.500000  0.700000   -0.0000022212919576
0.540000  0.700000   -0.0000018775396546
0.580000  0.700000   -0.0000015560728477
0.620000  0.700000   -0.0000008940178540
0.660000  0.700000   -0.0000000397602016
0.700000  0.700000    0.0000011442373513
-.580000  0.740000   -0.0000000306941123
-.540000  0.740000   -0.0000004245292905
-.500000  0.740000   -0.0000007793680916
-.460000  0.740000   -0.0000005176878142
-.420000  0.740000   -0.0000004117959689
-.380000  0.740000   -0.0000001624943548
-.340000  0.740000    0.0000001890386123
-.300000  0.740000    0.0000000273285502
-.260000  0.740000    0.0000004836974016
-.220000  0.740000    0.0000003485910390
-.180000  0.740000    0.0000008256101832
-.140000  0.740000    0.0000006931252438
-.100000  0.740000    0.0000005543035032
-.060000  0.740000    0.0000009747902469
-.020000  0.740000    0.0000008168958114
0.020000  0.740000    0.0000006552902538
0.060000  0.740000    0.0000004922729531
0.100000  0.740000   -0.0000001758110484
0.140000  0.740000   -0.0000003099072272
0.180000  0.740000   -0.0000004212394976
0.220000  0.740000   -0.0000009744998176
0.260000  0.740000   -0.0000010033856065
0.300000  0.740000   -0.0000014187906225
0.340000  0.740000   -0.0000013065024261
0.380000  0.740000   -0.0000015227357117
0.420000  0.740000   -0.0000015973635405
0.460000  0.740000   -0.0000014970092892
0.500000  0.740000   -0.0000015293422860
0.540000  0.740000   -0.0000009610939180
0.580000  0.740000   -0.0000003738386143
0.620000  0.740000    0.0000003858809744
0.660000  0.740000    0.0000015277059290
-.540000  0.780000   -0.0000000276460043
-.500000  0.780000   -0.0000004844658351
-.460000  0.780000   -0.0000005380400086
-.420000  0.780000   -0.0000006155392675
-.380000  0.780000   -0.0000005139594841
-.340000  0.780000   -0.0000002636196378
-.300000  0.780000    0.0000000961854887
-.260000  0.780000   -0.0000000620393053
-.220000  0.780000    0.0000004086117381
-.180000  0.780000    0.0000002862985692
-.140000  0.780000    0.0000007801548659
-.100000  0.780000    0.0000006694829227
-.060000  0.780000    0.0000005532922634
-.020000  0.780000    0.0000004396799834
0.020000  0.780000    0.0000003286712959
0.060000  0.780000    0.0000002243365992
0.100000  0.780000    0.0000001331570002
0.140000  0.780000    0.0000000603323366
0.180000  0.780000   -0.0000005007056888
0.220000  0.780000   -0.0000004914125132
0.260000  0.780000   -0.0000009140383095
0.300000  0.780000   -0.0000007707113943
0.340000  0.780000   -0.0000009946051323
0.380000  0.780000   -0.0000010753078177
0.420000  0.780000   -0.0000009847972558
0.460000  0.780000   -0.0000006856644374
0.500000  0.780000   -0.0000004992873109
0.540000  0.780000    0.0000000518253823
0.580000  0.780000    0.0000007699230285
0.620000  0.780000    0.0000015524194931
-.460000  0.820000   -0.0000004184254547
-.420000  0.820000   -0.0000008268757137
-.380000  0.820000   -0.0000005927105460
-.340000  0.820000   -0.0000004983902281
-.300000  0.820000   -0.0000002486999134
-.260000  0.820000   -0.0000004558256883
-.220000  0.820000   -0.0000000248987719
-.180000  0.820000   -0.0000001584534640
-.140000  0.820000    0.0000003583523256
-.100000  0.820000    0.0000002690644358
-.060000  0.820000    0.0000001884227104
-.020000  0.820000    0.0000001209200999
0.020000  0.820000    0.0000000677587814
0.060000  0.820000    0.0000000321256610
0.100000  0.820000    0.0000000168946741
0.140000  0.820000    0.0000000307860348
0.180000  0.820000   -0.0000004538651460
0.220000  0.820000   -0.0000003358276253
0.260000  0.820000   -0.0000006493421201
0.300000  0.820000   -0.0000003665750379
0.340000  0.820000   -0.0000004408704662
0.380000  0.820000   -0.0000003439819931
0.420000  0.820000   -0.0000004449063838
0.460000  0.820000    0.0000001366294767
0.500000  0.820000    0.0000007010294384
0.540000  0.820000    0.0000011331683631
-.420000  0.860000   -0.0000003334490722
-.380000  0.860000   -0.0000005914641970
-.340000  0.860000   -0.0000007932492777
-.300000  0.860000   -0.0000007819398923
-.260000  0.860000   -0.0000005866860025
-.220000  0.860000   -0.0000002525628438
-.180000  0.860000   -0.0000004047701323
-.140000  0.860000    0.0000000864846776
-.100000  0.860000    0.0000000141578205
-.060000  0.860000   -0.0000000338140223
-.020000  0.860000   -0.0000000563830158
0.020000  0.860000   -0.0000000495015959
0.060000  0.860000   -0.0000000132999240
0.100000  0.860000    0.0000000579270037
0.140000  0.860000    0.0000001718111310
0.180000  0.860000   -0.0000002088470088
0.220000  0.860000    0.0000000414113391
0.260000  0.860000   -0.0000001329827857
0.300000  0.860000   -0.0000001591908392
0.340000  0.860000   -0.0000000103946848
0.380000  0.860000    0.0000003559990414
0.420000  0.860000    0.0000005864438873
0.460000  0.860000    0.0000008804568352
0.500000  0.860000    0.0000015710912756
-.340000  0.900000   -0.0000005883756942
-.300000  0.900000   -0.0000006810873952
-.260000  0.900000   -0.0000007617461191
-.220000  0.900000   -0.0000006349071269
-.180000  0.900000   -0.0000003455180286
-.140000  0.900000   -0.0000004801617981
-.100000  0.900000    0.0000000074932599
-.060000  0.900000   -0.0000000120113671
-.020000  0.900000    0.0000000085574220
0.020000  0.900000    0.0000000734945303
0.060000  0.900000    0.0000001857861460
0.100000  0.900000    0.0000003513638545
0.140000  0.900000    0.0000000246495568
0.180000  0.900000    0.0000003410109983
0.220000  0.900000    0.0000002305247814
0.260000  0.900000    0.0000002750169050
0.300000  0.900000    0.0000005111154340
0.340000  0.900000    0.0000005482398721
0.380000  0.900000    0.0000009900657314
0.420000  0.900000    0.0000015123178975
-.260000  0.940000   -0.0000005595263179
-.220000  0.940000   -0.0000006216294661
-.180000  0.940000   -0.0000006453427956
-.140000  0.940000   -0.0000004593304800
-.100000  0.940000   -0.0000005903238950
-.060000  0.940000   -0.0000001314758233
-.020000  0.940000   -0.0000000831675404
0.020000  0.940000    0.0000000370210345
0.060000  0.940000    0.0000002334468568
0.100000  0.940000   -0.0000000041532488
0.140000  0.940000    0.0000003792021013
0.180000  0.940000    0.0000003869421809
0.220000  0.940000    0.0000005769318071
0.260000  0.940000    0.0000005725970148
0.300000  0.940000    0.0000010147096261
0.340000  0.940000    0.0000012931019354
-.140000  0.980000   -0.0000003636762883
-.100000  0.980000   -0.0000005538962775
-.060000  0.980000   -0.0000004408534725
-.020000  0.980000   -0.0000000991806876
0.020000  0.980000    0.0000000450924793
0.060000  0.980000   -0.0000000522886076
0.100000  0.980000    0.0000000230306918
0.140000  0.980000    0.0000003504628432
0.180000  0.980000    0.0000005426237354
