-.140000  -.980000   0.06855421254729795
-.100000  -.980000   0.06138805644005645
-.060000  -.980000   0.05666215559050024
-.020000  -.980000   0.05260595245469552
0.020000  -.980000   0.05081828458744492
0.060000  -.980000   0.05106690695271725
0.100000  -.980000   0.05167260908363724
0.140000  -.980000   0.05311871092549553
0.180000  -.980000   0.05871572282467016
-.260000  -.940000   0.06165671191476743
-.220000  -.940000   0.05243158454032137
-.180000  -.940000   0.04720294325089544
-.140000  -.940000   0.04232617370040790
-.100000  -.940000   0.03994297333852408
-.060000  -.940000   0.03550578016706533
-.020000  -.940000   0.03342331332406695
0.020000  -.940000   0.03156045678355492
0.060000  -.940000   0.02997419953896266
0.100000  -.940000   0.03048078052782458
0.140000  -.940000   0.02957993502234013
0.180000  -.940000   0.03077687069103212
0.220000  -.940000   0.03244465748449559
0.260000  -.940000   0.03603419839412448
0.300000  -.940000   0.04072522057941005
0.340000  -.940000   0.05742725748897563
-.340000  -.900000   0.05663624230218615
-.300000  -.900000   0.04708847378250852
-.260000  -.900000   0.04200188540482414
-.220000  -.900000   0.03720139282644168
-.180000  -.900000   0.03257847630191442
-.140000  -.900000   0.03020005639676352
-.100000  -.900000   0.02594655014551225
-.060000  -.900000   0.02374849867281828
-.020000  -.900000   0.02169910364598141
0.020000  -.900000   0.01985120873182853
0.060000  -.900000   0.01823708926236927
0.100000  -.900000   0.01690546128890462
0.140000  -.900000   0.01740191787803020
0.180000  -.900000   0.01667743435230015
0.220000  -.900000   0.01786527599461555
0.260000  -.900000   0.01943529836051109
0.300000  -.900000   0.02145414101537753
0.340000  -.900000   0.02536507333710528
0.380000  -.900000   0.03003241058244238
0.420000  -.900000   0.03891590599252716
-.380000  -.860000   0.04547611909928147
-.340000  -.860000   0.04037117186992076
-.300000  -.860000   0.03572651051314872
-.260000  -.860000   0.03122617927917242
-.220000  -.860000   0.02689863263211937
-.180000  -.860000   0.02447083733960044
-.140000  -.860000   0.02048935778592885
-.100000  -.860000   0.01817589198144104
-.060000  -.860000   0.01597617310656428
-.020000  -.860000   0.01394852554715786
0.020000  -.860000   0.01212219375821679
0.060000  -.860000   0.01052459952742026
0.100000  -.860000   0.00918146952995639
0.140000  -.860000   0.00810727710979756
0.180000  -.860000   0.00859403509707700
0.220000  -.860000   0.00811441178850878
0.260000  -.860000   0.00936251580143727
0.300000  -.860000   0.01096614721612034
0.340000  -.860000   0.01291443343400879
0.380000  -.860000   0.01527494315756003
0.420000  -.860000   0.01951112170566176
0.460000  -.860000   0.02551117941587011
0.500000  -.860000   0.03586384653488760
-.460000  -.820000   0.04843878215743438
-.420000  -.820000   0.04196536768853426
-.380000  -.820000   0.03472641464035271
-.340000  -.820000   0.03058014637361829
-.300000  -.820000   0.02655356409585295
-.260000  -.820000   0.02423634331348806
-.220000  -.820000   0.02032239776506771
-.180000  -.820000   0.01788197959371856
-.140000  -.820000   0.01447923253513592
-.100000  -.820000   0.01223238366650112
-.060000  -.820000   0.01011121649510724
-.020000  -.820000   0.00815760808810456
0.020000  -.820000   0.00639167369499075
0.060000  -.820000   0.00483898921015916
0.100000  -.820000   0.00351265636456831
0.140000  -.820000   0.00240882285560208
0.180000  -.820000   0.00240944685282972
0.220000  -.820000   0.00204035772748209
0.260000  -.820000   0.00334776251222016
0.300000  -.820000   0.00351928943273047
0.340000  -.820000   0.00520684701278118
0.380000  -.820000   0.00706299028981085
0.420000  -.820000   0.01052345478643408
0.460000  -.820000   0.01301992204856907
0.500000  -.820000   0.01743583426061052
0.540000  -.820000   0.02488260203942667
-.500000  -.780000   0.04484152495845175
-.460000  -.780000   0.03630043560110064
-.420000  -.780000   0.03224580545252362
-.380000  -.780000   0.02838785860447773
-.340000  -.780000   0.02462170888936956
-.300000  -.780000   0.02102896503490241
-.260000  -.780000   0.01866344423893140
-.220000  -.780000   0.01538517660288387
-.180000  -.780000   0.01301445380902691
-.140000  -.780000   0.01044940034293174
-.100000  -.780000   0.00842382790193692
-.060000  -.780000   0.00656984547594408
-.020000  -.780000   0.00496872115286986
0.020000  -.780000   0.00368169912638624
0.060000  -.780000   0.00283886242451701
0.100000  -.780000   0.00253942477509682
0.140000  -.780000   0.00267209197628459
0.180000  -.780000   0.00223392789287371
0.220000  -.780000   0.00273107571407160
0.260000  -.780000   0.00293400290266181
0.300000  -.780000   0.00321325870352913
0.340000  -.780000   0.00368898246594968
0.380000  -.780000   0.00448835161558975
0.420000  -.780000   0.00560318195668244
0.460000  -.780000   0.00706948488187316
0.500000  -.780000   0.01008877012609232
0.540000  -.780000   0.01374341099502661
0.580000  -.780000   0.01931214007071974
0.620000  -.780000   0.03120065719603095
-.540000  -.740000   0.04200154466568169
-.500000  -.740000   0.03643046225328741
-.460000  -.740000   0.03015843787849697
-.420000  -.740000   0.02665854238942760
-.380000  -.740000   0.02326756391612883
-.340000  -.740000   0.02000548789379421
-.300000  -.740000   0.01771569819361475
-.260000  -.740000   0.01472954523174436
-.220000  -.740000   0.01238407603526124
-.180000  -.740000   0.01008941353051145
-.140000  -.740000   0.00812168758712730
-.100000  -.740000   0.00636759856118867
-.060000  -.740000   0.00580649264000462
-.020000  -.740000   0.00506926518952215
0.020000  -.740000   0.00478694151133240
0.060000  -.740000   0.00487975224733389
0.100000  -.740000   0.00447805856608072
0.140000  -.740000   0.00501055558992144
0.180000  -.740000   0.00547432310753425
0.220000  -.740000   0.00555874418574793
0.260000  -.740000   0.00584719050169546
0.300000  -.740000   0.00591722740811835
0.340000  -.740000   0.00595324455162289
0.380000  -.740000   0.00597193542514716
0.420000  -.740000   0.00609709036511465
0.460000  -.740000   0.00642320477170816
0.500000  -.740000   0.00775984025058396
0.540000  -.740000   0.00902221515014334
0.580000  -.740000   0.01181820791609962
0.620000  -.740000   0.01650016003000696
0.660000  -.740000   0.02514966405982554
-.580000  -.700000   0.04308154136455188
-.540000  -.700000   0.03421793047125146
-.500000  -.700000   0.03040627896311423
-.460000  -.700000   0.02693514812080472
-.420000  -.700000   0.02235358705872634
-.380000  -.700000   0.02037931454309898
-.340000  -.700000   0.01736434171583126
-.300000  -.700000   0.01465306389636867
-.260000  -.700000   0.01241749467428487
-.220000  -.700000   0.01034987977269620
-.180000  -.700000   0.00847023558719807
-.140000  -.700000   0.00749308648461523
-.100000  -.700000   0.00642753696304263
-.060000  -.700000   0.00581998710087635
-.020000  -.700000   0.00567372313998054
0.020000  -.700000   0.00590065999603974
0.060000  -.700000   0.00631876785586535
0.100000  -.700000   0.00678744792143125
0.140000  -.700000   0.00722016043055050
0.180000  -.700000   0.00745747997950734
0.220000  -.700000   0.00775724326830876
0.260000  -.700000   0.00794493493287060
0.300000  -.700000   0.00800689784250290
0.340000  -.700000   0.00803746790974768
0.380000  -.700000   0.00799504396123550
0.420000  -.700000   0.00779592696502804
0.460000  -.700000   0.00791584841308364
0.500000  -.700000   0.00804725108079865
0.540000  -.700000   0.00840805849956464
0.580000  -.700000   0.00974461061529505
0.620000  -.700000   0.01186408316566713
0.660000  -.700000   0.01570555750844977
0.700000  -.700000   0.02317118366297398
-.580000  -.660000   0.03470586444633240
-.540000  -.660000   0.02877045577304421
-.500000  -.660000   0.02574970992289062
-.460000  -.660000   0.02287396732811947
-.420000  -.660000   0.02009013013969704
-.380000  -.660000   0.01743341526435925
-.340000  -.660000   0.01500491197210039
-.300000  -.660000   0.01291651079929603
-.260000  -.660000   0.01099256849903036
-.220000  -.660000   0.00918283575544280
-.180000  -.660000   0.00819928240201985
-.140000  -.660000   0.00715316277492548
-.100000  -.660000   0.00653139421490561
-.060000  -.660000   0.00637866748975732
-.020000  -.660000   0.00661197274794206
0.020000  -.660000   0.00706430911316412
0.060000  -.660000   0.00759805144754134
0.100000  -.660000   0.00810411348223382
0.140000  -.660000   0.00852996330848619
0.180000  -.660000   0.00882355755099650
0.220000  -.660000   0.00919659443796703
0.260000  -.660000   0.00927618349036520
0.300000  -.660000   0.00948483253429065
0.340000  -.660000   0.00933155959239724
0.380000  -.660000   0.00934853572296774
0.420000  -.660000   0.00928863416997849
0.460000  -.660000   0.00918424452243764
0.500000  -.660000   0.00909295285600196
0.540000  -.660000   0.00909798119657157
0.580000  -.660000   0.00959428359207935
0.620000  -.660000   0.01018965805394827
0.660000  -.660000   0.01237830567264757
0.700000  -.660000   0.01564876304399911
0.740000  -.660000   0.02280599690522579
-.620000  -.620000   0.03552940748090441
-.580000  -.620000   0.02920329506920549
-.540000  -.620000   0.02620025795670191
-.500000  -.620000   0.02345016883500767
-.460000  -.620000   0.02080358417330829
-.420000  -.620000   0.01825271971911272
-.380000  -.620000   0.01585614300344397
-.340000  -.620000   0.01368491242518053
-.300000  -.620000   0.01183189289663365
-.260000  -.620000   0.01011832008852370
-.220000  -.620000   0.00899008264156620
-.180000  -.620000   0.00790768421681652
-.140000  -.620000   0.00719264255635546
-.100000  -.620000   0.00691567891753281
-.060000  -.620000   0.00742087412441631
-.020000  -.620000   0.00769758910015325
0.020000  -.620000   0.00809925869476400
0.060000  -.620000   0.00852769858148132
0.100000  -.620000   0.00909444307966462
0.140000  -.620000   0.00948566616791934
0.180000  -.620000   0.00972976020046857
0.220000  -.620000   0.00982481418983406
0.260000  -.620000   0.01022319332544139
0.300000  -.620000   0.01007338498063327
0.340000  -.620000   0.01027637807550273
0.380000  -.620000   0.01034176256529772
0.420000  -.620000   0.01030829747754053
0.460000  -.620000   0.01019815504379498
0.500000  -.620000   0.01007450580238866
0.540000  -.620000   0.01000833948260596
0.580000  -.620000   0.01007271154231040
0.620000  -.620000   0.01057274555399637
0.660000  -.620000   0.01118072286395427
0.700000  -.620000   0.01310824006532603
0.740000  -.620000   0.01605561615151559
0.780000  -.620000   0.02546658012020881
-.660000  -.580000   0.03717233176905431
-.620000  -.580000   0.02977950522671930
-.580000  -.580000   0.02667548062742094
-.540000  -.580000   0.02296746362487782
-.500000  -.580000   0.02081961674366256
-.460000  -.580000   0.01867100388383018
-.420000  -.580000   0.01655707038799206
-.380000  -.580000   0.01470270413826517
-.340000  -.580000   0.01275675491102141
-.300000  -.580000   0.01111144742446606
-.260000  -.580000   0.00958462826555110
-.220000  -.580000   0.00865660882229950
-.180000  -.580000   0.00781099703362336
-.140000  -.580000   0.00735283203954209
-.100000  -.580000   0.00759049327792677
-.060000  -.580000   0.00777778449442232
-.020000  -.580000   0.00815067342340592
0.020000  -.580000   0.00860807081435917
0.060000  -.580000   0.00905476695714662
0.100000  -.580000   0.00942287663953282
0.140000  -.580000   0.01014030922385010
0.180000  -.580000   0.01032621223922845
0.220000  -.580000   0.01035349376020476
0.260000  -.580000   0.01082361385819284
0.300000  -.580000   0.01059463053634734
0.340000  -.580000   0.01084570541422778
0.380000  -.580000   0.01093988521131744
0.420000  -.580000   0.01047473921213246
0.460000  -.580000   0.01046258917672633
0.500000  -.580000   0.01040647436699810
0.540000  -.580000   0.01036159415241813
0.580000  -.580000   0.01060079785995300
0.620000  -.580000   0.01078397749373622
0.660000  -.580000   0.01139218667866106
0.700000  -.580000   0.01241407497000285
0.740000  -.580000   0.01395901307881621
0.780000  -.580000   0.01724507524650270
-.660000  -.540000   0.03064961214652654
-.620000  -.540000   0.02721373823589328
-.580000  -.540000   0.02352961556045361
-.540000  -.540000   0.02155984960481301
-.500000  -.540000   0.01961629769390896
-.460000  -.540000   0.01762084547505299
-.420000  -.540000   0.01565904750900775
-.380000  -.540000   0.01388579071989643
-.340000  -.540000   0.01210679776653494
-.300000  -.540000   0.01058303473191377
-.260000  -.540000   0.00924819358392739
-.220000  -.540000   0.00841025823191540
-.180000  -.540000   0.00776295745716174
-.140000  -.540000   0.00765060065843536
-.100000  -.540000   0.00769298017173154
-.060000  -.540000   0.00798986231321470
-.020000  -.540000   0.00842597486090408
0.020000  -.540000   0.00892056626005240
0.060000  -.540000   0.00936600702741164
0.100000  -.540000   0.00971693417894659
0.140000  -.540000   0.00993555416438706
0.180000  -.540000   0.01066988206836675
0.220000  -.540000   0.01062868920704435
0.260000  -.540000   0.01114683218974243
0.300000  -.540000   0.01083147541433485
0.340000  -.540000   0.01110590582920917
0.380000  -.540000   0.01122332469213234
0.420000  -.540000   0.01066606490918815
0.460000  -.540000   0.01066394587189067
0.500000  -.540000   0.01061168689468749
0.540000  -.540000   0.01057270863169023
0.580000  -.540000   0.01061471615368056
0.620000  -.540000   0.01097832338295927
0.660000  -.540000   0.01135432580379598
0.700000  -.540000   0.01215075739634817
0.740000  -.540000   0.01332600273761217
0.780000  -.540000   0.01526255860743268
0.820000  -.540000   0.01916856900323298
-.700000  -.500000   0.03451514805777049
-.660000  -.500000   0.02792604989122554
-.620000  -.500000   0.02518253400629068
-.580000  -.500000   0.02222621207970877
-.540000  -.500000   0.02049296062850313
-.500000  -.500000   0.01870702887678651
-.460000  -.500000   0.01683129100401805
-.420000  -.500000   0.01495960485577504
-.380000  -.500000   0.01331046935615604
-.340000  -.500000   0.01163148721015736
-.300000  -.500000   0.01016239459166027
-.260000  -.500000   0.00899280148355860
-.220000  -.500000   0.00817252817657405
-.180000  -.500000   0.00766616184584822
-.140000  -.500000   0.00752776692900383
-.100000  -.500000   0.00767960460051284
-.060000  -.500000   0.00804466419895975
-.020000  -.500000   0.00853324648515674
0.020000  -.500000   0.00904518549059504
0.060000  -.500000   0.00949582808308386
0.100000  -.500000   0.00983145976135611
0.140000  -.500000   0.01001002654858327
0.180000  -.500000   0.01081096282303966
0.220000  -.500000   0.01069686593150131
0.260000  -.500000   0.01124755668890636
0.300000  -.500000   0.01083857715414050
0.340000  -.500000   0.01112535756580526
0.380000  -.500000   0.01124602811153822
0.420000  -.500000   0.01058547725211257
0.460000  -.500000   0.01058135589572276
0.500000  -.500000   0.01051917078685345
0.540000  -.500000   0.01047783960283324
0.580000  -.500000   0.01051679663580951
0.620000  -.500000   0.01090172322086632
0.660000  -.500000   0.01128379400823148
0.700000  -.500000   0.01203187769030338
0.740000  -.500000   0.01310553947754578
0.780000  -.500000   0.01453187842565757
0.820000  -.500000   0.01663102590414562
0.860000  -.500000   0.02329255001438143
-.700000  -.460000   0.03069295103489219
-.660000  -.460000   0.02584181185951066
-.620000  -.460000   0.02364041468554959
-.580000  -.460000   0.02125267003394636
-.540000  -.460000   0.01969934781776042
-.500000  -.460000   0.01800147832938512
-.460000  -.460000   0.01621136407685930
-.420000  -.460000   0.01436664228666692
-.380000  -.460000   0.01287465266846637
-.340000  -.460000   0.01122078082998996
-.300000  -.460000   0.00974804612766719
-.260000  -.460000   0.00872320242565923
-.220000  -.460000   0.00787029525580288
-.180000  -.460000   0.00748079697210900
-.140000  -.460000   0.00730012897611430
-.100000  -.460000   0.00752851199927171
-.060000  -.460000   0.00795154682532421
-.020000  -.460000   0.00848520797896014
0.020000  -.460000   0.00902241641453699
0.060000  -.460000   0.00948539506153109
0.100000  -.460000   0.00980232886234630
0.140000  -.460000   0.00993637035098544
0.180000  -.460000   0.01078666189841465
0.220000  -.460000   0.01059724769762128
0.260000  -.460000   0.01116708962612908
0.300000  -.460000   0.01065547704689957
0.340000  -.460000   0.01094110123060061
0.380000  -.460000   0.01105399876226295
0.420000  -.460000   0.01027509696458344
0.460000  -.460000   0.01025702511766183
0.500000  -.460000   0.01018450964429516
0.540000  -.460000   0.01013251891349177
0.580000  -.460000   0.01016554243584576
0.620000  -.460000   0.01058334233158077
0.660000  -.460000   0.01096404251534393
0.700000  -.460000   0.01171734699362503
0.740000  -.460000   0.01269224636758706
0.780000  -.460000   0.01403563229455658
0.820000  -.460000   0.01582799875219328
0.860000  -.460000   0.01871656306729461
-.740000  -.420000   0.03322630284270792
-.700000  -.420000   0.02666451408111859
-.660000  -.420000   0.02428210843063648
-.620000  -.420000   0.02253850525943082
-.580000  -.420000   0.02051697532820408
-.540000  -.420000   0.01905740211616584
-.500000  -.420000   0.01742256731086500
-.460000  -.420000   0.01565401603677094
-.420000  -.420000   0.01381542919181233
-.380000  -.420000   0.01249070012292553
-.340000  -.420000   0.01079596702977363
-.300000  -.420000   0.00928245305673529
-.260000  -.420000   0.00839365396224462
-.220000  -.420000   0.00747482368221851
-.180000  -.420000   0.00717967631275593
-.140000  -.420000   0.00695679854035190
-.100000  -.420000   0.00726277155558161
-.060000  -.420000   0.00775101397242670
-.020000  -.420000   0.00832442395403321
0.020000  -.420000   0.00889004695226018
0.060000  -.420000   0.00935835760732142
0.100000  -.420000   0.00965065689690416
0.140000  -.420000   0.00974942064256909
0.180000  -.420000   0.01063662755486585
0.220000  -.420000   0.01036229835266965
0.260000  -.420000   0.01093724865028155
0.300000  -.420000   0.01031758128668358
0.340000  -.420000   0.01058563104471333
0.380000  -.420000   0.01068214246271435
0.420000  -.420000   0.00977846454349532
0.460000  -.420000   0.00973747317468182
0.500000  -.420000   0.00963966892044991
0.540000  -.420000   0.00956382003081360
0.580000  -.420000   0.00959234143403316
0.620000  -.420000   0.01005219120690128
0.660000  -.420000   0.01045380121704142
0.700000  -.420000   0.01117264157725661
0.740000  -.420000   0.01226154008649313
0.780000  -.420000   0.01363446567400191
0.820000  -.420000   0.01540457332335816
0.860000  -.420000   0.01743778079407670
0.900000  -.420000   0.02248167738677952
-.740000  -.380000   0.02981450190160606
-.700000  -.380000   0.02602459831381990
-.660000  -.380000   0.02313124365252754
-.620000  -.380000   0.02176005394791751
-.580000  -.380000   0.02041853575682046
-.540000  -.380000   0.01897139442815780
-.500000  -.380000   0.01735507891184657
-.460000  -.380000   0.01563928846708077
-.420000  -.380000   0.01384076425088166
-.380000  -.380000   0.01204635107540916
-.340000  -.380000   0.01032047064574572
-.300000  -.380000   0.00873609672242453
-.260000  -.380000   0.00797718082057300
-.220000  -.380000   0.00697734915153415
-.180000  -.380000   0.00676881028082975
-.140000  -.380000   0.00652277728858834
-.100000  -.380000   0.00689328117616205
-.060000  -.380000   0.00743224374697093
-.020000  -.380000   0.00805693412182169
0.020000  -.380000   0.00865600629900047
0.060000  -.380000   0.00913193212432795
0.100000  -.380000   0.00942432433796808
0.140000  -.380000   0.00947964579447045
0.180000  -.380000   0.01038098367646144
0.220000  -.380000   0.01001454914234787
0.260000  -.380000   0.01058630088162652
0.300000  -.380000   0.00984471276602925
0.340000  -.380000   0.01008948072522110
0.380000  -.380000   0.01015488473305621
0.420000  -.380000   0.01006411819058343
0.460000  -.380000   0.00986188810907333
0.500000  -.380000   0.00960122829683909
0.540000  -.380000   0.00936663815283337
0.580000  -.380000   0.00924781171362373
0.620000  -.380000   0.00935225737803331
0.660000  -.380000   0.00976257626721958
0.700000  -.380000   0.01057756947117177
0.740000  -.380000   0.01168850388619106
0.780000  -.380000   0.01312348272545030
0.820000  -.380000   0.01484062946792473
0.860000  -.380000   0.01681703086679888
0.900000  -.380000   0.01949226410908891
-.740000  -.340000   0.02737692521659561
-.700000  -.340000   0.02459895194112849
-.660000  -.340000   0.02227941810549936
-.620000  -.340000   0.02119382439564459
-.580000  -.340000   0.01999639205119352
-.540000  -.340000   0.01855782390292262
-.500000  -.340000   0.01696322053124513
-.460000  -.340000   0.01519926883171205
-.420000  -.340000   0.01336985306178216
-.380000  -.340000   0.01150197506498305
-.340000  -.340000   0.00969531926150205
-.300000  -.340000   0.00884199016874214
-.260000  -.340000   0.00743695598018177
-.220000  -.340000   0.00636749992822174
-.180000  -.340000   0.00624882419421256
-.140000  -.340000   0.00599752078675871
-.100000  -.340000   0.00643795466881756
-.060000  -.340000   0.00704334517733916
-.020000  -.340000   0.00772466266574764
0.020000  -.340000   0.00836973278537042
0.060000  -.340000   0.00885648766953035
0.100000  -.340000   0.00912141042928743
0.140000  -.340000   0.00912519824281340
0.180000  -.340000   0.01003638174798057
0.220000  -.340000   0.00957848466960730
0.260000  -.340000   0.01012420940865089
0.300000  -.340000   0.01045584556436606
0.340000  -.340000   0.00945925632220059
0.380000  -.340000   0.00948749611224274
0.420000  -.340000   0.00936361444002586
0.460000  -.340000   0.00911731273984542
0.500000  -.340000   0.00881693329902079
0.540000  -.340000   0.00854296935391115
0.580000  -.340000   0.00839899122955331
0.620000  -.340000   0.00850091368324111
0.660000  -.340000   0.00895060150463809
0.700000  -.340000   0.00981108486539777
0.740000  -.340000   0.01100613305191995
0.780000  -.340000   0.01251832871043911
0.820000  -.340000   0.01431507460741381
0.860000  -.340000   0.01636327448573910
0.900000  -.340000   0.01867447938311281
0.940000  -.340000   0.02897096458999849
-.780000  -.300000   0.03167444519991847
-.740000  -.300000   0.02671367032494553
-.700000  -.300000   0.02351548120286936
-.660000  -.300000   0.02220859996533404
-.620000  -.300000   0.02067029102063865
-.580000  -.300000   0.01952298055683625
-.540000  -.300000   0.01810626713194067
-.500000  -.300000   0.01644778880052480
-.460000  -.300000   0.01464935107849858
-.420000  -.300000   0.01271944611541460
-.380000  -.300000   0.01079963285737358
-.340000  -.300000   0.00994473357691218
-.300000  -.300000   0.00824521897975111
-.260000  -.300000   0.00675995913017353
-.220000  -.300000   0.00564532385067553
-.180000  -.300000   0.00561258792123522
-.140000  -.300000   0.00540842258704168
-.100000  -.300000   0.00591106295081287
-.060000  -.300000   0.00657833383265572
-.020000  -.300000   0.00732416051161921
0.020000  -.300000   0.00802060485685052
0.060000  -.300000   0.00853006696595219
0.100000  -.300000   0.00879019592125272
0.140000  -.300000   0.00873383134741890
0.180000  -.300000   0.00963317501853259
0.220000  -.300000   0.00904135444292043
0.260000  -.300000   0.00955474312252172
0.300000  -.300000   0.00985656353022242
0.340000  -.300000   0.00993916446009105
0.380000  -.300000   0.00868818321590504
0.420000  -.300000   0.00851946435008310
0.460000  -.300000   0.00823318713360008
0.500000  -.300000   0.00788572465226558
0.540000  -.300000   0.00757792694879772
0.580000  -.300000   0.00741247511308670
0.620000  -.300000   0.00753369739996431
0.660000  -.300000   0.00814156078926842
0.700000  -.300000   0.00897703840340571
0.740000  -.300000   0.01018659421477076
0.780000  -.300000   0.01187159986543113
0.820000  -.300000   0.01375364600966407
0.860000  -.300000   0.01587100191338741
0.900000  -.300000   0.01811504380672713
0.940000  -.300000   0.02137127464263387
-.780000  -.260000   0.03054781732801960
-.740000  -.260000   0.02525088667582449
-.700000  -.260000   0.02323502083980044
-.660000  -.260000   0.02170087472813577
-.620000  -.260000   0.02078493681403983
-.580000  -.260000   0.01962554388635347
-.540000  -.260000   0.01824640930664032
-.500000  -.260000   0.01663475127725703
-.460000  -.260000   0.01489608659494989
-.420000  -.260000   0.01303085534461997
-.380000  -.260000   0.01113768234311407
-.340000  -.260000   0.00926659931463056
-.300000  -.260000   0.00747212319744591
-.260000  -.260000   0.00591351797183337
-.220000  -.260000   0.00565553243998464
-.180000  -.260000   0.00489869559541178
-.140000  -.260000   0.00516386603590167
-.100000  -.260000   0.00535915869288694
-.060000  -.260000   0.00609534822848349
-.020000  -.260000   0.00690464927784678
0.020000  -.260000   0.00765853928574603
0.060000  -.260000   0.00819031228366074
0.100000  -.260000   0.00840489461625543
0.140000  -.260000   0.00953559614780784
0.180000  -.260000   0.00914289772864792
0.220000  -.260000   0.00981755440870511
0.260000  -.260000   0.00888961381087675
0.300000  -.260000   0.00913662900385792
0.340000  -.260000   0.00916980886121083
0.380000  -.260000   0.00901054132975211
0.420000  -.260000   0.00867443730466494
0.460000  -.260000   0.00820836284145145
0.500000  -.260000   0.00767928565533273
0.540000  -.260000   0.00716051098909666
0.580000  -.260000   0.00679328280843545
0.620000  -.260000   0.00674204395125673
0.660000  -.260000   0.00716856911452145
0.700000  -.260000   0.00803875348086787
0.740000  -.260000   0.00940464357875638
0.780000  -.260000   0.01106363414005898
0.820000  -.260000   0.01309698558074998
0.860000  -.260000   0.01535117100211499
0.900000  -.260000   0.01770726279618811
0.940000  -.260000   0.02029395472495155
-.780000  -.220000   0.02830720389556270
-.740000  -.220000   0.02478070832744361
-.700000  -.220000   0.02265050564920484
-.660000  -.220000   0.02169961116969314
-.620000  -.220000   0.02032007530937389
-.580000  -.220000   0.01916262475936033
-.540000  -.220000   0.01772931000057167
-.500000  -.220000   0.01602735653501818
-.460000  -.220000   0.01417895260761390
-.420000  -.220000   0.01224568655448837
-.380000  -.220000   0.01026359552003685
-.340000  -.220000   0.00829526285115780
-.300000  -.220000   0.00645893746650813
-.260000  -.220000   0.00615041435300286
-.220000  -.220000   0.00480181829651918
-.180000  -.220000   0.00408248377171638
-.140000  -.220000   0.00443205641898565
-.100000  -.220000   0.00479817066079107
-.060000  -.220000   0.00558528816140437
-.020000  -.220000   0.00648120188646030
0.020000  -.220000   0.00730559708607821
0.060000  -.220000   0.00786189666884332
0.100000  -.220000   0.00802580808380863
0.140000  -.220000   0.00913285597569979
0.180000  -.220000   0.00857689406983234
0.220000  -.220000   0.00919775729678197
0.260000  -.220000   0.00957581840386123
0.300000  -.220000   0.00828798432785642
0.340000  -.220000   0.00827081283031474
0.380000  -.220000   0.00805915628342881
0.420000  -.220000   0.00768071422004382
0.460000  -.220000   0.00717912490744365
0.500000  -.220000   0.00660257278080208
0.540000  -.220000   0.00604747045986269
0.580000  -.220000   0.00566355809276814
0.620000  -.220000   0.00566733424508665
0.660000  -.220000   0.00618768303896365
0.700000  -.220000   0.00714853670137498
0.740000  -.220000   0.00847252851714087
0.780000  -.220000   0.01040595359035722
0.820000  -.220000   0.01251515318285336
0.860000  -.220000   0.01487713331919360
0.900000  -.220000   0.01732733595811079
0.940000  -.220000   0.01973386675738431
-.780000  -.180000   0.02772908733470826
-.740000  -.180000   0.02392132709874865
-.700000  -.180000   0.02253655008048186
-.660000  -.180000   0.02131444852803111
-.620000  -.180000   0.02048281848818185
-.580000  -.180000   0.01931878410511798
-.540000  -.180000   0.01793598537384304
-.500000  -.180000   0.01627696518050503
-.460000  -.180000   0.01447907414277800
-.420000  -.180000   0.01261484780808703
-.380000  -.180000   0.01067476066621635
-.340000  -.180000   0.00871288964751327
-.300000  -.180000   0.00683179122245849
-.260000  -.180000   0.00511341802401264
-.220000  -.180000   0.00377815345477136
-.180000  -.180000   0.00387879156174541
-.140000  -.180000   0.00366463532591483
-.100000  -.180000   0.00428418204561506
-.060000  -.180000   0.00508418910178608
-.020000  -.180000   0.00604935303040838
0.020000  -.180000   0.00695360890825144
0.060000  -.180000   0.00751419726271855
0.100000  -.180000   0.00759423485631201
0.140000  -.180000   0.00863243730843872
0.180000  -.180000   0.00945276085481836
0.220000  -.180000   0.00845309078883815
0.260000  -.180000   0.00876442688640623
0.300000  -.180000   0.00883556266915710
0.340000  -.180000   0.00868038915733276
0.380000  -.180000   0.00831956561757981
0.420000  -.180000   0.00779906121594999
0.460000  -.180000   0.00713403938742980
0.500000  -.180000   0.00633893355804081
0.540000  -.180000   0.00553687277920337
0.580000  -.180000   0.00490421195389305
0.620000  -.180000   0.00470010908412593
0.660000  -.180000   0.00521683786292131
0.700000  -.180000   0.00613849336303790
0.740000  -.180000   0.00778313491129269
0.780000  -.180000   0.00962550755915277
0.820000  -.180000   0.01182942771093242
0.860000  -.180000   0.01435718363479457
0.900000  -.180000   0.01698758081822471
0.940000  -.180000   0.01943196060459282
0.980000  -.180000   0.02519571904986672
-.780000  -.140000   0.02621263553370943
-.740000  -.140000   0.02375358662398402
-.700000  -.140000   0.02208783529167434
-.660000  -.140000   0.02140504257925157
-.620000  -.140000   0.02057222174957232
-.580000  -.140000   0.01942748676286358
-.540000  -.140000   0.01711650605320759
-.500000  -.140000   0.01537723093851736
-.460000  -.140000   0.01345625567853562
-.420000  -.140000   0.01144934487248877
-.380000  -.140000   0.00943250983257393
-.340000  -.140000   0.00743358240708280
-.300000  -.140000   0.00551875281815247
-.260000  -.140000   0.00547173670270167
-.220000  -.140000   0.00389116364679051
-.180000  -.140000   0.00287197731871650
-.140000  -.140000   0.00297698336322144
-.100000  -.140000   0.00357136341007114
-.060000  -.140000   0.00465234273952746
-.020000  -.140000   0.00565189446948049
0.020000  -.140000   0.00664828714450761
0.060000  -.140000   0.00718260173265798
0.100000  -.140000   0.00854427392968556
0.140000  -.140000   0.00802038231569148
0.180000  -.140000   0.00873392048772876
0.220000  -.140000   0.00918227581041937
0.260000  -.140000   0.00937342834573572
0.300000  -.140000   0.00777407359575578
0.340000  -.140000   0.00757662083475028
0.380000  -.140000   0.00718587789004028
0.420000  -.140000   0.00663805888138884
0.460000  -.140000   0.00590710090045895
0.500000  -.140000   0.00513412423144463
0.540000  -.140000   0.00436898058196112
0.580000  -.140000   0.00432288754417226
0.620000  -.140000   0.00382412112519389
0.660000  -.140000   0.00411059664611893
0.700000  -.140000   0.00545424086101422
0.740000  -.140000   0.00693491219244960
0.780000  -.140000   0.00921090800765412
0.820000  -.140000   0.01143585972710131
0.860000  -.140000   0.01400391542160701
0.900000  -.140000   0.01659984069040538
0.940000  -.140000   0.01923816856285703
0.980000  -.140000   0.02281150232874274
-.780000  -.100000   0.02603645592603601
-.740000  -.100000   0.02354680582152285
-.700000  -.100000   0.02212506827487254
-.660000  -.100000   0.02142966215791846
-.620000  -.100000   0.02061222375938055
-.580000  -.100000   0.01880581577104565
-.540000  -.100000   0.01729693264140311
-.500000  -.100000   0.01559640626561862
-.460000  -.100000   0.01372364767309220
-.420000  -.100000   0.01175103100730380
-.380000  -.100000   0.00976933764736306
-.340000  -.100000   0.00779898836743522
-.300000  -.100000   0.00587704293350894
-.260000  -.100000   0.00404690017510734
-.220000  -.100000   0.00249214813140261
-.180000  -.100000   0.00188189465692279
-.140000  -.100000   0.00219110879254709
-.100000  -.100000   0.00299649810234230
-.060000  -.100000   0.00439496798287002
-.020000  -.100000   0.00531225695739077
0.020000  -.100000   0.00641945370309640
0.060000  -.100000   0.00683331941212818
0.100000  -.100000   0.00807094038275630
0.140000  -.100000   0.00899382259254762
0.180000  -.100000   0.00777079116258273
0.220000  -.100000   0.00812471742919813
0.260000  -.100000   0.00825955391337590
0.300000  -.100000   0.00815706529498688
0.340000  -.100000   0.00786562875664030
0.380000  -.100000   0.00737171527443380
0.420000  -.100000   0.00670264121215018
0.460000  -.100000   0.00589889068596597
0.500000  -.100000   0.00499336823383535
0.540000  -.100000   0.00372718382095935
0.580000  -.100000   0.00276197301397872
0.620000  -.100000   0.00274610494691660
0.660000  -.100000   0.00318697831878953
0.700000  -.100000   0.00454045228172814
0.740000  -.100000   0.00617230840419358
0.780000  -.100000   0.00859288255231108
0.820000  -.100000   0.01095109596811408
0.860000  -.100000   0.01361861757044149
0.900000  -.100000   0.01641158105339460
0.940000  -.100000   0.01899867592759525
0.980000  -.100000   0.02208895004539986
-.780000  -.060000   0.02587996038922375
-.740000  -.060000   0.02301846717250599
-.700000  -.060000   0.02213141786462691
-.660000  -.060000   0.02144841322527406
-.620000  -.060000   0.02007534946708542
-.580000  -.060000   0.01891986299801145
-.540000  -.060000   0.01741338953214897
-.500000  -.060000   0.01574207307840525
-.460000  -.060000   0.01391701892178147
-.420000  -.060000   0.01198299468301110
-.380000  -.060000   0.01002339442399609
-.340000  -.060000   0.00808667220829063
-.300000  -.060000   0.00617862171709635
-.260000  -.060000   0.00433375081055000
-.220000  -.060000   0.00260676026549275
-.180000  -.060000   0.00131654334580103
-.140000  -.060000   0.00168660967834781
-.100000  -.060000   0.00307589881541826
-.060000  -.060000   0.00319367351897497
-.020000  -.060000   0.00503802825467118
0.020000  -.060000   0.00626485616314640
0.060000  -.060000   0.00800013517678370
0.100000  -.060000   0.00727761162686418
0.140000  -.060000   0.00797414963430444
0.180000  -.060000   0.00841203118859813
0.220000  -.060000   0.00864726122216166
0.260000  -.060000   0.00867776048405698
0.300000  -.060000   0.00847364643687861
0.340000  -.060000   0.00810026008943116
0.380000  -.060000   0.00751851098835615
0.420000  -.060000   0.00673588800811011
0.460000  -.060000   0.00596402833886334
0.500000  -.060000   0.00455278435388808
0.540000  -.060000   0.00366330012222413
0.580000  -.060000   0.00243470469877541
0.620000  -.060000   0.00146183792793287
0.660000  -.060000   0.00215012411006089
0.700000  -.060000   0.00380727970538481
0.740000  -.060000   0.00613101676994483
0.780000  -.060000   0.00814679127697649
0.820000  -.060000   0.01061172726054671
0.860000  -.060000   0.01332096687545399
0.900000  -.060000   0.01617202608530014
0.940000  -.060000   0.01895452967194714
0.980000  -.060000   0.02171725761992409
-.780000  -.020000   0.02579364820494937
-.740000  -.020000   0.02300950393544128
-.700000  -.020000   0.02213643978976600
-.660000  -.020000   0.02144274883489221
-.620000  -.020000   0.02013094199238776
-.580000  -.020000   0.01897042115083736
-.540000  -.020000   0.01747682332992267
-.500000  -.020000   0.01582365788941385
-.460000  -.020000   0.01401097070743906
-.420000  -.020000   0.01209610159548146
-.380000  -.020000   0.01015764804487869
-.340000  -.020000   0.00824005666527970
-.300000  -.020000   0.00635013667391829
-.260000  -.020000   0.00451438646313036
-.220000  -.020000   0.00275271393948772
-.180000  -.020000   0.00110823342569543
-.140000  -.020000   0.00070485831166185
-.100000  -.020000   0.00209194314281160
-.060000  -.020000   0.00347537960243567
-.020000  -.020000   0.00493006570602093
0.020000  -.020000   0.00611729515635333
0.060000  -.020000   0.00723680982003756
0.100000  -.020000   0.00796831660305266
0.140000  -.020000   0.00847310235147314
0.180000  -.020000   0.00878798760546392
0.220000  -.020000   0.00893574140355294
0.260000  -.020000   0.00890029718131528
0.300000  -.020000   0.00864337532439866
0.340000  -.020000   0.00822490962593291
0.380000  -.020000   0.00760308854419135
0.420000  -.020000   0.00678077295967239
0.460000  -.020000   0.00598098112802929
0.500000  -.020000   0.00444310966543337
0.540000  -.020000   0.00372459628955750
0.580000  -.020000   0.00191584320292849
0.620000  -.020000   0.00081126037602729
0.660000  -.020000   0.00113856303998670
0.700000  -.020000   0.00341022979819028
0.740000  -.020000   0.00582906914964544
0.780000  -.020000   0.00792147303900472
0.820000  -.020000   0.01042081240458147
0.860000  -.020000   0.01315231595030209
0.900000  -.020000   0.01604919668392836
0.940000  -.020000   0.01885021491014123
0.980000  -.020000   0.02148891679118360
-.780000  0.020000   0.02579364820494937
-.740000  0.020000   0.02300950393544128
-.700000  0.020000   0.02213643978976600
-.660000  0.020000   0.02144274883489221
-.620000  0.020000   0.02013094199238776
-.580000  0.020000   0.01897042115083736
-.540000  0.020000   0.01747682332992267
-.500000  0.020000   0.01582365788941385
-.460000  0.020000   0.01401097070743906
-.420000  0.020000   0.01209610159548146
-.380000  0.020000   0.01015764804487869
-.340000  0.020000   0.00824005666527970
-.300000  0.020000   0.00635013667391829
-.260000  0.020000   0.00451438646313036
-.220000  0.020000   0.00275271393948772
-.180000  0.020000   0.00110823342569543
-.140000  0.020000   0.00070485831166185
-.100000  0.020000   0.00209194314281160
-.060000  0.020000   0.00347537960243567
-.020000  0.020000   0.00493006570602093
0.020000  0.020000   0.00611729515635333
0.060000  0.020000   0.00723680982003756
0.100000  0.020000   0.00796831660305266
0.140000  0.020000   0.00847310235147314
0.180000  0.020000   0.00878798760546392
0.220000  0.020000   0.00893574140355294
0.260000  0.020000   0.00890029718131528
0.300000  0.020000   0.00864337532439866
0.340000  0.020000   0.00822490962593291
0.380000  0.020000   0.00760308854419136
0.420000  0.020000   0.00678077295967239
0.460000  0.020000   0.00598098112802929
0.500000  0.020000   0.00444310966543337
0.540000  0.020000   0.00372459628955750
0.580000  0.020000   0.00191584320292849
0.620000  0.020000   0.00081126037602729
0.660000  0.020000   0.00113856303998670
0.700000  0.020000   0.00341022979819028
0.740000  0.020000   0.00582906914964544
0.780000  0.020000   0.00792147303900472
0.820000  0.020000   0.01042081240458147
0.860000  0.020000   0.01315231595030208
0.900000  0.020000   0.01604919668392836
0.940000  0.020000   0.01885021491014123
0.980000  0.020000   0.02148891679118360
-.780000  0.060000   0.02587996038922375
-.740000  0.060000   0.02301846717250599
-.700000  0.060000   0.02213141786462691
-.660000  0.060000   0.02144841322527407
-.620000  0.060000   0.02007534946708542
-.580000  0.060000   0.01891986299801145
-.540000  0.060000   0.01741338953214897
-.500000  0.060000   0.01574207307840525
-.460000  0.060000   0.01391701892178147
-.420000  0.060000   0.01198299468301110
-.380000  0.060000   0.01002339442399609
-.340000  0.060000   0.00808667220829063
-.300000  0.060000   0.00617862171709635
-.260000  0.060000   0.00433375081055000
-.220000  0.060000   0.00260676026549276
-.180000  0.060000   0.00131654334580102
-.140000  0.060000   0.00168660967834781
-.100000  0.060000   0.00307589881541827
-.060000  0.060000   0.00319367351897497
-.020000  0.060000   0.00503802825467118
0.020000  0.060000   0.00626485616314640
0.060000  0.060000   0.00800013517678370
0.100000  0.060000   0.00727761162686418
0.140000  0.060000   0.00797414963430444
0.180000  0.060000   0.00841203118859813
0.220000  0.060000   0.00864726122216166
0.260000  0.060000   0.00867776048405698
0.300000  0.060000   0.00847364643687861
0.340000  0.060000   0.00810026008943116
0.380000  0.060000   0.00751851098835614
0.420000  0.060000   0.00673588800811011
0.460000  0.060000   0.00596402833886334
0.500000  0.060000   0.00455278435388808
0.540000  0.060000   0.00366330012222413
0.580000  0.060000   0.00243470469877541
0.620000  0.060000   0.00146183792793287
0.660000  0.060000   0.00215012411006089
0.700000  0.060000   0.00380727970538481
0.740000  0.060000   0.00613101676994483
0.780000  0.060000   0.00814679127697649
0.820000  0.060000   0.01061172726054671
0.860000  0.060000   0.01332096687545399
0.900000  0.060000   0.01617202608530015
0.940000  0.060000   0.01895452967194714
0.980000  0.060000   0.02171725761992412
-.780000  0.100000   0.02603645592603600
-.740000  0.100000   0.02354680582152285
-.700000  0.100000   0.02212506827487254
-.660000  0.100000   0.02142966215791846
-.620000  0.100000   0.02061222375938054
-.580000  0.100000   0.01880581577104565
-.540000  0.100000   0.01729693264140311
-.500000  0.100000   0.01559640626561863
-.460000  0.100000   0.01372364767309220
-.420000  0.100000   0.01175103100730380
-.380000  0.100000   0.00976933764736306
-.340000  0.100000   0.00779898836743522
-.300000  0.100000   0.00587704293350894
-.260000  0.100000   0.00404690017510734
-.220000  0.100000   0.00249214813140261
-.180000  0.100000   0.00188189465692279
-.140000  0.100000   0.00219110879254709
-.100000  0.100000   0.00299649810234230
-.060000  0.100000   0.00439496798287002
-.020000  0.100000   0.00531225695739077
0.020000  0.100000   0.00641945370309640
0.060000  0.100000   0.00683331941212818
0.100000  0.100000   0.00807094038275630
0.140000  0.100000   0.00899382259254762
0.180000  0.100000   0.00777079116258273
0.220000  0.100000   0.00812471742919813
0.260000  0.100000   0.00825955391337590
0.300000  0.100000   0.00815706529498688
0.340000  0.100000   0.00786562875664030
0.380000  0.100000   0.00737171527443380
0.420000  0.100000   0.00670264121215018
0.460000  0.100000   0.00589889068596597
0.500000  0.100000   0.00499336823383535
0.540000  0.100000   0.00372718382095935
0.580000  0.100000   0.00276197301397872
0.620000  0.100000   0.00274610494691660
0.660000  0.100000   0.00318697831878953
0.700000  0.100000   0.00454045228172814
0.740000  0.100000   0.00617230840419358
0.780000  0.100000   0.00859288255231108
0.820000  0.100000   0.01095109596811408
0.860000  0.100000   0.01361861757044149
0.900000  0.100000   0.01641158105339460
0.940000  0.100000   0.01899867592759525
0.980000  0.100000   0.02208895004539988
-.780000  0.140000   0.02621263553370943
-.740000  0.140000   0.02375358662398402
-.700000  0.140000   0.02208783529167435
-.660000  0.140000   0.02140504257925157
-.620000  0.140000   0.02057222174957232
-.580000  0.140000   0.01942748676286358
-.540000  0.140000   0.01711650605320759
-.500000  0.140000   0.01537723093851737
-.460000  0.140000   0.01345625567853562
-.420000  0.140000   0.01144934487248877
-.380000  0.140000   0.00943250983257392
-.340000  0.140000   0.00743358240708279
-.300000  0.140000   0.00551875281815247
-.260000  0.140000   0.00547173670270167
-.220000  0.140000   0.00389116364679050
-.180000  0.140000   0.00287197731871650
-.140000  0.140000   0.00297698336322145
-.100000  0.140000   0.00357136341007114
-.060000  0.140000   0.00465234273952746
-.020000  0.140000   0.00565189446948049
0.020000  0.140000   0.00664828714450761
0.060000  0.140000   0.00718260173265798
0.100000  0.140000   0.00854427392968556
0.140000  0.140000   0.00802038231569146
0.180000  0.140000   0.00873392048772876
0.220000  0.140000   0.00918227581041934
0.260000  0.140000   0.00937342834573572
0.300000  0.140000   0.00777407359575577
0.340000  0.140000   0.00757662083475028
0.380000  0.140000   0.00718587789004026
0.420000  0.140000   0.00663805888138884
0.460000  0.140000   0.00590710090045895
0.500000  0.140000   0.00513412423144463
0.540000  0.140000   0.00436898058196112
0.580000  0.140000   0.00432288754417226
0.620000  0.140000   0.00382412112519391
0.660000  0.140000   0.00411059664611893
0.700000  0.140000   0.00545424086101424
0.740000  0.140000   0.00693491219244960
0.780000  0.140000   0.00921090800765412
0.820000  0.140000   0.01143585972710131
0.860000  0.140000   0.01400391542160701
0.900000  0.140000   0.01659984069040538
0.940000  0.140000   0.01923816856285702
0.980000  0.140000   0.02281150232874275
-.780000  0.180000   0.02772908733470826
-.740000  0.180000   0.02392132709874865
-.700000  0.180000   0.02253655008048186
-.660000  0.180000   0.02131444852803112
-.620000  0.180000   0.02048281848818185
-.580000  0.180000   0.01931878410511799
-.540000  0.180000   0.01793598537384304
-.500000  0.180000   0.01627696518050503
-.460000  0.180000   0.01447907414277801
-.420000  0.180000   0.01261484780808703
-.380000  0.180000   0.01067476066621635
-.340000  0.180000   0.00871288964751327
-.300000  0.180000   0.00683179122245849
-.260000  0.180000   0.00511341802401264
-.220000  0.180000   0.00377815345477136
-.180000  0.180000   0.00387879156174541
-.140000  0.180000   0.00366463532591483
-.100000  0.180000   0.00428418204561506
-.060000  0.180000   0.00508418910178608
-.020000  0.180000   0.00604935303040838
0.020000  0.180000   0.00695360890825145
0.060000  0.180000   0.00751419726271855
0.100000  0.180000   0.00759423485631201
0.140000  0.180000   0.00863243730843872
0.180000  0.180000   0.00945276085481836
0.220000  0.180000   0.00845309078883815
0.260000  0.180000   0.00876442688640623
0.300000  0.180000   0.00883556266915710
0.340000  0.180000   0.00868038915733276
0.380000  0.180000   0.00831956561757981
0.420000  0.180000   0.00779906121594999
0.460000  0.180000   0.00713403938742980
0.500000  0.180000   0.00633893355804081
0.540000  0.180000   0.00553687277920337
0.580000  0.180000   0.00490421195389305
0.620000  0.180000   0.00470010908412593
0.660000  0.180000   0.00521683786292131
0.700000  0.180000   0.00613849336303790
0.740000  0.180000   0.00778313491129269
0.780000  0.180000   0.00962550755915277
0.820000  0.180000   0.01182942771093242
0.860000  0.180000   0.01435718363479457
0.900000  0.180000   0.01698758081822471
0.940000  0.180000   0.01943196060459282
0.980000  0.180000   0.02519571904986672
-.780000  0.220000   0.02830720389556270
-.740000  0.220000   0.02478070832744361
-.700000  0.220000   0.02265050564920484
-.660000  0.220000   0.02169961116969314
-.620000  0.220000   0.02032007530937389
-.580000  0.220000   0.01916262475936033
-.540000  0.220000   0.01772931000057167
-.500000  0.220000   0.01602735653501818
-.460000  0.220000   0.01417895260761390
-.420000  0.220000   0.01224568655448836
-.380000  0.220000   0.01026359552003685
-.340000  0.220000   0.00829526285115780
-.300000  0.220000   0.00645893746650813
-.260000  0.220000   0.00615041435300286
-.220000  0.220000   0.00480181829651918
-.180000  0.220000   0.00408248377171638
-.140000  0.220000   0.00443205641898565
-.100000  0.220000   0.00479817066079107
-.060000  0.220000   0.00558528816140437
-.020000  0.220000   0.00648120188646030
0.020000  0.220000   0.00730559708607821
0.060000  0.220000   0.00786189666884332
0.100000  0.220000   0.00802580808380863
0.140000  0.220000   0.00913285597569979
0.180000  0.220000   0.00857689406983234
0.220000  0.220000   0.00919775729678197
0.260000  0.220000   0.00957581840386123
0.300000  0.220000   0.00828798432785642
0.340000  0.220000   0.00827081283031474
0.380000  0.220000   0.00805915628342881
0.420000  0.220000   0.00768071422004382
0.460000  0.220000   0.00717912490744365
0.500000  0.220000   0.00660257278080208
0.540000  0.220000   0.00604747045986268
0.580000  0.220000   0.00566355809276814
0.620000  0.220000   0.00566733424508665
0.660000  0.220000   0.00618768303896365
0.700000  0.220000   0.00714853670137498
0.740000  0.220000   0.00847252851714087
0.780000  0.220000   0.01040595359035722
0.820000  0.220000   0.01251515318285336
0.860000  0.220000   0.01487713331919360
0.900000  0.220000   0.01732733595811079
0.940000  0.220000   0.01973386675738431
-.780000  0.260000   0.03054781732801960
-.740000  0.260000   0.02525088667582450
-.700000  0.260000   0.02323502083980044
-.660000  0.260000   0.02170087472813577
-.620000  0.260000   0.02078493681403983
-.580000  0.260000   0.01962554388635348
-.540000  0.260000   0.01824640930664032
-.500000  0.260000   0.01663475127725703
-.460000  0.260000   0.01489608659494989
-.420000  0.260000   0.01303085534461997
-.380000  0.260000   0.01113768234311407
-.340000  0.260000   0.00926659931463056
-.300000  0.260000   0.00747212319744591
-.260000  0.260000   0.00591351797183337
-.220000  0.260000   0.00565553243998464
-.180000  0.260000   0.00489869559541178
-.140000  0.260000   0.00516386603590167
-.100000  0.260000   0.00535915869288694
-.060000  0.260000   0.00609534822848349
-.020000  0.260000   0.00690464927784678
0.020000  0.260000   0.00765853928574603
0.060000  0.260000   0.00819031228366074
0.100000  0.260000   0.00840489461625543
0.140000  0.260000   0.00953559614780784
0.180000  0.260000   0.00914289772864792
0.220000  0.260000   0.00981755440870511
0.260000  0.260000   0.00888961381087675
0.300000  0.260000   0.00913662900385792
0.340000  0.260000   0.00916980886121083
0.380000  0.260000   0.00901054132975211
0.420000  0.260000   0.00867443730466494
0.460000  0.260000   0.00820836284145145
0.500000  0.260000   0.00767928565533273
0.540000  0.260000   0.00716051098909666
0.580000  0.260000   0.00679328280843545
0.620000  0.260000   0.00674204395125673
0.660000  0.260000   0.00716856911452145
0.700000  0.260000   0.00803875348086787
0.740000  0.260000   0.00940464357875638
0.780000  0.260000   0.01106363414005898
0.820000  0.260000   0.01309698558074998
0.860000  0.260000   0.01535117100211499
0.900000  0.260000   0.01770726279618810
0.940000  0.260000   0.02029395472495155
-.780000  0.300000   0.03167444519991846
-.740000  0.300000   0.02671367032494557
-.700000  0.300000   0.02351548120286938
-.660000  0.300000   0.02220859996533404
-.620000  0.300000   0.02067029102063865
-.580000  0.300000   0.01952298055683624
-.540000  0.300000   0.01810626713194067
-.500000  0.300000   0.01644778880052480
-.460000  0.300000   0.01464935107849858
-.420000  0.300000   0.01271944611541460
-.380000  0.300000   0.01079963285737358
-.340000  0.300000   0.00994473357691217
-.300000  0.300000   0.00824521897975111
-.260000  0.300000   0.00675995913017353
-.220000  0.300000   0.00564532385067553
-.180000  0.300000   0.00561258792123522
-.140000  0.300000   0.00540842258704168
-.100000  0.300000   0.00591106295081287
-.060000  0.300000   0.00657833383265571
-.020000  0.300000   0.00732416051161922
0.020000  0.300000   0.00802060485685053
0.060000  0.300000   0.00853006696595220
0.100000  0.300000   0.00879019592125272
0.140000  0.300000   0.00873383134741892
0.180000  0.300000   0.00963317501853259
0.220000  0.300000   0.00904135444292043
0.260000  0.300000   0.00955474312252172
0.300000  0.300000   0.00985656353022242
0.340000  0.300000   0.00993916446009105
0.380000  0.300000   0.00868818321590501
0.420000  0.300000   0.00851946435008308
0.460000  0.300000   0.00823318713360008
0.500000  0.300000   0.00788572465226558
0.540000  0.300000   0.00757792694879772
0.580000  0.300000   0.00741247511308670
0.620000  0.300000   0.00753369739996432
0.660000  0.300000   0.00814156078926842
0.700000  0.300000   0.00897703840340571
0.740000  0.300000   0.01018659421477076
0.780000  0.300000   0.01187159986543113
0.820000  0.300000   0.01375364600966407
0.860000  0.300000   0.01587100191338741
0.900000  0.300000   0.01811504380672713
0.940000  0.300000   0.02137127464263385
-.740000  0.340000   0.02737692521659556
-.700000  0.340000   0.02459895194112849
-.660000  0.340000   0.02227941810549937
-.620000  0.340000   0.02119382439564459
-.580000  0.340000   0.01999639205119352
-.540000  0.340000   0.01855782390292262
-.500000  0.340000   0.01696322053124513
-.460000  0.340000   0.01519926883171204
-.420000  0.340000   0.01336985306178216
-.380000  0.340000   0.01150197506498305
-.340000  0.340000   0.00969531926150205
-.300000  0.340000   0.00884199016874214
-.260000  0.340000   0.00743695598018177
-.220000  0.340000   0.00636749992822174
-.180000  0.340000   0.00624882419421256
-.140000  0.340000   0.00599752078675871
-.100000  0.340000   0.00643795466881756
-.060000  0.340000   0.00704334517733917
-.020000  0.340000   0.00772466266574764
0.020000  0.340000   0.00836973278537042
0.060000  0.340000   0.00885648766953032
0.100000  0.340000   0.00912141042928743
0.140000  0.340000   0.00912519824281340
0.180000  0.340000   0.01003638174798057
0.220000  0.340000   0.00957848466960730
0.260000  0.340000   0.01012420940865088
0.300000  0.340000   0.01045584556436606
0.340000  0.340000   0.00945925632220059
0.380000  0.340000   0.00948749611224274
0.420000  0.340000   0.00936361444002586
0.460000  0.340000   0.00911731273984543
0.500000  0.340000   0.00881693329902079
0.540000  0.340000   0.00854296935391115
0.580000  0.340000   0.00839899122955331
0.620000  0.340000   0.00850091368324111
0.660000  0.340000   0.00895060150463809
0.700000  0.340000   0.00981108486539777
0.740000  0.340000   0.01100613305191995
0.780000  0.340000   0.01251832871043911
0.820000  0.340000   0.01431507460741382
0.860000  0.340000   0.01636327448573911
0.900000  0.340000   0.01867447938311282
0.940000  0.340000   0.02897096458999853
-.740000  0.380000   0.02981450190160605
-.700000  0.380000   0.02602459831381987
-.660000  0.380000   0.02313124365252755
-.620000  0.380000   0.02176005394791752
-.580000  0.380000   0.02041853575682046
-.540000  0.380000   0.01897139442815779
-.500000  0.380000   0.01735507891184657
-.460000  0.380000   0.01563928846708076
-.420000  0.380000   0.01384076425088167
-.380000  0.380000   0.01204635107540915
-.340000  0.380000   0.01032047064574573
-.300000  0.380000   0.00873609672242453
-.260000  0.380000   0.00797718082057300
-.220000  0.380000   0.00697734915153415
-.180000  0.380000   0.00676881028082975
-.140000  0.380000   0.00652277728858834
-.100000  0.380000   0.00689328117616205
-.060000  0.380000   0.00743224374697093
-.020000  0.380000   0.00805693412182169
0.020000  0.380000   0.00865600629900049
0.060000  0.380000   0.00913193212432795
0.100000  0.380000   0.00942432433796808
0.140000  0.380000   0.00947964579447045
0.180000  0.380000   0.01038098367646144
0.220000  0.380000   0.01001454914234786
0.260000  0.380000   0.01058630088162652
0.300000  0.380000   0.00984471276602926
0.340000  0.380000   0.01008948072522110
0.380000  0.380000   0.01015488473305623
0.420000  0.380000   0.01006411819058345
0.460000  0.380000   0.00986188810907332
0.500000  0.380000   0.00960122829683909
0.540000  0.380000   0.00936663815283338
0.580000  0.380000   0.00924781171362373
0.620000  0.380000   0.00935225737803332
0.660000  0.380000   0.00976257626721958
0.700000  0.380000   0.01057756947117177
0.740000  0.380000   0.01168850388619107
0.780000  0.380000   0.01312348272545030
0.820000  0.380000   0.01484062946792474
0.860000  0.380000   0.01681703086679888
0.900000  0.380000   0.01949226410908890
-.740000  0.420000   0.03322630284270794
-.700000  0.420000   0.02666451408111858
-.660000  0.420000   0.02428210843063647
-.620000  0.420000   0.02253850525943083
-.580000  0.420000   0.02051697532820407
-.540000  0.420000   0.01905740211616584
-.500000  0.420000   0.01742256731086497
-.460000  0.420000   0.01565401603677093
-.420000  0.420000   0.01381542919181234
-.380000  0.420000   0.01249070012292553
-.340000  0.420000   0.01079596702977364
-.300000  0.420000   0.00928245305673529
-.260000  0.420000   0.00839365396224462
-.220000  0.420000   0.00747482368221851
-.180000  0.420000   0.00717967631275593
-.140000  0.420000   0.00695679854035190
-.100000  0.420000   0.00726277155558161
-.060000  0.420000   0.00775101397242670
-.020000  0.420000   0.00832442395403321
0.020000  0.420000   0.00889004695226020
0.060000  0.420000   0.00935835760732144
0.100000  0.420000   0.00965065689690417
0.140000  0.420000   0.00974942064256905
0.180000  0.420000   0.01063662755486590
0.220000  0.420000   0.01036229835266964
0.260000  0.420000   0.01093724865028155
0.300000  0.420000   0.01031758128668356
0.340000  0.420000   0.01058563104471333
0.380000  0.420000   0.01068214246271432
0.420000  0.420000   0.00977846454349528
0.460000  0.420000   0.00973747317468182
0.500000  0.420000   0.00963966892044989
0.540000  0.420000   0.00956382003081360
0.580000  0.420000   0.00959234143403317
0.620000  0.420000   0.01005219120690127
0.660000  0.420000   0.01045380121704142
0.700000  0.420000   0.01117264157725661
0.740000  0.420000   0.01226154008649315
0.780000  0.420000   0.01363446567400191
0.820000  0.420000   0.01540457332335816
0.860000  0.420000   0.01743778079407671
0.900000  0.420000   0.02248167738677953
-.700000  0.460000   0.03069295103489219
-.660000  0.460000   0.02584181185951066
-.620000  0.460000   0.02364041468554959
-.580000  0.460000   0.02125267003394636
-.540000  0.460000   0.01969934781776042
-.500000  0.460000   0.01800147832938512
-.460000  0.460000   0.01621136407685930
-.420000  0.460000   0.01436664228666691
-.380000  0.460000   0.01287465266846637
-.340000  0.460000   0.01122078082998996
-.300000  0.460000   0.00974804612766719
-.260000  0.460000   0.00872320242565923
-.220000  0.460000   0.00787029525580288
-.180000  0.460000   0.00748079697210900
-.140000  0.460000   0.00730012897611430
-.100000  0.460000   0.00752851199927171
-.060000  0.460000   0.00795154682532421
-.020000  0.460000   0.00848520797896014
0.020000  0.460000   0.00902241641453700
0.060000  0.460000   0.00948539506153109
0.100000  0.460000   0.00980232886234630
0.140000  0.460000   0.00993637035098544
0.180000  0.460000   0.01078666189841465
0.220000  0.460000   0.01059724769762128
0.260000  0.460000   0.01116708962612908
0.300000  0.460000   0.01065547704689957
0.340000  0.460000   0.01094110123060061
0.380000  0.460000   0.01105399876226295
0.420000  0.460000   0.01027509696458344
0.460000  0.460000   0.01025702511766183
0.500000  0.460000   0.01018450964429517
0.540000  0.460000   0.01013251891349177
0.580000  0.460000   0.01016554243584575
0.620000  0.460000   0.01058334233158077
0.660000  0.460000   0.01096404251534393
0.700000  0.460000   0.01171734699362503
0.740000  0.460000   0.01269224636758706
0.780000  0.460000   0.01403563229455658
0.820000  0.460000   0.01582799875219329
0.860000  0.460000   0.01871656306729461
-.700000  0.500000   0.03451514805777050
-.660000  0.500000   0.02792604989122555
-.620000  0.500000   0.02518253400629068
-.580000  0.500000   0.02222621207970877
-.540000  0.500000   0.02049296062850313
-.500000  0.500000   0.01870702887678651
-.460000  0.500000   0.01683129100401805
-.420000  0.500000   0.01495960485577504
-.380000  0.500000   0.01331046935615604
-.340000  0.500000   0.01163148721015736
-.300000  0.500000   0.01016239459166027
-.260000  0.500000   0.00899280148355860
-.220000  0.500000   0.00817252817657404
-.180000  0.500000   0.00766616184584822
-.140000  0.500000   0.00752776692900383
-.100000  0.500000   0.00767960460051284
-.060000  0.500000   0.00804466419895975
-.020000  0.500000   0.00853324648515674
0.020000  0.500000   0.00904518549059504
0.060000  0.500000   0.00949582808308386
0.100000  0.500000   0.00983145976135611
0.140000  0.500000   0.01001002654858326
0.180000  0.500000   0.01081096282303966
0.220000  0.500000   0.01069686593150131
0.260000  0.500000   0.01124755668890636
0.300000  0.500000   0.01083857715414050
0.340000  0.500000   0.01112535756580526
0.380000  0.500000   0.01124602811153822
0.420000  0.500000   0.01058547725211257
0.460000  0.500000   0.01058135589572276
0.500000  0.500000   0.01051917078685345
0.540000  0.500000   0.01047783960283324
0.580000  0.500000   0.01051679663580951
0.620000  0.500000   0.01090172322086632
0.660000  0.500000   0.01128379400823148
0.700000  0.500000   0.01203187769030338
0.740000  0.500000   0.01310553947754578
0.780000  0.500000   0.01453187842565757
0.820000  0.500000   0.01663102590414561
0.860000  0.500000   0.02329255001438143
-.660000  0.540000   0.03064961214652654
-.620000  0.540000   0.02721373823589328
-.580000  0.540000   0.02352961556045361
-.540000  0.540000   0.02155984960481301
-.500000  0.540000   0.01961629769390896
-.460000  0.540000   0.01762084547505299
-.420000  0.540000   0.01565904750900775
-.380000  0.540000   0.01388579071989643
-.340000  0.540000   0.01210679776653494
-.300000  0.540000   0.01058303473191377
-.260000  0.540000   0.00924819358392739
-.220000  0.540000   0.00841025823191540
-.180000  0.540000   0.00776295745716174
-.140000  0.540000   0.00765060065843536
-.100000  0.540000   0.00769298017173154
-.060000  0.540000   0.00798986231321470
-.020000  0.540000   0.00842597486090408
0.020000  0.540000   0.00892056626005240
0.060000  0.540000   0.00936600702741165
0.100000  0.540000   0.00971693417894659
0.140000  0.540000   0.00993555416438706
0.180000  0.540000   0.01066988206836675
0.220000  0.540000   0.01062868920704436
0.260000  0.540000   0.01114683218974243
0.300000  0.540000   0.01083147541433486
0.340000  0.540000   0.01110590582920917
0.380000  0.540000   0.01122332469213234
0.420000  0.540000   0.01066606490918816
0.460000  0.540000   0.01066394587189067
0.500000  0.540000   0.01061168689468749
0.540000  0.540000   0.01057270863169023
0.580000  0.540000   0.01061471615368056
0.620000  0.540000   0.01097832338295927
0.660000  0.540000   0.01135432580379598
0.700000  0.540000   0.01215075739634817
0.740000  0.540000   0.01332600273761217
0.780000  0.540000   0.01526255860743268
0.820000  0.540000   0.01916856900323298
-.660000  0.580000   0.03717233176905431
-.620000  0.580000   0.02977950522671930
-.580000  0.580000   0.02667548062742094
-.540000  0.580000   0.02296746362487782
-.500000  0.580000   0.02081961674366256
-.460000  0.580000   0.01867100388383018
-.420000  0.580000   0.01655707038799208
-.380000  0.580000   0.01470270413826517
-.340000  0.580000   0.01275675491102141
-.300000  0.580000   0.01111144742446606
-.260000  0.580000   0.00958462826555112
-.220000  0.580000   0.00865660882229950
-.180000  0.580000   0.00781099703362336
-.140000  0.580000   0.00735283203954208
-.100000  0.580000   0.00759049327792677
-.060000  0.580000   0.00777778449442232
-.020000  0.580000   0.00815067342340592
0.020000  0.580000   0.00860807081435917
0.060000  0.580000   0.00905476695714662
0.100000  0.580000   0.00942287663953282
0.140000  0.580000   0.01014030922385010
0.180000  0.580000   0.01032621223922845
0.220000  0.580000   0.01035349376020476
0.260000  0.580000   0.01082361385819284
0.300000  0.580000   0.01059463053634734
0.340000  0.580000   0.01084570541422779
0.380000  0.580000   0.01093988521131744
0.420000  0.580000   0.01047473921213246
0.460000  0.580000   0.01046258917672631
0.500000  0.580000   0.01040647436699810
0.540000  0.580000   0.01036159415241812
0.580000  0.580000   0.01060079785995300
0.620000  0.580000   0.01078397749373621
0.660000  0.580000   0.01139218667866106
0.700000  0.580000   0.01241407497000285
0.740000  0.580000   0.01395901307881621
0.780000  0.580000   0.01724507524650269
-.620000  0.620000   0.03552940748090440
-.580000  0.620000   0.02920329506920549
-.540000  0.620000   0.02620025795670191
-.500000  0.620000   0.02345016883500767
-.460000  0.620000   0.02080358417330829
-.420000  0.620000   0.01825271971911272
-.380000  0.620000   0.01585614300344397
-.340000  0.620000   0.01368491242518055
-.300000  0.620000   0.01183189289663367
-.260000  0.620000   0.01011832008852371
-.220000  0.620000   0.00899008264156620
-.180000  0.620000   0.00790768421681652
-.140000  0.620000   0.00719264255635547
-.100000  0.620000   0.00691567891753281
-.060000  0.620000   0.00742087412441631
-.020000  0.620000   0.00769758910015325
0.020000  0.620000   0.00809925869476400
0.060000  0.620000   0.00852769858148132
0.100000  0.620000   0.00909444307966462
0.140000  0.620000   0.00948566616791934
0.180000  0.620000   0.00972976020046857
0.220000  0.620000   0.00982481418983406
0.260000  0.620000   0.01022319332544142
0.300000  0.620000   0.01007338498063327
0.340000  0.620000   0.01027637807550273
0.380000  0.620000   0.01034176256529771
0.420000  0.620000   0.01030829747754053
0.460000  0.620000   0.01019815504379498
0.500000  0.620000   0.01007450580238867
0.540000  0.620000   0.01000833948260596
0.580000  0.620000   0.01007271154231040
0.620000  0.620000   0.01057274555399637
0.660000  0.620000   0.01118072286395426
0.700000  0.620000   0.01310824006532602
0.740000  0.620000   0.01605561615151559
0.780000  0.620000   0.02546658012020885
-.580000  0.660000   0.03470586444633240
-.540000  0.660000   0.02877045577304422
-.500000  0.660000   0.02574970992289062
-.460000  0.660000   0.02287396732811946
-.420000  0.660000   0.02009013013969706
-.380000  0.660000   0.01743341526435929
-.340000  0.660000   0.01500491197210039
-.300000  0.660000   0.01291651079929605
-.260000  0.660000   0.01099256849903037
-.220000  0.660000   0.00918283575544281
-.180000  0.660000   0.00819928240201986
-.140000  0.660000   0.00715316277492547
-.100000  0.660000   0.00653139421490561
-.060000  0.660000   0.00637866748975732
-.020000  0.660000   0.00661197274794211
0.020000  0.660000   0.00706430911316412
0.060000  0.660000   0.00759805144754133
0.100000  0.660000   0.00810411348223375
0.140000  0.660000   0.00852996330848619
0.180000  0.660000   0.00882355755099651
0.220000  0.660000   0.00919659443796704
0.260000  0.660000   0.00927618349036527
0.300000  0.660000   0.00948483253429065
0.340000  0.660000   0.00933155959239723
0.380000  0.660000   0.00934853572296773
0.420000  0.660000   0.00928863416997851
0.460000  0.660000   0.00918424452243763
0.500000  0.660000   0.00909295285600194
0.540000  0.660000   0.00909798119657157
0.580000  0.660000   0.00959428359207933
0.620000  0.660000   0.01018965805394827
0.660000  0.660000   0.01237830567264759
0.700000  0.660000   0.01564876304399912
0.740000  0.660000   0.02280599690522588
-.580000  0.700000   0.04308154136455188
-.540000  0.700000   0.03421793047125146
-.500000  0.700000   0.03040627896311423
-.460000  0.700000   0.02693514812080472
-.420000  0.700000   0.02235358705872634
-.380000  0.700000   0.02037931454309898
-.340000  0.700000   0.01736434171583126
-.300000  0.700000   0.01465306389636867
-.260000  0.700000   0.01241749467428487
-.220000  0.700000   0.01034987977269619
-.180000  0.700000   0.00847023558719807
-.140000  0.700000   0.00749308648461523
-.100000  0.700000   0.00642753696304263
-.060000  0.700000   0.00581998710087634
-.020000  0.700000   0.00567372313998054
0.020000  0.700000   0.00590065999603974
0.060000  0.700000   0.00631876785586535
0.100000  0.700000   0.00678744792143126
0.140000  0.700000   0.00722016043055050
0.180000  0.700000   0.00745747997950734
0.220000  0.700000   0.00775724326830876
0.260000  0.700000   0.00794493493287061
0.300000  0.700000   0.00800689784250290
0.340000  0.700000   0.00803746790974768
0.380000  0.700000   0.00799504396123550
0.420000  0.700000   0.00779592696502804
0.460000  0.700000   0.00791584841308364
0.500000  0.700000   0.00804725108079865
0.540000  0.700000   0.00840805849956464
0.580000  0.700000   0.00974461061529505
0.620000  0.700000   0.01186408316566713
0.660000  0.700000   0.01570555750844977
0.700000  0.700000   0.02317118366297398
-.540000  0.740000   0.04200154466568169
-.500000  0.740000   0.03643046225328741
-.460000  0.740000   0.03015843787849697
-.420000  0.740000   0.02665854238942760
-.380000  0.740000   0.02326756391612883
-.340000  0.740000   0.02000548789379421
-.300000  0.740000   0.01771569819361476
-.260000  0.740000   0.01472954523174436
-.220000  0.740000   0.01238407603526124
-.180000  0.740000   0.01008941353051145
-.140000  0.740000   0.00812168758712730
-.100000  0.740000   0.00636759856118867
-.060000  0.740000   0.00580649264000462
-.020000  0.740000   0.00506926518952215
0.020000  0.740000   0.00478694151133240
0.060000  0.740000   0.00487975224733389
0.100000  0.740000   0.00447805856608072
0.140000  0.740000   0.00501055558992143
0.180000  0.740000   0.00547432310753425
0.220000  0.740000   0.00555874418574793
0.260000  0.740000   0.00584719050169546
0.300000  0.740000   0.00591722740811835
0.340000  0.740000   0.00595324455162289
0.380000  0.740000   0.00597193542514716
0.420000  0.740000   0.00609709036511465
0.460000  0.740000   0.00642320477170816
0.500000  0.740000   0.00775984025058396
0.540000  0.740000   0.00902221515014335
0.580000  0.740000   0.01181820791609962
0.620000  0.740000   0.01650016003000695
0.660000  0.740000   0.02514966405982554
-.500000  0.780000   0.04484152495845175
-.460000  0.780000   0.03630043560110064
-.420000  0.780000   0.03224580545252362
-.380000  0.780000   0.02838785860447773
-.340000  0.780000   0.02462170888936956
-.300000  0.780000   0.02102896503490241
-.260000  0.780000   0.01866344423893140
-.220000  0.780000   0.01538517660288387
-.180000  0.780000   0.01301445380902690
-.140000  0.780000   0.01044940034293174
-.100000  0.780000   0.00842382790193692
-.060000  0.780000   0.00656984547594408
-.020000  0.780000   0.00496872115286986
0.020000  0.780000   0.00368169912638624
0.060000  0.780000   0.00283886242451701
0.100000  0.780000   0.00253942477509682
0.140000  0.780000   0.00267209197628459
0.180000  0.780000   0.00223392789287371
0.220000  0.780000   0.00273107571407160
0.260000  0.780000   0.00293400290266181
0.300000  0.780000   0.00321325870352913
0.340000  0.780000   0.00368898246594968
0.380000  0.780000   0.00448835161558975
0.420000  0.780000   0.00560318195668244
0.460000  0.780000   0.00706948488187316
0.500000  0.780000   0.01008877012609232
0.540000  0.780000   0.01374341099502661
0.580000  0.780000   0.01931214007071974
0.620000  0.780000   0.03120065719603095
-.460000  0.820000   0.04843878215743447
-.420000  0.820000   0.04196536768853425
-.380000  0.820000   0.03472641464035268
-.340000  0.820000   0.03058014637361829
-.300000  0.820000   0.02655356409585292
-.260000  0.820000   0.02423634331348807
-.220000  0.820000   0.02032239776506771
-.180000  0.820000   0.01788197959371857
-.140000  0.820000   0.01447923253513593
-.100000  0.820000   0.01223238366650112
-.060000  0.820000   0.01011121649510726
-.020000  0.820000   0.00815760808810454
0.020000  0.820000   0.00639167369499077
0.060000  0.820000   0.00483898921015919
0.100000  0.820000   0.00351265636456833
0.140000  0.820000   0.00240882285560209
0.180000  0.820000   0.00240944685282975
0.220000  0.820000   0.00204035772748208
0.260000  0.820000   0.00334776251222016
0.300000  0.820000   0.00351928943273053
0.340000  0.820000   0.00520684701278122
0.380000  0.820000   0.00706299028981074
0.420000  0.820000   0.01052345478643408
0.460000  0.820000   0.01301992204856907
0.500000  0.820000   0.01743583426061053
0.540000  0.820000   0.02488260203942670
-.380000  0.860000   0.04547611909928146
-.340000  0.860000   0.04037117186992079
-.300000  0.860000   0.03572651051314873
-.260000  0.860000   0.03122617927917242
-.220000  0.860000   0.02689863263211941
-.180000  0.860000   0.02447083733960045
-.140000  0.860000   0.02048935778592885
-.100000  0.860000   0.01817589198144104
-.060000  0.860000   0.01597617310656428
-.020000  0.860000   0.01394852554715768
0.020000  0.860000   0.01212219375821679
0.060000  0.860000   0.01052459952742027
0.100000  0.860000   0.00918146952995642
0.140000  0.860000   0.00810727710979759
0.180000  0.860000   0.00859403509707700
0.220000  0.860000   0.00811441178850879
0.260000  0.860000   0.00936251580143728
0.300000  0.860000   0.01096614721612036
0.340000  0.860000   0.01291443343400882
0.380000  0.860000   0.01527494315756004
0.420000  0.860000   0.01951112170566179
0.460000  0.860000   0.02551117941587014
0.500000  0.860000   0.03586384653488774
-.340000  0.900000   0.05663624230218642
-.300000  0.900000   0.04708847378250858
-.260000  0.900000   0.04200188540482416
-.220000  0.900000   0.03720139282644164
-.180000  0.900000   0.03257847630191450
-.140000  0.900000   0.03020005639676375
-.100000  0.900000   0.02594655014551221
-.060000  0.900000   0.02374849867281828
-.020000  0.900000   0.02169910364598140
0.020000  0.900000   0.01985120873182856
0.060000  0.900000   0.01823708926236927
0.100000  0.900000   0.01690546128890466
0.140000  0.900000   0.01740191787803042
0.180000  0.900000   0.01667743435230017
0.220000  0.900000   0.01786527599461556
0.260000  0.900000   0.01943529836051110
0.300000  0.900000   0.02145414101537753
0.340000  0.900000   0.02536507333710534
0.380000  0.900000   0.03003241058244244
0.420000  0.900000   0.03891590599252723
-.260000  0.940000   0.06165671191476743
-.220000  0.940000   0.05243158454032137
-.180000  0.940000   0.04720294325089545
-.140000  0.940000   0.04232617370040791
-.100000  0.940000   0.03994297333852408
-.060000  0.940000   0.03550578016706533
-.020000  0.940000   0.03342331332406695
0.020000  0.940000   0.03156045678355492
0.060000  0.940000   0.02997419953896266
0.100000  0.940000   0.03048078052782458
0.140000  0.940000   0.02957993502234013
0.180000  0.940000   0.03077687069103211
0.220000  0.940000   0.03244465748449559
0.260000  0.940000   0.03603419839412448
0.300000  0.940000   0.04072522057941005
0.340000  0.940000   0.05742725748897563
-.140000  0.980000   0.06855421254729795
-.100000  0.980000   0.06138805644005645
-.060000  0.980000   0.05666215559050024
-.020000  0.980000   0.05260595245469552
0.020000  0.980000   0.05081828458744492
0.060000  0.980000   0.05106690695271725
0.100000  0.980000   0.05167260908363724
0.140000  0.980000   0.05311871092549553
0.180000  0.980000   0.05871572282467016
