-.140000  -.980000    0.0000401179316420
-.100000  -.980000    0.0000646210717959
-.060000  -.980000    0.0000801252963622
-.020000  -.980000    0.0000906993183514
0.020000  -.980000    0.0000996559405563
0.060000  -.980000    0.0001066136894723
0.100000  -.980000    0.0001094256652165
0.140000  -.980000    0.0001074829339525
0.180000  -.980000    0.0000980689672001
-.300000  -.940000    0.0000015605257276
-.260000  -.940000    0.0000423522418026
-.220000  -.940000    0.0000673470783165
-.180000  -.940000    0.0000877636800308
-.140000  -.940000    0.0001039985263728
-.100000  -.940000    0.0001193663172384
-.060000  -.940000    0.0001303967003158
-.020000  -.940000    0.0001410491318745
0.020000  -.940000    0.0001496160283038
0.060000  -.940000    0.0001562558309067
0.100000  -.940000    0.0001612307182377
0.140000  -.940000    0.0001639156175565
0.180000  -.940000    0.0001642096953329
0.220000  -.940000    0.0001617864830258
0.260000  -.940000    0.0001551315514275
0.300000  -.940000    0.0001435057451942
0.340000  -.940000    0.0001038989319914
-.380000  -.900000    0.0000054359975834
-.340000  -.900000    0.0000434228848609
-.300000  -.900000    0.0000693998925485
-.260000  -.900000    0.0000918327628245
-.220000  -.900000    0.0001104728954520
-.180000  -.900000    0.0001264867067759
-.140000  -.900000    0.0001423926418951
-.100000  -.900000    0.0001546329760432
-.060000  -.900000    0.0001667672722133
-.020000  -.900000    0.0001771261462888
0.020000  -.900000    0.0001858613272368
0.060000  -.900000    0.0001930779197965
0.100000  -.900000    0.0001988284477493
0.140000  -.900000    0.0002023419931745
0.180000  -.900000    0.0002049627426295
0.220000  -.900000    0.0002046148148183
0.260000  -.900000    0.0002021031812817
0.300000  -.900000    0.0001973281897331
0.340000  -.900000    0.0001875893726285
0.380000  -.900000    0.0001741424156173
0.420000  -.900000    0.0001483882590732
-.420000  -.860000    0.0000295761738494
-.380000  -.860000    0.0000594286814222
-.340000  -.860000    0.0000850974669621
-.300000  -.860000    0.0001066487810533
-.260000  -.860000    0.0001253342546683
-.220000  -.860000    0.0001419177372251
-.180000  -.860000    0.0001587293092087
-.140000  -.860000    0.0001720940073915
-.100000  -.860000    0.0001855028594866
-.060000  -.860000    0.0001972519304345
-.020000  -.860000    0.0002074832700816
0.020000  -.860000    0.0002163179631768
0.060000  -.860000    0.0002238475351295
0.100000  -.860000    0.0002301274740012
0.140000  -.860000    0.0002351762567512
0.180000  -.860000    0.0002372887181298
0.220000  -.860000    0.0002396555729778
0.260000  -.860000    0.0002383494396060
0.300000  -.860000    0.0002351236398639
0.340000  -.860000    0.0002299638083210
0.380000  -.860000    0.0002227012161128
0.420000  -.860000    0.0002095261307179
0.460000  -.860000    0.0001891848345746
0.500000  -.860000    0.0001541170876256
-.500000  -.820000    0.0000050126685590
-.460000  -.820000    0.0000403862754967
-.420000  -.820000    0.0000705480822787
-.380000  -.820000    0.0000927518930011
-.340000  -.820000    0.0001145181399450
-.300000  -.820000    0.0001338690706149
-.260000  -.820000    0.0001536820277677
-.220000  -.820000    0.0001694297506460
-.180000  -.820000    0.0001855506305034
-.140000  -.820000    0.0001987836945082
-.100000  -.820000    0.0002120031496819
-.060000  -.820000    0.0002237287175345
-.020000  -.820000    0.0002340800790626
0.020000  -.820000    0.0002431594082295
0.060000  -.820000    0.0002510485362810
0.100000  -.820000    0.0002578045567630
0.140000  -.820000    0.0002634558341295
0.180000  -.820000    0.0002658864467991
0.220000  -.820000    0.0002691384247762
0.260000  -.820000    0.0002683794046775
0.300000  -.820000    0.0002691928066857
0.340000  -.820000    0.0002653245681776
0.380000  -.820000    0.0002596376072519
0.420000  -.820000    0.0002478722168451
0.460000  -.820000    0.0002380531586021
0.500000  -.820000    0.0002212084566968
0.540000  -.820000    0.0001915503529467
-.540000  -.780000    0.0000116757866112
-.500000  -.780000    0.0000457174552145
-.460000  -.780000    0.0000725578431352
-.420000  -.780000    0.0000978447283832
-.380000  -.780000    0.0001201754644710
-.340000  -.780000    0.0001402597456203
-.300000  -.780000    0.0001585868092966
-.260000  -.780000    0.0001776864796341
-.220000  -.780000    0.0001931310882159
-.180000  -.780000    0.0002090368740151
-.140000  -.780000    0.0002223208064493
-.100000  -.780000    0.0002356072684800
-.060000  -.780000    0.0002475012454379
-.020000  -.780000    0.0002581042903771
0.020000  -.780000    0.0002675094987740
0.060000  -.780000    0.0002757942516630
0.100000  -.780000    0.0002830144009760
0.140000  -.780000    0.0002892050400349
0.180000  -.780000    0.0002920926129275
0.220000  -.780000    0.0002960464731305
0.260000  -.780000    0.0002958475141557
0.300000  -.780000    0.0002976098261324
0.340000  -.780000    0.0002945007110912
0.380000  -.780000    0.0002897065822795
0.420000  -.780000    0.0002832298583013
0.460000  -.780000    0.0002749911389362
0.500000  -.780000    0.0002597640637525
0.540000  -.780000    0.0002420482745214
0.580000  -.780000    0.0002160708126912
0.620000  -.780000    0.0001629915850712
-.580000  -.740000    0.0000124193448366
-.540000  -.740000    0.0000457468401033
-.500000  -.740000    0.0000757724672523
-.460000  -.740000    0.0000986260096747
-.420000  -.740000    0.0001217632181921
-.380000  -.740000    0.0001427518723865
-.340000  -.740000    0.0001620247577282
-.300000  -.740000    0.0001823167515974
-.260000  -.740000    0.0001987166555034
-.220000  -.740000    0.0002158028922895
-.180000  -.740000    0.0002300293519173
-.140000  -.740000    0.0002444441345019
-.100000  -.740000    0.0002574268800035
-.060000  -.740000    0.0002690883384160
-.020000  -.740000    0.0002800221605313
0.020000  -.740000    0.0002898036288602
0.060000  -.740000    0.0002985062679444
0.100000  -.740000    0.0003044927538995
0.140000  -.740000    0.0003108873857053
0.180000  -.740000    0.0003163713160293
0.220000  -.740000    0.0003179149258576
0.260000  -.740000    0.0003213842265358
0.300000  -.740000    0.0003200980505528
0.340000  -.740000    0.0003215465508914
0.380000  -.740000    0.0003175370200329
0.420000  -.740000    0.0003119291607615
0.460000  -.740000    0.0003047101973056
0.500000  -.740000    0.0002901781516061
0.540000  -.740000    0.0002793480571324
0.580000  -.740000    0.0002605329157627
0.620000  -.740000    0.0002331299987989
0.660000  -.740000    0.0001900433785124
-.620000  -.700000    0.0000095184596639
-.580000  -.700000    0.0000439760164014
-.540000  -.700000    0.0000720193778450
-.500000  -.700000    0.0000989508650573
-.460000  -.700000    0.0001230481997731
-.420000  -.700000    0.0001417341232662
-.380000  -.700000    0.0001649962648769
-.340000  -.700000    0.0001836265836598
-.300000  -.700000    0.0002010353088213
-.260000  -.700000    0.0002194236293224
-.220000  -.700000    0.0002345806300893
-.180000  -.700000    0.0002502113099557
-.140000  -.700000    0.0002635741857884
-.100000  -.700000    0.0002768757944963
-.060000  -.700000    0.0002888963059556
-.020000  -.700000    0.0002997331240795
0.020000  -.700000    0.0003094762846584
0.060000  -.700000    0.0003182087957522
0.100000  -.700000    0.0003259954088506
0.140000  -.700000    0.0003328813292260
0.180000  -.700000    0.0003362154728011
0.220000  -.700000    0.0003411293048435
0.260000  -.700000    0.0003415824759041
0.300000  -.700000    0.0003446472206800
0.340000  -.700000    0.0003424612508456
0.380000  -.700000    0.0003387387544299
0.420000  -.700000    0.0003388471388231
0.460000  -.700000    0.0003268312820033
0.500000  -.700000    0.0003186437610464
0.540000  -.700000    0.0003088921712054
0.580000  -.700000    0.0002909381978875
0.620000  -.700000    0.0002708566509976
0.660000  -.700000    0.0002418403058927
0.700000  -.700000    0.0001969009052913
-.660000  -.660000    0.0000028897128413
-.620000  -.660000    0.0000361275318218
-.580000  -.660000    0.0000678530240461
-.540000  -.660000    0.0000926120020224
-.500000  -.660000    0.0001177692235838
-.460000  -.660000    0.0001407722194508
-.420000  -.660000    0.0001620017592075
-.380000  -.660000    0.0001817489898353
-.340000  -.660000    0.0002002324958417
-.300000  -.660000    0.0002200182568578
-.260000  -.660000    0.0002361466275495
-.220000  -.660000    0.0002530975142543
-.180000  -.660000    0.0002673282732809
-.140000  -.660000    0.0002818339412554
-.100000  -.660000    0.0002949882397094
-.060000  -.660000    0.0003068925708807
-.020000  -.660000    0.0003176528843901
0.020000  -.660000    0.0003273671925655
0.060000  -.660000    0.0003361275086044
0.100000  -.660000    0.0003440034658908
0.140000  -.660000    0.0003510446603233
0.180000  -.660000    0.0003572849624455
0.220000  -.660000    0.0003595016730124
0.260000  -.660000    0.0003639556060029
0.300000  -.660000    0.0003635122074974
0.340000  -.660000    0.0003662449064258
0.380000  -.660000    0.0003633044667355
0.420000  -.660000    0.0003588832541288
0.460000  -.660000    0.0003530040221348
0.500000  -.660000    0.0003456680984872
0.540000  -.660000    0.0003368435601848
0.580000  -.660000    0.0003195867236332
0.620000  -.660000    0.0003073552477589
0.660000  -.660000    0.0002788865683737
0.700000  -.660000    0.0002482464010248
0.740000  -.660000    0.0002012517904539
-.660000  -.620000    0.0000272957499659
-.620000  -.620000    0.0000603646097213
-.580000  -.620000    0.0000864997732636
-.540000  -.620000    0.0001129049659575
-.500000  -.620000    0.0001370589905653
-.460000  -.620000    0.0001593365756151
-.420000  -.620000    0.0001800387347797
-.380000  -.620000    0.0001994017117609
-.340000  -.620000    0.0002176010249718
-.300000  -.620000    0.0002347702530361
-.260000  -.620000    0.0002531398796317
-.220000  -.620000    0.0002682764891076
-.180000  -.620000    0.0002840813460591
-.140000  -.620000    0.0002984656224499
-.100000  -.620000    0.0003115086119202
-.060000  -.620000    0.0003234984958628
-.020000  -.620000    0.0003347226068168
0.020000  -.620000    0.0003449047820872
0.060000  -.620000    0.0003541337448670
0.100000  -.620000    0.0003604584320891
0.140000  -.620000    0.0003676382259007
0.180000  -.620000    0.0003740808141026
0.220000  -.620000    0.0003798094463376
0.260000  -.620000    0.0003811070926752
0.300000  -.620000    0.0003852016251044
0.340000  -.620000    0.0003840113533124
0.380000  -.620000    0.0003813520572569
0.420000  -.620000    0.0003772793975695
0.460000  -.620000    0.0003718160044730
0.500000  -.620000    0.0003649635155202
0.540000  -.620000    0.0003567017845325
0.580000  -.620000    0.0003469964973294
0.620000  -.620000    0.0003283246225659
0.660000  -.620000    0.0003153030613888
0.700000  -.620000    0.0002850325809802
0.740000  -.620000    0.0002527847581523
0.780000  -.620000    0.0001821556721026
-.700000  -.580000    0.0000167607439932
-.660000  -.580000    0.0000496444714822
-.620000  -.580000    0.0000773920130588
-.580000  -.580000    0.0001051621684391
-.540000  -.580000    0.0001268242129453
-.500000  -.580000    0.0001503144026600
-.460000  -.580000    0.0001722502578018
-.420000  -.580000    0.0001928227949822
-.380000  -.580000    0.0002152809277505
-.340000  -.580000    0.0002332766618156
-.300000  -.580000    0.0002502909061272
-.260000  -.580000    0.0002685754635953
-.220000  -.580000    0.0002836149579305
-.180000  -.580000    0.0002993476840073
-.140000  -.580000    0.0003136523455516
-.100000  -.580000    0.0003263123597661
-.060000  -.580000    0.0003386308391039
-.020000  -.580000    0.0003498281218384
0.020000  -.580000    0.0003600109197092
0.060000  -.580000    0.0003692806574910
0.100000  -.580000    0.0003777182944552
0.140000  -.580000    0.0003828336256490
0.180000  -.580000    0.0003894637045097
0.220000  -.580000    0.0003954430837286
0.260000  -.580000    0.0003968626273734
0.300000  -.580000    0.0004013230401097
0.340000  -.580000    0.0004003681323427
0.380000  -.580000    0.0003980090223499
0.420000  -.580000    0.0004001057691511
0.460000  -.580000    0.0003954859272412
0.500000  -.580000    0.0003894908552427
0.540000  -.580000    0.0003821127323103
0.580000  -.580000    0.0003659548571067
0.620000  -.580000    0.0003553965894141
0.660000  -.580000    0.0003353775854636
0.700000  -.580000    0.0003133938046881
0.740000  -.580000    0.0002895429838747
0.780000  -.580000    0.0002477669909557
-.740000  -.540000    0.0000024605940431
-.700000  -.540000    0.0000359019726049
-.660000  -.540000    0.0000653640106714
-.620000  -.540000    0.0000945328809189
-.580000  -.540000    0.0001174587484869
-.540000  -.540000    0.0001421332784951
-.500000  -.540000    0.0001651929258107
-.460000  -.540000    0.0001868205637708
-.420000  -.540000    0.0002071709159565
-.380000  -.540000    0.0002295710503720
-.340000  -.540000    0.0002474261795359
-.300000  -.540000    0.0002643283344712
-.260000  -.540000    0.0002825999646174
-.220000  -.540000    0.0002975514616159
-.180000  -.540000    0.0003132619980923
-.140000  -.540000    0.0003266293964280
-.100000  -.540000    0.0003401499671934
-.060000  -.540000    0.0003524409923144
-.020000  -.540000    0.0003636204862865
0.020000  -.540000    0.0003738076825463
0.060000  -.540000    0.0003831157729542
0.100000  -.540000    0.0003916370364635
0.140000  -.540000    0.0003994489241035
0.180000  -.540000    0.0004035620308990
0.220000  -.540000    0.0004097825456568
0.260000  -.540000    0.0004113540124272
0.300000  -.540000    0.0004161625887174
0.340000  -.540000    0.0004154693235330
0.380000  -.540000    0.0004134299062707
0.420000  -.540000    0.0004160233916215
0.460000  -.540000    0.0004118124558697
0.500000  -.540000    0.0004062750241679
0.540000  -.540000    0.0003994005903967
0.580000  -.540000    0.0003911692914168
0.620000  -.540000    0.0003736508871667
0.660000  -.540000    0.0003622669189135
0.700000  -.540000    0.0003409368341534
0.740000  -.540000    0.0003176821884033
0.780000  -.540000    0.0002840331143861
0.820000  -.540000    0.0002326386573849
-.740000  -.500000    0.0000211840626579
-.700000  -.500000    0.0000534371151023
-.660000  -.500000    0.0000810599654019
-.620000  -.500000    0.0001092877052955
-.580000  -.500000    0.0001313182758421
-.540000  -.500000    0.0001555668033445
-.500000  -.500000    0.0001783328670667
-.460000  -.500000    0.0001997583213535
-.420000  -.500000    0.0002199647632242
-.380000  -.500000    0.0002423919369898
-.340000  -.500000    0.0002601574654003
-.300000  -.500000    0.0002769830094297
-.260000  -.500000    0.0002953098522900
-.220000  -.500000    0.0003101853392343
-.180000  -.500000    0.0003259224495630
-.140000  -.500000    0.0003392250153013
-.100000  -.500000    0.0003527479821752
-.060000  -.500000    0.0003650275655699
-.020000  -.500000    0.0003761959177222
0.020000  -.500000    0.0003863884594147
0.060000  -.500000    0.0003957349982409
0.100000  -.500000    0.0004043383606236
0.140000  -.500000    0.0004122856023853
0.180000  -.500000    0.0004164701120039
0.220000  -.500000    0.0004229305142635
0.260000  -.500000    0.0004246838361307
0.300000  -.500000    0.0004298374347756
0.340000  -.500000    0.0004294259781774
0.380000  -.500000    0.0004277243119235
0.420000  -.500000    0.0004307988844156
0.460000  -.500000    0.0004270024689645
0.500000  -.500000    0.0004219223830707
0.540000  -.500000    0.0004155435087788
0.580000  -.500000    0.0004078461743579
0.620000  -.500000    0.0003907574084553
0.660000  -.500000    0.0003799608879702
0.700000  -.500000    0.0003590718768069
0.740000  -.500000    0.0003362395108610
0.780000  -.500000    0.0003116318408591
0.820000  -.500000    0.0002765692281208
0.860000  -.500000    0.0001998141343884
-.780000  -.460000    0.0000030031643048
-.740000  -.460000    0.0000355720470493
-.700000  -.460000    0.0000682591550695
-.660000  -.460000    0.0000944379308434
-.620000  -.460000    0.0001219559772343
-.580000  -.460000    0.0001433444707496
-.540000  -.460000    0.0001672939455267
-.500000  -.460000    0.0001898660441762
-.460000  -.460000    0.0002111655741270
-.420000  -.460000    0.0002312947485600
-.380000  -.460000    0.0002538154771903
-.340000  -.460000    0.0002715392744469
-.300000  -.460000    0.0002883242203581
-.260000  -.460000    0.0003067731170367
-.220000  -.460000    0.0003215866775325
-.180000  -.460000    0.0003373994396003
-.140000  -.460000    0.0003506279558887
-.100000  -.460000    0.0003641796212886
-.060000  -.460000    0.0003764636003697
-.020000  -.460000    0.0003876259488380
0.020000  -.460000    0.0003978244915962
0.060000  -.460000    0.0004072077817800
0.100000  -.460000    0.0004158940267745
0.140000  -.460000    0.0004239809692078
0.180000  -.460000    0.0004282617010743
0.220000  -.460000    0.0004349703442905
0.260000  -.460000    0.0004369282116972
0.300000  -.460000    0.0004424361588832
0.340000  -.460000    0.0004423272995868
0.380000  -.460000    0.0004409783807166
0.420000  -.460000    0.0004445392199440
0.460000  -.460000    0.0004411657131121
0.500000  -.460000    0.0004365463775091
0.540000  -.460000    0.0004306621043253
0.580000  -.460000    0.0004234926820228
0.620000  -.460000    0.0004068466774247
0.660000  -.460000    0.0003966122546547
0.700000  -.460000    0.0003761790452759
0.740000  -.460000    0.0003628667724673
0.780000  -.460000    0.0003387995854492
0.820000  -.460000    0.0003036579644120
0.860000  -.460000    0.0002496232016323
-.780000  -.420000    0.0000172627705237
-.740000  -.420000    0.0000490505041445
-.700000  -.420000    0.0000769966140070
-.660000  -.420000    0.0001057637718165
-.620000  -.420000    0.0001327453945682
-.580000  -.420000    0.0001536896409336
-.540000  -.420000    0.0001774324273928
-.500000  -.420000    0.0001998819432633
-.460000  -.420000    0.0002211198016758
-.420000  -.420000    0.0002412209037430
-.380000  -.420000    0.0002638799956123
-.340000  -.420000    0.0002816066187605
-.300000  -.420000    0.0002983901262134
-.260000  -.420000    0.0003170238847651
-.220000  -.420000    0.0003317944098184
-.180000  -.420000    0.0003477400434000
-.140000  -.420000    0.0003608903076145
-.100000  -.420000    0.0003745013976227
-.060000  -.420000    0.0003868061552841
-.020000  -.420000    0.0003979666949847
0.020000  -.420000    0.0004081699661301
0.060000  -.420000    0.0004175881945380
0.100000  -.420000    0.0004263628801332
0.140000  -.420000    0.0004345995931134
0.180000  -.420000    0.0004389966868597
0.220000  -.420000    0.0004459727188034
0.260000  -.420000    0.0004481579423975
0.300000  -.420000    0.0004540441856090
0.340000  -.420000    0.0004542542359904
0.380000  -.420000    0.0004532724916095
0.420000  -.420000    0.0004573437709914
0.460000  -.420000    0.0004544015647178
0.500000  -.420000    0.0004502477212415
0.540000  -.420000    0.0004448598802722
0.580000  -.420000    0.0004382177028013
0.620000  -.420000    0.0004220093893232
0.660000  -.420000    0.0004123356076844
0.700000  -.420000    0.0004013571627749
0.740000  -.420000    0.0003796192249677
0.780000  -.420000    0.0003559458174407
0.820000  -.420000    0.0003208838346776
0.860000  -.420000    0.0002845409091679
0.900000  -.420000    0.0002134778214733
-.780000  -.380000    0.0000298807417683
-.740000  -.380000    0.0000602571492965
-.700000  -.380000    0.0000909519921950
-.660000  -.380000    0.0001152441276298
-.620000  -.380000    0.0001418084977894
-.580000  -.380000    0.0001668661954748
-.540000  -.380000    0.0001905111483699
-.500000  -.380000    0.0002128284984663
-.460000  -.380000    0.0002338991090719
-.420000  -.380000    0.0002537983924998
-.380000  -.380000    0.0002726011151136
-.340000  -.380000    0.0002903769721246
-.300000  -.380000    0.0003071993773967
-.260000  -.380000    0.0003260752824571
-.220000  -.380000    0.0003408344004520
-.180000  -.380000    0.0003569731314554
-.140000  -.380000    0.0003700494770585
-.100000  -.380000    0.0003837567056221
-.060000  -.380000    0.0003961000971599
-.020000  -.380000    0.0004072645632205
0.020000  -.380000    0.0004174696884561
0.060000  -.380000    0.0004269238701780
0.100000  -.380000    0.0004357931930523
0.140000  -.380000    0.0004441977199816
0.180000  -.380000    0.0004487307050067
0.220000  -.380000    0.0004560056357026
0.260000  -.380000    0.0004584402808180
0.300000  -.380000    0.0004647444229649
0.340000  -.380000    0.0004652910358659
0.380000  -.380000    0.0004646887874532
0.420000  -.380000    0.0004629491090112
0.460000  -.380000    0.0004600567836956
0.500000  -.380000    0.0004559802644053
0.540000  -.380000    0.0004506856995004
0.580000  -.380000    0.0004441430751267
0.620000  -.380000    0.0004363260968863
0.660000  -.380000    0.0004272209816617
0.700000  -.380000    0.0004077051409342
0.740000  -.380000    0.0003955343561489
0.780000  -.380000    0.0003722675003357
0.820000  -.380000    0.0003471820594387
0.860000  -.380000    0.0003106210209039
0.900000  -.380000    0.0002546556159573
-.820000  -.340000    0.0000080004082626
-.780000  -.340000    0.0000403358143911
-.740000  -.340000    0.0000694156793917
-.700000  -.340000    0.0000993173222631
-.660000  -.340000    0.0001230485337554
-.620000  -.340000    0.0001492752282220
-.580000  -.340000    0.0001741373450012
-.540000  -.340000    0.0001976937951912
-.500000  -.340000    0.0002199999469581
-.460000  -.340000    0.0002411131739297
-.420000  -.340000    0.0002610897360650
-.380000  -.340000    0.0002799832437443
-.340000  -.340000    0.0002978506122051
-.300000  -.340000    0.0003183066699171
-.260000  -.340000    0.0003339209302134
-.220000  -.340000    0.0003487083473548
-.180000  -.340000    0.0003651087293126
-.140000  -.340000    0.0003781263015953
-.100000  -.340000    0.0003919730954242
-.060000  -.340000    0.0004043815010480
-.020000  -.340000    0.0004155544095346
0.020000  -.340000    0.0004257590532688
0.060000  -.340000    0.0004352486733479
0.100000  -.340000    0.0004442263190957
0.140000  -.340000    0.0004528299698639
0.180000  -.340000    0.0004575195201712
0.220000  -.340000    0.0004651425748991
0.260000  -.340000    0.0004678493942325
0.300000  -.340000    0.0004694265548536
0.340000  -.340000    0.0004755303656474
0.380000  -.340000    0.0004753193227070
0.420000  -.340000    0.0004740032988976
0.460000  -.340000    0.0004715625342785
0.500000  -.340000    0.0004679636997256
0.540000  -.340000    0.0004631717994877
0.580000  -.340000    0.0004571553315215
0.620000  -.340000    0.0004498896352152
0.660000  -.340000    0.0004413626725732
0.700000  -.340000    0.0004222747844004
0.740000  -.340000    0.0004106975428576
0.780000  -.340000    0.0003878451520949
0.820000  -.340000    0.0003631089588724
0.860000  -.340000    0.0003265420222283
0.900000  -.340000    0.0002792184653228
0.940000  -.340000    0.0001673508693128
-.820000  -.300000    0.0000174566817625
-.780000  -.300000    0.0000487295102918
-.740000  -.300000    0.0000804574723025
-.700000  -.300000    0.0001059634731381
-.660000  -.300000    0.0001337044190022
-.620000  -.300000    0.0001552682077592
-.580000  -.300000    0.0001799652633193
-.540000  -.300000    0.0002034528226881
-.500000  -.300000    0.0002257671269826
-.460000  -.300000    0.0002469418270680
-.420000  -.300000    0.0002670178161129
-.380000  -.300000    0.0002860305403998
-.340000  -.300000    0.0003081244520351
-.300000  -.300000    0.0003247989519460
-.260000  -.300000    0.0003405309724434
-.220000  -.300000    0.0003553982720186
-.180000  -.300000    0.0003721354485993
-.140000  -.300000    0.0003851244802277
-.100000  -.300000    0.0003991708159649
-.060000  -.300000    0.0004116784385432
-.020000  -.300000    0.0004228676156187
0.020000  -.300000    0.0004330657055277
0.060000  -.300000    0.0004425950129295
0.100000  -.300000    0.0004517034100049
0.140000  -.300000    0.0004605533966023
0.180000  -.300000    0.0004654236303917
0.220000  -.300000    0.0004734683259881
0.260000  -.300000    0.0004764732388319
0.300000  -.300000    0.0004783990560584
0.340000  -.300000    0.0004792916188930
0.380000  -.300000    0.0004852847378126
0.420000  -.300000    0.0004843988622847
0.460000  -.300000    0.0004824129374759
0.500000  -.300000    0.0004792951548867
0.540000  -.300000    0.0004750069616806
0.580000  -.300000    0.0004695198078840
0.620000  -.300000    0.0004628124579840
0.660000  -.300000    0.0004458861454872
0.700000  -.300000    0.0004361615231224
0.740000  -.300000    0.0004155024865024
0.780000  -.300000    0.0004027537290993
0.820000  -.300000    0.0003783883126419
0.860000  -.300000    0.0003418735396747
0.900000  -.300000    0.0003041229700343
0.940000  -.300000    0.0002382209610218
-.820000  -.260000    0.0000270062904311
-.780000  -.260000    0.0000583955106476
-.740000  -.260000    0.0000860912779262
-.700000  -.260000    0.0001154718265012
-.660000  -.260000    0.0001383852052554
-.620000  -.260000    0.0001644070759994
-.580000  -.260000    0.0001891677722009
-.540000  -.260000    0.0002127002830321
-.500000  -.260000    0.0002350377353851
-.460000  -.260000    0.0002562098122923
-.420000  -.260000    0.0002762535962729
-.380000  -.260000    0.0002952005959459
-.340000  -.260000    0.0003130872072318
-.300000  -.260000    0.0003299590886926
-.260000  -.260000    0.0003458655500644
-.220000  -.260000    0.0003643099845230
-.180000  -.260000    0.0003780139609321
-.140000  -.260000    0.0003934120056336
-.100000  -.260000    0.0004053514713268
-.060000  -.260000    0.0004180106021299
-.020000  -.260000    0.0004292279652469
0.020000  -.260000    0.0004394121644654
0.060000  -.260000    0.0004489888855070
0.100000  -.260000    0.0004582695970514
0.140000  -.260000    0.0004639737478829
0.180000  -.260000    0.0004725261961192
0.220000  -.260000    0.0004764367538589
0.260000  -.260000    0.0004844334675916
0.300000  -.260000    0.0004867317611855
0.340000  -.260000    0.0004880231674348
0.380000  -.260000    0.0004882956765709
0.420000  -.260000    0.0004875189798667
0.460000  -.260000    0.0004856533147625
0.500000  -.260000    0.0004826499705911
0.540000  -.260000    0.0004784735786101
0.580000  -.260000    0.0004730876888676
0.620000  -.260000    0.0004664632755763
0.660000  -.260000    0.0004585905177383
0.700000  -.260000    0.0004401331754757
0.740000  -.260000    0.0004291943358453
0.780000  -.260000    0.0004069281613495
0.820000  -.260000    0.0003826838063545
0.860000  -.260000    0.0003566452812404
0.900000  -.260000    0.0003187465381777
0.940000  -.260000    0.0002608068801435
-.860000  -.220000    0.0000009370159416
-.820000  -.220000    0.0000331508444311
-.780000  -.220000    0.0000632524697269
-.740000  -.220000    0.0000943155757875
-.700000  -.220000    0.0001189404262244
-.660000  -.220000    0.0001463788751612
-.620000  -.220000    0.0001675066148114
-.580000  -.220000    0.0001921208927136
-.540000  -.220000    0.0002156017346115
-.500000  -.220000    0.0002379666958991
-.460000  -.220000    0.0002592347010590
-.420000  -.220000    0.0002794258448408
-.380000  -.220000    0.0002985595867108
-.340000  -.220000    0.0003166609980853
-.300000  -.220000    0.0003337572065166
-.260000  -.220000    0.0003540339829802
-.220000  -.220000    0.0003688022446642
-.180000  -.220000    0.0003826768677016
-.140000  -.220000    0.0003985964043457
-.100000  -.220000    0.0004104976942736
-.060000  -.220000    0.0004233901355729
-.020000  -.220000    0.0004346560222680
0.020000  -.220000    0.0004448175333190
0.060000  -.220000    0.0004544578037405
0.100000  -.220000    0.0004639807531840
0.140000  -.220000    0.0004698621621540
0.180000  -.220000    0.0004789444335145
0.220000  -.220000    0.0004831926986567
0.260000  -.220000    0.0004864888812647
0.300000  -.220000    0.0004945893369482
0.340000  -.220000    0.0004962946727150
0.380000  -.220000    0.0004970025522711
0.420000  -.220000    0.0004966773046480
0.460000  -.220000    0.0004952738574397
0.500000  -.220000    0.0004927522514534
0.540000  -.220000    0.0004890653467647
0.580000  -.220000    0.0004841899296703
0.620000  -.220000    0.0004781298097163
0.660000  -.220000    0.0004617511538290
0.700000  -.220000    0.0004526768885326
0.740000  -.220000    0.0004326092918387
0.780000  -.220000    0.0004204767233333
0.820000  -.220000    0.0003966063558022
0.860000  -.220000    0.0003708975830837
0.900000  -.220000    0.0003329312124990
0.940000  -.220000    0.0002841180958693
-.860000  -.180000    0.0000067352612672
-.820000  -.180000    0.0000400589717026
-.780000  -.180000    0.0000700664055878
-.740000  -.180000    0.0000967614977453
-.700000  -.180000    0.0001256660000946
-.660000  -.180000    0.0001481531707239
-.620000  -.180000    0.0001740120886686
-.580000  -.180000    0.0001987194840048
-.540000  -.180000    0.0002222880359433
-.500000  -.180000    0.0002447363224785
-.460000  -.180000    0.0002660787191097
-.420000  -.180000    0.0002863358624549
-.380000  -.180000    0.0003055194732875
-.340000  -.180000    0.0003236492565174
-.300000  -.180000    0.0003407399717653
-.260000  -.180000    0.0003568090018304
-.220000  -.180000    0.0003718865724624
-.180000  -.180000    0.0003899175345128
-.140000  -.180000    0.0004025889109135
-.100000  -.180000    0.0004145526414889
-.060000  -.180000    0.0004278128610317
-.020000  -.180000    0.0004391713077416
0.020000  -.180000    0.0004492948227496
0.060000  -.180000    0.0004590346371880
0.100000  -.180000    0.0004689299396295
0.140000  -.180000    0.0004750581131655
0.180000  -.180000    0.0004801529923473
0.220000  -.180000    0.0004894973523504
0.260000  -.180000    0.0004932226829465
0.300000  -.180000    0.0004960208574443
0.340000  -.180000    0.0004978586159500
0.380000  -.180000    0.0004987347904216
0.420000  -.180000    0.0004985296264037
0.460000  -.180000    0.0004972331111372
0.500000  -.180000    0.0004948135810587
0.540000  -.180000    0.0004912718710008
0.580000  -.180000    0.0004865296521558
0.620000  -.180000    0.0004805100494532
0.660000  -.180000    0.0004732916887869
0.700000  -.180000    0.0004553385558154
0.740000  -.180000    0.0004450533553412
0.780000  -.180000    0.0004233135802931
0.820000  -.180000    0.0003995558331394
0.860000  -.180000    0.0003738886742270
0.900000  -.180000    0.0003466955960957
0.940000  -.180000    0.0002972712676646
0.980000  -.180000    0.0002043996366138
-.860000  -.140000    0.0000109236656617
-.820000  -.140000    0.0000428055866013
-.780000  -.140000    0.0000717766753323
-.740000  -.140000    0.0001021296618557
-.700000  -.140000    0.0001262727548744
-.660000  -.140000    0.0001534000509465
-.620000  -.140000    0.0001793633715074
-.580000  -.140000    0.0002041756823241
-.540000  -.140000    0.0002224378809065
-.500000  -.140000    0.0002448659086199
-.460000  -.140000    0.0002662611286488
-.420000  -.140000    0.0002866301210606
-.380000  -.140000    0.0003059863040523
-.340000  -.140000    0.0003243405367713
-.300000  -.140000    0.0003417003731229
-.260000  -.140000    0.0003630633781175
-.220000  -.140000    0.0003781383116951
-.180000  -.140000    0.0003921680460031
-.140000  -.140000    0.0004052045772560
-.100000  -.140000    0.0004205521866161
-.060000  -.140000    0.0004312456245917
-.020000  -.140000    0.0004427883957600
0.020000  -.140000    0.0004528519008305
0.060000  -.140000    0.0004627778305519
0.100000  -.140000    0.0004695337801688
0.140000  -.140000    0.0004797716943607
0.180000  -.140000    0.0004853171260454
0.220000  -.140000    0.0004900523624973
0.260000  -.140000    0.0004939695134953
0.300000  -.140000    0.0005030052665603
0.340000  -.140000    0.0005053822155748
0.380000  -.140000    0.0005066266534433
0.420000  -.140000    0.0005068198213419
0.460000  -.140000    0.0005060891997949
0.500000  -.140000    0.0005041968482035
0.540000  -.140000    0.0005009611704882
0.580000  -.140000    0.0004883211373423
0.620000  -.140000    0.0004824317417529
0.660000  -.140000    0.0004752298353594
0.700000  -.140000    0.0004668191536001
0.740000  -.140000    0.0004471968671458
0.780000  -.140000    0.0004357306309022
0.820000  -.140000    0.0004123081392114
0.860000  -.140000    0.0003869873377391
0.900000  -.140000    0.0003490521455719
0.940000  -.140000    0.0003101436383462
0.980000  -.140000    0.0002330477698009
-.860000  -.100000    0.0000146841905646
-.820000  -.100000    0.0000468424343034
-.780000  -.100000    0.0000757379293672
-.740000  -.100000    0.0001062289775738
-.700000  -.100000    0.0001301953679740
-.660000  -.100000    0.0001574178863782
-.620000  -.100000    0.0001834786757170
-.580000  -.100000    0.0002028424152014
-.540000  -.100000    0.0002263875652915
-.500000  -.100000    0.0002488914095672
-.460000  -.100000    0.0002703670027098
-.420000  -.100000    0.0002908239148178
-.380000  -.100000    0.0003102746587265
-.340000  -.100000    0.0003287285216589
-.300000  -.100000    0.0003461947979179
-.260000  -.100000    0.0003626763677079
-.220000  -.100000    0.0003781695069809
-.180000  -.100000    0.0003926686700608
-.140000  -.100000    0.0004108159346349
-.100000  -.100000    0.0004226577991143
-.060000  -.100000    0.0004335617013816
-.020000  -.100000    0.0004455303220171
0.020000  -.100000    0.0004554911832497
0.060000  -.100000    0.0004658296224474
0.100000  -.100000    0.0004729621393250
0.140000  -.100000    0.0004793649279860
0.180000  -.100000    0.0004904876700869
0.220000  -.100000    0.0004957430798333
0.260000  -.100000    0.0005000620230023
0.300000  -.100000    0.0005035169514397
0.340000  -.100000    0.0005060548196440
0.380000  -.100000    0.0005070982925026
0.420000  -.100000    0.0005078701833998
0.460000  -.100000    0.0005069301853104
0.500000  -.100000    0.0005048989002153
0.540000  -.100000    0.0005022994473457
0.580000  -.100000    0.0004979355944025
0.620000  -.100000    0.0004838457114795
0.660000  -.100000    0.0004766919378795
0.700000  -.100000    0.0004682989053400
0.740000  -.100000    0.0004488117878378
0.780000  -.100000    0.0004373295494835
0.820000  -.100000    0.0004139900743067
0.860000  -.100000    0.0003887092133349
0.900000  -.100000    0.0003617870294720
0.940000  -.100000    0.0003118256086167
0.980000  -.100000    0.0002436902467123
-.860000  -.060000    0.0000172762117602
-.820000  -.060000    0.0000495726735630
-.780000  -.060000    0.0000784108600322
-.740000  -.060000    0.0001043885807838
-.700000  -.060000    0.0001328457673456
-.660000  -.060000    0.0001601411583059
-.620000  -.060000    0.0001808285163698
-.580000  -.060000    0.0002054769100852
-.540000  -.060000    0.0002290809125202
-.500000  -.060000    0.0002516506689016
-.460000  -.060000    0.0002731972585643
-.420000  -.060000    0.0002937366072270
-.380000  -.060000    0.0003132814524319
-.340000  -.060000    0.0003318452010594
-.300000  -.060000    0.0003494401153662
-.260000  -.060000    0.0003660725724517
-.220000  -.060000    0.0003817412939662
-.180000  -.060000    0.0003964342864255
-.140000  -.060000    0.0004101236427707
-.100000  -.060000    0.0004227583379730
-.060000  -.060000    0.0004384079972271
-.020000  -.060000    0.0004474193176328
0.020000  -.060000    0.0004572040828597
0.060000  -.060000    0.0004644559789216
0.100000  -.060000    0.0004765319947277
0.140000  -.060000    0.0004836752510739
0.180000  -.060000    0.0004900310782854
0.220000  -.060000    0.0004955751255888
0.260000  -.060000    0.0005000550800440
0.300000  -.060000    0.0005039044676399
0.340000  -.060000    0.0005060002057196
0.380000  -.060000    0.0005081877789657
0.420000  -.060000    0.0005085437563313
0.460000  -.060000    0.0005076207793052
0.500000  -.060000    0.0005062267031898
0.540000  -.060000    0.0005024837810430
0.580000  -.060000    0.0004989551011987
0.620000  -.060000    0.0004933611160768
0.660000  -.060000    0.0004776796257810
0.700000  -.060000    0.0004692862905890
0.740000  -.060000    0.0004596834942922
0.780000  -.060000    0.0004384003706245
0.820000  -.060000    0.0004151193480317
0.860000  -.060000    0.0003898671495743
0.900000  -.060000    0.0003629230436733
0.940000  -.060000    0.0003238206894650
0.980000  -.060000    0.0002544390626482
-.860000  -.020000    0.0000185960754887
-.820000  -.020000    0.0000509499457133
-.780000  -.020000    0.0000797574828356
-.740000  -.020000    0.0001056874358001
-.700000  -.020000    0.0001341823192287
-.660000  -.020000    0.0001615174714996
-.620000  -.020000    0.0001821307680994
-.580000  -.020000    0.0002068102949401
-.540000  -.020000    0.0002304473937283
-.500000  -.020000    0.0002530558458712
-.460000  -.020000    0.0002746442080249
-.420000  -.020000    0.0002952329706298
-.380000  -.020000    0.0003148369650665
-.340000  -.020000    0.0003334745632155
-.300000  -.020000    0.0003511591354409
-.260000  -.020000    0.0003679043051753
-.220000  -.020000    0.0003837222649381
-.180000  -.020000    0.0003986201446695
-.140000  -.020000    0.0004125961668932
-.100000  -.020000    0.0004256349613868
-.060000  -.020000    0.0004376593162316
-.020000  -.020000    0.0004482484107819
0.020000  -.020000    0.0004582036037700
0.060000  -.020000    0.0004670092125114
0.100000  -.020000    0.0004754205229330
0.140000  -.020000    0.0004830065567613
0.180000  -.020000    0.0004896621437649
0.220000  -.020000    0.0004954162214676
0.260000  -.020000    0.0005000218841678
0.300000  -.020000    0.0005040677034581
0.340000  -.020000    0.0005058968240720
0.380000  -.020000    0.0005092449066236
0.420000  -.020000    0.0005070721027352
0.460000  -.020000    0.0005083988452013
0.500000  -.020000    0.0005067055412807
0.540000  -.020000    0.0005029866258190
0.580000  -.020000    0.0004993494944557
0.620000  -.020000    0.0004937786619718
0.660000  -.020000    0.0004781735917705
0.700000  -.020000    0.0004697794582034
0.740000  -.020000    0.0004601787190020
0.780000  -.020000    0.0004389374398089
0.820000  -.020000    0.0004156871011375
0.860000  -.020000    0.0003904494462643
0.900000  -.020000    0.0003634950757650
0.940000  -.020000    0.0003243685264209
0.980000  -.020000    0.0002651058878941
-.860000  0.020000    0.0000185960754887
-.820000  0.020000    0.0000509499457133
-.780000  0.020000    0.0000797574828356
-.740000  0.020000    0.0001056874358001
-.700000  0.020000    0.0001341823192287
-.660000  0.020000    0.0001615174714996
-.620000  0.020000    0.0001821307680994
-.580000  0.020000    0.0002068102949401
-.540000  0.020000    0.0002304473937283
-.500000  0.020000    0.0002530558458712
-.460000  0.020000    0.0002746442080249
-.420000  0.020000    0.0002952329706298
-.380000  0.020000    0.0003148369650665
-.340000  0.020000    0.0003334745632155
-.300000  0.020000    0.0003511591354409
-.260000  0.020000    0.0003679043051753
-.220000  0.020000    0.0003837222649381
-.180000  0.020000    0.0003986201446695
-.140000  0.020000    0.0004125961668932
-.100000  0.020000    0.0004256349613868
-.060000  0.020000    0.0004376593162316
-.020000  0.020000    0.0004482484107819
0.020000  0.020000    0.0004582036037700
0.060000  0.020000    0.0004670092125114
0.100000  0.020000    0.0004754205229330
0.140000  0.020000    0.0004830065567613
0.180000  0.020000    0.0004896621437649
0.220000  0.020000    0.0004954162214676
0.260000  0.020000    0.0005000218841678
0.300000  0.020000    0.0005040677034581
0.340000  0.020000    0.0005058968240720
0.380000  0.020000    0.0005092449066236
0.420000  0.020000    0.0005070721027352
0.460000  0.020000    0.0005083988452013
0.500000  0.020000    0.0005067055412807
0.540000  0.020000    0.0005029866258190
0.580000  0.020000    0.0004993494944557
0.620000  0.020000    0.0004937786619718
0.660000  0.020000    0.0004781735917705
0.700000  0.020000    0.0004697794582034
0.740000  0.020000    0.0004601787190020
0.780000  0.020000    0.0004389374398089
0.820000  0.020000    0.0004156871011375
0.860000  0.020000    0.0003904494462643
0.900000  0.020000    0.0003634950757650
0.940000  0.020000    0.0003243685264209
0.980000  0.020000    0.0002651058878941
-.860000  0.060000    0.0000172762117602
-.820000  0.060000    0.0000495726735630
-.780000  0.060000    0.0000784108600322
-.740000  0.060000    0.0001043885807838
-.700000  0.060000    0.0001328457673456
-.660000  0.060000    0.0001601411583059
-.620000  0.060000    0.0001808285163698
-.580000  0.060000    0.0002054769100852
-.540000  0.060000    0.0002290809125202
-.500000  0.060000    0.0002516506689016
-.460000  0.060000    0.0002731972585643
-.420000  0.060000    0.0002937366072270
-.380000  0.060000    0.0003132814524319
-.340000  0.060000    0.0003318452010594
-.300000  0.060000    0.0003494401153662
-.260000  0.060000    0.0003660725724517
-.220000  0.060000    0.0003817412939662
-.180000  0.060000    0.0003964342864255
-.140000  0.060000    0.0004101236427707
-.100000  0.060000    0.0004227583379730
-.060000  0.060000    0.0004384079972271
-.020000  0.060000    0.0004474193176328
0.020000  0.060000    0.0004572040828597
0.060000  0.060000    0.0004644559789216
0.100000  0.060000    0.0004765319947277
0.140000  0.060000    0.0004836752510739
0.180000  0.060000    0.0004900310782854
0.220000  0.060000    0.0004955751255888
0.260000  0.060000    0.0005000550800440
0.300000  0.060000    0.0005039044676399
0.340000  0.060000    0.0005060002057196
0.380000  0.060000    0.0005081877789657
0.420000  0.060000    0.0005085437563313
0.460000  0.060000    0.0005076207793052
0.500000  0.060000    0.0005062267031898
0.540000  0.060000    0.0005024837810430
0.580000  0.060000    0.0004989551011987
0.620000  0.060000    0.0004933611160768
0.660000  0.060000    0.0004776796257810
0.700000  0.060000    0.0004692862905890
0.740000  0.060000    0.0004596834942922
0.780000  0.060000    0.0004384003706245
0.820000  0.060000    0.0004151193480317
0.860000  0.060000    0.0003898671495743
0.900000  0.060000    0.0003629230436733
0.940000  0.060000    0.0003238206894650
0.980000  0.060000    0.0002544390626482
-.860000  0.100000    0.0000146841905646
-.820000  0.100000    0.0000468424343034
-.780000  0.100000    0.0000757379293672
-.740000  0.100000    0.0001062289775738
-.700000  0.100000    0.0001301953679740
-.660000  0.100000    0.0001574178863782
-.620000  0.100000    0.0001834786757170
-.580000  0.100000    0.0002028424152014
-.540000  0.100000    0.0002263875652915
-.500000  0.100000    0.0002488914095672
-.460000  0.100000    0.0002703670027098
-.420000  0.100000    0.0002908239148178
-.380000  0.100000    0.0003102746587265
-.340000  0.100000    0.0003287285216589
-.300000  0.100000    0.0003461947979179
-.260000  0.100000    0.0003626763677079
-.220000  0.100000    0.0003781695069809
-.180000  0.100000    0.0003926686700608
-.140000  0.100000    0.0004108159346349
-.100000  0.100000    0.0004226577991143
-.060000  0.100000    0.0004335617013816
-.020000  0.100000    0.0004455303220171
0.020000  0.100000    0.0004554911832497
0.060000  0.100000    0.0004658296224474
0.100000  0.100000    0.0004729621393250
0.140000  0.100000    0.0004793649279860
0.180000  0.100000    0.0004904876700869
0.220000  0.100000    0.0004957430798333
0.260000  0.100000    0.0005000620230023
0.300000  0.100000    0.0005035169514397
0.340000  0.100000    0.0005060548196440
0.380000  0.100000    0.0005070982925026
0.420000  0.100000    0.0005078701833998
0.460000  0.100000    0.0005069301853104
0.500000  0.100000    0.0005048989002153
0.540000  0.100000    0.0005022994473457
0.580000  0.100000    0.0004979355944025
0.620000  0.100000    0.0004838457114795
0.660000  0.100000    0.0004766919378795
0.700000  0.100000    0.0004682989053400
0.740000  0.100000    0.0004488117878378
0.780000  0.100000    0.0004373295494835
0.820000  0.100000    0.0004139900743067
0.860000  0.100000    0.0003887092133349
0.900000  0.100000    0.0003617870294720
0.940000  0.100000    0.0003118256086167
0.980000  0.100000    0.0002436902467123
-.860000  0.140000    0.0000109236656617
-.820000  0.140000    0.0000428055866013
-.780000  0.140000    0.0000717766753323
-.740000  0.140000    0.0001021296618557
-.700000  0.140000    0.0001262727548744
-.660000  0.140000    0.0001534000509465
-.620000  0.140000    0.0001793633715074
-.580000  0.140000    0.0002041756823241
-.540000  0.140000    0.0002224378809065
-.500000  0.140000    0.0002448659086199
-.460000  0.140000    0.0002662611286488
-.420000  0.140000    0.0002866301210606
-.380000  0.140000    0.0003059863040523
-.340000  0.140000    0.0003243405367713
-.300000  0.140000    0.0003417003731229
-.260000  0.140000    0.0003630633781175
-.220000  0.140000    0.0003781383116951
-.180000  0.140000    0.0003921680460031
-.140000  0.140000    0.0004052045772560
-.100000  0.140000    0.0004205521866161
-.060000  0.140000    0.0004312456245917
-.020000  0.140000    0.0004427883957600
0.020000  0.140000    0.0004528519008305
0.060000  0.140000    0.0004627778305519
0.100000  0.140000    0.0004695337801688
0.140000  0.140000    0.0004797716943607
0.180000  0.140000    0.0004853171260454
0.220000  0.140000    0.0004900523624973
0.260000  0.140000    0.0004939695134953
0.300000  0.140000    0.0005030052665603
0.340000  0.140000    0.0005053822155748
0.380000  0.140000    0.0005066266534433
0.420000  0.140000    0.0005068198213419
0.460000  0.140000    0.0005060891997949
0.500000  0.140000    0.0005041968482035
0.540000  0.140000    0.0005009611704882
0.580000  0.140000    0.0004883211373423
0.620000  0.140000    0.0004824317417529
0.660000  0.140000    0.0004752298353594
0.700000  0.140000    0.0004668191536001
0.740000  0.140000    0.0004471968671458
0.780000  0.140000    0.0004357306309022
0.820000  0.140000    0.0004123081392114
0.860000  0.140000    0.0003869873377391
0.900000  0.140000    0.0003490521455719
0.940000  0.140000    0.0003101436383462
0.980000  0.140000    0.0002330477698009
-.860000  0.180000    0.0000067352612672
-.820000  0.180000    0.0000400589717026
-.780000  0.180000    0.0000700664055878
-.740000  0.180000    0.0000967614977453
-.700000  0.180000    0.0001256660000946
-.660000  0.180000    0.0001481531707239
-.620000  0.180000    0.0001740120886686
-.580000  0.180000    0.0001987194840048
-.540000  0.180000    0.0002222880359433
-.500000  0.180000    0.0002447363224785
-.460000  0.180000    0.0002660787191097
-.420000  0.180000    0.0002863358624549
-.380000  0.180000    0.0003055194732875
-.340000  0.180000    0.0003236492565174
-.300000  0.180000    0.0003407399717653
-.260000  0.180000    0.0003568090018304
-.220000  0.180000    0.0003718865724624
-.180000  0.180000    0.0003899175345128
-.140000  0.180000    0.0004025889109135
-.100000  0.180000    0.0004145526414889
-.060000  0.180000    0.0004278128610317
-.020000  0.180000    0.0004391713077416
0.020000  0.180000    0.0004492948227496
0.060000  0.180000    0.0004590346371880
0.100000  0.180000    0.0004689299396295
0.140000  0.180000    0.0004750581131655
0.180000  0.180000    0.0004801529923473
0.220000  0.180000    0.0004894973523504
0.260000  0.180000    0.0004932226829465
0.300000  0.180000    0.0004960208574443
0.340000  0.180000    0.0004978586159500
0.380000  0.180000    0.0004987347904216
0.420000  0.180000    0.0004985296264037
0.460000  0.180000    0.0004972331111372
0.500000  0.180000    0.0004948135810587
0.540000  0.180000    0.0004912718710008
0.580000  0.180000    0.0004865296521558
0.620000  0.180000    0.0004805100494532
0.660000  0.180000    0.0004732916887869
0.700000  0.180000    0.0004553385558154
0.740000  0.180000    0.0004450533553412
0.780000  0.180000    0.0004233135802931
0.820000  0.180000    0.0003995558331394
0.860000  0.180000    0.0003738886742270
0.900000  0.180000    0.0003466955960957
0.940000  0.180000    0.0002972712676646
0.980000  0.180000    0.0002043996366138
-.860000  0.220000    0.0000009370159416
-.820000  0.220000    0.0000331508444311
-.780000  0.220000    0.0000632524697269
-.740000  0.220000    0.0000943155757875
-.700000  0.220000    0.0001189404262244
-.660000  0.220000    0.0001463788751612
-.620000  0.220000    0.0001675066148114
-.580000  0.220000    0.0001921208927136
-.540000  0.220000    0.0002156017346115
-.500000  0.220000    0.0002379666958991
-.460000  0.220000    0.0002592347010590
-.420000  0.220000    0.0002794258448408
-.380000  0.220000    0.0002985595867108
-.340000  0.220000    0.0003166609980853
-.300000  0.220000    0.0003337572065166
-.260000  0.220000    0.0003540339829802
-.220000  0.220000    0.0003688022446642
-.180000  0.220000    0.0003826768677016
-.140000  0.220000    0.0003985964043457
-.100000  0.220000    0.0004104976942736
-.060000  0.220000    0.0004233901355729
-.020000  0.220000    0.0004346560222680
0.020000  0.220000    0.0004448175333190
0.060000  0.220000    0.0004544578037405
0.100000  0.220000    0.0004639807531840
0.140000  0.220000    0.0004698621621540
0.180000  0.220000    0.0004789444335145
0.220000  0.220000    0.0004831926986567
0.260000  0.220000    0.0004864888812647
0.300000  0.220000    0.0004945893369482
0.340000  0.220000    0.0004962946727150
0.380000  0.220000    0.0004970025522711
0.420000  0.220000    0.0004966773046480
0.460000  0.220000    0.0004952738574397
0.500000  0.220000    0.0004927522514534
0.540000  0.220000    0.0004890653467647
0.580000  0.220000    0.0004841899296703
0.620000  0.220000    0.0004781298097163
0.660000  0.220000    0.0004617511538290
0.700000  0.220000    0.0004526768885326
0.740000  0.220000    0.0004326092918387
0.780000  0.220000    0.0004204767233333
0.820000  0.220000    0.0003966063558022
0.860000  0.220000    0.0003708975830837
0.900000  0.220000    0.0003329312124990
0.940000  0.220000    0.0002841180958693
-.820000  0.260000    0.0000270062904311
-.780000  0.260000    0.0000583955106476
-.740000  0.260000    0.0000860912779262
-.700000  0.260000    0.0001154718265012
-.660000  0.260000    0.0001383852052554
-.620000  0.260000    0.0001644070759994
-.580000  0.260000    0.0001891677722009
-.540000  0.260000    0.0002127002830321
-.500000  0.260000    0.0002350377353851
-.460000  0.260000    0.0002562098122923
-.420000  0.260000    0.0002762535962729
-.380000  0.260000    0.0002952005959459
-.340000  0.260000    0.0003130872072318
-.300000  0.260000    0.0003299590886926
-.260000  0.260000    0.0003458655500644
-.220000  0.260000    0.0003643099845230
-.180000  0.260000    0.0003780139609321
-.140000  0.260000    0.0003934120056336
-.100000  0.260000    0.0004053514713268
-.060000  0.260000    0.0004180106021299
-.020000  0.260000    0.0004292279652469
0.020000  0.260000    0.0004394121644654
0.060000  0.260000    0.0004489888855070
0.100000  0.260000    0.0004582695970514
0.140000  0.260000    0.0004639737478829
0.180000  0.260000    0.0004725261961192
0.220000  0.260000    0.0004764367538589
0.260000  0.260000    0.0004844334675916
0.300000  0.260000    0.0004867317611855
0.340000  0.260000    0.0004880231674348
0.380000  0.260000    0.0004882956765709
0.420000  0.260000    0.0004875189798667
0.460000  0.260000    0.0004856533147625
0.500000  0.260000    0.0004826499705911
0.540000  0.260000    0.0004784735786101
0.580000  0.260000    0.0004730876888676
0.620000  0.260000    0.0004664632755763
0.660000  0.260000    0.0004585905177383
0.700000  0.260000    0.0004401331754757
0.740000  0.260000    0.0004291943358453
0.780000  0.260000    0.0004069281613495
0.820000  0.260000    0.0003826838063545
0.860000  0.260000    0.0003566452812404
0.900000  0.260000    0.0003187465381777
0.940000  0.260000    0.0002608068801435
-.820000  0.300000    0.0000174566817625
-.780000  0.300000    0.0000487295102918
-.740000  0.300000    0.0000804574723025
-.700000  0.300000    0.0001059634731381
-.660000  0.300000    0.0001337044190022
-.620000  0.300000    0.0001552682077592
-.580000  0.300000    0.0001799652633193
-.540000  0.300000    0.0002034528226881
-.500000  0.300000    0.0002257671269826
-.460000  0.300000    0.0002469418270680
-.420000  0.300000    0.0002670178161129
-.380000  0.300000    0.0002860305403998
-.340000  0.300000    0.0003081244520351
-.300000  0.300000    0.0003247989519460
-.260000  0.300000    0.0003405309724434
-.220000  0.300000    0.0003553982720186
-.180000  0.300000    0.0003721354485993
-.140000  0.300000    0.0003851244802277
-.100000  0.300000    0.0003991708159649
-.060000  0.300000    0.0004116784385432
-.020000  0.300000    0.0004228676156187
0.020000  0.300000    0.0004330657055277
0.060000  0.300000    0.0004425950129295
0.100000  0.300000    0.0004517034100049
0.140000  0.300000    0.0004605533966023
0.180000  0.300000    0.0004654236303917
0.220000  0.300000    0.0004734683259881
0.260000  0.300000    0.0004764732388319
0.300000  0.300000    0.0004783990560584
0.340000  0.300000    0.0004792916188930
0.380000  0.300000    0.0004852847378126
0.420000  0.300000    0.0004843988622847
0.460000  0.300000    0.0004824129374759
0.500000  0.300000    0.0004792951548867
0.540000  0.300000    0.0004750069616806
0.580000  0.300000    0.0004695198078840
0.620000  0.300000    0.0004628124579840
0.660000  0.300000    0.0004458861454872
0.700000  0.300000    0.0004361615231224
0.740000  0.300000    0.0004155024865024
0.780000  0.300000    0.0004027537290993
0.820000  0.300000    0.0003783883126419
0.860000  0.300000    0.0003418735396747
0.900000  0.300000    0.0003041229700343
0.940000  0.300000    0.0002382209610218
-.820000  0.340000    0.0000080004082626
-.780000  0.340000    0.0000403358143911
-.740000  0.340000    0.0000694156793917
-.700000  0.340000    0.0000993173222631
-.660000  0.340000    0.0001230485337554
-.620000  0.340000    0.0001492752282220
-.580000  0.340000    0.0001741373450012
-.540000  0.340000    0.0001976937951912
-.500000  0.340000    0.0002199999469581
-.460000  0.340000    0.0002411131739297
-.420000  0.340000    0.0002610897360650
-.380000  0.340000    0.0002799832437443
-.340000  0.340000    0.0002978506122051
-.300000  0.340000    0.0003183066699171
-.260000  0.340000    0.0003339209302134
-.220000  0.340000    0.0003487083473548
-.180000  0.340000    0.0003651087293126
-.140000  0.340000    0.0003781263015953
-.100000  0.340000    0.0003919730954242
-.060000  0.340000    0.0004043815010480
-.020000  0.340000    0.0004155544095346
0.020000  0.340000    0.0004257590532688
0.060000  0.340000    0.0004352486733479
0.100000  0.340000    0.0004442263190957
0.140000  0.340000    0.0004528299698639
0.180000  0.340000    0.0004575195201712
0.220000  0.340000    0.0004651425748991
0.260000  0.340000    0.0004678493942325
0.300000  0.340000    0.0004694265548536
0.340000  0.340000    0.0004755303656474
0.380000  0.340000    0.0004753193227070
0.420000  0.340000    0.0004740032988976
0.460000  0.340000    0.0004715625342785
0.500000  0.340000    0.0004679636997256
0.540000  0.340000    0.0004631717994877
0.580000  0.340000    0.0004571553315215
0.620000  0.340000    0.0004498896352152
0.660000  0.340000    0.0004413626725732
0.700000  0.340000    0.0004222747844004
0.740000  0.340000    0.0004106975428576
0.780000  0.340000    0.0003878451520949
0.820000  0.340000    0.0003631089588724
0.860000  0.340000    0.0003265420222283
0.900000  0.340000    0.0002792184653228
0.940000  0.340000    0.0001673508693128
-.780000  0.380000    0.0000298807417683
-.740000  0.380000    0.0000602571492965
-.700000  0.380000    0.0000909519921950
-.660000  0.380000    0.0001152441276298
-.620000  0.380000    0.0001418084977894
-.580000  0.380000    0.0001668661954748
-.540000  0.380000    0.0001905111483699
-.500000  0.380000    0.0002128284984663
-.460000  0.380000    0.0002338991090719
-.420000  0.380000    0.0002537983924998
-.380000  0.380000    0.0002726011151136
-.340000  0.380000    0.0002903769721246
-.300000  0.380000    0.0003071993773967
-.260000  0.380000    0.0003260752824571
-.220000  0.380000    0.0003408344004520
-.180000  0.380000    0.0003569731314554
-.140000  0.380000    0.0003700494770585
-.100000  0.380000    0.0003837567056221
-.060000  0.380000    0.0003961000971599
-.020000  0.380000    0.0004072645632205
0.020000  0.380000    0.0004174696884561
0.060000  0.380000    0.0004269238701780
0.100000  0.380000    0.0004357931930523
0.140000  0.380000    0.0004441977199816
0.180000  0.380000    0.0004487307050067
0.220000  0.380000    0.0004560056357026
0.260000  0.380000    0.0004584402808180
0.300000  0.380000    0.0004647444229649
0.340000  0.380000    0.0004652910358659
0.380000  0.380000    0.0004646887874532
0.420000  0.380000    0.0004629491090112
0.460000  0.380000    0.0004600567836956
0.500000  0.380000    0.0004559802644053
0.540000  0.380000    0.0004506856995004
0.580000  0.380000    0.0004441430751267
0.620000  0.380000    0.0004363260968863
0.660000  0.380000    0.0004272209816617
0.700000  0.380000    0.0004077051409342
0.740000  0.380000    0.0003955343561489
0.780000  0.380000    0.0003722675003357
0.820000  0.380000    0.0003471820594387
0.860000  0.380000    0.0003106210209039
0.900000  0.380000    0.0002546556159573
-.780000  0.420000    0.0000172627705237
-.740000  0.420000    0.0000490505041445
-.700000  0.420000    0.0000769966140070
-.660000  0.420000    0.0001057637718165
-.620000  0.420000    0.0001327453945682
-.580000  0.420000    0.0001536896409336
-.540000  0.420000    0.0001774324273928
-.500000  0.420000    0.0001998819432633
-.460000  0.420000    0.0002211198016758
-.420000  0.420000    0.0002412209037430
-.380000  0.420000    0.0002638799956123
-.340000  0.420000    0.0002816066187605
-.300000  0.420000    0.0002983901262134
-.260000  0.420000    0.0003170238847651
-.220000  0.420000    0.0003317944098184
-.180000  0.420000    0.0003477400434000
-.140000  0.420000    0.0003608903076145
-.100000  0.420000    0.0003745013976227
-.060000  0.420000    0.0003868061552841
-.020000  0.420000    0.0003979666949847
0.020000  0.420000    0.0004081699661301
0.060000  0.420000    0.0004175881945380
0.100000  0.420000    0.0004263628801332
0.140000  0.420000    0.0004345995931134
0.180000  0.420000    0.0004389966868597
0.220000  0.420000    0.0004459727188034
0.260000  0.420000    0.0004481579423975
0.300000  0.420000    0.0004540441856090
0.340000  0.420000    0.0004542542359904
0.380000  0.420000    0.0004532724916095
0.420000  0.420000    0.0004573437709914
0.460000  0.420000    0.0004544015647178
0.500000  0.420000    0.0004502477212415
0.540000  0.420000    0.0004448598802722
0.580000  0.420000    0.0004382177028013
0.620000  0.420000    0.0004220093893232
0.660000  0.420000    0.0004123356076844
0.700000  0.420000    0.0004013571627749
0.740000  0.420000    0.0003796192249677
0.780000  0.420000    0.0003559458174407
0.820000  0.420000    0.0003208838346776
0.860000  0.420000    0.0002845409091679
0.900000  0.420000    0.0002134778214733
-.780000  0.460000    0.0000030031643048
-.740000  0.460000    0.0000355720470493
-.700000  0.460000    0.0000682591550695
-.660000  0.460000    0.0000944379308434
-.620000  0.460000    0.0001219559772343
-.580000  0.460000    0.0001433444707496
-.540000  0.460000    0.0001672939455267
-.500000  0.460000    0.0001898660441762
-.460000  0.460000    0.0002111655741270
-.420000  0.460000    0.0002312947485600
-.380000  0.460000    0.0002538154771903
-.340000  0.460000    0.0002715392744469
-.300000  0.460000    0.0002883242203581
-.260000  0.460000    0.0003067731170367
-.220000  0.460000    0.0003215866775325
-.180000  0.460000    0.0003373994396003
-.140000  0.460000    0.0003506279558887
-.100000  0.460000    0.0003641796212886
-.060000  0.460000    0.0003764636003697
-.020000  0.460000    0.0003876259488380
0.020000  0.460000    0.0003978244915962
0.060000  0.460000    0.0004072077817800
0.100000  0.460000    0.0004158940267745
0.140000  0.460000    0.0004239809692078
0.180000  0.460000    0.0004282617010743
0.220000  0.460000    0.0004349703442905
0.260000  0.460000    0.0004369282116972
0.300000  0.460000    0.0004424361588832
0.340000  0.460000    0.0004423272995868
0.380000  0.460000    0.0004409783807166
0.420000  0.460000    0.0004445392199440
0.460000  0.460000    0.0004411657131121
0.500000  0.460000    0.0004365463775091
0.540000  0.460000    0.0004306621043253
0.580000  0.460000    0.0004234926820228
0.620000  0.460000    0.0004068466774247
0.660000  0.460000    0.0003966122546547
0.700000  0.460000    0.0003761790452759
0.740000  0.460000    0.0003628667724673
0.780000  0.460000    0.0003387995854492
0.820000  0.460000    0.0003036579644120
0.860000  0.460000    0.0002496232016323
-.740000  0.500000    0.0000211840626579
-.700000  0.500000    0.0000534371151023
-.660000  0.500000    0.0000810599654019
-.620000  0.500000    0.0001092877052955
-.580000  0.500000    0.0001313182758421
-.540000  0.500000    0.0001555668033445
-.500000  0.500000    0.0001783328670667
-.460000  0.500000    0.0001997583213535
-.420000  0.500000    0.0002199647632242
-.380000  0.500000    0.0002423919369898
-.340000  0.500000    0.0002601574654003
-.300000  0.500000    0.0002769830094297
-.260000  0.500000    0.0002953098522900
-.220000  0.500000    0.0003101853392343
-.180000  0.500000    0.0003259224495630
-.140000  0.500000    0.0003392250153013
-.100000  0.500000    0.0003527479821752
-.060000  0.500000    0.0003650275655699
-.020000  0.500000    0.0003761959177222
0.020000  0.500000    0.0003863884594147
0.060000  0.500000    0.0003957349982409
0.100000  0.500000    0.0004043383606236
0.140000  0.500000    0.0004122856023853
0.180000  0.500000    0.0004164701120039
0.220000  0.500000    0.0004229305142635
0.260000  0.500000    0.0004246838361307
0.300000  0.500000    0.0004298374347756
0.340000  0.500000    0.0004294259781774
0.380000  0.500000    0.0004277243119235
0.420000  0.500000    0.0004307988844156
0.460000  0.500000    0.0004270024689645
0.500000  0.500000    0.0004219223830707
0.540000  0.500000    0.0004155435087788
0.580000  0.500000    0.0004078461743579
0.620000  0.500000    0.0003907574084553
0.660000  0.500000    0.0003799608879702
0.700000  0.500000    0.0003590718768069
0.740000  0.500000    0.0003362395108610
0.780000  0.500000    0.0003116318408591
0.820000  0.500000    0.0002765692281208
0.860000  0.500000    0.0001998141343884
-.740000  0.540000    0.0000024605940431
-.700000  0.540000    0.0000359019726049
-.660000  0.540000    0.0000653640106714
-.620000  0.540000    0.0000945328809189
-.580000  0.540000    0.0001174587484869
-.540000  0.540000    0.0001421332784951
-.500000  0.540000    0.0001651929258107
-.460000  0.540000    0.0001868205637708
-.420000  0.540000    0.0002071709159565
-.380000  0.540000    0.0002295710503720
-.340000  0.540000    0.0002474261795359
-.300000  0.540000    0.0002643283344712
-.260000  0.540000    0.0002825999646174
-.220000  0.540000    0.0002975514616159
-.180000  0.540000    0.0003132619980923
-.140000  0.540000    0.0003266293964280
-.100000  0.540000    0.0003401499671934
-.060000  0.540000    0.0003524409923144
-.020000  0.540000    0.0003636204862865
0.020000  0.540000    0.0003738076825463
0.060000  0.540000    0.0003831157729542
0.100000  0.540000    0.0003916370364635
0.140000  0.540000    0.0003994489241035
0.180000  0.540000    0.0004035620308990
0.220000  0.540000    0.0004097825456568
0.260000  0.540000    0.0004113540124272
0.300000  0.540000    0.0004161625887174
0.340000  0.540000    0.0004154693235330
0.380000  0.540000    0.0004134299062707
0.420000  0.540000    0.0004160233916215
0.460000  0.540000    0.0004118124558697
0.500000  0.540000    0.0004062750241679
0.540000  0.540000    0.0003994005903967
0.580000  0.540000    0.0003911692914168
0.620000  0.540000    0.0003736508871667
0.660000  0.540000    0.0003622669189135
0.700000  0.540000    0.0003409368341534
0.740000  0.540000    0.0003176821884033
0.780000  0.540000    0.0002840331143861
0.820000  0.540000    0.0002326386573849
-.700000  0.580000    0.0000167607439932
-.660000  0.580000    0.0000496444714822
-.620000  0.580000    0.0000773920130588
-.580000  0.580000    0.0001051621684391
-.540000  0.580000    0.0001268242129453
-.500000  0.580000    0.0001503144026600
-.460000  0.580000    0.0001722502578018
-.420000  0.580000    0.0001928227949822
-.380000  0.580000    0.0002152809277505
-.340000  0.580000    0.0002332766618156
-.300000  0.580000    0.0002502909061272
-.260000  0.580000    0.0002685754635953
-.220000  0.580000    0.0002836149579305
-.180000  0.580000    0.0002993476840073
-.140000  0.580000    0.0003136523455516
-.100000  0.580000    0.0003263123597661
-.060000  0.580000    0.0003386308391039
-.020000  0.580000    0.0003498281218384
0.020000  0.580000    0.0003600109197092
0.060000  0.580000    0.0003692806574910
0.100000  0.580000    0.0003777182944552
0.140000  0.580000    0.0003828336256490
0.180000  0.580000    0.0003894637045097
0.220000  0.580000    0.0003954430837286
0.260000  0.580000    0.0003968626273734
0.300000  0.580000    0.0004013230401097
0.340000  0.580000    0.0004003681323427
0.380000  0.580000    0.0003980090223499
0.420000  0.580000    0.0004001057691511
0.460000  0.580000    0.0003954859272412
0.500000  0.580000    0.0003894908552427
0.540000  0.580000    0.0003821127323103
0.580000  0.580000    0.0003659548571067
0.620000  0.580000    0.0003553965894141
0.660000  0.580000    0.0003353775854636
0.700000  0.580000    0.0003133938046881
0.740000  0.580000    0.0002895429838747
0.780000  0.580000    0.0002477669909557
-.660000  0.620000    0.0000272957499659
-.620000  0.620000    0.0000603646097213
-.580000  0.620000    0.0000864997732636
-.540000  0.620000    0.0001129049659575
-.500000  0.620000    0.0001370589905653
-.460000  0.620000    0.0001593365756151
-.420000  0.620000    0.0001800387347797
-.380000  0.620000    0.0001994017117609
-.340000  0.620000    0.0002176010249718
-.300000  0.620000    0.0002347702530361
-.260000  0.620000    0.0002531398796317
-.220000  0.620000    0.0002682764891076
-.180000  0.620000    0.0002840813460591
-.140000  0.620000    0.0002984656224499
-.100000  0.620000    0.0003115086119202
-.060000  0.620000    0.0003234984958628
-.020000  0.620000    0.0003347226068168
0.020000  0.620000    0.0003449047820872
0.060000  0.620000    0.0003541337448670
0.100000  0.620000    0.0003604584320891
0.140000  0.620000    0.0003676382259007
0.180000  0.620000    0.0003740808141026
0.220000  0.620000    0.0003798094463376
0.260000  0.620000    0.0003811070926752
0.300000  0.620000    0.0003852016251044
0.340000  0.620000    0.0003840113533124
0.380000  0.620000    0.0003813520572569
0.420000  0.620000    0.0003772793975695
0.460000  0.620000    0.0003718160044730
0.500000  0.620000    0.0003649635155202
0.540000  0.620000    0.0003567017845325
0.580000  0.620000    0.0003469964973294
0.620000  0.620000    0.0003283246225659
0.660000  0.620000    0.0003153030613888
0.700000  0.620000    0.0002850325809802
0.740000  0.620000    0.0002527847581523
0.780000  0.620000    0.0001821556721026
-.660000  0.660000    0.0000028897128413
-.620000  0.660000    0.0000361275318218
-.580000  0.660000    0.0000678530240461
-.540000  0.660000    0.0000926120020224
-.500000  0.660000    0.0001177692235838
-.460000  0.660000    0.0001407722194508
-.420000  0.660000    0.0001620017592075
-.380000  0.660000    0.0001817489898353
-.340000  0.660000    0.0002002324958417
-.300000  0.660000    0.0002200182568578
-.260000  0.660000    0.0002361466275495
-.220000  0.660000    0.0002530975142543
-.180000  0.660000    0.0002673282732809
-.140000  0.660000    0.0002818339412554
-.100000  0.660000    0.0002949882397094
-.060000  0.660000    0.0003068925708807
-.020000  0.660000    0.0003176528843901
0.020000  0.660000    0.0003273671925655
0.060000  0.660000    0.0003361275086044
0.100000  0.660000    0.0003440034658908
0.140000  0.660000    0.0003510446603233
0.180000  0.660000    0.0003572849624455
0.220000  0.660000    0.0003595016730124
0.260000  0.660000    0.0003639556060029
0.300000  0.660000    0.0003635122074974
0.340000  0.660000    0.0003662449064258
0.380000  0.660000    0.0003633044667355
0.420000  0.660000    0.0003588832541288
0.460000  0.660000    0.0003530040221348
0.500000  0.660000    0.0003456680984872
0.540000  0.660000    0.0003368435601848
0.580000  0.660000    0.0003195867236332
0.620000  0.660000    0.0003073552477589
0.660000  0.660000    0.0002788865683737
0.700000  0.660000    0.0002482464010248
0.740000  0.660000    0.0002012517904539
-.620000  0.700000    0.0000095184596639
-.580000  0.700000    0.0000439760164014
-.540000  0.700000    0.0000720193778450
-.500000  0.700000    0.0000989508650573
-.460000  0.700000    0.0001230481997731
-.420000  0.700000    0.0001417341232662
-.380000  0.700000    0.0001649962648769
-.340000  0.700000    0.0001836265836598
-.300000  0.700000    0.0002010353088213
-.260000  0.700000    0.0002194236293224
-.220000  0.700000    0.0002345806300893
-.180000  0.700000    0.0002502113099557
-.140000  0.700000    0.0002635741857884
-.100000  0.700000    0.0002768757944963
-.060000  0.700000    0.0002888963059556
-.020000  0.700000    0.0002997331240795
0.020000  0.700000    0.0003094762846584
0.060000  0.700000    0.0003182087957522
0.100000  0.700000    0.0003259954088506
0.140000  0.700000    0.0003328813292260
0.180000  0.700000    0.0003362154728011
0.220000  0.700000    0.0003411293048435
0.260000  0.700000    0.0003415824759041
0.300000  0.700000    0.0003446472206800
0.340000  0.700000    0.0003424612508456
0.380000  0.700000    0.0003387387544299
0.420000  0.700000    0.0003388471388231
0.460000  0.700000    0.0003268312820033
0.500000  0.700000    0.0003186437610464
0.540000  0.700000    0.0003088921712054
0.580000  0.700000    0.0002909381978875
0.620000  0.700000    0.0002708566509976
0.660000  0.700000    0.0002418403058927
0.700000  0.700000    0.0001969009052913
-.580000  0.740000    0.0000124193448366
-.540000  0.740000    0.0000457468401033
-.500000  0.740000    0.0000757724672523
-.460000  0.740000    0.0000986260096747
-.420000  0.740000    0.0001217632181921
-.380000  0.740000    0.0001427518723865
-.340000  0.740000    0.0001620247577282
-.300000  0.740000    0.0001823167515974
-.260000  0.740000    0.0001987166555034
-.220000  0.740000    0.0002158028922895
-.180000  0.740000    0.0002300293519173
-.140000  0.740000    0.0002444441345019
-.100000  0.740000    0.0002574268800035
-.060000  0.740000    0.0002690883384160
-.020000  0.740000    0.0002800221605313
0.020000  0.740000    0.0002898036288602
0.060000  0.740000    0.0002985062679444
0.100000  0.740000    0.0003044927538995
0.140000  0.740000    0.0003108873857053
0.180000  0.740000    0.0003163713160293
0.220000  0.740000    0.0003179149258576
0.260000  0.740000    0.0003213842265358
0.300000  0.740000    0.0003200980505528
0.340000  0.740000    0.0003215465508914
0.380000  0.740000    0.0003175370200329
0.420000  0.740000    0.0003119291607615
0.460000  0.740000    0.0003047101973056
0.500000  0.740000    0.0002901781516061
0.540000  0.740000    0.0002793480571324
0.580000  0.740000    0.0002605329157627
0.620000  0.740000    0.0002331299987989
0.660000  0.740000    0.0001900433785124
-.540000  0.780000    0.0000116757866112
-.500000  0.780000    0.0000457174552145
-.460000  0.780000    0.0000725578431352
-.420000  0.780000    0.0000978447283832
-.380000  0.780000    0.0001201754644710
-.340000  0.780000    0.0001402597456203
-.300000  0.780000    0.0001585868092966
-.260000  0.780000    0.0001776864796341
-.220000  0.780000    0.0001931310882159
-.180000  0.780000    0.0002090368740151
-.140000  0.780000    0.0002223208064493
-.100000  0.780000    0.0002356072684800
-.060000  0.780000    0.0002475012454379
-.020000  0.780000    0.0002581042903771
0.020000  0.780000    0.0002675094987740
0.060000  0.780000    0.0002757942516630
0.100000  0.780000    0.0002830144009760
0.140000  0.780000    0.0002892050400349
0.180000  0.780000    0.0002920926129275
0.220000  0.780000    0.0002960464731305
0.260000  0.780000    0.0002958475141557
0.300000  0.780000    0.0002976098261324
0.340000  0.780000    0.0002945007110912
0.380000  0.780000    0.0002897065822795
0.420000  0.780000    0.0002832298583013
0.460000  0.780000    0.0002749911389362
0.500000  0.780000    0.0002597640637525
0.540000  0.780000    0.0002420482745214
0.580000  0.780000    0.0002160708126912
0.620000  0.780000    0.0001629915850712
-.500000  0.820000    0.0000050126685590
-.460000  0.820000    0.0000403862754967
-.420000  0.820000    0.0000705480822787
-.380000  0.820000    0.0000927518930011
-.340000  0.820000    0.0001145181399450
-.300000  0.820000    0.0001338690706149
-.260000  0.820000    0.0001536820277677
-.220000  0.820000    0.0001694297506460
-.180000  0.820000    0.0001855506305034
-.140000  0.820000    0.0001987836945082
-.100000  0.820000    0.0002120031496819
-.060000  0.820000    0.0002237287175345
-.020000  0.820000    0.0002340800790626
0.020000  0.820000    0.0002431594082295
0.060000  0.820000    0.0002510485362810
0.100000  0.820000    0.0002578045567630
0.140000  0.820000    0.0002634558341295
0.180000  0.820000    0.0002658864467991
0.220000  0.820000    0.0002691384247762
0.260000  0.820000    0.0002683794046775
0.300000  0.820000    0.0002691928066857
0.340000  0.820000    0.0002653245681776
0.380000  0.820000    0.0002596376072519
0.420000  0.820000    0.0002478722168451
0.460000  0.820000    0.0002380531586021
0.500000  0.820000    0.0002212084566968
0.540000  0.820000    0.0001915503529467
-.420000  0.860000    0.0000295761738494
-.380000  0.860000    0.0000594286814222
-.340000  0.860000    0.0000850974669621
-.300000  0.860000    0.0001066487810533
-.260000  0.860000    0.0001253342546683
-.220000  0.860000    0.0001419177372251
-.180000  0.860000    0.0001587293092087
-.140000  0.860000    0.0001720940073915
-.100000  0.860000    0.0001855028594866
-.060000  0.860000    0.0001972519304345
-.020000  0.860000    0.0002074832700816
0.020000  0.860000    0.0002163179631768
0.060000  0.860000    0.0002238475351295
0.100000  0.860000    0.0002301274740012
0.140000  0.860000    0.0002351762567512
0.180000  0.860000    0.0002372887181298
0.220000  0.860000    0.0002396555729778
0.260000  0.860000    0.0002383494396060
0.300000  0.860000    0.0002351236398639
0.340000  0.860000    0.0002299638083210
0.380000  0.860000    0.0002227012161128
0.420000  0.860000    0.0002095261307179
0.460000  0.860000    0.0001891848345746
0.500000  0.860000    0.0001541170876256
-.380000  0.900000    0.0000054359975834
-.340000  0.900000    0.0000434228848609
-.300000  0.900000    0.0000693998925485
-.260000  0.900000    0.0000918327628245
-.220000  0.900000    0.0001104728954520
-.180000  0.900000    0.0001264867067759
-.140000  0.900000    0.0001423926418951
-.100000  0.900000    0.0001546329760432
-.060000  0.900000    0.0001667672722133
-.020000  0.900000    0.0001771261462888
0.020000  0.900000    0.0001858613272368
0.060000  0.900000    0.0001930779197965
0.100000  0.900000    0.0001988284477493
0.140000  0.900000    0.0002023419931745
0.180000  0.900000    0.0002049627426295
0.220000  0.900000    0.0002046148148183
0.260000  0.900000    0.0002021031812817
0.300000  0.900000    0.0001973281897331
0.340000  0.900000    0.0001875893726285
0.380000  0.900000    0.0001741424156173
0.420000  0.900000    0.0001483882590732
-.300000  0.940000    0.0000015605257276
-.260000  0.940000    0.0000423522418026
-.220000  0.940000    0.0000673470783165
-.180000  0.940000    0.0000877636800308
-.140000  0.940000    0.0001039985263728
-.100000  0.940000    0.0001193663172384
-.060000  0.940000    0.0001303967003158
-.020000  0.940000    0.0001410491318745
0.020000  0.940000    0.0001496160283038
0.060000  0.940000    0.0001562558309067
0.100000  0.940000    0.0001612307182377
0.140000  0.940000    0.0001639156175565
0.180000  0.940000    0.0001642096953329
0.220000  0.940000    0.0001617864830258
0.260000  0.940000    0.0001551315514275
0.300000  0.940000    0.0001435057451942
0.340000  0.940000    0.0001038989319914
-.140000  0.980000    0.0000401179316420
-.100000  0.980000    0.0000646210717959
-.060000  0.980000    0.0000801252963622
-.020000  0.980000    0.0000906993183514
0.020000  0.980000    0.0000996559405563
0.060000  0.980000    0.0001066136894723
0.100000  0.980000    0.0001094256652165
0.140000  0.980000    0.0001074829339525
0.180000  0.980000    0.0000980689672001
