-.180000  -.980000    0.0000003947995589
-.140000  -.980000    0.0000009491358687
-.100000  -.980000    0.0000013454947078
-.060000  -.980000    0.0000010408199565
-.020000  -.980000    0.0000001956506496
0.020000  -.980000    0.0000000319632755
0.060000  -.980000    0.0000006206724451
0.100000  -.980000    0.0000007092441877
0.140000  -.980000    0.0000000442918849
0.180000  -.980000   -0.0000002803979045
-.300000  -.940000    0.0000007819220148
-.260000  -.940000    0.0000016021123680
-.220000  -.940000    0.0000012157191814
-.180000  -.940000    0.0000012241973502
-.140000  -.940000    0.0000008045324288
-.100000  -.940000    0.0000013884747953
-.060000  -.940000    0.0000003352570793
-.020000  -.940000    0.0000004343071869
0.020000  -.940000    0.0000003123965000
0.060000  -.940000   -0.0000000429485190
0.100000  -.940000    0.0000008076713024
0.140000  -.940000   -0.0000000927634961
0.180000  -.940000    0.0000000984241535
0.220000  -.940000   -0.0000001782348424
0.260000  -.940000    0.0000002012339770
0.300000  -.940000   -0.0000006770412745
0.340000  -.940000   -0.0000015930238665
-.380000  -.900000    0.0000010435272079
-.340000  -.900000    0.0000017094788110
-.300000  -.900000    0.0000013277387440
-.260000  -.900000    0.0000014557908871
-.220000  -.900000    0.0000012007322668
-.180000  -.900000    0.0000006210829118
-.140000  -.900000    0.0000012517286612
-.100000  -.900000    0.0000001863382611
-.060000  -.900000    0.0000004561198849
-.020000  -.900000    0.0000005671600531
0.020000  -.900000    0.0000005053769087
0.060000  -.900000    0.0000002611592064
0.100000  -.900000   -0.0000001750673770
0.140000  -.900000    0.0000007529112628
0.180000  -.900000   -0.0000001398816665
0.220000  -.900000    0.0000002305958543
0.260000  -.900000    0.0000002343649839
0.300000  -.900000   -0.0000002115422680
0.340000  -.900000    0.0000001176957623
0.380000  -.900000   -0.0000006009667897
0.420000  -.900000   -0.0000014963552354
-.460000  -.860000    0.0000008699813605
-.420000  -.860000    0.0000013109129951
-.380000  -.860000    0.0000012077609574
-.340000  -.860000    0.0000015566581323
-.300000  -.860000    0.0000015417603286
-.260000  -.860000    0.0000012012673545
-.220000  -.860000    0.0000005870325927
-.180000  -.860000    0.0000013007153980
-.140000  -.860000    0.0000002755852814
-.100000  -.860000    0.0000006967338512
-.060000  -.860000    0.0000009906463367
-.020000  -.860000    0.0000011444102256
0.020000  -.860000    0.0000011484513281
0.060000  -.860000    0.0000009956764786
0.100000  -.860000    0.0000006779516576
0.140000  -.860000    0.0000001853272858
0.180000  -.860000    0.0000011211361153
0.220000  -.860000    0.0000002114863743
0.260000  -.860000    0.0000006271314616
0.300000  -.860000    0.0000007077682078
0.340000  -.860000    0.0000004018782795
0.380000  -.860000   -0.0000003769816517
0.420000  -.860000   -0.0000004362811374
0.460000  -.860000   -0.0000003992022332
0.500000  -.860000   -0.0000015726643468
-.500000  -.820000    0.0000008088145692
-.460000  -.820000    0.0000011907793054
-.420000  -.820000    0.0000018965485353
-.380000  -.820000    0.0000009524315703
-.340000  -.820000    0.0000008239720407
-.300000  -.820000    0.0000004302924523
-.260000  -.820000    0.0000013376250883
-.220000  -.820000    0.0000005508306293
-.180000  -.820000    0.0000012278206703
-.140000  -.820000    0.0000001159546156
-.100000  -.820000    0.0000005454059853
-.060000  -.820000    0.0000008643643449
-.020000  -.820000    0.0000010619960207
0.020000  -.820000    0.0000011289225070
0.060000  -.820000    0.0000010581784525
0.100000  -.820000    0.0000008423491758
0.140000  -.820000    0.0000004721372935
0.180000  -.820000    0.0000015851321292
0.220000  -.820000    0.0000008533539929
0.260000  -.820000    0.0000015094075330
0.300000  -.820000    0.0000003413451053
0.340000  -.820000    0.0000004445284676
0.380000  -.820000    0.0000001860168127
0.420000  -.820000    0.0000008934857191
0.460000  -.820000   -0.0000003592058746
0.500000  -.820000   -0.0000010932538118
0.540000  -.820000   -0.0000010318712676
-.580000  -.780000    0.0000001904462380
-.540000  -.780000    0.0000011020490290
-.500000  -.780000    0.0000013819418664
-.460000  -.780000    0.0000009116413849
-.420000  -.780000    0.0000010711792921
-.380000  -.780000    0.0000009574989803
-.340000  -.780000    0.0000005988662536
-.300000  -.780000    0.0000000327605816
-.260000  -.780000    0.0000008653015732
-.220000  -.780000   -0.0000000113136659
-.180000  -.780000    0.0000006358862125
-.140000  -.780000   -0.0000004944800094
-.100000  -.780000   -0.0000000542524071
-.060000  -.780000    0.0000002929691278
-.020000  -.780000    0.0000005343242440
0.020000  -.780000    0.0000006604619844
0.060000  -.780000    0.0000006627301950
0.100000  -.780000    0.0000005334950350
0.140000  -.780000    0.0000002642261589
0.180000  -.780000    0.0000015146541147
0.220000  -.780000    0.0000009187111360
0.260000  -.780000    0.0000017569866662
0.300000  -.780000    0.0000007787158673
0.340000  -.780000    0.0000011341680369
0.380000  -.780000    0.0000011801485140
0.420000  -.780000    0.0000008796505172
0.460000  -.780000    0.0000001767056687
0.500000  -.780000    0.0000003099122318
0.540000  -.780000   -0.0000003199092606
0.580000  -.780000   -0.0000009737918229
0.620000  -.780000   -0.0000018237615653
-.620000  -.740000    0.0000003142326472
-.580000  -.740000    0.0000009925101595
-.540000  -.740000    0.0000011799587059
-.500000  -.740000    0.0000017838198173
-.460000  -.740000    0.0000008249207371
-.420000  -.740000    0.0000007224428612
-.380000  -.740000    0.0000004004914217
-.340000  -.740000   -0.0000001089661083
-.300000  -.740000    0.0000007774140105
-.260000  -.740000   -0.0000000088544992
-.220000  -.740000    0.0000007329109027
-.180000  -.740000   -0.0000002874092030
-.140000  -.740000    0.0000002772131335
-.100000  -.740000    0.0000007631187883
-.060000  -.740000   -0.0000005653183497
-.020000  -.740000   -0.0000002863050883
0.020000  -.740000   -0.0000001112408500
0.060000  -.740000   -0.0000000486484252
0.100000  -.740000    0.0000015963671227
0.140000  -.740000    0.0000013967946351
0.180000  -.740000    0.0000010562930337
0.220000  -.740000    0.0000022031911641
0.260000  -.740000    0.0000015474840037
0.300000  -.740000    0.0000022887246230
0.340000  -.740000    0.0000012573398663
0.380000  -.740000    0.0000015317020151
0.420000  -.740000    0.0000015025332032
0.460000  -.740000    0.0000011360492963
0.500000  -.740000    0.0000016911364742
0.540000  -.740000    0.0000004479334614
0.580000  -.740000   -0.0000002038528556
0.620000  -.740000   -0.0000007724870213
0.660000  -.740000   -0.0000021527347502
-.660000  -.700000    0.0000003148923308
-.620000  -.700000    0.0000012356689139
-.580000  -.700000    0.0000015900189824
-.540000  -.700000    0.0000012360272631
-.500000  -.700000    0.0000015098158063
-.460000  -.700000    0.0000015339549022
-.420000  -.700000   -0.0000000657393662
-.380000  -.700000    0.0000009360101574
-.340000  -.700000    0.0000003761301266
-.300000  -.700000   -0.0000003157283747
-.260000  -.700000    0.0000004876378523
-.220000  -.700000   -0.0000004151717944
-.180000  -.700000    0.0000002481812005
-.140000  -.700000   -0.0000008371376360
-.100000  -.700000   -0.0000003426308827
-.060000  -.700000    0.0000000729633490
-.020000  -.700000    0.0000003943512652
0.020000  -.700000    0.0000006129645938
0.060000  -.700000    0.0000007209082383
0.100000  -.700000    0.0000007103877462
0.140000  -.700000    0.0000005736526800
0.180000  -.700000    0.0000019698747881
0.220000  -.700000    0.0000015537928865
0.260000  -.700000    0.0000025879623207
0.300000  -.700000    0.0000018625285216
0.340000  -.700000    0.0000025037415846
0.380000  -.700000    0.0000028864638081
0.420000  -.700000    0.0000015848444908
0.460000  -.700000    0.0000028278422310
0.500000  -.700000    0.0000023446728554
0.540000  -.700000    0.0000014900495059
0.580000  -.700000    0.0000013653738616
0.620000  -.700000    0.0000005736865193
0.660000  -.700000   -0.0000001465731046
0.700000  -.700000   -0.0000015093692082
-.700000  -.660000    0.0000000618546034
-.660000  -.660000    0.0000011876646727
-.620000  -.660000    0.0000008876316453
-.580000  -.660000    0.0000015147082292
-.540000  -.660000    0.0000007528012462
-.500000  -.660000    0.0000007653466185
-.460000  -.660000    0.0000005861335437
-.420000  -.660000    0.0000002391286189
-.380000  -.660000   -0.0000002486833120
-.340000  -.660000   -0.0000008485208940
-.300000  -.660000   -0.0000000205368034
-.260000  -.660000   -0.0000008036611541
-.220000  -.660000   -0.0000000720314561
-.180000  -.660000   -0.0000010218754760
-.140000  -.660000   -0.0000004282688987
-.100000  -.660000    0.0000001036302425
-.060000  -.660000    0.0000005529367874
-.020000  -.660000    0.0000009067140259
0.020000  -.660000    0.0000011581595409
0.060000  -.660000    0.0000013003267034
0.100000  -.660000    0.0000013271665738
0.140000  -.660000    0.0000012315623882
0.180000  -.660000    0.0000010049108508
0.220000  -.660000    0.0000022791488841
0.260000  -.660000    0.0000017762701167
0.300000  -.660000    0.0000026984719509
0.340000  -.660000    0.0000018844354676
0.380000  -.660000    0.0000024252414248
0.420000  -.660000    0.0000027159765476
0.460000  -.660000    0.0000027416212186
0.500000  -.660000    0.0000024818506028
0.540000  -.660000    0.0000019020764284
0.580000  -.660000    0.0000021383510940
0.620000  -.660000    0.0000007134458516
0.660000  -.660000    0.0000008504465918
0.700000  -.660000   -0.0000001082592008
0.740000  -.660000   -0.0000020288508744
-.700000  -.620000    0.0000008994218445
-.660000  -.620000    0.0000008322117874
-.620000  -.620000    0.0000015381872982
-.580000  -.620000    0.0000009460341423
-.540000  -.620000    0.0000010625734603
-.500000  -.620000    0.0000009910829583
-.460000  -.620000    0.0000007532511513
-.420000  -.620000    0.0000003744150596
-.380000  -.620000   -0.0000001216790937
-.340000  -.620000   -0.0000007138801679
-.300000  -.620000   -0.0000013784128182
-.260000  -.620000   -0.0000006142744957
-.220000  -.620000   -0.0000014264736348
-.180000  -.620000   -0.0000007619715895
-.140000  -.620000   -0.0000001351633202
-.100000  -.620000    0.0000004264003643
-.060000  -.620000   -0.0000007454388419
-.020000  -.620000   -0.0000003732699669
0.020000  -.620000   -0.0000000991945849
0.060000  -.620000    0.0000000669821744
0.100000  -.620000    0.0000017750334348
0.140000  -.620000    0.0000017086973087
0.180000  -.620000    0.0000015149464860
0.220000  -.620000    0.0000011844944752
0.260000  -.620000    0.0000023360648390
0.300000  -.620000    0.0000017285096634
0.340000  -.620000    0.0000025411941215
0.380000  -.620000    0.0000031313736580
0.420000  -.620000    0.0000034879914349
0.460000  -.620000    0.0000036079204387
0.500000  -.620000    0.0000034818640781
0.540000  -.620000    0.0000030867120333
0.580000  -.620000    0.0000023795708025
0.620000  -.620000    0.0000023953807321
0.660000  -.620000    0.0000008489634708
0.700000  -.620000    0.0000007063432480
0.740000  -.620000   -0.0000005888296179
0.780000  -.620000   -0.0000016556833311
-.740000  -.580000    0.0000004708377747
-.700000  -.580000    0.0000012081990011
-.660000  -.580000    0.0000013493743701
-.620000  -.580000    0.0000009324458063
-.580000  -.580000    0.0000011375408152
-.540000  -.580000   -0.0000000141195475
-.500000  -.580000   -0.0000002355136774
-.460000  -.580000   -0.0000005691754271
-.420000  -.580000   -0.0000009952315633
-.380000  -.580000   -0.0000001166429901
-.340000  -.580000   -0.0000006796887232
-.300000  -.580000   -0.0000013079006779
-.260000  -.580000   -0.0000005194965167
-.220000  -.580000   -0.0000012829750251
-.180000  -.580000   -0.0000005894498386
-.140000  -.580000    0.0000000646954238
-.100000  -.580000   -0.0000009528301190
-.060000  -.580000   -0.0000004710787393
-.020000  -.580000   -0.0000000768221422
0.020000  -.580000    0.0000002157621709
0.060000  -.580000    0.0000003992609383
0.100000  -.580000    0.0000004670919425
0.140000  -.580000    0.0000020348199774
0.180000  -.580000    0.0000018624158253
0.220000  -.580000    0.0000015551815409
0.260000  -.580000    0.0000026974032218
0.300000  -.580000    0.0000021337023856
0.340000  -.580000    0.0000029596236094
0.380000  -.580000    0.0000035721201846
0.420000  -.580000    0.0000025923909687
0.460000  -.580000    0.0000028597570442
0.500000  -.580000    0.0000028917437738
0.540000  -.580000    0.0000026712515131
0.580000  -.580000    0.0000033368552559
0.620000  -.580000    0.0000025032512135
0.660000  -.580000    0.0000023152046325
0.700000  -.580000    0.0000015877472135
0.740000  -.580000    0.0000001672968231
0.780000  -.580000   -0.0000007245361547
-.780000  -.540000    0.0000001580449566
-.740000  -.540000    0.0000007390372682
-.700000  -.540000    0.0000010051105409
-.660000  -.540000    0.0000007548194328
-.620000  -.540000    0.0000010275671961
-.580000  -.540000    0.0000000559414389
-.540000  -.540000   -0.0000000827625908
-.500000  -.540000   -0.0000003296708140
-.460000  -.540000   -0.0000006665732525
-.420000  -.540000   -0.0000010768786914
-.380000  -.540000   -0.0000002056107367
-.340000  -.540000   -0.0000007253116160
-.300000  -.540000   -0.0000013026460952
-.260000  -.540000   -0.0000004987450184
-.220000  -.540000   -0.0000012035733710
-.180000  -.540000   -0.0000004864406960
-.140000  -.540000   -0.0000013437120389
-.100000  -.540000   -0.0000007725830131
-.060000  -.540000   -0.0000002709563841
-.020000  -.540000    0.0000001390776692
0.020000  -.540000    0.0000004429444731
0.060000  -.540000    0.0000006341291517
0.100000  -.540000    0.0000007068304015
0.140000  -.540000    0.0000006528764627
0.180000  -.540000    0.0000020741120211
0.220000  -.540000    0.0000017775371905
0.260000  -.540000    0.0000028921035507
0.300000  -.540000    0.0000023563684136
0.340000  -.540000    0.0000031772750612
0.380000  -.540000    0.0000037945128036
0.420000  -.540000    0.0000028884239983
0.460000  -.540000    0.0000032037732968
0.500000  -.540000    0.0000033073916981
0.540000  -.540000    0.0000031887477106
0.580000  -.540000    0.0000028260411112
0.620000  -.540000    0.0000032810097497
0.660000  -.540000    0.0000023122824546
0.700000  -.540000    0.0000019260071035
0.740000  -.540000    0.0000009749203216
0.780000  -.540000    0.0000001026231742
0.820000  -.540000   -0.0000008397619921
-.780000  -.500000    0.0000005735945864
-.740000  -.500000    0.0000011448547471
-.700000  -.500000    0.0000011983721802
-.660000  -.500000    0.0000007790168131
-.620000  -.500000    0.0000009505343171
-.580000  -.500000   -0.0000000817777617
-.540000  -.500000   -0.0000002533194611
-.500000  -.500000   -0.0000005104196769
-.460000  -.500000   -0.0000008359946843
-.420000  -.500000   -0.0000012171880372
-.380000  -.500000   -0.0000003623857626
-.340000  -.500000   -0.0000008285592177
-.300000  -.500000   -0.0000013473670698
-.260000  -.500000   -0.0000005346873546
-.220000  -.500000   -0.0000011740406677
-.180000  -.500000   -0.0000004366465640
-.140000  -.500000   -0.0000012356091587
-.100000  -.500000   -0.0000006464502063
-.060000  -.500000   -0.0000001296555978
-.020000  -.500000    0.0000002912555645
0.020000  -.500000    0.0000005990346945
0.060000  -.500000    0.0000007889018858
0.100000  -.500000    0.0000008567122753
0.140000  -.500000    0.0000007941472208
0.180000  -.500000    0.0000021716173956
0.220000  -.500000    0.0000018727975903
0.260000  -.500000    0.0000029477860071
0.300000  -.500000    0.0000024241916984
0.340000  -.500000    0.0000032255940690
0.380000  -.500000    0.0000038350859001
0.420000  -.500000    0.0000029787530887
0.460000  -.500000    0.0000033228743985
0.500000  -.500000    0.0000034768241799
0.540000  -.500000    0.0000034339971645
0.580000  -.500000    0.0000031774821841
0.620000  -.500000    0.0000037227301885
0.660000  -.500000    0.0000029482399492
0.700000  -.500000    0.0000027486101447
0.740000  -.500000    0.0000020842688463
0.780000  -.500000    0.0000008662352190
0.820000  -.500000   -0.0000004874250967
0.860000  -.500000   -0.0000013111568320
-.820000  -.460000    0.0000001810628305
-.780000  -.460000    0.0000005531498129
-.740000  -.460000    0.0000007110130971
-.700000  -.460000    0.0000011968721597
-.660000  -.460000    0.0000006579642352
-.620000  -.460000    0.0000007437627750
-.580000  -.460000   -0.0000003039284207
-.540000  -.460000   -0.0000004937577479
-.500000  -.460000   -0.0000007469728967
-.460000  -.460000   -0.0000010502694309
-.420000  -.460000   -0.0000013946263189
-.380000  -.460000   -0.0000005635523124
-.340000  -.460000   -0.0000009718433463
-.300000  -.460000   -0.0000014263114800
-.260000  -.460000   -0.0000006116563291
-.220000  -.460000   -0.0000011811135786
-.180000  -.460000   -0.0000004276210880
-.140000  -.460000   -0.0000011657372397
-.100000  -.460000   -0.0000005615426648
-.060000  -.460000   -0.0000000330078855
-.020000  -.460000    0.0000003937609350
0.020000  -.460000    0.0000006998853760
0.060000  -.460000    0.0000008805390173
0.100000  -.460000    0.0000009334759783
0.140000  -.460000    0.0000008516791300
0.180000  -.460000    0.0000021743524356
0.220000  -.460000    0.0000018600250265
0.260000  -.460000    0.0000028845215387
0.300000  -.460000    0.0000023571384024
0.340000  -.460000    0.0000031283112145
0.380000  -.460000    0.0000037212025565
0.420000  -.460000    0.0000028929552398
0.460000  -.460000    0.0000032509777764
0.500000  -.460000    0.0000034393019907
0.540000  -.460000    0.0000034519532016
0.580000  -.460000    0.0000032773499830
0.620000  -.460000    0.0000038963722279
0.660000  -.460000    0.0000032703131572
0.700000  -.460000    0.0000032099738353
0.740000  -.460000    0.0000019855302763
0.780000  -.460000    0.0000011125277449
0.820000  -.460000    0.0000003363216771
0.860000  -.460000   -0.0000003094413566
-.820000  -.420000    0.0000005746444831
-.780000  -.420000    0.0000006931408797
-.740000  -.420000    0.0000006893951014
-.700000  -.420000    0.0000003131171454
-.660000  -.420000    0.0000004307817284
-.620000  -.420000    0.0000004511886517
-.580000  -.420000   -0.0000005740350052
-.540000  -.420000   -0.0000007712239079
-.500000  -.420000   -0.0000010099580195
-.460000  -.420000   -0.0000012842417569
-.420000  -.420000   -0.0000015857183627
-.380000  -.420000   -0.0000007885325454
-.340000  -.420000   -0.0000011378809392
-.300000  -.420000   -0.0000015270114853
-.260000  -.420000   -0.0000007154998002
-.220000  -.420000   -0.0000012146443216
-.180000  -.420000   -0.0000004506260241
-.140000  -.420000   -0.0000011263815961
-.100000  -.420000   -0.0000005089198185
-.060000  -.420000    0.0000000283003931
-.020000  -.420000    0.0000004580121517
0.020000  -.420000    0.0000007567923883
0.060000  -.420000    0.0000009205448982
0.100000  -.420000    0.0000009484656434
0.140000  -.420000    0.0000008365208581
0.180000  -.420000    0.0000020944281413
0.220000  -.420000    0.0000017521187107
0.260000  -.420000    0.0000027188052533
0.300000  -.420000    0.0000021724427908
0.340000  -.420000    0.0000029055222372
0.380000  -.420000    0.0000034738549533
0.420000  -.420000    0.0000026541823935
0.460000  -.420000    0.0000030161056127
0.500000  -.420000    0.0000032249403811
0.540000  -.420000    0.0000032779494215
0.580000  -.420000    0.0000031667341552
0.620000  -.420000    0.0000038514743579
0.660000  -.420000    0.0000033402011640
0.700000  -.420000    0.0000025858622616
0.740000  -.420000    0.0000023853559548
0.780000  -.420000    0.0000017532648617
0.820000  -.420000    0.0000012755830238
0.860000  -.420000    0.0000000260140961
0.900000  -.420000   -0.0000011732513204
-.860000  -.380000    0.0000000605489686
-.820000  -.380000    0.0000004689609836
-.780000  -.380000    0.0000006873620518
-.740000  -.380000    0.0000005483587676
-.700000  -.380000    0.0000007944801537
-.660000  -.380000    0.0000001392748003
-.620000  -.380000    0.0000001112842312
-.580000  -.380000    0.0000000177231451
-.540000  -.380000   -0.0000001289921060
-.500000  -.380000   -0.0000003140427665
-.460000  -.380000   -0.0000005251968901
-.420000  -.380000   -0.0000007604035630
-.380000  -.380000   -0.0000010213924852
-.340000  -.380000   -0.0000013117337133
-.300000  -.380000   -0.0000016359905795
-.260000  -.380000   -0.0000008388186528
-.220000  -.380000   -0.0000012665304932
-.180000  -.380000   -0.0000004986970923
-.140000  -.380000   -0.0000011103142242
-.100000  -.380000   -0.0000004810670206
-.060000  -.380000    0.0000000648123207
-.020000  -.380000    0.0000004929586385
0.020000  -.380000    0.0000007797059848
0.060000  -.380000    0.0000009178197590
0.100000  -.380000    0.0000009116964640
0.140000  -.380000    0.0000007595121572
0.180000  -.380000    0.0000019428535558
0.220000  -.380000    0.0000015602635762
0.260000  -.380000    0.0000024616787624
0.300000  -.380000    0.0000018845658832
0.340000  -.380000    0.0000025713425514
0.380000  -.380000    0.0000031086646978
0.420000  -.380000    0.0000035089128087
0.460000  -.380000    0.0000037824353134
0.500000  -.380000    0.0000039360254141
0.540000  -.380000    0.0000039680496386
0.580000  -.380000    0.0000038691193667
0.620000  -.380000    0.0000036215568697
0.660000  -.380000    0.0000032020427657
0.700000  -.380000    0.0000033645529776
0.740000  -.380000    0.0000025144727090
0.780000  -.380000    0.0000020690911903
0.820000  -.380000    0.0000012022652901
0.860000  -.380000    0.0000003773585847
0.900000  -.380000   -0.0000004275942546
-.860000  -.340000    0.0000002918634267
-.820000  -.340000    0.0000004945871324
-.780000  -.340000    0.0000005668967600
-.740000  -.340000    0.0000003307793724
-.700000  -.340000    0.0000004818339822
-.660000  -.340000   -0.0000001745841421
-.620000  -.340000   -0.0000002388107900
-.580000  -.340000   -0.0000003466747326
-.540000  -.340000   -0.0000004873042381
-.500000  -.340000   -0.0000006530096784
-.460000  -.340000   -0.0000008360187800
-.420000  -.340000   -0.0000010330407004
-.380000  -.340000   -0.0000012472251946
-.340000  -.340000   -0.0000014819731253
-.300000  -.340000   -0.0000006860935823
-.260000  -.340000   -0.0000009749751706
-.220000  -.340000   -0.0000013328569492
-.180000  -.340000   -0.0000005658804615
-.140000  -.340000   -0.0000011102720348
-.100000  -.340000   -0.0000004739011650
-.060000  -.340000    0.0000000805614057
-.020000  -.340000    0.0000005056010924
0.020000  -.340000    0.0000007767357425
0.060000  -.340000    0.0000008811715322
0.100000  -.340000    0.0000008301679143
0.140000  -.340000    0.0000006266032895
0.180000  -.340000    0.0000017258205633
0.220000  -.340000    0.0000012914441604
0.260000  -.340000    0.0000021212595168
0.300000  -.340000    0.0000027770110636
0.340000  -.340000    0.0000021367245361
0.380000  -.340000    0.0000026376261451
0.420000  -.340000    0.0000030164319297
0.460000  -.340000    0.0000032835267905
0.500000  -.340000    0.0000034437243467
0.540000  -.340000    0.0000034951527078
0.580000  -.340000    0.0000034292345581
0.620000  -.340000    0.0000032342770197
0.660000  -.340000    0.0000028907409810
0.700000  -.340000    0.0000031479555236
0.740000  -.340000    0.0000024309443636
0.780000  -.340000    0.0000021386120076
0.820000  -.340000    0.0000014826606352
0.860000  -.340000    0.0000009243260707
0.900000  -.340000    0.0000001400731629
0.940000  -.340000   -0.0000011217850785
-.860000  -.300000    0.0000003976658071
-.820000  -.300000    0.0000004182112105
-.780000  -.300000    0.0000003756562440
-.740000  -.300000    0.0000006111273846
-.700000  -.300000    0.0000001506181489
-.660000  -.300000    0.0000001692278219
-.620000  -.300000   -0.0000005636304765
-.580000  -.300000   -0.0000006794654269
-.540000  -.300000   -0.0000008135304299
-.500000  -.300000   -0.0000009599665323
-.460000  -.300000   -0.0000011131199644
-.420000  -.300000   -0.0000012729609850
-.380000  -.300000   -0.0000014421871345
-.340000  -.300000   -0.0000007042189965
-.300000  -.300000   -0.0000008846652649
-.260000  -.300000   -0.0000011133172327
-.220000  -.300000   -0.0000014034608352
-.180000  -.300000   -0.0000006490459528
-.140000  -.300000   -0.0000011263814094
-.100000  -.300000   -0.0000004862542100
-.060000  -.300000    0.0000000801395502
-.020000  -.300000    0.0000005039564094
0.020000  -.300000    0.0000007525599614
0.060000  -.300000    0.0000008149509685
0.100000  -.300000    0.0000007088402947
0.140000  -.300000    0.0000004417960536
0.180000  -.300000    0.0000014483567899
0.220000  -.300000    0.0000009544991144
0.260000  -.300000    0.0000017054154456
0.300000  -.300000    0.0000022993247478
0.340000  -.300000    0.0000027620375584
0.380000  -.300000    0.0000020781611746
0.420000  -.300000    0.0000024300783254
0.460000  -.300000    0.0000026828597808
0.500000  -.300000    0.0000028425902225
0.540000  -.300000    0.0000029070117799
0.580000  -.300000    0.0000028699267525
0.620000  -.300000    0.0000027189822672
0.660000  -.300000    0.0000032036857908
0.700000  -.300000    0.0000027775203884
0.740000  -.300000    0.0000028065284731
0.780000  -.300000    0.0000020136989668
0.820000  -.300000    0.0000015302026002
0.860000  -.300000    0.0000011659988309
0.900000  -.300000    0.0000002511439499
0.940000  -.300000   -0.0000006052699077
-.900000  -.260000    0.0000000201467670
-.860000  -.260000    0.0000003879352405
-.820000  -.260000    0.0000006059363662
-.780000  -.260000    0.0000005652102695
-.740000  -.260000    0.0000002930713611
-.700000  -.260000    0.0000003778541421
-.660000  -.260000   -0.0000001837609359
-.620000  -.260000   -0.0000002363171907
-.580000  -.260000   -0.0000003158611748
-.540000  -.260000   -0.0000004094386552
-.500000  -.260000   -0.0000005095815431
-.460000  -.260000   -0.0000006116783778
-.420000  -.260000   -0.0000007132043323
-.380000  -.260000   -0.0000008180543316
-.340000  -.260000   -0.0000009332066887
-.300000  -.260000   -0.0000010701000430
-.260000  -.260000   -0.0000012435340847
-.220000  -.260000   -0.0000004687950799
-.180000  -.260000   -0.0000007495960140
-.140000  -.260000    0.0000000295453228
-.100000  -.260000   -0.0000005127240198
-.060000  -.260000    0.0000000658919412
-.020000  -.260000    0.0000004893349328
0.020000  -.260000    0.0000007117860082
0.060000  -.260000    0.0000007249866247
0.100000  -.260000    0.0000005481174524
0.140000  -.260000    0.0000015423337649
0.180000  -.260000    0.0000011117352304
0.220000  -.260000    0.0000018014658495
0.260000  -.260000    0.0000012181383731
0.300000  -.260000    0.0000017451044022
0.340000  -.260000    0.0000021606925639
0.380000  -.260000    0.0000024826063524
0.420000  -.260000    0.0000027269622026
0.460000  -.260000    0.0000029034613456
0.500000  -.260000    0.0000030114137520
0.540000  -.260000    0.0000030463386549
0.580000  -.260000    0.0000030045940879
0.620000  -.260000    0.0000028753129702
0.660000  -.260000    0.0000026426268780
0.700000  -.260000    0.0000028906872156
0.740000  -.260000    0.0000024063114295
0.780000  -.260000    0.0000022655475117
0.820000  -.260000    0.0000018701341619
0.860000  -.260000    0.0000011979844939
0.900000  -.260000    0.0000005334554799
0.940000  -.260000   -0.0000001208062054
-.900000  -.220000    0.0000001102997764
-.860000  -.220000    0.0000003017442390
-.820000  -.220000    0.0000003973383669
-.780000  -.220000    0.0000002891615640
-.740000  -.220000    0.0000004263849199
-.700000  -.220000    0.0000000335359478
-.660000  -.220000    0.0000000287153804
-.620000  -.220000   -0.0000005361922865
-.580000  -.220000   -0.0000006174046405
-.540000  -.220000   -0.0000007029595664
-.500000  -.220000   -0.0000007895386207
-.460000  -.220000   -0.0000008730918258
-.420000  -.220000   -0.0000009538515666
-.380000  -.220000   -0.0000010332032225
-.340000  -.220000   -0.0000011176465205
-.300000  -.220000   -0.0000012164695895
-.260000  -.220000   -0.0000005115851820
-.220000  -.220000   -0.0000006429290126
-.180000  -.220000   -0.0000008592992488
-.140000  -.220000   -0.0000000935914040
-.100000  -.220000   -0.0000005579414699
-.060000  -.220000    0.0000000337340278
-.020000  -.220000    0.0000004680424477
0.020000  -.220000    0.0000006609351502
0.060000  -.220000    0.0000006092258174
0.100000  -.220000    0.0000003491093293
0.140000  -.220000    0.0000012266511088
0.180000  -.220000    0.0000007169648489
0.220000  -.220000    0.0000013122687525
0.260000  -.220000    0.0000017581108881
0.300000  -.220000    0.0000011344784631
0.340000  -.220000    0.0000015031299466
0.380000  -.220000    0.0000017925807872
0.420000  -.220000    0.0000020149310231
0.460000  -.220000    0.0000021708065459
0.500000  -.220000    0.0000022725637785
0.540000  -.220000    0.0000023162525077
0.580000  -.220000    0.0000022898698794
0.620000  -.220000    0.0000021906002665
0.660000  -.220000    0.0000025978024712
0.700000  -.220000    0.0000023136730736
0.740000  -.220000    0.0000023895996198
0.780000  -.220000    0.0000018644082721
0.820000  -.220000    0.0000015917009478
0.860000  -.220000    0.0000010752567766
0.900000  -.220000    0.0000006025875382
0.940000  -.220000   -0.0000000726765475
-.900000  -.180000    0.0000001187539503
-.860000  -.180000    0.0000003653975970
-.820000  -.180000    0.0000004482063545
-.780000  -.180000    0.0000003555404036
-.740000  -.180000    0.0000001155035974
-.700000  -.180000    0.0000001503087719
-.660000  -.180000   -0.0000002669384364
-.620000  -.180000   -0.0000003116746773
-.580000  -.180000   -0.0000003645297762
-.540000  -.180000   -0.0000004206602524
-.500000  -.180000   -0.0000004749698996
-.460000  -.180000   -0.0000005226175411
-.420000  -.180000   -0.0000005617899984
-.380000  -.180000   -0.0000005935057640
-.340000  -.180000   -0.0000006224570250
-.300000  -.180000   -0.0000006577458233
-.260000  -.180000   -0.0000007119690056
-.220000  -.180000   -0.0000008043054706
-.180000  -.180000   -0.0000000500373767
-.140000  -.180000   -0.0000002435552180
-.100000  -.180000   -0.0000006214062728
-.060000  -.180000   -0.0000000125420950
-.020000  -.180000    0.0000004358809593
0.020000  -.180000    0.0000005973872252
0.060000  -.180000    0.0000004669196698
0.100000  -.180000    0.0000001106514584
0.140000  -.180000    0.0000008536661215
0.180000  -.180000    0.0000013474056834
0.220000  -.180000    0.0000007668016318
0.260000  -.180000    0.0000011473707260
0.300000  -.180000    0.0000014483039310
0.340000  -.180000    0.0000016692764974
0.380000  -.180000    0.0000018422168660
0.420000  -.180000    0.0000019799508425
0.460000  -.180000    0.0000020943791592
0.500000  -.180000    0.0000021560290887
0.540000  -.180000    0.0000021727146741
0.580000  -.180000    0.0000021460667253
0.620000  -.180000    0.0000020612074480
0.660000  -.180000    0.0000019105666478
0.700000  -.180000    0.0000021368222580
0.740000  -.180000    0.0000018235542705
0.780000  -.180000    0.0000017778171870
0.820000  -.180000    0.0000015583033678
0.860000  -.180000    0.0000011607000453
0.900000  -.180000    0.0000005301617766
0.940000  -.180000    0.0000000867496540
0.980000  -.180000   -0.0000004813340254
-.900000  -.140000    0.0000001560190703
-.860000  -.140000    0.0000002061691855
-.820000  -.140000    0.0000002165052920
-.780000  -.140000    0.0000001038890064
-.740000  -.140000    0.0000001642160421
-.700000  -.140000   -0.0000001137513365
-.660000  -.140000   -0.0000001305448155
-.620000  -.140000   -0.0000001576012031
-.580000  -.140000   -0.0000001937400949
-.540000  -.140000   -0.0000006027652940
-.500000  -.140000   -0.0000006500695821
-.460000  -.140000   -0.0000006909069975
-.420000  -.140000   -0.0000007247864323
-.380000  -.140000   -0.0000007535087128
-.340000  -.140000   -0.0000007791068733
-.300000  -.140000   -0.0000008068174989
-.260000  -.140000   -0.0000002481958965
-.220000  -.140000   -0.0000002444047703
-.180000  -.140000   -0.0000002858779460
-.140000  -.140000   -0.0000004163533083
-.100000  -.140000    0.0000003663620362
-.060000  -.140000   -0.0000000851050088
-.020000  -.140000    0.0000004001343494
0.020000  -.140000    0.0000005282171436
0.060000  -.140000    0.0000002904062200
0.100000  -.140000    0.0000009909907338
0.140000  -.140000    0.0000004222996891
0.180000  -.140000    0.0000008160077516
0.220000  -.140000    0.0000010775603469
0.260000  -.140000    0.0000012871286749
0.300000  -.140000    0.0000007107676227
0.340000  -.140000    0.0000008946481597
0.380000  -.140000    0.0000010873073181
0.420000  -.140000    0.0000012350679849
0.460000  -.140000    0.0000013142321898
0.500000  -.140000    0.0000013859652736
0.540000  -.140000    0.0000014074346432
0.580000  -.140000    0.0000018295235317
0.620000  -.140000    0.0000017642618265
0.660000  -.140000    0.0000016490266710
0.700000  -.140000    0.0000014752468398
0.740000  -.140000    0.0000015727206922
0.780000  -.140000    0.0000012511553006
0.820000  -.140000    0.0000011221322852
0.860000  -.140000    0.0000008416599889
0.900000  -.140000    0.0000006065890035
0.940000  -.140000    0.0000000950449733
0.980000  -.140000   -0.0000003014196113
-.900000  -.100000    0.0000000871384913
-.860000  -.100000    0.0000001852556304
-.820000  -.100000    0.0000001939230771
-.780000  -.100000    0.0000001113748825
-.740000  -.100000    0.0000001579884417
-.700000  -.100000   -0.0000000413093583
-.660000  -.100000   -0.0000000502084549
-.620000  -.100000   -0.0000000673718932
-.580000  -.100000   -0.0000003490414084
-.540000  -.100000   -0.0000003790613737
-.500000  -.100000   -0.0000004055214360
-.460000  -.100000   -0.0000004255616635
-.420000  -.100000   -0.0000004399286444
-.380000  -.100000   -0.0000004466188336
-.340000  -.100000   -0.0000004461722997
-.300000  -.100000   -0.0000004426796535
-.260000  -.100000   -0.0000004390340108
-.220000  -.100000   -0.0000004461045932
-.180000  -.100000   -0.0000004776996800
-.140000  -.100000    0.0000001759579130
-.100000  -.100000    0.0000001110032201
-.060000  -.100000   -0.0000001962352656
-.020000  -.100000    0.0000003499841081
0.020000  -.100000    0.0000004413559347
0.060000  -.100000    0.0000000676357511
0.100000  -.100000    0.0000005744932158
0.140000  -.100000    0.0000008096209144
0.180000  -.100000    0.0000002554020151
0.220000  -.100000    0.0000004446890457
0.260000  -.100000    0.0000006017926424
0.300000  -.100000    0.0000007869248144
0.340000  -.100000    0.0000010126621442
0.380000  -.100000    0.0000010147726043
0.420000  -.100000    0.0000010125017741
0.460000  -.100000    0.0000010780000575
0.500000  -.100000    0.0000010905389527
0.540000  -.100000    0.0000011121435059
0.580000  -.100000    0.0000010937736781
0.620000  -.100000    0.0000013429710646
0.660000  -.100000    0.0000012625744808
0.700000  -.100000    0.0000011416994004
0.740000  -.100000    0.0000012016574941
0.780000  -.100000    0.0000009812116939
0.820000  -.100000    0.0000008883352585
0.860000  -.100000    0.0000006948754766
0.900000  -.100000    0.0000003741399145
0.940000  -.100000    0.0000001905731290
0.980000  -.100000   -0.0000001205044731
-.900000  -.060000    0.0000000655714484
-.860000  -.060000    0.0000001273242485
-.820000  -.060000    0.0000001325085013
-.780000  -.060000    0.0000000825044488
-.740000  -.060000   -0.0000000120134138
-.700000  -.060000   -0.0000000079700816
-.660000  -.060000   -0.0000000130412182
-.620000  -.060000   -0.0000001726273811
-.580000  -.060000   -0.0000001902611434
-.540000  -.060000   -0.0000002054895993
-.500000  -.060000   -0.0000002183106212
-.460000  -.060000   -0.0000002265098781
-.420000  -.060000   -0.0000002312218575
-.380000  -.060000   -0.0000002288482650
-.340000  -.060000   -0.0000002189817489
-.300000  -.060000   -0.0000002041730886
-.260000  -.060000   -0.0000001832809801
-.220000  -.060000   -0.0000001604924379
-.180000  -.060000   -0.0000001390430439
-.140000  -.060000   -0.0000001298140205
-.100000  -.060000   -0.0000001646797627
-.060000  -.060000    0.0000006061169223
-.020000  -.060000    0.0000002727357874
0.020000  -.060000    0.0000003266087151
0.060000  -.060000    0.0000007235551506
0.100000  -.060000    0.0000001088867497
0.140000  -.060000    0.0000002378558602
0.180000  -.060000    0.0000003286862636
0.220000  -.060000    0.0000004370904610
0.260000  -.060000    0.0000004780066392
0.300000  -.060000    0.0000006434017658
0.340000  -.060000    0.0000002938237263
0.380000  -.060000    0.0000004862322064
0.420000  -.060000    0.0000006727294756
0.460000  -.060000    0.0000006917592198
0.500000  -.060000    0.0000007006609363
0.540000  -.060000    0.0000007069554939
0.580000  -.060000    0.0000006959526503
0.620000  -.060000    0.0000006682036719
0.660000  -.060000    0.0000007905809997
0.700000  -.060000    0.0000007194961145
0.740000  -.060000    0.0000006179465686
0.780000  -.060000    0.0000006221750808
0.820000  -.060000    0.0000005666412709
0.860000  -.060000    0.0000004529868124
0.900000  -.060000    0.0000002659704408
0.940000  -.060000    0.0000000718448916
0.980000  -.060000   -0.0000000768759835
-.900000  -.020000    0.0000000242048895
-.860000  -.020000    0.0000000452250325
-.820000  -.020000    0.0000000468595249
-.780000  -.020000    0.0000000301754025
-.740000  -.020000   -0.0000000015212888
-.700000  -.020000    0.0000000002031172
-.660000  -.020000   -0.0000000015725090
-.620000  -.020000   -0.0000000546600272
-.580000  -.020000   -0.0000000601029015
-.540000  -.020000   -0.0000000647440695
-.500000  -.020000   -0.0000000685145892
-.460000  -.020000   -0.0000000706419417
-.420000  -.020000   -0.0000000716316110
-.380000  -.020000   -0.0000000697680434
-.340000  -.020000   -0.0000000647295758
-.300000  -.020000   -0.0000000574159810
-.260000  -.020000   -0.0000000466920241
-.220000  -.020000   -0.0000000330912714
-.180000  -.020000   -0.0000000157213400
-.140000  -.020000    0.0000000067626848
-.100000  -.020000    0.0000000350802265
-.060000  -.020000    0.0000000740686400
-.020000  -.020000    0.0000000713829843
0.020000  -.020000    0.0000000890855454
0.060000  -.020000    0.0000001251812589
0.100000  -.020000    0.0000001335979047
0.140000  -.020000    0.0000001311334482
0.180000  -.020000    0.0000001393033981
0.220000  -.020000    0.0000001818442173
0.260000  -.020000    0.0000001793163062
0.300000  -.020000    0.0000000887880305
0.340000  -.020000    0.0000003083836758
0.380000  -.020000    0.0000002451425937
0.420000  -.020000    0.0000002205418035
0.460000  -.020000    0.0000002328572866
0.500000  -.020000    0.0000002431776234
0.540000  -.020000    0.0000002416370657
0.580000  -.020000    0.0000002386210043
0.620000  -.020000    0.0000002291196033
0.660000  -.020000    0.0000002689452332
0.700000  -.020000    0.0000002455130618
0.740000  -.020000    0.0000002119752914
0.780000  -.020000    0.0000002127996033
0.820000  -.020000    0.0000001943664148
0.860000  -.020000    0.0000001568290509
0.900000  -.020000    0.0000000953720062
0.940000  -.020000    0.0000000321466120
0.980000  -.020000   -0.0000000428804774
-.900000  0.020000   -0.0000000242048895
-.860000  0.020000   -0.0000000452250325
-.820000  0.020000   -0.0000000468595249
-.780000  0.020000   -0.0000000301754025
-.740000  0.020000    0.0000000015212888
-.700000  0.020000   -0.0000000002031172
-.660000  0.020000    0.0000000015725090
-.620000  0.020000    0.0000000546600272
-.580000  0.020000    0.0000000601029015
-.540000  0.020000    0.0000000647440695
-.500000  0.020000    0.0000000685145892
-.460000  0.020000    0.0000000706419417
-.420000  0.020000    0.0000000716316110
-.380000  0.020000    0.0000000697680434
-.340000  0.020000    0.0000000647295758
-.300000  0.020000    0.0000000574159810
-.260000  0.020000    0.0000000466920241
-.220000  0.020000    0.0000000330912714
-.180000  0.020000    0.0000000157213400
-.140000  0.020000   -0.0000000067626848
-.100000  0.020000   -0.0000000350802265
-.060000  0.020000   -0.0000000740686400
-.020000  0.020000   -0.0000000713829843
0.020000  0.020000   -0.0000000890855454
0.060000  0.020000   -0.0000001251812589
0.100000  0.020000   -0.0000001335979047
0.140000  0.020000   -0.0000001311334482
0.180000  0.020000   -0.0000001393033981
0.220000  0.020000   -0.0000001818442173
0.260000  0.020000   -0.0000001793163062
0.300000  0.020000   -0.0000000887880305
0.340000  0.020000   -0.0000003083836758
0.380000  0.020000   -0.0000002451425937
0.420000  0.020000   -0.0000002205418035
0.460000  0.020000   -0.0000002328572866
0.500000  0.020000   -0.0000002431776234
0.540000  0.020000   -0.0000002416370657
0.580000  0.020000   -0.0000002386210043
0.620000  0.020000   -0.0000002291196033
0.660000  0.020000   -0.0000002689452332
0.700000  0.020000   -0.0000002455130618
0.740000  0.020000   -0.0000002119752914
0.780000  0.020000   -0.0000002127996033
0.820000  0.020000   -0.0000001943664148
0.860000  0.020000   -0.0000001568290509
0.900000  0.020000   -0.0000000953720062
0.940000  0.020000   -0.0000000321466120
0.980000  0.020000    0.0000000428804774
-.900000  0.060000   -0.0000000655714484
-.860000  0.060000   -0.0000001273242485
-.820000  0.060000   -0.0000001325085013
-.780000  0.060000   -0.0000000825044488
-.740000  0.060000    0.0000000120134138
-.700000  0.060000    0.0000000079700816
-.660000  0.060000    0.0000000130412182
-.620000  0.060000    0.0000001726273811
-.580000  0.060000    0.0000001902611434
-.540000  0.060000    0.0000002054895993
-.500000  0.060000    0.0000002183106212
-.460000  0.060000    0.0000002265098781
-.420000  0.060000    0.0000002312218575
-.380000  0.060000    0.0000002288482650
-.340000  0.060000    0.0000002189817489
-.300000  0.060000    0.0000002041730886
-.260000  0.060000    0.0000001832809801
-.220000  0.060000    0.0000001604924379
-.180000  0.060000    0.0000001390430439
-.140000  0.060000    0.0000001298140205
-.100000  0.060000    0.0000001646797627
-.060000  0.060000   -0.0000006061169223
-.020000  0.060000   -0.0000002727357874
0.020000  0.060000   -0.0000003266087151
0.060000  0.060000   -0.0000007235551506
0.100000  0.060000   -0.0000001088867497
0.140000  0.060000   -0.0000002378558602
0.180000  0.060000   -0.0000003286862636
0.220000  0.060000   -0.0000004370904610
0.260000  0.060000   -0.0000004780066392
0.300000  0.060000   -0.0000006434017658
0.340000  0.060000   -0.0000002938237263
0.380000  0.060000   -0.0000004862322064
0.420000  0.060000   -0.0000006727294756
0.460000  0.060000   -0.0000006917592198
0.500000  0.060000   -0.0000007006609363
0.540000  0.060000   -0.0000007069554939
0.580000  0.060000   -0.0000006959526503
0.620000  0.060000   -0.0000006682036719
0.660000  0.060000   -0.0000007905809997
0.700000  0.060000   -0.0000007194961145
0.740000  0.060000   -0.0000006179465686
0.780000  0.060000   -0.0000006221750808
0.820000  0.060000   -0.0000005666412709
0.860000  0.060000   -0.0000004529868124
0.900000  0.060000   -0.0000002659704408
0.940000  0.060000   -0.0000000718448916
0.980000  0.060000    0.0000000768759835
-.900000  0.100000   -0.0000000871384913
-.860000  0.100000   -0.0000001852556304
-.820000  0.100000   -0.0000001939230771
-.780000  0.100000   -0.0000001113748825
-.740000  0.100000   -0.0000001579884417
-.700000  0.100000    0.0000000413093583
-.660000  0.100000    0.0000000502084549
-.620000  0.100000    0.0000000673718932
-.580000  0.100000    0.0000003490414084
-.540000  0.100000    0.0000003790613737
-.500000  0.100000    0.0000004055214360
-.460000  0.100000    0.0000004255616635
-.420000  0.100000    0.0000004399286444
-.380000  0.100000    0.0000004466188336
-.340000  0.100000    0.0000004461722997
-.300000  0.100000    0.0000004426796535
-.260000  0.100000    0.0000004390340108
-.220000  0.100000    0.0000004461045932
-.180000  0.100000    0.0000004776996800
-.140000  0.100000   -0.0000001759579130
-.100000  0.100000   -0.0000001110032201
-.060000  0.100000    0.0000001962352656
-.020000  0.100000   -0.0000003499841081
0.020000  0.100000   -0.0000004413559347
0.060000  0.100000   -0.0000000676357511
0.100000  0.100000   -0.0000005744932158
0.140000  0.100000   -0.0000008096209144
0.180000  0.100000   -0.0000002554020151
0.220000  0.100000   -0.0000004446890457
0.260000  0.100000   -0.0000006017926424
0.300000  0.100000   -0.0000007869248144
0.340000  0.100000   -0.0000010126621442
0.380000  0.100000   -0.0000010147726043
0.420000  0.100000   -0.0000010125017741
0.460000  0.100000   -0.0000010780000575
0.500000  0.100000   -0.0000010905389527
0.540000  0.100000   -0.0000011121435059
0.580000  0.100000   -0.0000010937736781
0.620000  0.100000   -0.0000013429710646
0.660000  0.100000   -0.0000012625744808
0.700000  0.100000   -0.0000011416994004
0.740000  0.100000   -0.0000012016574941
0.780000  0.100000   -0.0000009812116939
0.820000  0.100000   -0.0000008883352585
0.860000  0.100000   -0.0000006948754766
0.900000  0.100000   -0.0000003741399145
0.940000  0.100000   -0.0000001905731290
0.980000  0.100000    0.0000001205044731
-.900000  0.140000   -0.0000001560190703
-.860000  0.140000   -0.0000002061691855
-.820000  0.140000   -0.0000002165052920
-.780000  0.140000   -0.0000001038890064
-.740000  0.140000   -0.0000001642160421
-.700000  0.140000    0.0000001137513365
-.660000  0.140000    0.0000001305448155
-.620000  0.140000    0.0000001576012031
-.580000  0.140000    0.0000001937400949
-.540000  0.140000    0.0000006027652940
-.500000  0.140000    0.0000006500695821
-.460000  0.140000    0.0000006909069975
-.420000  0.140000    0.0000007247864323
-.380000  0.140000    0.0000007535087128
-.340000  0.140000    0.0000007791068733
-.300000  0.140000    0.0000008068174989
-.260000  0.140000    0.0000002481958965
-.220000  0.140000    0.0000002444047703
-.180000  0.140000    0.0000002858779460
-.140000  0.140000    0.0000004163533083
-.100000  0.140000   -0.0000003663620362
-.060000  0.140000    0.0000000851050088
-.020000  0.140000   -0.0000004001343494
0.020000  0.140000   -0.0000005282171436
0.060000  0.140000   -0.0000002904062200
0.100000  0.140000   -0.0000009909907338
0.140000  0.140000   -0.0000004222996891
0.180000  0.140000   -0.0000008160077516
0.220000  0.140000   -0.0000010775603469
0.260000  0.140000   -0.0000012871286749
0.300000  0.140000   -0.0000007107676227
0.340000  0.140000   -0.0000008946481597
0.380000  0.140000   -0.0000010873073181
0.420000  0.140000   -0.0000012350679849
0.460000  0.140000   -0.0000013142321898
0.500000  0.140000   -0.0000013859652736
0.540000  0.140000   -0.0000014074346432
0.580000  0.140000   -0.0000018295235317
0.620000  0.140000   -0.0000017642618265
0.660000  0.140000   -0.0000016490266710
0.700000  0.140000   -0.0000014752468398
0.740000  0.140000   -0.0000015727206922
0.780000  0.140000   -0.0000012511553006
0.820000  0.140000   -0.0000011221322852
0.860000  0.140000   -0.0000008416599889
0.900000  0.140000   -0.0000006065890035
0.940000  0.140000   -0.0000000950449733
0.980000  0.140000    0.0000003014196113
-.900000  0.180000   -0.0000001187539503
-.860000  0.180000   -0.0000003653975970
-.820000  0.180000   -0.0000004482063545
-.780000  0.180000   -0.0000003555404036
-.740000  0.180000   -0.0000001155035974
-.700000  0.180000   -0.0000001503087719
-.660000  0.180000    0.0000002669384364
-.620000  0.180000    0.0000003116746773
-.580000  0.180000    0.0000003645297762
-.540000  0.180000    0.0000004206602524
-.500000  0.180000    0.0000004749698996
-.460000  0.180000    0.0000005226175411
-.420000  0.180000    0.0000005617899984
-.380000  0.180000    0.0000005935057640
-.340000  0.180000    0.0000006224570250
-.300000  0.180000    0.0000006577458233
-.260000  0.180000    0.0000007119690056
-.220000  0.180000    0.0000008043054706
-.180000  0.180000    0.0000000500373767
-.140000  0.180000    0.0000002435552180
-.100000  0.180000    0.0000006214062728
-.060000  0.180000    0.0000000125420950
-.020000  0.180000   -0.0000004358809593
0.020000  0.180000   -0.0000005973872252
0.060000  0.180000   -0.0000004669196698
0.100000  0.180000   -0.0000001106514584
0.140000  0.180000   -0.0000008536661215
0.180000  0.180000   -0.0000013474056834
0.220000  0.180000   -0.0000007668016318
0.260000  0.180000   -0.0000011473707260
0.300000  0.180000   -0.0000014483039310
0.340000  0.180000   -0.0000016692764974
0.380000  0.180000   -0.0000018422168660
0.420000  0.180000   -0.0000019799508425
0.460000  0.180000   -0.0000020943791592
0.500000  0.180000   -0.0000021560290887
0.540000  0.180000   -0.0000021727146741
0.580000  0.180000   -0.0000021460667253
0.620000  0.180000   -0.0000020612074480
0.660000  0.180000   -0.0000019105666478
0.700000  0.180000   -0.0000021368222580
0.740000  0.180000   -0.0000018235542705
0.780000  0.180000   -0.0000017778171870
0.820000  0.180000   -0.0000015583033678
0.860000  0.180000   -0.0000011607000453
0.900000  0.180000   -0.0000005301617766
0.940000  0.180000   -0.0000000867496540
0.980000  0.180000    0.0000004813340254
-.900000  0.220000   -0.0000001102997764
-.860000  0.220000   -0.0000003017442390
-.820000  0.220000   -0.0000003973383669
-.780000  0.220000   -0.0000002891615640
-.740000  0.220000   -0.0000004263849199
-.700000  0.220000   -0.0000000335359478
-.660000  0.220000   -0.0000000287153804
-.620000  0.220000    0.0000005361922865
-.580000  0.220000    0.0000006174046405
-.540000  0.220000    0.0000007029595664
-.500000  0.220000    0.0000007895386207
-.460000  0.220000    0.0000008730918258
-.420000  0.220000    0.0000009538515666
-.380000  0.220000    0.0000010332032225
-.340000  0.220000    0.0000011176465205
-.300000  0.220000    0.0000012164695895
-.260000  0.220000    0.0000005115851820
-.220000  0.220000    0.0000006429290126
-.180000  0.220000    0.0000008592992488
-.140000  0.220000    0.0000000935914040
-.100000  0.220000    0.0000005579414699
-.060000  0.220000   -0.0000000337340278
-.020000  0.220000   -0.0000004680424477
0.020000  0.220000   -0.0000006609351502
0.060000  0.220000   -0.0000006092258174
0.100000  0.220000   -0.0000003491093293
0.140000  0.220000   -0.0000012266511088
0.180000  0.220000   -0.0000007169648489
0.220000  0.220000   -0.0000013122687525
0.260000  0.220000   -0.0000017581108881
0.300000  0.220000   -0.0000011344784631
0.340000  0.220000   -0.0000015031299466
0.380000  0.220000   -0.0000017925807872
0.420000  0.220000   -0.0000020149310231
0.460000  0.220000   -0.0000021708065459
0.500000  0.220000   -0.0000022725637785
0.540000  0.220000   -0.0000023162525077
0.580000  0.220000   -0.0000022898698794
0.620000  0.220000   -0.0000021906002665
0.660000  0.220000   -0.0000025978024712
0.700000  0.220000   -0.0000023136730736
0.740000  0.220000   -0.0000023895996198
0.780000  0.220000   -0.0000018644082721
0.820000  0.220000   -0.0000015917009478
0.860000  0.220000   -0.0000010752567766
0.900000  0.220000   -0.0000006025875382
0.940000  0.220000    0.0000000726765475
-.900000  0.260000   -0.0000000201467670
-.860000  0.260000   -0.0000003879352405
-.820000  0.260000   -0.0000006059363662
-.780000  0.260000   -0.0000005652102695
-.740000  0.260000   -0.0000002930713611
-.700000  0.260000   -0.0000003778541421
-.660000  0.260000    0.0000001837609359
-.620000  0.260000    0.0000002363171907
-.580000  0.260000    0.0000003158611748
-.540000  0.260000    0.0000004094386552
-.500000  0.260000    0.0000005095815431
-.460000  0.260000    0.0000006116783778
-.420000  0.260000    0.0000007132043323
-.380000  0.260000    0.0000008180543316
-.340000  0.260000    0.0000009332066887
-.300000  0.260000    0.0000010701000430
-.260000  0.260000    0.0000012435340847
-.220000  0.260000    0.0000004687950799
-.180000  0.260000    0.0000007495960140
-.140000  0.260000   -0.0000000295453228
-.100000  0.260000    0.0000005127240198
-.060000  0.260000   -0.0000000658919412
-.020000  0.260000   -0.0000004893349328
0.020000  0.260000   -0.0000007117860082
0.060000  0.260000   -0.0000007249866247
0.100000  0.260000   -0.0000005481174524
0.140000  0.260000   -0.0000015423337649
0.180000  0.260000   -0.0000011117352304
0.220000  0.260000   -0.0000018014658495
0.260000  0.260000   -0.0000012181383731
0.300000  0.260000   -0.0000017451044022
0.340000  0.260000   -0.0000021606925639
0.380000  0.260000   -0.0000024826063524
0.420000  0.260000   -0.0000027269622026
0.460000  0.260000   -0.0000029034613456
0.500000  0.260000   -0.0000030114137520
0.540000  0.260000   -0.0000030463386549
0.580000  0.260000   -0.0000030045940879
0.620000  0.260000   -0.0000028753129702
0.660000  0.260000   -0.0000026426268780
0.700000  0.260000   -0.0000028906872156
0.740000  0.260000   -0.0000024063114295
0.780000  0.260000   -0.0000022655475117
0.820000  0.260000   -0.0000018701341619
0.860000  0.260000   -0.0000011979844939
0.900000  0.260000   -0.0000005334554799
0.940000  0.260000    0.0000001208062054
-.860000  0.300000   -0.0000003976658071
-.820000  0.300000   -0.0000004182112105
-.780000  0.300000   -0.0000003756562440
-.740000  0.300000   -0.0000006111273846
-.700000  0.300000   -0.0000001506181489
-.660000  0.300000   -0.0000001692278219
-.620000  0.300000    0.0000005636304765
-.580000  0.300000    0.0000006794654269
-.540000  0.300000    0.0000008135304299
-.500000  0.300000    0.0000009599665323
-.460000  0.300000    0.0000011131199644
-.420000  0.300000    0.0000012729609850
-.380000  0.300000    0.0000014421871345
-.340000  0.300000    0.0000007042189965
-.300000  0.300000    0.0000008846652649
-.260000  0.300000    0.0000011133172327
-.220000  0.300000    0.0000014034608352
-.180000  0.300000    0.0000006490459528
-.140000  0.300000    0.0000011263814094
-.100000  0.300000    0.0000004862542100
-.060000  0.300000   -0.0000000801395502
-.020000  0.300000   -0.0000005039564094
0.020000  0.300000   -0.0000007525599614
0.060000  0.300000   -0.0000008149509685
0.100000  0.300000   -0.0000007088402947
0.140000  0.300000   -0.0000004417960536
0.180000  0.300000   -0.0000014483567899
0.220000  0.300000   -0.0000009544991144
0.260000  0.300000   -0.0000017054154456
0.300000  0.300000   -0.0000022993247478
0.340000  0.300000   -0.0000027620375584
0.380000  0.300000   -0.0000020781611746
0.420000  0.300000   -0.0000024300783254
0.460000  0.300000   -0.0000026828597808
0.500000  0.300000   -0.0000028425902225
0.540000  0.300000   -0.0000029070117799
0.580000  0.300000   -0.0000028699267525
0.620000  0.300000   -0.0000027189822672
0.660000  0.300000   -0.0000032036857908
0.700000  0.300000   -0.0000027775203884
0.740000  0.300000   -0.0000028065284731
0.780000  0.300000   -0.0000020136989668
0.820000  0.300000   -0.0000015302026002
0.860000  0.300000   -0.0000011659988309
0.900000  0.300000   -0.0000002511439499
0.940000  0.300000    0.0000006052699077
-.860000  0.340000   -0.0000002918634267
-.820000  0.340000   -0.0000004945871324
-.780000  0.340000   -0.0000005668967600
-.740000  0.340000   -0.0000003307793724
-.700000  0.340000   -0.0000004818339822
-.660000  0.340000    0.0000001745841421
-.620000  0.340000    0.0000002388107900
-.580000  0.340000    0.0000003466747326
-.540000  0.340000    0.0000004873042381
-.500000  0.340000    0.0000006530096784
-.460000  0.340000    0.0000008360187800
-.420000  0.340000    0.0000010330407004
-.380000  0.340000    0.0000012472251946
-.340000  0.340000    0.0000014819731253
-.300000  0.340000    0.0000006860935823
-.260000  0.340000    0.0000009749751706
-.220000  0.340000    0.0000013328569492
-.180000  0.340000    0.0000005658804615
-.140000  0.340000    0.0000011102720348
-.100000  0.340000    0.0000004739011650
-.060000  0.340000   -0.0000000805614057
-.020000  0.340000   -0.0000005056010924
0.020000  0.340000   -0.0000007767357425
0.060000  0.340000   -0.0000008811715322
0.100000  0.340000   -0.0000008301679143
0.140000  0.340000   -0.0000006266032895
0.180000  0.340000   -0.0000017258205633
0.220000  0.340000   -0.0000012914441604
0.260000  0.340000   -0.0000021212595168
0.300000  0.340000   -0.0000027770110636
0.340000  0.340000   -0.0000021367245361
0.380000  0.340000   -0.0000026376261451
0.420000  0.340000   -0.0000030164319297
0.460000  0.340000   -0.0000032835267905
0.500000  0.340000   -0.0000034437243467
0.540000  0.340000   -0.0000034951527078
0.580000  0.340000   -0.0000034292345581
0.620000  0.340000   -0.0000032342770197
0.660000  0.340000   -0.0000028907409810
0.700000  0.340000   -0.0000031479555236
0.740000  0.340000   -0.0000024309443636
0.780000  0.340000   -0.0000021386120076
0.820000  0.340000   -0.0000014826606352
0.860000  0.340000   -0.0000009243260707
0.900000  0.340000   -0.0000001400731629
0.940000  0.340000    0.0000011217850785
-.860000  0.380000   -0.0000000605489686
-.820000  0.380000   -0.0000004689609836
-.780000  0.380000   -0.0000006873620518
-.740000  0.380000   -0.0000005483587676
-.700000  0.380000   -0.0000007944801537
-.660000  0.380000   -0.0000001392748003
-.620000  0.380000   -0.0000001112842312
-.580000  0.380000   -0.0000000177231451
-.540000  0.380000    0.0000001289921060
-.500000  0.380000    0.0000003140427665
-.460000  0.380000    0.0000005251968901
-.420000  0.380000    0.0000007604035630
-.380000  0.380000    0.0000010213924852
-.340000  0.380000    0.0000013117337133
-.300000  0.380000    0.0000016359905795
-.260000  0.380000    0.0000008388186528
-.220000  0.380000    0.0000012665304932
-.180000  0.380000    0.0000004986970923
-.140000  0.380000    0.0000011103142242
-.100000  0.380000    0.0000004810670206
-.060000  0.380000   -0.0000000648123207
-.020000  0.380000   -0.0000004929586385
0.020000  0.380000   -0.0000007797059848
0.060000  0.380000   -0.0000009178197590
0.100000  0.380000   -0.0000009116964640
0.140000  0.380000   -0.0000007595121572
0.180000  0.380000   -0.0000019428535558
0.220000  0.380000   -0.0000015602635762
0.260000  0.380000   -0.0000024616787624
0.300000  0.380000   -0.0000018845658832
0.340000  0.380000   -0.0000025713425514
0.380000  0.380000   -0.0000031086646978
0.420000  0.380000   -0.0000035089128087
0.460000  0.380000   -0.0000037824353134
0.500000  0.380000   -0.0000039360254141
0.540000  0.380000   -0.0000039680496386
0.580000  0.380000   -0.0000038691193667
0.620000  0.380000   -0.0000036215568697
0.660000  0.380000   -0.0000032020427657
0.700000  0.380000   -0.0000033645529776
0.740000  0.380000   -0.0000025144727090
0.780000  0.380000   -0.0000020690911903
0.820000  0.380000   -0.0000012022652901
0.860000  0.380000   -0.0000003773585847
0.900000  0.380000    0.0000004275942546
-.820000  0.420000   -0.0000005746444831
-.780000  0.420000   -0.0000006931408797
-.740000  0.420000   -0.0000006893951014
-.700000  0.420000   -0.0000003131171454
-.660000  0.420000   -0.0000004307817284
-.620000  0.420000   -0.0000004511886517
-.580000  0.420000    0.0000005740350052
-.540000  0.420000    0.0000007712239079
-.500000  0.420000    0.0000010099580195
-.460000  0.420000    0.0000012842417569
-.420000  0.420000    0.0000015857183627
-.380000  0.420000    0.0000007885325454
-.340000  0.420000    0.0000011378809392
-.300000  0.420000    0.0000015270114853
-.260000  0.420000    0.0000007154998002
-.220000  0.420000    0.0000012146443216
-.180000  0.420000    0.0000004506260241
-.140000  0.420000    0.0000011263815961
-.100000  0.420000    0.0000005089198185
-.060000  0.420000   -0.0000000283003931
-.020000  0.420000   -0.0000004580121517
0.020000  0.420000   -0.0000007567923883
0.060000  0.420000   -0.0000009205448982
0.100000  0.420000   -0.0000009484656434
0.140000  0.420000   -0.0000008365208581
0.180000  0.420000   -0.0000020944281413
0.220000  0.420000   -0.0000017521187107
0.260000  0.420000   -0.0000027188052533
0.300000  0.420000   -0.0000021724427908
0.340000  0.420000   -0.0000029055222372
0.380000  0.420000   -0.0000034738549533
0.420000  0.420000   -0.0000026541823935
0.460000  0.420000   -0.0000030161056127
0.500000  0.420000   -0.0000032249403811
0.540000  0.420000   -0.0000032779494215
0.580000  0.420000   -0.0000031667341552
0.620000  0.420000   -0.0000038514743579
0.660000  0.420000   -0.0000033402011640
0.700000  0.420000   -0.0000025858622616
0.740000  0.420000   -0.0000023853559548
0.780000  0.420000   -0.0000017532648617
0.820000  0.420000   -0.0000012755830238
0.860000  0.420000   -0.0000000260140961
0.900000  0.420000    0.0000011732513204
-.820000  0.460000   -0.0000001810628305
-.780000  0.460000   -0.0000005531498129
-.740000  0.460000   -0.0000007110130971
-.700000  0.460000   -0.0000011968721597
-.660000  0.460000   -0.0000006579642352
-.620000  0.460000   -0.0000007437627750
-.580000  0.460000    0.0000003039284207
-.540000  0.460000    0.0000004937577479
-.500000  0.460000    0.0000007469728967
-.460000  0.460000    0.0000010502694309
-.420000  0.460000    0.0000013946263189
-.380000  0.460000    0.0000005635523124
-.340000  0.460000    0.0000009718433463
-.300000  0.460000    0.0000014263114800
-.260000  0.460000    0.0000006116563291
-.220000  0.460000    0.0000011811135786
-.180000  0.460000    0.0000004276210880
-.140000  0.460000    0.0000011657372397
-.100000  0.460000    0.0000005615426648
-.060000  0.460000    0.0000000330078855
-.020000  0.460000   -0.0000003937609350
0.020000  0.460000   -0.0000006998853760
0.060000  0.460000   -0.0000008805390173
0.100000  0.460000   -0.0000009334759783
0.140000  0.460000   -0.0000008516791300
0.180000  0.460000   -0.0000021743524356
0.220000  0.460000   -0.0000018600250265
0.260000  0.460000   -0.0000028845215387
0.300000  0.460000   -0.0000023571384024
0.340000  0.460000   -0.0000031283112145
0.380000  0.460000   -0.0000037212025565
0.420000  0.460000   -0.0000028929552398
0.460000  0.460000   -0.0000032509777764
0.500000  0.460000   -0.0000034393019907
0.540000  0.460000   -0.0000034519532016
0.580000  0.460000   -0.0000032773499830
0.620000  0.460000   -0.0000038963722279
0.660000  0.460000   -0.0000032703131572
0.700000  0.460000   -0.0000032099738353
0.740000  0.460000   -0.0000019855302763
0.780000  0.460000   -0.0000011125277449
0.820000  0.460000   -0.0000003363216771
0.860000  0.460000    0.0000003094413566
-.780000  0.500000   -0.0000005735945864
-.740000  0.500000   -0.0000011448547471
-.700000  0.500000   -0.0000011983721802
-.660000  0.500000   -0.0000007790168131
-.620000  0.500000   -0.0000009505343171
-.580000  0.500000    0.0000000817777617
-.540000  0.500000    0.0000002533194611
-.500000  0.500000    0.0000005104196769
-.460000  0.500000    0.0000008359946843
-.420000  0.500000    0.0000012171880372
-.380000  0.500000    0.0000003623857626
-.340000  0.500000    0.0000008285592177
-.300000  0.500000    0.0000013473670698
-.260000  0.500000    0.0000005346873546
-.220000  0.500000    0.0000011740406677
-.180000  0.500000    0.0000004366465640
-.140000  0.500000    0.0000012356091587
-.100000  0.500000    0.0000006464502063
-.060000  0.500000    0.0000001296555978
-.020000  0.500000   -0.0000002912555645
0.020000  0.500000   -0.0000005990346945
0.060000  0.500000   -0.0000007889018858
0.100000  0.500000   -0.0000008567122753
0.140000  0.500000   -0.0000007941472208
0.180000  0.500000   -0.0000021716173956
0.220000  0.500000   -0.0000018727975903
0.260000  0.500000   -0.0000029477860071
0.300000  0.500000   -0.0000024241916984
0.340000  0.500000   -0.0000032255940690
0.380000  0.500000   -0.0000038350859001
0.420000  0.500000   -0.0000029787530887
0.460000  0.500000   -0.0000033228743985
0.500000  0.500000   -0.0000034768241799
0.540000  0.500000   -0.0000034339971645
0.580000  0.500000   -0.0000031774821841
0.620000  0.500000   -0.0000037227301885
0.660000  0.500000   -0.0000029482399492
0.700000  0.500000   -0.0000027486101447
0.740000  0.500000   -0.0000020842688463
0.780000  0.500000   -0.0000008662352190
0.820000  0.500000    0.0000004874250967
0.860000  0.500000    0.0000013111568320
-.780000  0.540000   -0.0000001580449566
-.740000  0.540000   -0.0000007390372682
-.700000  0.540000   -0.0000010051105409
-.660000  0.540000   -0.0000007548194328
-.620000  0.540000   -0.0000010275671961
-.580000  0.540000   -0.0000000559414389
-.540000  0.540000    0.0000000827625908
-.500000  0.540000    0.0000003296708140
-.460000  0.540000    0.0000006665732525
-.420000  0.540000    0.0000010768786914
-.380000  0.540000    0.0000002056107367
-.340000  0.540000    0.0000007253116160
-.300000  0.540000    0.0000013026460952
-.260000  0.540000    0.0000004987450184
-.220000  0.540000    0.0000012035733710
-.180000  0.540000    0.0000004864406960
-.140000  0.540000    0.0000013437120389
-.100000  0.540000    0.0000007725830131
-.060000  0.540000    0.0000002709563841
-.020000  0.540000   -0.0000001390776692
0.020000  0.540000   -0.0000004429444731
0.060000  0.540000   -0.0000006341291517
0.100000  0.540000   -0.0000007068304015
0.140000  0.540000   -0.0000006528764627
0.180000  0.540000   -0.0000020741120211
0.220000  0.540000   -0.0000017775371905
0.260000  0.540000   -0.0000028921035507
0.300000  0.540000   -0.0000023563684136
0.340000  0.540000   -0.0000031772750612
0.380000  0.540000   -0.0000037945128036
0.420000  0.540000   -0.0000028884239983
0.460000  0.540000   -0.0000032037732968
0.500000  0.540000   -0.0000033073916981
0.540000  0.540000   -0.0000031887477106
0.580000  0.540000   -0.0000028260411112
0.620000  0.540000   -0.0000032810097497
0.660000  0.540000   -0.0000023122824546
0.700000  0.540000   -0.0000019260071035
0.740000  0.540000   -0.0000009749203216
0.780000  0.540000   -0.0000001026231742
0.820000  0.540000    0.0000008397619921
-.740000  0.580000   -0.0000004708377747
-.700000  0.580000   -0.0000012081990011
-.660000  0.580000   -0.0000013493743701
-.620000  0.580000   -0.0000009324458063
-.580000  0.580000   -0.0000011375408152
-.540000  0.580000    0.0000000141195475
-.500000  0.580000    0.0000002355136774
-.460000  0.580000    0.0000005691754271
-.420000  0.580000    0.0000009952315633
-.380000  0.580000    0.0000001166429901
-.340000  0.580000    0.0000006796887232
-.300000  0.580000    0.0000013079006779
-.260000  0.580000    0.0000005194965167
-.220000  0.580000    0.0000012829750251
-.180000  0.580000    0.0000005894498386
-.140000  0.580000   -0.0000000646954238
-.100000  0.580000    0.0000009528301190
-.060000  0.580000    0.0000004710787393
-.020000  0.580000    0.0000000768221422
0.020000  0.580000   -0.0000002157621709
0.060000  0.580000   -0.0000003992609383
0.100000  0.580000   -0.0000004670919425
0.140000  0.580000   -0.0000020348199774
0.180000  0.580000   -0.0000018624158253
0.220000  0.580000   -0.0000015551815409
0.260000  0.580000   -0.0000026974032218
0.300000  0.580000   -0.0000021337023856
0.340000  0.580000   -0.0000029596236094
0.380000  0.580000   -0.0000035721201846
0.420000  0.580000   -0.0000025923909687
0.460000  0.580000   -0.0000028597570442
0.500000  0.580000   -0.0000028917437738
0.540000  0.580000   -0.0000026712515131
0.580000  0.580000   -0.0000033368552559
0.620000  0.580000   -0.0000025032512135
0.660000  0.580000   -0.0000023152046325
0.700000  0.580000   -0.0000015877472135
0.740000  0.580000   -0.0000001672968231
0.780000  0.580000    0.0000007245361547
-.700000  0.620000   -0.0000008994218445
-.660000  0.620000   -0.0000008322117874
-.620000  0.620000   -0.0000015381872982
-.580000  0.620000   -0.0000009460341423
-.540000  0.620000   -0.0000010625734603
-.500000  0.620000   -0.0000009910829583
-.460000  0.620000   -0.0000007532511513
-.420000  0.620000   -0.0000003744150596
-.380000  0.620000    0.0000001216790937
-.340000  0.620000    0.0000007138801679
-.300000  0.620000    0.0000013784128182
-.260000  0.620000    0.0000006142744957
-.220000  0.620000    0.0000014264736348
-.180000  0.620000    0.0000007619715895
-.140000  0.620000    0.0000001351633202
-.100000  0.620000   -0.0000004264003643
-.060000  0.620000    0.0000007454388419
-.020000  0.620000    0.0000003732699669
0.020000  0.620000    0.0000000991945849
0.060000  0.620000   -0.0000000669821744
0.100000  0.620000   -0.0000017750334348
0.140000  0.620000   -0.0000017086973087
0.180000  0.620000   -0.0000015149464860
0.220000  0.620000   -0.0000011844944752
0.260000  0.620000   -0.0000023360648390
0.300000  0.620000   -0.0000017285096634
0.340000  0.620000   -0.0000025411941215
0.380000  0.620000   -0.0000031313736580
0.420000  0.620000   -0.0000034879914349
0.460000  0.620000   -0.0000036079204387
0.500000  0.620000   -0.0000034818640781
0.540000  0.620000   -0.0000030867120333
0.580000  0.620000   -0.0000023795708025
0.620000  0.620000   -0.0000023953807321
0.660000  0.620000   -0.0000008489634708
0.700000  0.620000   -0.0000007063432480
0.740000  0.620000    0.0000005888296179
0.780000  0.620000    0.0000016556833311
-.700000  0.660000   -0.0000000618546034
-.660000  0.660000   -0.0000011876646727
-.620000  0.660000   -0.0000008876316453
-.580000  0.660000   -0.0000015147082292
-.540000  0.660000   -0.0000007528012462
-.500000  0.660000   -0.0000007653466185
-.460000  0.660000   -0.0000005861335437
-.420000  0.660000   -0.0000002391286189
-.380000  0.660000    0.0000002486833120
-.340000  0.660000    0.0000008485208940
-.300000  0.660000    0.0000000205368034
-.260000  0.660000    0.0000008036611541
-.220000  0.660000    0.0000000720314561
-.180000  0.660000    0.0000010218754760
-.140000  0.660000    0.0000004282688987
-.100000  0.660000   -0.0000001036302425
-.060000  0.660000   -0.0000005529367874
-.020000  0.660000   -0.0000009067140259
0.020000  0.660000   -0.0000011581595409
0.060000  0.660000   -0.0000013003267034
0.100000  0.660000   -0.0000013271665738
0.140000  0.660000   -0.0000012315623882
0.180000  0.660000   -0.0000010049108508
0.220000  0.660000   -0.0000022791488841
0.260000  0.660000   -0.0000017762701167
0.300000  0.660000   -0.0000026984719509
0.340000  0.660000   -0.0000018844354676
0.380000  0.660000   -0.0000024252414248
0.420000  0.660000   -0.0000027159765476
0.460000  0.660000   -0.0000027416212186
0.500000  0.660000   -0.0000024818506028
0.540000  0.660000   -0.0000019020764284
0.580000  0.660000   -0.0000021383510940
0.620000  0.660000   -0.0000007134458516
0.660000  0.660000   -0.0000008504465918
0.700000  0.660000    0.0000001082592008
0.740000  0.660000    0.0000020288508744
-.660000  0.700000   -0.0000003148923308
-.620000  0.700000   -0.0000012356689139
-.580000  0.700000   -0.0000015900189824
-.540000  0.700000   -0.0000012360272631
-.500000  0.700000   -0.0000015098158063
-.460000  0.700000   -0.0000015339549022
-.420000  0.700000    0.0000000657393662
-.380000  0.700000   -0.0000009360101574
-.340000  0.700000   -0.0000003761301266
-.300000  0.700000    0.0000003157283747
-.260000  0.700000   -0.0000004876378523
-.220000  0.700000    0.0000004151717944
-.180000  0.700000   -0.0000002481812005
-.140000  0.700000    0.0000008371376360
-.100000  0.700000    0.0000003426308827
-.060000  0.700000   -0.0000000729633490
-.020000  0.700000   -0.0000003943512652
0.020000  0.700000   -0.0000006129645938
0.060000  0.700000   -0.0000007209082383
0.100000  0.700000   -0.0000007103877462
0.140000  0.700000   -0.0000005736526800
0.180000  0.700000   -0.0000019698747881
0.220000  0.700000   -0.0000015537928865
0.260000  0.700000   -0.0000025879623207
0.300000  0.700000   -0.0000018625285216
0.340000  0.700000   -0.0000025037415846
0.380000  0.700000   -0.0000028864638081
0.420000  0.700000   -0.0000015848444908
0.460000  0.700000   -0.0000028278422310
0.500000  0.700000   -0.0000023446728554
0.540000  0.700000   -0.0000014900495059
0.580000  0.700000   -0.0000013653738616
0.620000  0.700000   -0.0000005736865193
0.660000  0.700000    0.0000001465731046
0.700000  0.700000    0.0000015093692082
-.620000  0.740000   -0.0000003142326472
-.580000  0.740000   -0.0000009925101595
-.540000  0.740000   -0.0000011799587059
-.500000  0.740000   -0.0000017838198173
-.460000  0.740000   -0.0000008249207371
-.420000  0.740000   -0.0000007224428612
-.380000  0.740000   -0.0000004004914217
-.340000  0.740000    0.0000001089661083
-.300000  0.740000   -0.0000007774140105
-.260000  0.740000    0.0000000088544992
-.220000  0.740000   -0.0000007329109027
-.180000  0.740000    0.0000002874092030
-.140000  0.740000   -0.0000002772131335
-.100000  0.740000   -0.0000007631187883
-.060000  0.740000    0.0000005653183497
-.020000  0.740000    0.0000002863050883
0.020000  0.740000    0.0000001112408500
0.060000  0.740000    0.0000000486484252
0.100000  0.740000   -0.0000015963671227
0.140000  0.740000   -0.0000013967946351
0.180000  0.740000   -0.0000010562930337
0.220000  0.740000   -0.0000022031911641
0.260000  0.740000   -0.0000015474840037
0.300000  0.740000   -0.0000022887246230
0.340000  0.740000   -0.0000012573398663
0.380000  0.740000   -0.0000015317020151
0.420000  0.740000   -0.0000015025332032
0.460000  0.740000   -0.0000011360492963
0.500000  0.740000   -0.0000016911364742
0.540000  0.740000   -0.0000004479334614
0.580000  0.740000    0.0000002038528556
0.620000  0.740000    0.0000007724870213
0.660000  0.740000    0.0000021527347502
-.580000  0.780000   -0.0000001904462380
-.540000  0.780000   -0.0000011020490290
-.500000  0.780000   -0.0000013819418664
-.460000  0.780000   -0.0000009116413849
-.420000  0.780000   -0.0000010711792921
-.380000  0.780000   -0.0000009574989803
-.340000  0.780000   -0.0000005988662536
-.300000  0.780000   -0.0000000327605816
-.260000  0.780000   -0.0000008653015732
-.220000  0.780000    0.0000000113136659
-.180000  0.780000   -0.0000006358862125
-.140000  0.780000    0.0000004944800094
-.100000  0.780000    0.0000000542524071
-.060000  0.780000   -0.0000002929691278
-.020000  0.780000   -0.0000005343242440
0.020000  0.780000   -0.0000006604619844
0.060000  0.780000   -0.0000006627301950
0.100000  0.780000   -0.0000005334950350
0.140000  0.780000   -0.0000002642261589
0.180000  0.780000   -0.0000015146541147
0.220000  0.780000   -0.0000009187111360
0.260000  0.780000   -0.0000017569866662
0.300000  0.780000   -0.0000007787158673
0.340000  0.780000   -0.0000011341680369
0.380000  0.780000   -0.0000011801485140
0.420000  0.780000   -0.0000008796505172
0.460000  0.780000   -0.0000001767056687
0.500000  0.780000   -0.0000003099122318
0.540000  0.780000    0.0000003199092606
0.580000  0.780000    0.0000009737918229
0.620000  0.780000    0.0000018237615653
-.500000  0.820000   -0.0000008088145692
-.460000  0.820000   -0.0000011907793054
-.420000  0.820000   -0.0000018965485353
-.380000  0.820000   -0.0000009524315703
-.340000  0.820000   -0.0000008239720407
-.300000  0.820000   -0.0000004302924523
-.260000  0.820000   -0.0000013376250883
-.220000  0.820000   -0.0000005508306293
-.180000  0.820000   -0.0000012278206703
-.140000  0.820000   -0.0000001159546156
-.100000  0.820000   -0.0000005454059853
-.060000  0.820000   -0.0000008643643449
-.020000  0.820000   -0.0000010619960207
0.020000  0.820000   -0.0000011289225070
0.060000  0.820000   -0.0000010581784525
0.100000  0.820000   -0.0000008423491758
0.140000  0.820000   -0.0000004721372935
0.180000  0.820000   -0.0000015851321292
0.220000  0.820000   -0.0000008533539929
0.260000  0.820000   -0.0000015094075330
0.300000  0.820000   -0.0000003413451053
0.340000  0.820000   -0.0000004445284676
0.380000  0.820000   -0.0000001860168127
0.420000  0.820000   -0.0000008934857191
0.460000  0.820000    0.0000003592058746
0.500000  0.820000    0.0000010932538118
0.540000  0.820000    0.0000010318712676
-.460000  0.860000   -0.0000008699813605
-.420000  0.860000   -0.0000013109129951
-.380000  0.860000   -0.0000012077609574
-.340000  0.860000   -0.0000015566581323
-.300000  0.860000   -0.0000015417603286
-.260000  0.860000   -0.0000012012673545
-.220000  0.860000   -0.0000005870325927
-.180000  0.860000   -0.0000013007153980
-.140000  0.860000   -0.0000002755852814
-.100000  0.860000   -0.0000006967338512
-.060000  0.860000   -0.0000009906463367
-.020000  0.860000   -0.0000011444102256
0.020000  0.860000   -0.0000011484513281
0.060000  0.860000   -0.0000009956764786
0.100000  0.860000   -0.0000006779516576
0.140000  0.860000   -0.0000001853272858
0.180000  0.860000   -0.0000011211361153
0.220000  0.860000   -0.0000002114863743
0.260000  0.860000   -0.0000006271314616
0.300000  0.860000   -0.0000007077682078
0.340000  0.860000   -0.0000004018782795
0.380000  0.860000    0.0000003769816517
0.420000  0.860000    0.0000004362811374
0.460000  0.860000    0.0000003992022332
0.500000  0.860000    0.0000015726643468
-.380000  0.900000   -0.0000010435272079
-.340000  0.900000   -0.0000017094788110
-.300000  0.900000   -0.0000013277387440
-.260000  0.900000   -0.0000014557908871
-.220000  0.900000   -0.0000012007322668
-.180000  0.900000   -0.0000006210829118
-.140000  0.900000   -0.0000012517286612
-.100000  0.900000   -0.0000001863382611
-.060000  0.900000   -0.0000004561198849
-.020000  0.900000   -0.0000005671600531
0.020000  0.900000   -0.0000005053769087
0.060000  0.900000   -0.0000002611592064
0.100000  0.900000    0.0000001750673770
0.140000  0.900000   -0.0000007529112628
0.180000  0.900000    0.0000001398816665
0.220000  0.900000   -0.0000002305958543
0.260000  0.900000   -0.0000002343649839
0.300000  0.900000    0.0000002115422680
0.340000  0.900000   -0.0000001176957623
0.380000  0.900000    0.0000006009667897
0.420000  0.900000    0.0000014963552354
-.300000  0.940000   -0.0000007819220148
-.260000  0.940000   -0.0000016021123680
-.220000  0.940000   -0.0000012157191814
-.180000  0.940000   -0.0000012241973502
-.140000  0.940000   -0.0000008045324288
-.100000  0.940000   -0.0000013884747953
-.060000  0.940000   -0.0000003352570793
-.020000  0.940000   -0.0000004343071869
0.020000  0.940000   -0.0000003123965000
0.060000  0.940000    0.0000000429485190
0.100000  0.940000   -0.0000008076713024
0.140000  0.940000    0.0000000927634961
0.180000  0.940000   -0.0000000984241535
0.220000  0.940000    0.0000001782348424
0.260000  0.940000   -0.0000002012339770
0.300000  0.940000    0.0000006770412745
0.340000  0.940000    0.0000015930238665
-.180000  0.980000   -0.0000003947995589
-.140000  0.980000   -0.0000009491358687
-.100000  0.980000   -0.0000013454947078
-.060000  0.980000   -0.0000010408199565
-.020000  0.980000   -0.0000001956506496
0.020000  0.980000   -0.0000000319632755
0.060000  0.980000   -0.0000006206724451
0.100000  0.980000   -0.0000007092441877
0.140000  0.980000   -0.0000000442918849
0.180000  0.980000    0.0000002803979045
