-.140000  -.980000    0.0000006457469914
-.100000  -.980000    0.0000009118503896
-.060000  -.980000    0.0000007212830811
-.020000  -.980000    0.0000001861079685
0.020000  -.980000    0.0000000129408621
0.060000  -.980000    0.0000002581120982
0.100000  -.980000    0.0000002045632299
0.140000  -.980000   -0.0000002936141306
0.180000  -.980000   -0.0000006548090440
-.300000  -.940000    0.0000000452069683
-.260000  -.940000    0.0000009729299260
-.220000  -.940000    0.0000009267376160
-.180000  -.940000    0.0000009516185838
-.140000  -.940000    0.0000006838373414
-.100000  -.940000    0.0000009697779788
-.060000  -.940000    0.0000002884397142
-.020000  -.940000    0.0000002783858120
0.020000  -.940000    0.0000001402273563
0.060000  -.940000   -0.0000001353627051
0.100000  -.940000    0.0000003072753700
0.140000  -.940000   -0.0000002904278777
0.180000  -.940000   -0.0000002492825357
0.220000  -.940000   -0.0000004986203740
0.260000  -.940000   -0.0000003937779895
0.300000  -.940000   -0.0000010566108404
0.340000  -.940000   -0.0000018711498570
-.380000  -.900000    0.0000001629370142
-.340000  -.900000    0.0000010116279500
-.300000  -.900000    0.0000010042314078
-.260000  -.900000    0.0000011193173304
-.220000  -.900000    0.0000009599387525
-.180000  -.900000    0.0000005724664933
-.140000  -.900000    0.0000008814589108
-.100000  -.900000    0.0000001766309146
-.060000  -.900000    0.0000002729537281
-.020000  -.900000    0.0000002818341719
0.020000  -.900000    0.0000001960451805
0.060000  -.900000    0.0000000107135407
0.100000  -.900000   -0.0000002820491356
0.140000  -.900000    0.0000002472065377
0.180000  -.900000   -0.0000003121526332
0.220000  -.900000   -0.0000001259476769
0.260000  -.900000   -0.0000001743957992
0.300000  -.900000   -0.0000005082297363
0.340000  -.900000   -0.0000004332870111
0.380000  -.900000   -0.0000010120171268
0.420000  -.900000   -0.0000017794125289
-.420000  -.860000    0.0000006637192055
-.380000  -.860000    0.0000008906826505
-.340000  -.860000    0.0000011721604146
-.300000  -.860000    0.0000011851870092
-.260000  -.860000    0.0000009559262455
-.220000  -.860000    0.0000005304259184
-.180000  -.860000    0.0000008859992784
-.140000  -.860000    0.0000001906774263
-.100000  -.860000    0.0000003772524285
-.060000  -.860000    0.0000004995520734
-.020000  -.860000    0.0000005477202367
0.020000  -.860000    0.0000005193027158
0.060000  -.860000    0.0000004119781798
0.100000  -.860000    0.0000002191171469
0.140000  -.860000   -0.0000000680073359
0.180000  -.860000    0.0000004959073222
0.220000  -.860000   -0.0000000312651103
0.260000  -.860000    0.0000002135084182
0.300000  -.860000    0.0000002404078788
0.340000  -.860000    0.0000000149859475
0.380000  -.860000   -0.0000005225959730
0.420000  -.860000   -0.0000007004259117
0.460000  -.860000   -0.0000008974093423
0.500000  -.860000   -0.0000018842400259
-.500000  -.820000    0.0000001169379184
-.460000  -.820000    0.0000007204848782
-.420000  -.820000    0.0000012798835162
-.380000  -.820000    0.0000008556840935
-.340000  -.820000    0.0000007743775165
-.300000  -.820000    0.0000004939486144
-.260000  -.820000    0.0000009621449471
-.220000  -.820000    0.0000004017553764
-.180000  -.820000    0.0000007328158968
-.140000  -.820000   -0.0000000233009856
-.100000  -.820000    0.0000001750735962
-.060000  -.820000    0.0000003236317979
-.020000  -.820000    0.0000004140806778
0.020000  -.820000    0.0000004413425739
0.060000  -.820000    0.0000004060248419
0.100000  -.820000    0.0000003019659372
0.140000  -.820000    0.0000001199878459
0.180000  -.820000    0.0000008129582756
0.220000  -.820000    0.0000004333365909
0.260000  -.820000    0.0000008527119303
0.300000  -.820000    0.0000002077694561
0.340000  -.820000    0.0000002759222185
0.380000  -.820000    0.0000001016764127
0.420000  -.820000    0.0000004265632565
0.460000  -.820000   -0.0000004165350813
0.500000  -.820000   -0.0000010504561436
0.540000  -.820000   -0.0000013230190678
-.540000  -.780000    0.0000002797279570
-.500000  -.780000    0.0000008258910607
-.460000  -.780000    0.0000007821971990
-.420000  -.780000    0.0000009211464275
-.380000  -.780000    0.0000008477181899
-.340000  -.780000    0.0000005829963051
-.300000  -.780000    0.0000001642112264
-.260000  -.780000    0.0000005740543460
-.220000  -.780000   -0.0000000543579799
-.180000  -.780000    0.0000002536162684
-.140000  -.780000   -0.0000005029920135
-.100000  -.780000   -0.0000002922155126
-.060000  -.780000   -0.0000001160581373
-.020000  -.780000    0.0000000177652832
0.020000  -.780000    0.0000001015818994
0.060000  -.780000    0.0000001316731857
0.100000  -.780000    0.0000001055748426
0.140000  -.780000    0.0000000130596993
0.180000  -.780000    0.0000008072255022
0.220000  -.780000    0.0000005429380790
0.260000  -.780000    0.0000010975337179
0.300000  -.780000    0.0000006087750256
0.340000  -.780000    0.0000008643756025
0.380000  -.780000    0.0000009150013993
0.420000  -.780000    0.0000007318365242
0.460000  -.780000    0.0000002679205954
0.500000  -.780000    0.0000002087628636
0.540000  -.780000   -0.0000003668654552
0.580000  -.780000   -0.0000010628848831
0.620000  -.780000   -0.0000019738122955
-.580000  -.740000    0.0000002626520434
-.540000  -.740000    0.0000007240546249
-.500000  -.740000    0.0000012189865495
-.460000  -.740000    0.0000007819349126
-.420000  -.740000    0.0000007118318670
-.380000  -.740000    0.0000004648838891
-.340000  -.740000    0.0000000749101878
-.300000  -.740000    0.0000005135975525
-.260000  -.740000   -0.0000000716682311
-.220000  -.740000    0.0000002901436804
-.180000  -.740000   -0.0000004190752019
-.140000  -.740000   -0.0000001439796743
-.100000  -.740000    0.0000001035391885
-.060000  -.740000   -0.0000007050158456
-.020000  -.740000   -0.0000005341514192
0.020000  -.740000   -0.0000004001495988
0.060000  -.740000   -0.0000003106627777
0.100000  -.740000    0.0000006995138991
0.140000  -.740000    0.0000006702511450
0.180000  -.740000    0.0000005750271373
0.220000  -.740000    0.0000013227154407
0.260000  -.740000    0.0000010633881819
0.300000  -.740000    0.0000015769130136
0.340000  -.740000    0.0000010899581211
0.380000  -.740000    0.0000013107279835
0.420000  -.740000    0.0000013303695407
0.460000  -.740000    0.0000011167398918
0.500000  -.740000    0.0000013471454960
0.540000  -.740000    0.0000005240047847
0.580000  -.740000   -0.0000000770595665
0.620000  -.740000   -0.0000007478876680
0.660000  -.740000   -0.0000020239518206
-.620000  -.700000    0.0000002348245956
-.580000  -.700000    0.0000008489928306
-.540000  -.700000    0.0000009070432084
-.500000  -.700000    0.0000011510186208
-.460000  -.700000    0.0000011930598792
-.420000  -.700000    0.0000002019324831
-.380000  -.700000    0.0000007192013741
-.340000  -.700000    0.0000002713194044
-.300000  -.700000   -0.0000002616645692
-.260000  -.700000    0.0000001300964245
-.220000  -.700000   -0.0000005213463862
-.180000  -.700000   -0.0000001973184432
-.140000  -.700000   -0.0000009001561652
-.100000  -.700000   -0.0000006404910759
-.060000  -.700000   -0.0000004035100471
-.020000  -.700000   -0.0000001988494122
0.020000  -.700000   -0.0000000291461205
0.060000  -.700000    0.0000000991871274
0.100000  -.700000    0.0000001817796528
0.140000  -.700000    0.0000002124024469
0.180000  -.700000    0.0000011049741731
0.220000  -.700000    0.0000010033151264
0.260000  -.700000    0.0000017006847676
0.300000  -.700000    0.0000014325802309
0.340000  -.700000    0.0000019013037936
0.380000  -.700000    0.0000022066077298
0.420000  -.700000    0.0000015686875738
0.460000  -.700000    0.0000022793169534
0.500000  -.700000    0.0000020042964423
0.540000  -.700000    0.0000014674375706
0.580000  -.700000    0.0000012309657786
0.620000  -.700000    0.0000005346733444
0.660000  -.700000   -0.0000002483220507
0.700000  -.700000   -0.0000015272990356
-.660000  -.660000    0.0000000749852320
-.620000  -.660000    0.0000004952139819
-.580000  -.660000    0.0000010010350004
-.540000  -.660000    0.0000007171034768
-.500000  -.660000    0.0000007368331396
-.460000  -.660000    0.0000005937792541
-.420000  -.660000    0.0000003077499854
-.380000  -.660000   -0.0000000920853716
-.340000  -.660000   -0.0000005679221068
-.300000  -.660000   -0.0000001792670210
-.260000  -.660000   -0.0000007619636509
-.220000  -.660000   -0.0000004099437291
-.180000  -.660000   -0.0000010432334481
-.140000  -.660000   -0.0000007421418674
-.100000  -.660000   -0.0000004541299009
-.060000  -.660000   -0.0000001923747544
-.020000  -.660000    0.0000000369033488
0.020000  -.660000    0.0000002328267529
0.060000  -.660000    0.0000003898495241
0.100000  -.660000    0.0000005076948856
0.140000  -.660000    0.0000005792671506
0.180000  -.660000    0.0000005916431360
0.220000  -.660000    0.0000014271920571
0.260000  -.660000    0.0000013057479363
0.300000  -.660000    0.0000019532596456
0.340000  -.660000    0.0000016502952597
0.380000  -.660000    0.0000020736335916
0.420000  -.660000    0.0000023364998256
0.460000  -.660000    0.0000024241697140
0.500000  -.660000    0.0000023157819116
0.540000  -.660000    0.0000019811169978
0.580000  -.660000    0.0000020066083182
0.620000  -.660000    0.0000010580938381
0.660000  -.660000    0.0000008197539099
0.700000  -.660000   -0.0000001298183765
0.740000  -.660000   -0.0000017872570374
-.660000  -.620000    0.0000003798406415
-.620000  -.620000    0.0000009407267268
-.580000  -.620000    0.0000007890007774
-.540000  -.620000    0.0000009029372388
-.500000  -.620000    0.0000008544049103
-.460000  -.620000    0.0000006544151647
-.420000  -.620000    0.0000003256329164
-.380000  -.620000   -0.0000000982343557
-.340000  -.620000   -0.0000005809210097
-.300000  -.620000   -0.0000010888760170
-.260000  -.620000   -0.0000007368471667
-.220000  -.620000   -0.0000012932169101
-.180000  -.620000   -0.0000009684786235
-.140000  -.620000   -0.0000006420723115
-.100000  -.620000   -0.0000003332470674
-.060000  -.620000   -0.0000009698826437
-.020000  -.620000   -0.0000007153537679
0.020000  -.620000   -0.0000004897726804
0.060000  -.620000   -0.0000002999206172
0.100000  -.620000    0.0000007279486720
0.140000  -.620000    0.0000008294455166
0.180000  -.620000    0.0000008777839041
0.220000  -.620000    0.0000008579841995
0.260000  -.620000    0.0000016379332270
0.300000  -.620000    0.0000014732557646
0.340000  -.620000    0.0000020718324317
0.380000  -.620000    0.0000025317316322
0.420000  -.620000    0.0000028489944031
0.460000  -.620000    0.0000030130503129
0.500000  -.620000    0.0000030134857325
0.540000  -.620000    0.0000028261170383
0.580000  -.620000    0.0000024133016325
0.620000  -.620000    0.0000022887993876
0.660000  -.620000    0.0000012540331338
0.700000  -.620000    0.0000008249184112
0.740000  -.620000   -0.0000003582139661
0.780000  -.620000   -0.0000015555234862
-.700000  -.580000    0.0000003285695505
-.660000  -.580000    0.0000007511074686
-.620000  -.580000    0.0000007345856021
-.580000  -.580000    0.0000009277723147
-.540000  -.580000    0.0000002722962941
-.500000  -.580000    0.0000000765657917
-.460000  -.580000   -0.0000002179350903
-.420000  -.580000   -0.0000005889016350
-.380000  -.580000   -0.0000001666161120
-.340000  -.580000   -0.0000006423463817
-.300000  -.580000   -0.0000011278247581
-.260000  -.580000   -0.0000007538812029
-.220000  -.580000   -0.0000012777614151
-.180000  -.580000   -0.0000009310268383
-.140000  -.580000   -0.0000005854306536
-.100000  -.580000   -0.0000011494749030
-.060000  -.580000   -0.0000008542521282
-.020000  -.580000   -0.0000005827938068
0.020000  -.580000   -0.0000003410863942
0.060000  -.580000   -0.0000001346657877
0.100000  -.580000    0.0000000312324524
0.140000  -.580000    0.0000009882811831
0.180000  -.580000    0.0000010621992457
0.220000  -.580000    0.0000010719401940
0.260000  -.580000    0.0000018410094012
0.300000  -.580000    0.0000017219672117
0.340000  -.580000    0.0000023299147588
0.380000  -.580000    0.0000028100677838
0.420000  -.580000    0.0000024372984372
0.460000  -.580000    0.0000027047158640
0.500000  -.580000    0.0000028169684223
0.540000  -.580000    0.0000027541486171
0.580000  -.580000    0.0000031069974779
0.620000  -.580000    0.0000026068796174
0.660000  -.580000    0.0000023445821835
0.700000  -.580000    0.0000016948106098
0.740000  -.580000    0.0000005538697683
0.780000  -.580000   -0.0000004764633987
-.740000  -.540000    0.0000000406392431
-.700000  -.540000    0.0000004843087966
-.660000  -.540000    0.0000005832414109
-.620000  -.540000    0.0000008278458180
-.580000  -.540000    0.0000003162554190
-.540000  -.540000    0.0000001901374238
-.500000  -.540000   -0.0000000365895995
-.460000  -.540000   -0.0000003456040726
-.420000  -.540000   -0.0000007117291093
-.380000  -.540000   -0.0000002857526314
-.340000  -.540000   -0.0000007373504099
-.300000  -.540000   -0.0000011906292021
-.260000  -.540000   -0.0000007999222898
-.220000  -.540000   -0.0000012838105067
-.180000  -.540000   -0.0000009200766733
-.140000  -.540000   -0.0000014021097492
-.100000  -.540000   -0.0000010809260131
-.060000  -.540000   -0.0000007724529282
-.020000  -.540000   -0.0000004904327802
0.020000  -.540000   -0.0000002392545335
0.060000  -.540000   -0.0000000237757019
0.100000  -.540000    0.0000001517821059
0.140000  -.540000    0.0000002764409702
0.180000  -.540000    0.0000011646365560
0.220000  -.540000    0.0000011924794193
0.260000  -.540000    0.0000019404198606
0.300000  -.540000    0.0000018516556073
0.340000  -.540000    0.0000024562186080
0.380000  -.540000    0.0000029436135655
0.420000  -.540000    0.0000026310320313
0.460000  -.540000    0.0000029366309437
0.500000  -.540000    0.0000031056072720
0.540000  -.540000    0.0000031237834227
0.580000  -.540000    0.0000029661967938
0.620000  -.540000    0.0000031811253715
0.660000  -.540000    0.0000025809043007
0.700000  -.540000    0.0000021839021034
0.740000  -.540000    0.0000013722598763
0.780000  -.540000    0.0000004553629725
0.820000  -.540000   -0.0000006606810171
-.740000  -.500000    0.0000003554912176
-.700000  -.500000    0.0000006863836651
-.660000  -.500000    0.0000006402235953
-.620000  -.500000    0.0000008086282123
-.580000  -.500000    0.0000002078546048
-.540000  -.500000    0.0000000450089349
-.500000  -.500000   -0.0000002003075515
-.460000  -.500000   -0.0000005095932376
-.420000  -.500000   -0.0000008595654782
-.380000  -.500000   -0.0000004373466346
-.340000  -.500000   -0.0000008555187628
-.300000  -.500000   -0.0000012665453133
-.260000  -.500000   -0.0000008653276042
-.220000  -.500000   -0.0000013026999533
-.180000  -.500000   -0.0000009256476933
-.140000  -.500000   -0.0000013626605183
-.100000  -.500000   -0.0000010306468281
-.060000  -.500000   -0.0000007136293712
-.020000  -.500000   -0.0000004261433200
0.020000  -.500000   -0.0000001709993602
0.060000  -.500000    0.0000000460386075
0.100000  -.500000    0.0000002239132914
0.140000  -.500000    0.0000003500240211
0.180000  -.500000    0.0000012020718290
0.220000  -.500000    0.0000012369616232
0.260000  -.500000    0.0000019552406071
0.300000  -.500000    0.0000018822014470
0.340000  -.500000    0.0000024742869856
0.380000  -.500000    0.0000029592324630
0.420000  -.500000    0.0000026839912300
0.460000  -.500000    0.0000030124468919
0.500000  -.500000    0.0000032214200092
0.540000  -.500000    0.0000032963450415
0.580000  -.500000    0.0000032210372342
0.620000  -.500000    0.0000035100594999
0.660000  -.500000    0.0000030597885635
0.700000  -.500000    0.0000028100106092
0.740000  -.500000    0.0000022218400074
0.780000  -.500000    0.0000012308160054
0.820000  -.500000   -0.0000000068394515
0.860000  -.500000   -0.0000011097452251
-.780000  -.460000    0.0000000370692169
-.740000  -.460000    0.0000003590190100
-.700000  -.460000    0.0000007719320219
-.660000  -.460000    0.0000005989631065
-.620000  -.460000    0.0000006927113130
-.580000  -.460000    0.0000000450566475
-.540000  -.460000   -0.0000001442046493
-.500000  -.460000   -0.0000003962316028
-.460000  -.460000   -0.0000006937398458
-.420000  -.460000   -0.0000010179196158
-.380000  -.460000   -0.0000006103730715
-.340000  -.460000   -0.0000009841602292
-.300000  -.460000   -0.0000013455573240
-.260000  -.460000   -0.0000009405460258
-.220000  -.460000   -0.0000013256181790
-.180000  -.460000   -0.0000009393071967
-.140000  -.460000   -0.0000013299585113
-.100000  -.460000   -0.0000009910787696
-.060000  -.460000   -0.0000006702471689
-.020000  -.460000   -0.0000003802118562
0.020000  -.460000   -0.0000001278304320
0.060000  -.460000    0.0000000859738946
0.100000  -.460000    0.0000002584300288
0.140000  -.460000    0.0000003788754519
0.180000  -.460000    0.0000011857921549
0.220000  -.460000    0.0000012181853816
0.260000  -.460000    0.0000019020174173
0.300000  -.460000    0.0000018310124704
0.340000  -.460000    0.0000024028743253
0.380000  -.460000    0.0000028771006114
0.420000  -.460000    0.0000026194191461
0.460000  -.460000    0.0000029582807824
0.500000  -.460000    0.0000031912811292
0.540000  -.460000    0.0000033074327209
0.580000  -.460000    0.0000032909464048
0.620000  -.460000    0.0000036448975718
0.660000  -.460000    0.0000033044020754
0.700000  -.460000    0.0000031693268334
0.740000  -.460000    0.0000023726918807
0.780000  -.460000    0.0000016298990263
0.820000  -.460000    0.0000007936212755
0.860000  -.460000   -0.0000001313233199
-.780000  -.420000    0.0000001964756520
-.740000  -.420000    0.0000004211071273
-.700000  -.420000    0.0000003708499071
-.660000  -.420000    0.0000004780860418
-.620000  -.420000    0.0000005044147338
-.580000  -.420000   -0.0000001505077551
-.540000  -.420000   -0.0000003539120295
-.500000  -.420000   -0.0000006013194133
-.460000  -.420000   -0.0000008780160970
-.420000  -.420000   -0.0000011670596135
-.380000  -.420000   -0.0000007893825323
-.340000  -.420000   -0.0000011122015275
-.300000  -.420000   -0.0000014170235482
-.260000  -.420000   -0.0000010168627516
-.220000  -.420000   -0.0000013459994360
-.180000  -.420000   -0.0000009557372503
-.140000  -.420000   -0.0000012986680751
-.100000  -.420000   -0.0000009551091899
-.060000  -.420000   -0.0000006338427712
-.020000  -.420000   -0.0000003453155155
0.020000  -.420000   -0.0000001003169472
0.060000  -.420000    0.0000001040546880
0.100000  -.420000    0.0000002641015457
0.140000  -.420000    0.0000003710283478
0.180000  -.420000    0.0000011290540641
0.220000  -.420000    0.0000011486183522
0.260000  -.420000    0.0000017922599953
0.300000  -.420000    0.0000017099345281
0.340000  -.420000    0.0000022550428785
0.380000  -.420000    0.0000027114545040
0.420000  -.420000    0.0000024519201803
0.460000  -.420000    0.0000027912635142
0.500000  -.420000    0.0000030389247288
0.540000  -.420000    0.0000031795227297
0.580000  -.420000    0.0000032044801488
0.620000  -.420000    0.0000036172713268
0.660000  -.420000    0.0000033603814326
0.700000  -.420000    0.0000029139223024
0.740000  -.420000    0.0000026842559754
0.780000  -.420000    0.0000021338565092
0.820000  -.420000    0.0000015246844960
0.860000  -.420000    0.0000003896230177
0.900000  -.420000   -0.0000008905949735
-.780000  -.380000    0.0000002869143838
-.740000  -.380000    0.0000004017333915
-.700000  -.380000    0.0000006316578283
-.660000  -.380000    0.0000003047753793
-.620000  -.380000    0.0000002748951683
-.580000  -.380000    0.0000001790039996
-.540000  -.380000    0.0000000239610793
-.500000  -.380000   -0.0000001809261408
-.460000  -.380000   -0.0000004223266377
-.420000  -.380000   -0.0000006861867960
-.380000  -.380000   -0.0000009585452402
-.340000  -.380000   -0.0000012253529357
-.300000  -.380000   -0.0000014733120192
-.260000  -.380000   -0.0000010882617091
-.220000  -.380000   -0.0000013593508591
-.180000  -.380000   -0.0000009682471526
-.140000  -.380000   -0.0000012622535050
-.100000  -.380000   -0.0000009202888288
-.060000  -.380000   -0.0000005989317433
-.020000  -.380000   -0.0000003163972700
0.020000  -.380000   -0.0000000822135315
0.060000  -.380000    0.0000001070447641
0.100000  -.380000    0.0000002477907473
0.140000  -.380000    0.0000003332868117
0.180000  -.380000    0.0000010387867908
0.220000  -.380000    0.0000010353929514
0.260000  -.380000    0.0000016344739755
0.300000  -.380000    0.0000015277268856
0.340000  -.380000    0.0000020406250359
0.380000  -.380000    0.0000024731680441
0.420000  -.380000    0.0000028339599045
0.460000  -.380000    0.0000031240600485
0.500000  -.380000    0.0000033401387055
0.540000  -.380000    0.0000034741247132
0.580000  -.380000    0.0000035160310072
0.620000  -.380000    0.0000034515389284
0.660000  -.380000    0.0000032581086001
0.700000  -.380000    0.0000033083034409
0.740000  -.380000    0.0000027876610840
0.780000  -.380000    0.0000023849985409
0.820000  -.380000    0.0000016611404876
0.860000  -.380000    0.0000008246884112
0.900000  -.380000   -0.0000001521513913
-.820000  -.340000    0.0000000743298243
-.780000  -.340000    0.0000003007793996
-.740000  -.340000    0.0000003207921882
-.700000  -.340000    0.0000004613316846
-.660000  -.340000    0.0000001092448356
-.620000  -.340000    0.0000000350815116
-.580000  -.340000   -0.0000000870741927
-.540000  -.340000   -0.0000002492411032
-.500000  -.340000   -0.0000004422066345
-.460000  -.340000   -0.0000006556392439
-.420000  -.340000   -0.0000008790097498
-.380000  -.340000   -0.0000011015701809
-.340000  -.340000   -0.0000013127618380
-.300000  -.340000   -0.0000009116206156
-.260000  -.340000   -0.0000011474855691
-.220000  -.340000   -0.0000013581715260
-.180000  -.340000   -0.0000009752452031
-.140000  -.340000   -0.0000012203243036
-.100000  -.340000   -0.0000008824699462
-.060000  -.340000   -0.0000005623515650
-.020000  -.340000   -0.0000002892474020
0.020000  -.340000   -0.0000000682741406
0.060000  -.340000    0.0000000995602132
0.100000  -.340000    0.0000002149534748
0.140000  -.340000    0.0000002704563457
0.180000  -.340000    0.0000009198742107
0.220000  -.340000    0.0000008834999475
0.260000  -.340000    0.0000014349158174
0.300000  -.340000    0.0000019090146151
0.340000  -.340000    0.0000017659599333
0.380000  -.340000    0.0000021697510012
0.420000  -.340000    0.0000025096000908
0.460000  -.340000    0.0000027876887943
0.500000  -.340000    0.0000029999660727
0.540000  -.340000    0.0000031401258100
0.580000  -.340000    0.0000032001849048
0.620000  -.340000    0.0000031658035462
0.660000  -.340000    0.0000030185384323
0.700000  -.340000    0.0000031500411381
0.740000  -.340000    0.0000027202249001
0.780000  -.340000    0.0000024419107311
0.820000  -.340000    0.0000018840417398
0.860000  -.340000    0.0000012585496480
0.900000  -.340000    0.0000003868380768
0.940000  -.340000   -0.0000008232022754
-.820000  -.300000    0.0000001240901925
-.780000  -.300000    0.0000002562220652
-.740000  -.300000    0.0000004651652657
-.700000  -.300000    0.0000002678816523
-.660000  -.300000    0.0000002850789212
-.620000  -.300000   -0.0000001836624234
-.580000  -.300000   -0.0000003212125149
-.540000  -.300000   -0.0000004822479255
-.500000  -.300000   -0.0000006597771399
-.460000  -.300000   -0.0000008435889234
-.420000  -.300000   -0.0000010266467112
-.380000  -.300000   -0.0000012000189126
-.340000  -.300000   -0.0000008264578382
-.300000  -.300000   -0.0000010129418120
-.260000  -.300000   -0.0000011852414468
-.220000  -.300000   -0.0000013379513360
-.180000  -.300000   -0.0000009747181543
-.140000  -.300000   -0.0000011698626950
-.100000  -.300000   -0.0000008396301258
-.060000  -.300000   -0.0000005241465334
-.020000  -.300000   -0.0000002594298899
0.020000  -.300000   -0.0000000557214463
0.060000  -.300000    0.0000000852329840
0.100000  -.300000    0.0000001692909781
0.140000  -.300000    0.0000001852830743
0.180000  -.300000    0.0000007760441929
0.220000  -.300000    0.0000006957281708
0.260000  -.300000    0.0000011967059296
0.300000  -.300000    0.0000016257191405
0.340000  -.300000    0.0000019970770926
0.380000  -.300000    0.0000018089419213
0.420000  -.300000    0.0000021225675270
0.460000  -.300000    0.0000023815203854
0.500000  -.300000    0.0000025840721661
0.540000  -.300000    0.0000027226133050
0.580000  -.300000    0.0000027899130889
0.620000  -.300000    0.0000027758949070
0.660000  -.300000    0.0000030779375209
0.700000  -.300000    0.0000028648299487
0.740000  -.300000    0.0000028380958462
0.780000  -.300000    0.0000023386802789
0.820000  -.300000    0.0000019203547851
0.860000  -.300000    0.0000014559785954
0.900000  -.300000    0.0000006060640308
0.940000  -.300000   -0.0000003545411709
-.820000  -.260000    0.0000002160543951
-.780000  -.260000    0.0000003503444272
-.740000  -.260000    0.0000002967715269
-.700000  -.260000    0.0000003874123308
-.660000  -.260000    0.0000000497274739
-.620000  -.260000   -0.0000000184593940
-.580000  -.260000   -0.0000001158278397
-.540000  -.260000   -0.0000002346265437
-.500000  -.260000   -0.0000003706071203
-.460000  -.260000   -0.0000005153367609
-.420000  -.260000   -0.0000006631086706
-.380000  -.260000   -0.0000008089628726
-.340000  -.260000   -0.0000009494502646
-.300000  -.260000   -0.0000010778732721
-.260000  -.260000   -0.0000011929866057
-.220000  -.260000   -0.0000008100733875
-.180000  -.260000   -0.0000009641321569
-.140000  -.260000   -0.0000005648096381
-.100000  -.260000   -0.0000007912146230
-.060000  -.260000   -0.0000004816602410
-.020000  -.260000   -0.0000002247720040
0.020000  -.260000   -0.0000000441450565
0.060000  -.260000    0.0000000675477578
0.100000  -.260000    0.0000001117071132
0.140000  -.260000    0.0000006503770776
0.180000  -.260000    0.0000006084497331
0.220000  -.260000    0.0000010445477877
0.260000  -.260000    0.0000009205315370
0.300000  -.260000    0.0000013037483650
0.340000  -.260000    0.0000016347911678
0.380000  -.260000    0.0000019218798312
0.420000  -.260000    0.0000021691275808
0.460000  -.260000    0.0000023789288741
0.500000  -.260000    0.0000025444621181
0.540000  -.260000    0.0000026636533312
0.580000  -.260000    0.0000027288643675
0.620000  -.260000    0.0000027280603747
0.660000  -.260000    0.0000026498837856
0.700000  -.260000    0.0000027921615693
0.740000  -.260000    0.0000025225365129
0.780000  -.260000    0.0000023751163402
0.820000  -.260000    0.0000020363991936
0.860000  -.260000    0.0000014831598379
0.900000  -.260000    0.0000008315276048
0.940000  -.260000    0.0000000694640039
-.860000  -.220000    0.0000000058355971
-.820000  -.220000    0.0000001766717162
-.780000  -.220000    0.0000002294901512
-.740000  -.220000    0.0000003621036965
-.700000  -.220000    0.0000001617574002
-.660000  -.220000    0.0000001546619734
-.620000  -.220000   -0.0000002236213282
-.580000  -.220000   -0.0000003306668481
-.540000  -.220000   -0.0000004480298914
-.500000  -.220000   -0.0000005694838826
-.460000  -.220000   -0.0000006903320793
-.420000  -.220000   -0.0000008056521400
-.380000  -.220000   -0.0000009123139436
-.340000  -.220000   -0.0000010063478600
-.300000  -.220000   -0.0000010876015829
-.260000  -.220000   -0.0000007421637038
-.220000  -.220000   -0.0000008409592154
-.180000  -.220000   -0.0000009366875676
-.140000  -.220000   -0.0000005600237084
-.100000  -.220000   -0.0000007379348967
-.060000  -.220000   -0.0000004336993008
-.020000  -.220000   -0.0000001873261980
0.020000  -.220000   -0.0000000295431431
0.060000  -.220000    0.0000000445641804
0.100000  -.220000    0.0000000404620548
0.140000  -.220000    0.0000005115818124
0.180000  -.220000    0.0000004162601453
0.220000  -.220000    0.0000007937713108
0.260000  -.220000    0.0000011118501519
0.300000  -.220000    0.0000009448812378
0.340000  -.220000    0.0000012341638785
0.380000  -.220000    0.0000014833743012
0.420000  -.220000    0.0000017025971950
0.460000  -.220000    0.0000018892596146
0.500000  -.220000    0.0000020388300580
0.540000  -.220000    0.0000021433134428
0.580000  -.220000    0.0000021998264719
0.620000  -.220000    0.0000022064358970
0.660000  -.220000    0.0000024675078362
0.700000  -.220000    0.0000023403369345
0.740000  -.220000    0.0000023646745959
0.780000  -.220000    0.0000020487388315
0.820000  -.220000    0.0000018068613602
0.860000  -.220000    0.0000013778693217
0.900000  -.220000    0.0000008858223952
0.940000  -.220000    0.0000001903701437
-.860000  -.180000    0.0000000419105700
-.820000  -.180000    0.0000002084720676
-.780000  -.180000    0.0000002550194664
-.740000  -.180000    0.0000001723657301
-.700000  -.180000    0.0000002098528454
-.660000  -.180000   -0.0000000515895820
-.620000  -.180000   -0.0000001135551044
-.580000  -.180000   -0.0000001884273178
-.540000  -.180000   -0.0000002714077765
-.500000  -.180000   -0.0000003580966947
-.460000  -.180000   -0.0000004439160004
-.420000  -.180000   -0.0000005272950159
-.380000  -.180000   -0.0000006031838518
-.340000  -.180000   -0.0000006717263999
-.300000  -.180000   -0.0000007323179423
-.260000  -.180000   -0.0000007869071112
-.220000  -.180000   -0.0000008347722998
-.180000  -.180000   -0.0000004535468329
-.140000  -.180000   -0.0000005546289649
-.100000  -.180000   -0.0000006796037363
-.060000  -.180000   -0.0000003849568072
-.020000  -.180000   -0.0000001443180147
0.020000  -.180000   -0.0000000124943622
0.060000  -.180000    0.0000000152036663
0.100000  -.180000   -0.0000000438271857
0.140000  -.180000    0.0000003558340510
0.180000  -.180000    0.0000006531942102
0.220000  -.180000    0.0000005160856894
0.260000  -.180000    0.0000007845502285
0.300000  -.180000    0.0000010167765145
0.340000  -.180000    0.0000012144219129
0.380000  -.180000    0.0000014111443618
0.420000  -.180000    0.0000015766757047
0.460000  -.180000    0.0000017108421733
0.500000  -.180000    0.0000018199643384
0.540000  -.180000    0.0000019089948675
0.580000  -.180000    0.0000019675912854
0.620000  -.180000    0.0000019700635560
0.660000  -.180000    0.0000019301431159
0.700000  -.180000    0.0000020690566522
0.740000  -.180000    0.0000019028235032
0.780000  -.180000    0.0000018434672125
0.820000  -.180000    0.0000016512800973
0.860000  -.180000    0.0000013201215125
0.900000  -.180000    0.0000008143734055
0.940000  -.180000    0.0000003117364556
0.980000  -.180000   -0.0000003334327341
-.860000  -.140000    0.0000000394250733
-.820000  -.140000    0.0000001229249358
-.780000  -.140000    0.0000001222765802
-.740000  -.140000    0.0000001788959959
-.700000  -.140000    0.0000000285354683
-.660000  -.140000    0.0000000035336320
-.620000  -.140000   -0.0000000344851372
-.580000  -.140000   -0.0000000821422367
-.540000  -.140000   -0.0000003922052757
-.500000  -.140000   -0.0000004674739963
-.460000  -.140000   -0.0000005378570910
-.420000  -.140000   -0.0000005994225438
-.380000  -.140000   -0.0000006527851251
-.340000  -.140000   -0.0000006953830043
-.300000  -.140000   -0.0000007282582087
-.260000  -.140000   -0.0000004394714990
-.220000  -.140000   -0.0000004652799105
-.180000  -.140000   -0.0000004956536943
-.140000  -.140000   -0.0000005407226960
-.100000  -.140000   -0.0000001592175382
-.060000  -.140000   -0.0000003371643931
-.020000  -.140000   -0.0000000974464679
0.020000  -.140000    0.0000000056260980
0.060000  -.140000   -0.0000000205880386
0.100000  -.140000    0.0000003142584447
0.140000  -.140000    0.0000001769271919
0.180000  -.140000    0.0000004135998464
0.220000  -.140000    0.0000006057614811
0.260000  -.140000    0.0000007755330959
0.300000  -.140000    0.0000006165291192
0.340000  -.140000    0.0000008082800330
0.380000  -.140000    0.0000009517799286
0.420000  -.140000    0.0000010358951884
0.460000  -.140000    0.0000011689697315
0.500000  -.140000    0.0000012846917327
0.540000  -.140000    0.0000013452135838
0.580000  -.140000    0.0000016140141135
0.620000  -.140000    0.0000016328636451
0.660000  -.140000    0.0000016027258731
0.700000  -.140000    0.0000015285589406
0.740000  -.140000    0.0000015806243817
0.780000  -.140000    0.0000013904801703
0.820000  -.140000    0.0000012734877935
0.860000  -.140000    0.0000010367026978
0.900000  -.140000    0.0000007690017714
0.940000  -.140000    0.0000003064789568
0.980000  -.140000   -0.0000001716725544
-.860000  -.100000    0.0000000426041500
-.820000  -.100000    0.0000001074464804
-.780000  -.100000    0.0000001076159736
-.740000  -.100000    0.0000001554600105
-.700000  -.100000    0.0000000420071367
-.660000  -.100000    0.0000000297222851
-.620000  -.100000    0.0000000092805302
-.580000  -.100000   -0.0000002018785945
-.540000  -.100000   -0.0000002531550238
-.500000  -.100000   -0.0000003024201683
-.460000  -.100000   -0.0000003480352230
-.420000  -.100000   -0.0000003874438658
-.380000  -.100000   -0.0000004204497855
-.340000  -.100000   -0.0000004442215692
-.300000  -.100000   -0.0000004613349839
-.260000  -.100000   -0.0000004701590224
-.220000  -.100000   -0.0000004745290182
-.180000  -.100000   -0.0000004785223125
-.140000  -.100000   -0.0000001575987273
-.100000  -.100000   -0.0000001937038522
-.060000  -.100000   -0.0000002973047731
-.020000  -.100000   -0.0000000481256378
0.020000  -.100000    0.0000000244096955
0.060000  -.100000   -0.0000000715887363
0.100000  -.100000    0.0000001715921942
0.140000  -.100000    0.0000003158345314
0.180000  -.100000    0.0000001584296524
0.220000  -.100000    0.0000003002777184
0.260000  -.100000    0.0000004309573462
0.300000  -.100000    0.0000005447785190
0.340000  -.100000    0.0000006693290335
0.380000  -.100000    0.0000006710262015
0.420000  -.100000    0.0000008885606157
0.460000  -.100000    0.0000009701933576
0.500000  -.100000    0.0000009732951367
0.540000  -.100000    0.0000010349988716
0.580000  -.100000    0.0000010491378612
0.620000  -.100000    0.0000012130405463
0.660000  -.100000    0.0000011963401039
0.700000  -.100000    0.0000011473507395
0.740000  -.100000    0.0000011792298203
0.780000  -.100000    0.0000010514810867
0.820000  -.100000    0.0000009686403313
0.860000  -.100000    0.0000008057991551
0.900000  -.100000    0.0000005464726085
0.940000  -.100000    0.0000003048967228
0.980000  -.100000   -0.0000000423216628
-.860000  -.060000    0.0000000323930232
-.820000  -.060000    0.0000000733056936
-.780000  -.060000    0.0000000738267326
-.740000  -.060000    0.0000000336916883
-.700000  -.060000    0.0000000350524177
-.660000  -.060000    0.0000000299342840
-.620000  -.060000   -0.0000000827570979
-.580000  -.060000   -0.0000001103182734
-.540000  -.060000   -0.0000001389729897
-.500000  -.060000   -0.0000001664127246
-.460000  -.060000   -0.0000001907836958
-.420000  -.060000   -0.0000002124125092
-.380000  -.060000   -0.0000002288872574
-.340000  -.060000   -0.0000002378717595
-.300000  -.060000   -0.0000002426936877
-.260000  -.060000   -0.0000002414700020
-.220000  -.060000   -0.0000002346508441
-.180000  -.060000   -0.0000002260462662
-.140000  -.060000   -0.0000002160347583
-.100000  -.060000   -0.0000002166691727
-.060000  -.060000    0.0000001512567246
-.020000  -.060000   -0.0000000054871200
0.020000  -.060000    0.0000000354546880
0.060000  -.060000    0.0000001941420400
0.100000  -.060000    0.0000000089469521
0.140000  -.060000    0.0000001008401732
0.180000  -.060000    0.0000001741177634
0.220000  -.060000    0.0000002367951808
0.260000  -.060000    0.0000003060643024
0.300000  -.060000    0.0000003748329356
0.340000  -.060000    0.0000003851598792
0.380000  -.060000    0.0000005252300753
0.420000  -.060000    0.0000005711971500
0.460000  -.060000    0.0000004536994436
0.500000  -.060000    0.0000006029443506
0.540000  -.060000    0.0000006159952871
0.580000  -.060000    0.0000006668063797
0.620000  -.060000    0.0000006546187838
0.660000  -.060000    0.0000007390779815
0.700000  -.060000    0.0000007092696550
0.740000  -.060000    0.0000006573424889
0.780000  -.060000    0.0000006528163674
0.820000  -.060000    0.0000006035117907
0.860000  -.060000    0.0000005081431187
0.900000  -.060000    0.0000003580741080
0.940000  -.060000    0.0000001733812600
0.980000  -.060000   -0.0000000169776955
-.860000  -.020000    0.0000000120260231
-.820000  -.020000    0.0000000260601753
-.780000  -.020000    0.0000000262599778
-.740000  -.020000    0.0000000126444704
-.700000  -.020000    0.0000000134692239
-.660000  -.020000    0.0000000121297169
-.620000  -.020000   -0.0000000260383080
-.580000  -.020000   -0.0000000347786491
-.540000  -.020000   -0.0000000439197476
-.500000  -.020000   -0.0000000526970721
-.460000  -.020000   -0.0000000601306245
-.420000  -.020000   -0.0000000670205641
-.380000  -.020000   -0.0000000717682621
-.340000  -.020000   -0.0000000734416071
-.300000  -.020000   -0.0000000736649794
-.260000  -.020000   -0.0000000716210397
-.220000  -.020000   -0.0000000663856334
-.180000  -.020000   -0.0000000594854772
-.140000  -.020000   -0.0000000476948125
-.100000  -.020000   -0.0000000340052222
-.060000  -.020000   -0.0000000146956724
-.020000  -.020000   -0.0000000101029355
0.020000  -.020000    0.0000000045454805
0.060000  -.020000    0.0000000270819295
0.100000  -.020000    0.0000000376991067
0.140000  -.020000    0.0000000535916777
0.180000  -.020000    0.0000000708284933
0.220000  -.020000    0.0000000879049410
0.260000  -.020000    0.0000001097136772
0.300000  -.020000    0.0000001326889446
0.340000  -.020000    0.0000001229051851
0.380000  -.020000    0.0000002190439952
0.420000  -.020000    0.0000000805578572
0.460000  -.020000    0.0000002748306984
0.500000  -.020000    0.0000002022687325
0.540000  -.020000    0.0000002110599797
0.580000  -.020000    0.0000002255431119
0.620000  -.020000    0.0000002220724455
0.660000  -.020000    0.0000002499927631
0.700000  -.020000    0.0000002398855196
0.740000  -.020000    0.0000002228281811
0.780000  -.020000    0.0000002211709965
0.820000  -.020000    0.0000002047574438
0.860000  -.020000    0.0000001732680491
0.900000  -.020000    0.0000001243106487
0.940000  -.020000    0.0000000635264487
0.980000  -.020000   -0.0000000129066863
-.860000  0.020000   -0.0000000120260231
-.820000  0.020000   -0.0000000260601753
-.780000  0.020000   -0.0000000262599778
-.740000  0.020000   -0.0000000126444704
-.700000  0.020000   -0.0000000134692239
-.660000  0.020000   -0.0000000121297169
-.620000  0.020000    0.0000000260383080
-.580000  0.020000    0.0000000347786491
-.540000  0.020000    0.0000000439197476
-.500000  0.020000    0.0000000526970721
-.460000  0.020000    0.0000000601306245
-.420000  0.020000    0.0000000670205641
-.380000  0.020000    0.0000000717682621
-.340000  0.020000    0.0000000734416071
-.300000  0.020000    0.0000000736649794
-.260000  0.020000    0.0000000716210397
-.220000  0.020000    0.0000000663856334
-.180000  0.020000    0.0000000594854772
-.140000  0.020000    0.0000000476948125
-.100000  0.020000    0.0000000340052222
-.060000  0.020000    0.0000000146956724
-.020000  0.020000    0.0000000101029355
0.020000  0.020000   -0.0000000045454805
0.060000  0.020000   -0.0000000270819295
0.100000  0.020000   -0.0000000376991067
0.140000  0.020000   -0.0000000535916777
0.180000  0.020000   -0.0000000708284933
0.220000  0.020000   -0.0000000879049410
0.260000  0.020000   -0.0000001097136772
0.300000  0.020000   -0.0000001326889446
0.340000  0.020000   -0.0000001229051851
0.380000  0.020000   -0.0000002190439952
0.420000  0.020000   -0.0000000805578572
0.460000  0.020000   -0.0000002748306984
0.500000  0.020000   -0.0000002022687325
0.540000  0.020000   -0.0000002110599797
0.580000  0.020000   -0.0000002255431119
0.620000  0.020000   -0.0000002220724455
0.660000  0.020000   -0.0000002499927631
0.700000  0.020000   -0.0000002398855196
0.740000  0.020000   -0.0000002228281811
0.780000  0.020000   -0.0000002211709965
0.820000  0.020000   -0.0000002047574438
0.860000  0.020000   -0.0000001732680491
0.900000  0.020000   -0.0000001243106487
0.940000  0.020000   -0.0000000635264487
0.980000  0.020000    0.0000000129066863
-.860000  0.060000   -0.0000000323930232
-.820000  0.060000   -0.0000000733056936
-.780000  0.060000   -0.0000000738267326
-.740000  0.060000   -0.0000000336916883
-.700000  0.060000   -0.0000000350524177
-.660000  0.060000   -0.0000000299342840
-.620000  0.060000    0.0000000827570979
-.580000  0.060000    0.0000001103182734
-.540000  0.060000    0.0000001389729897
-.500000  0.060000    0.0000001664127246
-.460000  0.060000    0.0000001907836958
-.420000  0.060000    0.0000002124125092
-.380000  0.060000    0.0000002288872574
-.340000  0.060000    0.0000002378717595
-.300000  0.060000    0.0000002426936877
-.260000  0.060000    0.0000002414700020
-.220000  0.060000    0.0000002346508441
-.180000  0.060000    0.0000002260462662
-.140000  0.060000    0.0000002160347583
-.100000  0.060000    0.0000002166691727
-.060000  0.060000   -0.0000001512567246
-.020000  0.060000    0.0000000054871200
0.020000  0.060000   -0.0000000354546880
0.060000  0.060000   -0.0000001941420400
0.100000  0.060000   -0.0000000089469521
0.140000  0.060000   -0.0000001008401732
0.180000  0.060000   -0.0000001741177634
0.220000  0.060000   -0.0000002367951808
0.260000  0.060000   -0.0000003060643024
0.300000  0.060000   -0.0000003748329356
0.340000  0.060000   -0.0000003851598792
0.380000  0.060000   -0.0000005252300753
0.420000  0.060000   -0.0000005711971500
0.460000  0.060000   -0.0000004536994436
0.500000  0.060000   -0.0000006029443506
0.540000  0.060000   -0.0000006159952871
0.580000  0.060000   -0.0000006668063797
0.620000  0.060000   -0.0000006546187838
0.660000  0.060000   -0.0000007390779815
0.700000  0.060000   -0.0000007092696550
0.740000  0.060000   -0.0000006573424889
0.780000  0.060000   -0.0000006528163674
0.820000  0.060000   -0.0000006035117907
0.860000  0.060000   -0.0000005081431187
0.900000  0.060000   -0.0000003580741080
0.940000  0.060000   -0.0000001733812600
0.980000  0.060000    0.0000000169776955
-.860000  0.100000   -0.0000000426041500
-.820000  0.100000   -0.0000001074464804
-.780000  0.100000   -0.0000001076159736
-.740000  0.100000   -0.0000001554600105
-.700000  0.100000   -0.0000000420071367
-.660000  0.100000   -0.0000000297222851
-.620000  0.100000   -0.0000000092805302
-.580000  0.100000    0.0000002018785945
-.540000  0.100000    0.0000002531550238
-.500000  0.100000    0.0000003024201683
-.460000  0.100000    0.0000003480352230
-.420000  0.100000    0.0000003874438658
-.380000  0.100000    0.0000004204497855
-.340000  0.100000    0.0000004442215692
-.300000  0.100000    0.0000004613349839
-.260000  0.100000    0.0000004701590224
-.220000  0.100000    0.0000004745290182
-.180000  0.100000    0.0000004785223125
-.140000  0.100000    0.0000001575987273
-.100000  0.100000    0.0000001937038522
-.060000  0.100000    0.0000002973047731
-.020000  0.100000    0.0000000481256378
0.020000  0.100000   -0.0000000244096955
0.060000  0.100000    0.0000000715887363
0.100000  0.100000   -0.0000001715921942
0.140000  0.100000   -0.0000003158345314
0.180000  0.100000   -0.0000001584296524
0.220000  0.100000   -0.0000003002777184
0.260000  0.100000   -0.0000004309573462
0.300000  0.100000   -0.0000005447785190
0.340000  0.100000   -0.0000006693290335
0.380000  0.100000   -0.0000006710262015
0.420000  0.100000   -0.0000008885606157
0.460000  0.100000   -0.0000009701933576
0.500000  0.100000   -0.0000009732951367
0.540000  0.100000   -0.0000010349988716
0.580000  0.100000   -0.0000010491378612
0.620000  0.100000   -0.0000012130405463
0.660000  0.100000   -0.0000011963401039
0.700000  0.100000   -0.0000011473507395
0.740000  0.100000   -0.0000011792298203
0.780000  0.100000   -0.0000010514810867
0.820000  0.100000   -0.0000009686403313
0.860000  0.100000   -0.0000008057991551
0.900000  0.100000   -0.0000005464726085
0.940000  0.100000   -0.0000003048967228
0.980000  0.100000    0.0000000423216628
-.860000  0.140000   -0.0000000394250733
-.820000  0.140000   -0.0000001229249358
-.780000  0.140000   -0.0000001222765802
-.740000  0.140000   -0.0000001788959959
-.700000  0.140000   -0.0000000285354683
-.660000  0.140000   -0.0000000035336320
-.620000  0.140000    0.0000000344851372
-.580000  0.140000    0.0000000821422367
-.540000  0.140000    0.0000003922052757
-.500000  0.140000    0.0000004674739963
-.460000  0.140000    0.0000005378570910
-.420000  0.140000    0.0000005994225438
-.380000  0.140000    0.0000006527851251
-.340000  0.140000    0.0000006953830043
-.300000  0.140000    0.0000007282582087
-.260000  0.140000    0.0000004394714990
-.220000  0.140000    0.0000004652799105
-.180000  0.140000    0.0000004956536943
-.140000  0.140000    0.0000005407226960
-.100000  0.140000    0.0000001592175382
-.060000  0.140000    0.0000003371643931
-.020000  0.140000    0.0000000974464679
0.020000  0.140000   -0.0000000056260980
0.060000  0.140000    0.0000000205880386
0.100000  0.140000   -0.0000003142584447
0.140000  0.140000   -0.0000001769271919
0.180000  0.140000   -0.0000004135998464
0.220000  0.140000   -0.0000006057614811
0.260000  0.140000   -0.0000007755330959
0.300000  0.140000   -0.0000006165291192
0.340000  0.140000   -0.0000008082800330
0.380000  0.140000   -0.0000009517799286
0.420000  0.140000   -0.0000010358951884
0.460000  0.140000   -0.0000011689697315
0.500000  0.140000   -0.0000012846917327
0.540000  0.140000   -0.0000013452135838
0.580000  0.140000   -0.0000016140141135
0.620000  0.140000   -0.0000016328636451
0.660000  0.140000   -0.0000016027258731
0.700000  0.140000   -0.0000015285589406
0.740000  0.140000   -0.0000015806243817
0.780000  0.140000   -0.0000013904801703
0.820000  0.140000   -0.0000012734877935
0.860000  0.140000   -0.0000010367026978
0.900000  0.140000   -0.0000007690017714
0.940000  0.140000   -0.0000003064789568
0.980000  0.140000    0.0000001716725544
-.860000  0.180000   -0.0000000419105700
-.820000  0.180000   -0.0000002084720676
-.780000  0.180000   -0.0000002550194664
-.740000  0.180000   -0.0000001723657301
-.700000  0.180000   -0.0000002098528454
-.660000  0.180000    0.0000000515895820
-.620000  0.180000    0.0000001135551044
-.580000  0.180000    0.0000001884273178
-.540000  0.180000    0.0000002714077765
-.500000  0.180000    0.0000003580966947
-.460000  0.180000    0.0000004439160004
-.420000  0.180000    0.0000005272950159
-.380000  0.180000    0.0000006031838518
-.340000  0.180000    0.0000006717263999
-.300000  0.180000    0.0000007323179423
-.260000  0.180000    0.0000007869071112
-.220000  0.180000    0.0000008347722998
-.180000  0.180000    0.0000004535468329
-.140000  0.180000    0.0000005546289649
-.100000  0.180000    0.0000006796037363
-.060000  0.180000    0.0000003849568072
-.020000  0.180000    0.0000001443180147
0.020000  0.180000    0.0000000124943622
0.060000  0.180000   -0.0000000152036663
0.100000  0.180000    0.0000000438271857
0.140000  0.180000   -0.0000003558340510
0.180000  0.180000   -0.0000006531942102
0.220000  0.180000   -0.0000005160856894
0.260000  0.180000   -0.0000007845502285
0.300000  0.180000   -0.0000010167765145
0.340000  0.180000   -0.0000012144219129
0.380000  0.180000   -0.0000014111443618
0.420000  0.180000   -0.0000015766757047
0.460000  0.180000   -0.0000017108421733
0.500000  0.180000   -0.0000018199643384
0.540000  0.180000   -0.0000019089948675
0.580000  0.180000   -0.0000019675912854
0.620000  0.180000   -0.0000019700635560
0.660000  0.180000   -0.0000019301431159
0.700000  0.180000   -0.0000020690566522
0.740000  0.180000   -0.0000019028235032
0.780000  0.180000   -0.0000018434672125
0.820000  0.180000   -0.0000016512800973
0.860000  0.180000   -0.0000013201215125
0.900000  0.180000   -0.0000008143734055
0.940000  0.180000   -0.0000003117364556
0.980000  0.180000    0.0000003334327341
-.860000  0.220000   -0.0000000058355971
-.820000  0.220000   -0.0000001766717162
-.780000  0.220000   -0.0000002294901512
-.740000  0.220000   -0.0000003621036965
-.700000  0.220000   -0.0000001617574002
-.660000  0.220000   -0.0000001546619734
-.620000  0.220000    0.0000002236213282
-.580000  0.220000    0.0000003306668481
-.540000  0.220000    0.0000004480298914
-.500000  0.220000    0.0000005694838826
-.460000  0.220000    0.0000006903320793
-.420000  0.220000    0.0000008056521400
-.380000  0.220000    0.0000009123139436
-.340000  0.220000    0.0000010063478600
-.300000  0.220000    0.0000010876015829
-.260000  0.220000    0.0000007421637038
-.220000  0.220000    0.0000008409592154
-.180000  0.220000    0.0000009366875676
-.140000  0.220000    0.0000005600237084
-.100000  0.220000    0.0000007379348967
-.060000  0.220000    0.0000004336993008
-.020000  0.220000    0.0000001873261980
0.020000  0.220000    0.0000000295431431
0.060000  0.220000   -0.0000000445641804
0.100000  0.220000   -0.0000000404620548
0.140000  0.220000   -0.0000005115818124
0.180000  0.220000   -0.0000004162601453
0.220000  0.220000   -0.0000007937713108
0.260000  0.220000   -0.0000011118501519
0.300000  0.220000   -0.0000009448812378
0.340000  0.220000   -0.0000012341638785
0.380000  0.220000   -0.0000014833743012
0.420000  0.220000   -0.0000017025971950
0.460000  0.220000   -0.0000018892596146
0.500000  0.220000   -0.0000020388300580
0.540000  0.220000   -0.0000021433134428
0.580000  0.220000   -0.0000021998264719
0.620000  0.220000   -0.0000022064358970
0.660000  0.220000   -0.0000024675078362
0.700000  0.220000   -0.0000023403369345
0.740000  0.220000   -0.0000023646745959
0.780000  0.220000   -0.0000020487388315
0.820000  0.220000   -0.0000018068613602
0.860000  0.220000   -0.0000013778693217
0.900000  0.220000   -0.0000008858223952
0.940000  0.220000   -0.0000001903701437
-.820000  0.260000   -0.0000002160543951
-.780000  0.260000   -0.0000003503444272
-.740000  0.260000   -0.0000002967715269
-.700000  0.260000   -0.0000003874123308
-.660000  0.260000   -0.0000000497274739
-.620000  0.260000    0.0000000184593940
-.580000  0.260000    0.0000001158278397
-.540000  0.260000    0.0000002346265437
-.500000  0.260000    0.0000003706071203
-.460000  0.260000    0.0000005153367609
-.420000  0.260000    0.0000006631086706
-.380000  0.260000    0.0000008089628726
-.340000  0.260000    0.0000009494502646
-.300000  0.260000    0.0000010778732721
-.260000  0.260000    0.0000011929866057
-.220000  0.260000    0.0000008100733875
-.180000  0.260000    0.0000009641321569
-.140000  0.260000    0.0000005648096381
-.100000  0.260000    0.0000007912146230
-.060000  0.260000    0.0000004816602410
-.020000  0.260000    0.0000002247720040
0.020000  0.260000    0.0000000441450565
0.060000  0.260000   -0.0000000675477578
0.100000  0.260000   -0.0000001117071132
0.140000  0.260000   -0.0000006503770776
0.180000  0.260000   -0.0000006084497331
0.220000  0.260000   -0.0000010445477877
0.260000  0.260000   -0.0000009205315370
0.300000  0.260000   -0.0000013037483650
0.340000  0.260000   -0.0000016347911678
0.380000  0.260000   -0.0000019218798312
0.420000  0.260000   -0.0000021691275808
0.460000  0.260000   -0.0000023789288741
0.500000  0.260000   -0.0000025444621181
0.540000  0.260000   -0.0000026636533312
0.580000  0.260000   -0.0000027288643675
0.620000  0.260000   -0.0000027280603747
0.660000  0.260000   -0.0000026498837856
0.700000  0.260000   -0.0000027921615693
0.740000  0.260000   -0.0000025225365129
0.780000  0.260000   -0.0000023751163402
0.820000  0.260000   -0.0000020363991936
0.860000  0.260000   -0.0000014831598379
0.900000  0.260000   -0.0000008315276048
0.940000  0.260000   -0.0000000694640039
-.820000  0.300000   -0.0000001240901925
-.780000  0.300000   -0.0000002562220652
-.740000  0.300000   -0.0000004651652657
-.700000  0.300000   -0.0000002678816523
-.660000  0.300000   -0.0000002850789212
-.620000  0.300000    0.0000001836624234
-.580000  0.300000    0.0000003212125149
-.540000  0.300000    0.0000004822479255
-.500000  0.300000    0.0000006597771399
-.460000  0.300000    0.0000008435889234
-.420000  0.300000    0.0000010266467112
-.380000  0.300000    0.0000012000189126
-.340000  0.300000    0.0000008264578382
-.300000  0.300000    0.0000010129418120
-.260000  0.300000    0.0000011852414468
-.220000  0.300000    0.0000013379513360
-.180000  0.300000    0.0000009747181543
-.140000  0.300000    0.0000011698626950
-.100000  0.300000    0.0000008396301258
-.060000  0.300000    0.0000005241465334
-.020000  0.300000    0.0000002594298899
0.020000  0.300000    0.0000000557214463
0.060000  0.300000   -0.0000000852329840
0.100000  0.300000   -0.0000001692909781
0.140000  0.300000   -0.0000001852830743
0.180000  0.300000   -0.0000007760441929
0.220000  0.300000   -0.0000006957281708
0.260000  0.300000   -0.0000011967059296
0.300000  0.300000   -0.0000016257191405
0.340000  0.300000   -0.0000019970770926
0.380000  0.300000   -0.0000018089419213
0.420000  0.300000   -0.0000021225675270
0.460000  0.300000   -0.0000023815203854
0.500000  0.300000   -0.0000025840721661
0.540000  0.300000   -0.0000027226133050
0.580000  0.300000   -0.0000027899130889
0.620000  0.300000   -0.0000027758949070
0.660000  0.300000   -0.0000030779375209
0.700000  0.300000   -0.0000028648299487
0.740000  0.300000   -0.0000028380958462
0.780000  0.300000   -0.0000023386802789
0.820000  0.300000   -0.0000019203547851
0.860000  0.300000   -0.0000014559785954
0.900000  0.300000   -0.0000006060640308
0.940000  0.300000    0.0000003545411709
-.820000  0.340000   -0.0000000743298243
-.780000  0.340000   -0.0000003007793996
-.740000  0.340000   -0.0000003207921882
-.700000  0.340000   -0.0000004613316846
-.660000  0.340000   -0.0000001092448356
-.620000  0.340000   -0.0000000350815116
-.580000  0.340000    0.0000000870741927
-.540000  0.340000    0.0000002492411032
-.500000  0.340000    0.0000004422066345
-.460000  0.340000    0.0000006556392439
-.420000  0.340000    0.0000008790097498
-.380000  0.340000    0.0000011015701809
-.340000  0.340000    0.0000013127618380
-.300000  0.340000    0.0000009116206156
-.260000  0.340000    0.0000011474855691
-.220000  0.340000    0.0000013581715260
-.180000  0.340000    0.0000009752452031
-.140000  0.340000    0.0000012203243036
-.100000  0.340000    0.0000008824699462
-.060000  0.340000    0.0000005623515650
-.020000  0.340000    0.0000002892474020
0.020000  0.340000    0.0000000682741406
0.060000  0.340000   -0.0000000995602132
0.100000  0.340000   -0.0000002149534748
0.140000  0.340000   -0.0000002704563457
0.180000  0.340000   -0.0000009198742107
0.220000  0.340000   -0.0000008834999475
0.260000  0.340000   -0.0000014349158174
0.300000  0.340000   -0.0000019090146151
0.340000  0.340000   -0.0000017659599333
0.380000  0.340000   -0.0000021697510012
0.420000  0.340000   -0.0000025096000908
0.460000  0.340000   -0.0000027876887943
0.500000  0.340000   -0.0000029999660727
0.540000  0.340000   -0.0000031401258100
0.580000  0.340000   -0.0000032001849048
0.620000  0.340000   -0.0000031658035462
0.660000  0.340000   -0.0000030185384323
0.700000  0.340000   -0.0000031500411381
0.740000  0.340000   -0.0000027202249001
0.780000  0.340000   -0.0000024419107311
0.820000  0.340000   -0.0000018840417398
0.860000  0.340000   -0.0000012585496480
0.900000  0.340000   -0.0000003868380768
0.940000  0.340000    0.0000008232022754
-.780000  0.380000   -0.0000002869143838
-.740000  0.380000   -0.0000004017333915
-.700000  0.380000   -0.0000006316578283
-.660000  0.380000   -0.0000003047753793
-.620000  0.380000   -0.0000002748951683
-.580000  0.380000   -0.0000001790039996
-.540000  0.380000   -0.0000000239610793
-.500000  0.380000    0.0000001809261408
-.460000  0.380000    0.0000004223266377
-.420000  0.380000    0.0000006861867960
-.380000  0.380000    0.0000009585452402
-.340000  0.380000    0.0000012253529357
-.300000  0.380000    0.0000014733120192
-.260000  0.380000    0.0000010882617091
-.220000  0.380000    0.0000013593508591
-.180000  0.380000    0.0000009682471526
-.140000  0.380000    0.0000012622535050
-.100000  0.380000    0.0000009202888288
-.060000  0.380000    0.0000005989317433
-.020000  0.380000    0.0000003163972700
0.020000  0.380000    0.0000000822135315
0.060000  0.380000   -0.0000001070447641
0.100000  0.380000   -0.0000002477907473
0.140000  0.380000   -0.0000003332868117
0.180000  0.380000   -0.0000010387867908
0.220000  0.380000   -0.0000010353929514
0.260000  0.380000   -0.0000016344739755
0.300000  0.380000   -0.0000015277268856
0.340000  0.380000   -0.0000020406250359
0.380000  0.380000   -0.0000024731680441
0.420000  0.380000   -0.0000028339599045
0.460000  0.380000   -0.0000031240600485
0.500000  0.380000   -0.0000033401387055
0.540000  0.380000   -0.0000034741247132
0.580000  0.380000   -0.0000035160310072
0.620000  0.380000   -0.0000034515389284
0.660000  0.380000   -0.0000032581086001
0.700000  0.380000   -0.0000033083034409
0.740000  0.380000   -0.0000027876610840
0.780000  0.380000   -0.0000023849985409
0.820000  0.380000   -0.0000016611404876
0.860000  0.380000   -0.0000008246884112
0.900000  0.380000    0.0000001521513913
-.780000  0.420000   -0.0000001964756520
-.740000  0.420000   -0.0000004211071273
-.700000  0.420000   -0.0000003708499071
-.660000  0.420000   -0.0000004780860418
-.620000  0.420000   -0.0000005044147338
-.580000  0.420000    0.0000001505077551
-.540000  0.420000    0.0000003539120295
-.500000  0.420000    0.0000006013194133
-.460000  0.420000    0.0000008780160970
-.420000  0.420000    0.0000011670596135
-.380000  0.420000    0.0000007893825323
-.340000  0.420000    0.0000011122015275
-.300000  0.420000    0.0000014170235482
-.260000  0.420000    0.0000010168627516
-.220000  0.420000    0.0000013459994360
-.180000  0.420000    0.0000009557372503
-.140000  0.420000    0.0000012986680751
-.100000  0.420000    0.0000009551091899
-.060000  0.420000    0.0000006338427712
-.020000  0.420000    0.0000003453155155
0.020000  0.420000    0.0000001003169472
0.060000  0.420000   -0.0000001040546880
0.100000  0.420000   -0.0000002641015457
0.140000  0.420000   -0.0000003710283478
0.180000  0.420000   -0.0000011290540641
0.220000  0.420000   -0.0000011486183522
0.260000  0.420000   -0.0000017922599953
0.300000  0.420000   -0.0000017099345281
0.340000  0.420000   -0.0000022550428785
0.380000  0.420000   -0.0000027114545040
0.420000  0.420000   -0.0000024519201803
0.460000  0.420000   -0.0000027912635142
0.500000  0.420000   -0.0000030389247288
0.540000  0.420000   -0.0000031795227297
0.580000  0.420000   -0.0000032044801488
0.620000  0.420000   -0.0000036172713268
0.660000  0.420000   -0.0000033603814326
0.700000  0.420000   -0.0000029139223024
0.740000  0.420000   -0.0000026842559754
0.780000  0.420000   -0.0000021338565092
0.820000  0.420000   -0.0000015246844960
0.860000  0.420000   -0.0000003896230177
0.900000  0.420000    0.0000008905949735
-.780000  0.460000   -0.0000000370692169
-.740000  0.460000   -0.0000003590190100
-.700000  0.460000   -0.0000007719320219
-.660000  0.460000   -0.0000005989631065
-.620000  0.460000   -0.0000006927113130
-.580000  0.460000   -0.0000000450566475
-.540000  0.460000    0.0000001442046493
-.500000  0.460000    0.0000003962316028
-.460000  0.460000    0.0000006937398458
-.420000  0.460000    0.0000010179196158
-.380000  0.460000    0.0000006103730715
-.340000  0.460000    0.0000009841602292
-.300000  0.460000    0.0000013455573240
-.260000  0.460000    0.0000009405460258
-.220000  0.460000    0.0000013256181790
-.180000  0.460000    0.0000009393071967
-.140000  0.460000    0.0000013299585113
-.100000  0.460000    0.0000009910787696
-.060000  0.460000    0.0000006702471689
-.020000  0.460000    0.0000003802118562
0.020000  0.460000    0.0000001278304320
0.060000  0.460000   -0.0000000859738946
0.100000  0.460000   -0.0000002584300288
0.140000  0.460000   -0.0000003788754519
0.180000  0.460000   -0.0000011857921549
0.220000  0.460000   -0.0000012181853816
0.260000  0.460000   -0.0000019020174173
0.300000  0.460000   -0.0000018310124704
0.340000  0.460000   -0.0000024028743253
0.380000  0.460000   -0.0000028771006114
0.420000  0.460000   -0.0000026194191461
0.460000  0.460000   -0.0000029582807824
0.500000  0.460000   -0.0000031912811292
0.540000  0.460000   -0.0000033074327209
0.580000  0.460000   -0.0000032909464048
0.620000  0.460000   -0.0000036448975718
0.660000  0.460000   -0.0000033044020754
0.700000  0.460000   -0.0000031693268334
0.740000  0.460000   -0.0000023726918807
0.780000  0.460000   -0.0000016298990263
0.820000  0.460000   -0.0000007936212755
0.860000  0.460000    0.0000001313233199
-.740000  0.500000   -0.0000003554912176
-.700000  0.500000   -0.0000006863836651
-.660000  0.500000   -0.0000006402235953
-.620000  0.500000   -0.0000008086282123
-.580000  0.500000   -0.0000002078546048
-.540000  0.500000   -0.0000000450089349
-.500000  0.500000    0.0000002003075515
-.460000  0.500000    0.0000005095932376
-.420000  0.500000    0.0000008595654782
-.380000  0.500000    0.0000004373466346
-.340000  0.500000    0.0000008555187628
-.300000  0.500000    0.0000012665453133
-.260000  0.500000    0.0000008653276042
-.220000  0.500000    0.0000013026999533
-.180000  0.500000    0.0000009256476933
-.140000  0.500000    0.0000013626605183
-.100000  0.500000    0.0000010306468281
-.060000  0.500000    0.0000007136293712
-.020000  0.500000    0.0000004261433200
0.020000  0.500000    0.0000001709993602
0.060000  0.500000   -0.0000000460386075
0.100000  0.500000   -0.0000002239132914
0.140000  0.500000   -0.0000003500240211
0.180000  0.500000   -0.0000012020718290
0.220000  0.500000   -0.0000012369616232
0.260000  0.500000   -0.0000019552406071
0.300000  0.500000   -0.0000018822014470
0.340000  0.500000   -0.0000024742869856
0.380000  0.500000   -0.0000029592324630
0.420000  0.500000   -0.0000026839912300
0.460000  0.500000   -0.0000030124468919
0.500000  0.500000   -0.0000032214200092
0.540000  0.500000   -0.0000032963450415
0.580000  0.500000   -0.0000032210372342
0.620000  0.500000   -0.0000035100594999
0.660000  0.500000   -0.0000030597885635
0.700000  0.500000   -0.0000028100106092
0.740000  0.500000   -0.0000022218400074
0.780000  0.500000   -0.0000012308160054
0.820000  0.500000    0.0000000068394515
0.860000  0.500000    0.0000011097452251
-.740000  0.540000   -0.0000000406392431
-.700000  0.540000   -0.0000004843087966
-.660000  0.540000   -0.0000005832414109
-.620000  0.540000   -0.0000008278458180
-.580000  0.540000   -0.0000003162554190
-.540000  0.540000   -0.0000001901374238
-.500000  0.540000    0.0000000365895995
-.460000  0.540000    0.0000003456040726
-.420000  0.540000    0.0000007117291093
-.380000  0.540000    0.0000002857526314
-.340000  0.540000    0.0000007373504099
-.300000  0.540000    0.0000011906292021
-.260000  0.540000    0.0000007999222898
-.220000  0.540000    0.0000012838105067
-.180000  0.540000    0.0000009200766733
-.140000  0.540000    0.0000014021097492
-.100000  0.540000    0.0000010809260131
-.060000  0.540000    0.0000007724529282
-.020000  0.540000    0.0000004904327802
0.020000  0.540000    0.0000002392545335
0.060000  0.540000    0.0000000237757019
0.100000  0.540000   -0.0000001517821059
0.140000  0.540000   -0.0000002764409702
0.180000  0.540000   -0.0000011646365560
0.220000  0.540000   -0.0000011924794193
0.260000  0.540000   -0.0000019404198606
0.300000  0.540000   -0.0000018516556073
0.340000  0.540000   -0.0000024562186080
0.380000  0.540000   -0.0000029436135655
0.420000  0.540000   -0.0000026310320313
0.460000  0.540000   -0.0000029366309437
0.500000  0.540000   -0.0000031056072720
0.540000  0.540000   -0.0000031237834227
0.580000  0.540000   -0.0000029661967938
0.620000  0.540000   -0.0000031811253715
0.660000  0.540000   -0.0000025809043007
0.700000  0.540000   -0.0000021839021034
0.740000  0.540000   -0.0000013722598763
0.780000  0.540000   -0.0000004553629725
0.820000  0.540000    0.0000006606810171
-.700000  0.580000   -0.0000003285695505
-.660000  0.580000   -0.0000007511074686
-.620000  0.580000   -0.0000007345856021
-.580000  0.580000   -0.0000009277723147
-.540000  0.580000   -0.0000002722962941
-.500000  0.580000   -0.0000000765657917
-.460000  0.580000    0.0000002179350903
-.420000  0.580000    0.0000005889016350
-.380000  0.580000    0.0000001666161120
-.340000  0.580000    0.0000006423463817
-.300000  0.580000    0.0000011278247581
-.260000  0.580000    0.0000007538812029
-.220000  0.580000    0.0000012777614151
-.180000  0.580000    0.0000009310268383
-.140000  0.580000    0.0000005854306536
-.100000  0.580000    0.0000011494749030
-.060000  0.580000    0.0000008542521282
-.020000  0.580000    0.0000005827938068
0.020000  0.580000    0.0000003410863942
0.060000  0.580000    0.0000001346657877
0.100000  0.580000   -0.0000000312324524
0.140000  0.580000   -0.0000009882811831
0.180000  0.580000   -0.0000010621992457
0.220000  0.580000   -0.0000010719401940
0.260000  0.580000   -0.0000018410094012
0.300000  0.580000   -0.0000017219672117
0.340000  0.580000   -0.0000023299147588
0.380000  0.580000   -0.0000028100677838
0.420000  0.580000   -0.0000024372984372
0.460000  0.580000   -0.0000027047158640
0.500000  0.580000   -0.0000028169684223
0.540000  0.580000   -0.0000027541486171
0.580000  0.580000   -0.0000031069974779
0.620000  0.580000   -0.0000026068796174
0.660000  0.580000   -0.0000023445821835
0.700000  0.580000   -0.0000016948106098
0.740000  0.580000   -0.0000005538697683
0.780000  0.580000    0.0000004764633987
-.660000  0.620000   -0.0000003798406415
-.620000  0.620000   -0.0000009407267268
-.580000  0.620000   -0.0000007890007774
-.540000  0.620000   -0.0000009029372388
-.500000  0.620000   -0.0000008544049103
-.460000  0.620000   -0.0000006544151647
-.420000  0.620000   -0.0000003256329164
-.380000  0.620000    0.0000000982343557
-.340000  0.620000    0.0000005809210097
-.300000  0.620000    0.0000010888760170
-.260000  0.620000    0.0000007368471667
-.220000  0.620000    0.0000012932169101
-.180000  0.620000    0.0000009684786235
-.140000  0.620000    0.0000006420723115
-.100000  0.620000    0.0000003332470674
-.060000  0.620000    0.0000009698826437
-.020000  0.620000    0.0000007153537679
0.020000  0.620000    0.0000004897726804
0.060000  0.620000    0.0000002999206172
0.100000  0.620000   -0.0000007279486720
0.140000  0.620000   -0.0000008294455166
0.180000  0.620000   -0.0000008777839041
0.220000  0.620000   -0.0000008579841995
0.260000  0.620000   -0.0000016379332270
0.300000  0.620000   -0.0000014732557646
0.340000  0.620000   -0.0000020718324317
0.380000  0.620000   -0.0000025317316322
0.420000  0.620000   -0.0000028489944031
0.460000  0.620000   -0.0000030130503129
0.500000  0.620000   -0.0000030134857325
0.540000  0.620000   -0.0000028261170383
0.580000  0.620000   -0.0000024133016325
0.620000  0.620000   -0.0000022887993876
0.660000  0.620000   -0.0000012540331338
0.700000  0.620000   -0.0000008249184112
0.740000  0.620000    0.0000003582139661
0.780000  0.620000    0.0000015555234862
-.660000  0.660000   -0.0000000749852320
-.620000  0.660000   -0.0000004952139819
-.580000  0.660000   -0.0000010010350004
-.540000  0.660000   -0.0000007171034768
-.500000  0.660000   -0.0000007368331396
-.460000  0.660000   -0.0000005937792541
-.420000  0.660000   -0.0000003077499854
-.380000  0.660000    0.0000000920853716
-.340000  0.660000    0.0000005679221068
-.300000  0.660000    0.0000001792670210
-.260000  0.660000    0.0000007619636509
-.220000  0.660000    0.0000004099437291
-.180000  0.660000    0.0000010432334481
-.140000  0.660000    0.0000007421418674
-.100000  0.660000    0.0000004541299009
-.060000  0.660000    0.0000001923747544
-.020000  0.660000   -0.0000000369033488
0.020000  0.660000   -0.0000002328267529
0.060000  0.660000   -0.0000003898495241
0.100000  0.660000   -0.0000005076948856
0.140000  0.660000   -0.0000005792671506
0.180000  0.660000   -0.0000005916431360
0.220000  0.660000   -0.0000014271920571
0.260000  0.660000   -0.0000013057479363
0.300000  0.660000   -0.0000019532596456
0.340000  0.660000   -0.0000016502952597
0.380000  0.660000   -0.0000020736335916
0.420000  0.660000   -0.0000023364998256
0.460000  0.660000   -0.0000024241697140
0.500000  0.660000   -0.0000023157819116
0.540000  0.660000   -0.0000019811169978
0.580000  0.660000   -0.0000020066083182
0.620000  0.660000   -0.0000010580938381
0.660000  0.660000   -0.0000008197539099
0.700000  0.660000    0.0000001298183765
0.740000  0.660000    0.0000017872570374
-.620000  0.700000   -0.0000002348245956
-.580000  0.700000   -0.0000008489928306
-.540000  0.700000   -0.0000009070432084
-.500000  0.700000   -0.0000011510186208
-.460000  0.700000   -0.0000011930598792
-.420000  0.700000   -0.0000002019324831
-.380000  0.700000   -0.0000007192013741
-.340000  0.700000   -0.0000002713194044
-.300000  0.700000    0.0000002616645692
-.260000  0.700000   -0.0000001300964245
-.220000  0.700000    0.0000005213463862
-.180000  0.700000    0.0000001973184432
-.140000  0.700000    0.0000009001561652
-.100000  0.700000    0.0000006404910759
-.060000  0.700000    0.0000004035100471
-.020000  0.700000    0.0000001988494122
0.020000  0.700000    0.0000000291461205
0.060000  0.700000   -0.0000000991871274
0.100000  0.700000   -0.0000001817796528
0.140000  0.700000   -0.0000002124024469
0.180000  0.700000   -0.0000011049741731
0.220000  0.700000   -0.0000010033151264
0.260000  0.700000   -0.0000017006847676
0.300000  0.700000   -0.0000014325802309
0.340000  0.700000   -0.0000019013037936
0.380000  0.700000   -0.0000022066077298
0.420000  0.700000   -0.0000015686875738
0.460000  0.700000   -0.0000022793169534
0.500000  0.700000   -0.0000020042964423
0.540000  0.700000   -0.0000014674375706
0.580000  0.700000   -0.0000012309657786
0.620000  0.700000   -0.0000005346733444
0.660000  0.700000    0.0000002483220507
0.700000  0.700000    0.0000015272990356
-.580000  0.740000   -0.0000002626520434
-.540000  0.740000   -0.0000007240546249
-.500000  0.740000   -0.0000012189865495
-.460000  0.740000   -0.0000007819349126
-.420000  0.740000   -0.0000007118318670
-.380000  0.740000   -0.0000004648838891
-.340000  0.740000   -0.0000000749101878
-.300000  0.740000   -0.0000005135975525
-.260000  0.740000    0.0000000716682311
-.220000  0.740000   -0.0000002901436804
-.180000  0.740000    0.0000004190752019
-.140000  0.740000    0.0000001439796743
-.100000  0.740000   -0.0000001035391885
-.060000  0.740000    0.0000007050158456
-.020000  0.740000    0.0000005341514192
0.020000  0.740000    0.0000004001495988
0.060000  0.740000    0.0000003106627777
0.100000  0.740000   -0.0000006995138991
0.140000  0.740000   -0.0000006702511450
0.180000  0.740000   -0.0000005750271373
0.220000  0.740000   -0.0000013227154407
0.260000  0.740000   -0.0000010633881819
0.300000  0.740000   -0.0000015769130136
0.340000  0.740000   -0.0000010899581211
0.380000  0.740000   -0.0000013107279835
0.420000  0.740000   -0.0000013303695407
0.460000  0.740000   -0.0000011167398918
0.500000  0.740000   -0.0000013471454960
0.540000  0.740000   -0.0000005240047847
0.580000  0.740000    0.0000000770595665
0.620000  0.740000    0.0000007478876680
0.660000  0.740000    0.0000020239518206
-.540000  0.780000   -0.0000002797279570
-.500000  0.780000   -0.0000008258910607
-.460000  0.780000   -0.0000007821971990
-.420000  0.780000   -0.0000009211464275
-.380000  0.780000   -0.0000008477181899
-.340000  0.780000   -0.0000005829963051
-.300000  0.780000   -0.0000001642112264
-.260000  0.780000   -0.0000005740543460
-.220000  0.780000    0.0000000543579799
-.180000  0.780000   -0.0000002536162684
-.140000  0.780000    0.0000005029920135
-.100000  0.780000    0.0000002922155126
-.060000  0.780000    0.0000001160581373
-.020000  0.780000   -0.0000000177652832
0.020000  0.780000   -0.0000001015818994
0.060000  0.780000   -0.0000001316731857
0.100000  0.780000   -0.0000001055748426
0.140000  0.780000   -0.0000000130596993
0.180000  0.780000   -0.0000008072255022
0.220000  0.780000   -0.0000005429380790
0.260000  0.780000   -0.0000010975337179
0.300000  0.780000   -0.0000006087750256
0.340000  0.780000   -0.0000008643756025
0.380000  0.780000   -0.0000009150013993
0.420000  0.780000   -0.0000007318365242
0.460000  0.780000   -0.0000002679205954
0.500000  0.780000   -0.0000002087628636
0.540000  0.780000    0.0000003668654552
0.580000  0.780000    0.0000010628848831
0.620000  0.780000    0.0000019738122955
-.500000  0.820000   -0.0000001169379184
-.460000  0.820000   -0.0000007204848782
-.420000  0.820000   -0.0000012798835162
-.380000  0.820000   -0.0000008556840935
-.340000  0.820000   -0.0000007743775165
-.300000  0.820000   -0.0000004939486144
-.260000  0.820000   -0.0000009621449471
-.220000  0.820000   -0.0000004017553764
-.180000  0.820000   -0.0000007328158968
-.140000  0.820000    0.0000000233009856
-.100000  0.820000   -0.0000001750735962
-.060000  0.820000   -0.0000003236317979
-.020000  0.820000   -0.0000004140806778
0.020000  0.820000   -0.0000004413425739
0.060000  0.820000   -0.0000004060248419
0.100000  0.820000   -0.0000003019659372
0.140000  0.820000   -0.0000001199878459
0.180000  0.820000   -0.0000008129582756
0.220000  0.820000   -0.0000004333365909
0.260000  0.820000   -0.0000008527119303
0.300000  0.820000   -0.0000002077694561
0.340000  0.820000   -0.0000002759222185
0.380000  0.820000   -0.0000001016764127
0.420000  0.820000   -0.0000004265632565
0.460000  0.820000    0.0000004165350813
0.500000  0.820000    0.0000010504561436
0.540000  0.820000    0.0000013230190678
-.420000  0.860000   -0.0000006637192055
-.380000  0.860000   -0.0000008906826505
-.340000  0.860000   -0.0000011721604146
-.300000  0.860000   -0.0000011851870092
-.260000  0.860000   -0.0000009559262455
-.220000  0.860000   -0.0000005304259184
-.180000  0.860000   -0.0000008859992784
-.140000  0.860000   -0.0000001906774263
-.100000  0.860000   -0.0000003772524285
-.060000  0.860000   -0.0000004995520734
-.020000  0.860000   -0.0000005477202367
0.020000  0.860000   -0.0000005193027158
0.060000  0.860000   -0.0000004119781798
0.100000  0.860000   -0.0000002191171469
0.140000  0.860000    0.0000000680073359
0.180000  0.860000   -0.0000004959073222
0.220000  0.860000    0.0000000312651103
0.260000  0.860000   -0.0000002135084182
0.300000  0.860000   -0.0000002404078788
0.340000  0.860000   -0.0000000149859475
0.380000  0.860000    0.0000005225959730
0.420000  0.860000    0.0000007004259117
0.460000  0.860000    0.0000008974093423
0.500000  0.860000    0.0000018842400259
-.380000  0.900000   -0.0000001629370142
-.340000  0.900000   -0.0000010116279500
-.300000  0.900000   -0.0000010042314078
-.260000  0.900000   -0.0000011193173304
-.220000  0.900000   -0.0000009599387525
-.180000  0.900000   -0.0000005724664933
-.140000  0.900000   -0.0000008814589108
-.100000  0.900000   -0.0000001766309146
-.060000  0.900000   -0.0000002729537281
-.020000  0.900000   -0.0000002818341719
0.020000  0.900000   -0.0000001960451805
0.060000  0.900000   -0.0000000107135407
0.100000  0.900000    0.0000002820491356
0.140000  0.900000   -0.0000002472065377
0.180000  0.900000    0.0000003121526332
0.220000  0.900000    0.0000001259476769
0.260000  0.900000    0.0000001743957992
0.300000  0.900000    0.0000005082297363
0.340000  0.900000    0.0000004332870111
0.380000  0.900000    0.0000010120171268
0.420000  0.900000    0.0000017794125289
-.300000  0.940000   -0.0000000452069683
-.260000  0.940000   -0.0000009729299260
-.220000  0.940000   -0.0000009267376160
-.180000  0.940000   -0.0000009516185838
-.140000  0.940000   -0.0000006838373414
-.100000  0.940000   -0.0000009697779788
-.060000  0.940000   -0.0000002884397142
-.020000  0.940000   -0.0000002783858120
0.020000  0.940000   -0.0000001402273563
0.060000  0.940000    0.0000001353627051
0.100000  0.940000   -0.0000003072753700
0.140000  0.940000    0.0000002904278777
0.180000  0.940000    0.0000002492825357
0.220000  0.940000    0.0000004986203740
0.260000  0.940000    0.0000003937779895
0.300000  0.940000    0.0000010566108404
0.340000  0.940000    0.0000018711498570
-.140000  0.980000   -0.0000006457469914
-.100000  0.980000   -0.0000009118503896
-.060000  0.980000   -0.0000007212830811
-.020000  0.980000   -0.0000001861079685
0.020000  0.980000   -0.0000000129408621
0.060000  0.980000   -0.0000002581120982
0.100000  0.980000   -0.0000002045632299
0.140000  0.980000    0.0000002936141306
0.180000  0.980000    0.0000006548090440
