-.180000  -.980000    0.0000000539888504
-.140000  -.980000    0.0000004870612737
-.100000  -.980000    0.0000007143084687
-.060000  -.980000    0.0000005549282288
-.020000  -.980000    0.0000000992394247
0.020000  -.980000   -0.0000000376895859
0.060000  -.980000    0.0000001948168810
0.100000  -.980000    0.0000001828568406
0.140000  -.980000   -0.0000001944902171
0.180000  -.980000   -0.0000003311429098
-.300000  -.940000    0.0000002711991239
-.260000  -.940000    0.0000008745341354
-.220000  -.940000    0.0000007699686873
-.180000  -.940000    0.0000007621415643
-.140000  -.940000    0.0000005065406516
-.100000  -.940000    0.0000007434743931
-.060000  -.940000    0.0000001524507303
-.020000  -.940000    0.0000001514705975
0.020000  -.940000    0.0000000453846842
0.060000  -.940000   -0.0000001728280927
0.100000  -.940000    0.0000002204316657
0.140000  -.940000   -0.0000002730723914
0.180000  -.940000   -0.0000002267920411
0.220000  -.940000   -0.0000004286827476
0.260000  -.940000   -0.0000003168899894
0.300000  -.940000   -0.0000008315824510
0.340000  -.940000   -0.0000010056228821
-.380000  -.900000    0.0000004295981072
-.340000  -.900000    0.0000009760094949
-.300000  -.900000    0.0000008666596410
-.260000  -.900000    0.0000009099416895
-.220000  -.900000    0.0000007206723009
-.180000  -.900000    0.0000003491133379
-.140000  -.900000    0.0000006042798513
-.100000  -.900000   -0.0000000035648198
-.060000  -.900000    0.0000000940944190
-.020000  -.900000    0.0000001246969716
0.020000  -.900000    0.0000000824507712
0.060000  -.900000   -0.0000000396604569
0.100000  -.900000   -0.0000002496423327
0.140000  -.900000    0.0000002256368029
0.180000  -.900000   -0.0000002180999989
0.220000  -.900000   -0.0000000481439963
0.260000  -.900000   -0.0000000853598824
0.300000  -.900000   -0.0000003768814466
0.340000  -.900000   -0.0000003259800639
0.380000  -.900000   -0.0000008261288983
0.420000  -.900000   -0.0000013646961208
-.460000  -.860000    0.0000001812236806
-.420000  -.860000    0.0000007527352138
-.380000  -.860000    0.0000008134513070
-.340000  -.860000    0.0000009793732328
-.300000  -.860000    0.0000009090083394
-.260000  -.860000    0.0000006460101977
-.220000  -.860000    0.0000002350847836
-.180000  -.860000    0.0000005227215771
-.140000  -.860000   -0.0000000721741837
-.100000  -.860000    0.0000001055247731
-.060000  -.860000    0.0000002392416332
-.020000  -.860000    0.0000003211036940
0.020000  -.860000    0.0000003467496303
0.060000  -.860000    0.0000003098383301
0.100000  -.860000    0.0000002025589055
0.140000  -.860000    0.0000000167569600
0.180000  -.860000    0.0000005345154322
0.220000  -.860000    0.0000001304526462
0.260000  -.860000    0.0000003540877826
0.300000  -.860000    0.0000003810673030
0.340000  -.860000    0.0000001753318133
0.380000  -.860000   -0.0000003094185007
0.420000  -.860000   -0.0000005157967838
0.460000  -.860000   -0.0000007168839580
0.500000  -.860000   -0.0000014363075686
-.500000  -.820000    0.0000003872810459
-.460000  -.820000    0.0000007612582961
-.420000  -.820000    0.0000011541409823
-.380000  -.820000    0.0000006417112083
-.340000  -.820000    0.0000004783173944
-.300000  -.820000    0.0000001610804376
-.260000  -.820000    0.0000005204901247
-.220000  -.820000    0.0000000171333298
-.180000  -.820000    0.0000002891074278
-.140000  -.820000   -0.0000003271772136
-.100000  -.820000   -0.0000001270900658
-.060000  -.820000    0.0000000447359182
-.020000  -.820000    0.0000001795735177
0.020000  -.820000    0.0000002716786938
0.060000  -.820000    0.0000003154731247
0.100000  -.820000    0.0000003022865400
0.140000  -.820000    0.0000002242813141
0.180000  -.820000    0.0000008698387669
0.220000  -.820000    0.0000006078353919
0.260000  -.820000    0.0000010025405182
0.300000  -.820000    0.0000004945695043
0.340000  -.820000    0.0000005525966336
0.380000  -.820000    0.0000003876288090
0.420000  -.820000    0.0000006090470672
0.460000  -.820000   -0.0000001727582822
0.500000  -.820000   -0.0000007982434740
0.540000  -.820000   -0.0000010912967054
-.540000  -.780000    0.0000005570373794
-.500000  -.780000    0.0000008638925136
-.460000  -.780000    0.0000006549598510
-.420000  -.780000    0.0000006647782663
-.380000  -.780000    0.0000004904366013
-.340000  -.780000    0.0000001711532849
-.300000  -.780000   -0.0000002516605651
-.260000  -.780000    0.0000000644374650
-.220000  -.780000   -0.0000004716705329
-.180000  -.780000   -0.0000002045815448
-.140000  -.780000   -0.0000007958286537
-.100000  -.780000   -0.0000005699304324
-.060000  -.780000   -0.0000003599270182
-.020000  -.780000   -0.0000001736903778
0.020000  -.780000   -0.0000000190444553
0.060000  -.780000    0.0000000972278616
0.100000  -.780000    0.0000001675894566
0.140000  -.780000    0.0000001831137158
0.180000  -.780000    0.0000009195859467
0.220000  -.780000    0.0000007764843188
0.260000  -.780000    0.0000013008506634
0.300000  -.780000    0.0000009447546507
0.340000  -.780000    0.0000011794640597
0.380000  -.780000    0.0000012218406793
0.420000  -.780000    0.0000010457912800
0.460000  -.780000    0.0000006111987649
0.500000  -.780000    0.0000004578718013
0.540000  -.780000   -0.0000001474657762
0.580000  -.780000   -0.0000008630581785
0.620000  -.780000   -0.0000015434602457
-.580000  -.740000    0.0000005225567617
-.540000  -.740000    0.0000007629956812
-.500000  -.740000    0.0000010689937670
-.460000  -.740000    0.0000005092046946
-.420000  -.740000    0.0000003257703688
-.380000  -.740000    0.0000000103562454
-.340000  -.740000   -0.0000003988802248
-.300000  -.740000   -0.0000000789644787
-.260000  -.740000   -0.0000005828503232
-.220000  -.740000   -0.0000002920475004
-.180000  -.740000   -0.0000008345731114
-.140000  -.740000   -0.0000005675207165
-.100000  -.740000   -0.0000003051024039
-.060000  -.740000   -0.0000008703376350
-.020000  -.740000   -0.0000006404819294
0.020000  -.740000   -0.0000004328795249
0.060000  -.740000   -0.0000002551839907
0.100000  -.740000    0.0000006730505797
0.140000  -.740000    0.0000007515168443
0.180000  -.740000    0.0000007721693975
0.220000  -.740000    0.0000014876562381
0.260000  -.740000    0.0000013458201787
0.300000  -.740000    0.0000018419753087
0.340000  -.740000    0.0000014828724703
0.380000  -.740000    0.0000016889086032
0.420000  -.740000    0.0000017026037986
0.460000  -.740000    0.0000014949978725
0.500000  -.740000    0.0000016151278606
0.540000  -.740000    0.0000008231353742
0.580000  -.740000    0.0000001700193718
0.620000  -.740000   -0.0000005636259192
0.660000  -.740000   -0.0000016989867968
-.620000  -.700000    0.0000005864519085
-.580000  -.700000    0.0000009336541374
-.540000  -.700000    0.0000007864004993
-.500000  -.700000    0.0000008403183787
-.460000  -.700000    0.0000007152156913
-.420000  -.700000   -0.0000002667277156
-.380000  -.700000    0.0000000826649735
-.340000  -.700000   -0.0000003524409561
-.300000  -.700000   -0.0000008245784942
-.260000  -.700000   -0.0000005286816083
-.220000  -.700000   -0.0000010260580711
-.180000  -.700000   -0.0000007355531926
-.140000  -.700000   -0.0000012251275917
-.100000  -.700000   -0.0000009405278168
-.060000  -.700000   -0.0000006606745375
-.020000  -.700000   -0.0000003928494403
0.020000  -.700000   -0.0000001440658354
0.060000  -.700000    0.0000000769044731
0.100000  -.700000    0.0000002622741389
0.140000  -.700000    0.0000004032790316
0.180000  -.700000    0.0000012443965234
0.220000  -.700000    0.0000012604515423
0.260000  -.700000    0.0000019377986190
0.300000  -.700000    0.0000017852637496
0.340000  -.700000    0.0000022409391132
0.380000  -.700000    0.0000025443230442
0.420000  -.700000    0.0000020334939220
0.460000  -.700000    0.0000026178885637
0.500000  -.700000    0.0000023409166836
0.540000  -.700000    0.0000018074265261
0.580000  -.700000    0.0000014836305534
0.620000  -.700000    0.0000007317671537
0.660000  -.700000   -0.0000001144303236
0.700000  -.700000   -0.0000012937870299
-.660000  -.660000    0.0000005024434031
-.620000  -.660000    0.0000005833668804
-.580000  -.660000    0.0000009102192833
-.540000  -.660000    0.0000004566310579
-.500000  -.660000    0.0000003223340724
-.460000  -.660000    0.0000000605675821
-.420000  -.660000   -0.0000002927691934
-.380000  -.660000   -0.0000007040562921
-.340000  -.660000   -0.0000011438208174
-.300000  -.660000   -0.0000008589481275
-.260000  -.660000   -0.0000013102280567
-.220000  -.660000   -0.0000010154300338
-.180000  -.660000   -0.0000014485421440
-.140000  -.660000   -0.0000011455972450
-.100000  -.660000   -0.0000008344604201
-.060000  -.660000   -0.0000005269181176
-.020000  -.660000   -0.0000002280163303
0.020000  -.660000    0.0000000536699880
0.060000  -.660000    0.0000003091208478
0.100000  -.660000    0.0000005312823642
0.140000  -.660000    0.0000007122687228
0.180000  -.660000    0.0000008425478915
0.220000  -.660000    0.0000016441228810
0.260000  -.660000    0.0000016403917649
0.300000  -.660000    0.0000022711085148
0.340000  -.660000    0.0000020909131937
0.380000  -.660000    0.0000024994902118
0.420000  -.660000    0.0000027553639240
0.460000  -.660000    0.0000028405600087
0.500000  -.660000    0.0000027325624260
0.540000  -.660000    0.0000024007826271
0.580000  -.660000    0.0000023218762487
0.620000  -.660000    0.0000013998351516
0.660000  -.660000    0.0000009980381353
0.700000  -.660000   -0.0000000163035147
0.740000  -.660000   -0.0000015351111178
-.700000  -.620000    0.0000003043382137
-.660000  -.620000    0.0000005196293230
-.620000  -.620000    0.0000009064032125
-.580000  -.620000    0.0000005624397770
-.540000  -.620000    0.0000004887559392
-.500000  -.620000    0.0000002795643465
-.460000  -.620000   -0.0000000287480598
-.420000  -.620000   -0.0000004017842693
-.380000  -.620000   -0.0000008114028104
-.340000  -.620000   -0.0000012328339429
-.300000  -.620000   -0.0000016412891479
-.260000  -.620000   -0.0000013582295609
-.220000  -.620000   -0.0000017387292168
-.180000  -.620000   -0.0000014330175578
-.140000  -.620000   -0.0000011111440275
-.100000  -.620000   -0.0000007800165701
-.060000  -.620000   -0.0000011389470012
-.020000  -.620000   -0.0000008222990391
0.020000  -.620000   -0.0000005190988888
0.060000  -.620000   -0.0000002383509680
0.100000  -.620000    0.0000007127487271
0.140000  -.620000    0.0000009247531495
0.180000  -.620000    0.0000010875402225
0.220000  -.620000    0.0000011907408529
0.260000  -.620000    0.0000019402836164
0.300000  -.620000    0.0000018993214131
0.340000  -.620000    0.0000024761259472
0.380000  -.620000    0.0000029356669545
0.420000  -.620000    0.0000032559203406
0.460000  -.620000    0.0000034241475248
0.500000  -.620000    0.0000034232030543
0.540000  -.620000    0.0000032269748595
0.580000  -.620000    0.0000028076523463
0.620000  -.620000    0.0000025945289851
0.660000  -.620000    0.0000015810615368
0.700000  -.620000    0.0000009948841743
0.740000  -.620000   -0.0000002391422173
0.780000  -.620000   -0.0000012974991881
-.740000  -.580000    0.0000000612523050
-.700000  -.580000    0.0000006130616932
-.660000  -.580000    0.0000007948423031
-.620000  -.580000    0.0000005691427545
-.580000  -.580000    0.0000005559938474
-.540000  -.580000   -0.0000001930286833
-.500000  -.580000   -0.0000004880871570
-.460000  -.580000   -0.0000008415932336
-.420000  -.580000   -0.0000012231949898
-.380000  -.580000   -0.0000009624443492
-.340000  -.580000   -0.0000013500782912
-.300000  -.580000   -0.0000017192304163
-.260000  -.580000   -0.0000014300957612
-.220000  -.580000   -0.0000017597800835
-.180000  -.580000   -0.0000014416577057
-.140000  -.580000   -0.0000011067122282
-.100000  -.580000   -0.0000014006013963
-.060000  -.580000   -0.0000010631824660
-.020000  -.580000   -0.0000007305567919
0.020000  -.580000   -0.0000004104812672
0.060000  -.580000   -0.0000001118495232
0.100000  -.580000    0.0000001551546183
0.140000  -.580000    0.0000010584475937
0.180000  -.580000    0.0000012438179755
0.220000  -.580000    0.0000013696443591
0.260000  -.580000    0.0000021241233565
0.300000  -.580000    0.0000021157343750
0.340000  -.580000    0.0000027152172939
0.380000  -.580000    0.0000032043895275
0.420000  -.580000    0.0000029352133395
0.460000  -.580000    0.0000031981455041
0.500000  -.580000    0.0000033083634272
0.540000  -.580000    0.0000032455452646
0.580000  -.580000    0.0000034995758336
0.620000  -.580000    0.0000029906295457
0.660000  -.580000    0.0000026425129508
0.700000  -.580000    0.0000019152182338
0.740000  -.580000    0.0000007346444017
0.780000  -.580000   -0.0000003881260668
-.740000  -.540000    0.0000003362360164
-.700000  -.540000    0.0000005993071480
-.660000  -.540000    0.0000004912969980
-.620000  -.540000    0.0000005380138065
-.580000  -.540000   -0.0000001024748328
-.540000  -.540000   -0.0000003516904275
-.500000  -.540000   -0.0000006665722521
-.460000  -.540000   -0.0000010162835232
-.420000  -.540000   -0.0000013786572259
-.380000  -.540000   -0.0000011312346317
-.340000  -.540000   -0.0000014788209425
-.300000  -.540000   -0.0000018003430963
-.260000  -.540000   -0.0000015108079739
-.220000  -.540000   -0.0000017855157612
-.180000  -.540000   -0.0000014611286930
-.140000  -.540000   -0.0000016963479476
-.100000  -.540000   -0.0000013576096726
-.060000  -.540000   -0.0000010101831387
-.020000  -.540000   -0.0000006676251004
0.020000  -.540000   -0.0000003372844905
0.060000  -.540000   -0.0000000289394443
0.100000  -.540000    0.0000002465831757
0.140000  -.540000    0.0000004792588492
0.180000  -.540000    0.0000013267070579
0.220000  -.540000    0.0000014647217831
0.260000  -.540000    0.0000022100377351
0.300000  -.540000    0.0000022218876152
0.340000  -.540000    0.0000028277387629
0.380000  -.540000    0.0000033303609314
0.420000  -.540000    0.0000031067783538
0.460000  -.540000    0.0000034132448253
0.500000  -.540000    0.0000035826850838
0.540000  -.540000    0.0000035984018880
0.580000  -.540000    0.0000034422633119
0.620000  -.540000    0.0000035653482635
0.660000  -.540000    0.0000029611661416
0.700000  -.540000    0.0000024770650677
0.740000  -.540000    0.0000016000287551
0.780000  -.540000    0.0000005748599685
0.820000  -.540000   -0.0000005964728334
-.780000  -.500000    0.0000001473044930
-.740000  -.500000    0.0000005920832422
-.700000  -.500000    0.0000006974931608
-.660000  -.500000    0.0000004500473944
-.620000  -.500000    0.0000004083717160
-.580000  -.500000   -0.0000002774145773
-.540000  -.500000   -0.0000005493217312
-.500000  -.500000   -0.0000008651782936
-.460000  -.500000   -0.0000011998789714
-.420000  -.500000   -0.0000015333511676
-.380000  -.500000   -0.0000012984706657
-.340000  -.500000   -0.0000016013855750
-.300000  -.500000   -0.0000018722390291
-.260000  -.500000   -0.0000015849866423
-.220000  -.500000   -0.0000018065284252
-.180000  -.500000   -0.0000014806255828
-.140000  -.500000   -0.0000016644377536
-.100000  -.500000   -0.0000013226235552
-.060000  -.500000   -0.0000009711615886
-.020000  -.500000   -0.0000006232815022
0.020000  -.500000   -0.0000002901473909
0.060000  -.500000    0.0000000210421465
0.100000  -.500000    0.0000002977795290
0.140000  -.500000    0.0000005296090293
0.180000  -.500000    0.0000013502102594
0.220000  -.500000    0.0000014907282633
0.260000  -.500000    0.0000022148180372
0.300000  -.500000    0.0000022354054645
0.340000  -.500000    0.0000028339911791
0.380000  -.500000    0.0000033383068805
0.420000  -.500000    0.0000031437766721
0.460000  -.500000    0.0000034753122427
0.500000  -.500000    0.0000036854282954
0.540000  -.500000    0.0000037609559156
0.580000  -.500000    0.0000036852078870
0.620000  -.500000    0.0000039021297761
0.660000  -.500000    0.0000034345111733
0.700000  -.500000    0.0000031100509521
0.740000  -.500000    0.0000024443550738
0.780000  -.500000    0.0000013905722628
0.820000  -.500000    0.0000000965926600
0.860000  -.500000   -0.0000009767955764
-.780000  -.460000    0.0000002644926244
-.740000  -.460000    0.0000004427286248
-.700000  -.460000    0.0000006731755932
-.660000  -.460000    0.0000003253118351
-.620000  -.460000    0.0000002182513837
-.580000  -.460000   -0.0000004797835985
-.540000  -.460000   -0.0000007587543994
-.500000  -.460000   -0.0000010631423361
-.460000  -.460000   -0.0000013726517113
-.420000  -.460000   -0.0000016681348688
-.380000  -.460000   -0.0000014491170692
-.340000  -.460000   -0.0000017034584924
-.300000  -.460000   -0.0000019244697022
-.260000  -.460000   -0.0000016444001671
-.220000  -.460000   -0.0000018139214725
-.180000  -.460000   -0.0000014910968078
-.140000  -.460000   -0.0000016264910890
-.100000  -.460000   -0.0000012865399234
-.060000  -.460000   -0.0000009368270614
-.020000  -.460000   -0.0000005897390159
0.020000  -.460000   -0.0000002593932717
0.060000  -.460000    0.0000000473505015
0.100000  -.460000    0.0000003171156322
0.140000  -.460000    0.0000005403905338
0.180000  -.460000    0.0000013253719000
0.220000  -.460000    0.0000014584464616
0.260000  -.460000    0.0000021514061391
0.300000  -.460000    0.0000021692582018
0.340000  -.460000    0.0000027500094800
0.380000  -.460000    0.0000032452239990
0.420000  -.460000    0.0000030648703929
0.460000  -.460000    0.0000034079074252
0.500000  -.460000    0.0000036448905525
0.540000  -.460000    0.0000037621097632
0.580000  -.460000    0.0000037470787622
0.620000  -.460000    0.0000040388242350
0.660000  -.460000    0.0000036819854423
0.700000  -.460000    0.0000034830380331
0.740000  -.460000    0.0000026740751990
0.780000  -.460000    0.0000018691107743
0.820000  -.460000    0.0000009162564362
0.860000  -.460000   -0.0000001188518479
-.820000  -.420000    0.0000001185229417
-.780000  -.420000    0.0000003759360563
-.740000  -.420000    0.0000004317572485
-.700000  -.420000    0.0000002011277409
-.660000  -.420000    0.0000001467512180
-.620000  -.420000   -0.0000000022927751
-.580000  -.420000   -0.0000006861242995
-.540000  -.420000   -0.0000009583681215
-.500000  -.420000   -0.0000012409326643
-.460000  -.420000   -0.0000015183417187
-.420000  -.420000   -0.0000017735498584
-.380000  -.420000   -0.0000015675547179
-.340000  -.420000   -0.0000017763476189
-.300000  -.420000   -0.0000019504146378
-.260000  -.420000   -0.0000016798650365
-.220000  -.420000   -0.0000018012348668
-.180000  -.420000   -0.0000014862290377
-.140000  -.420000   -0.0000015798906676
-.100000  -.420000   -0.0000012459009370
-.060000  -.420000   -0.0000009020327385
-.020000  -.420000   -0.0000005611031175
0.020000  -.420000   -0.0000002387281324
0.060000  -.420000    0.0000000572172123
0.100000  -.420000    0.0000003133072557
0.140000  -.420000    0.0000005197793609
0.180000  -.420000    0.0000012603786054
0.220000  -.420000    0.0000013771986857
0.260000  -.420000    0.0000020318133633
0.300000  -.420000    0.0000020354923891
0.340000  -.420000    0.0000025888876080
0.380000  -.420000    0.0000030666802893
0.420000  -.420000    0.0000028856904071
0.460000  -.420000    0.0000032294727482
0.500000  -.420000    0.0000034787188988
0.540000  -.420000    0.0000036243917394
0.580000  -.420000    0.0000036542319781
0.620000  -.420000    0.0000040087328803
0.660000  -.420000    0.0000037384501124
0.700000  -.420000    0.0000032924119473
0.740000  -.420000    0.0000029854765497
0.780000  -.420000    0.0000023638064726
0.820000  -.420000    0.0000016383609568
0.860000  -.420000    0.0000004368144586
0.900000  -.420000   -0.0000008168780024
-.820000  -.380000    0.0000001937892222
-.780000  -.380000    0.0000003984363402
-.740000  -.380000    0.0000003456080875
-.700000  -.380000    0.0000003930166484
-.660000  -.380000   -0.0000000554348237
-.620000  -.380000   -0.0000002290146030
-.580000  -.380000   -0.0000004549261229
-.540000  -.380000   -0.0000007077751383
-.500000  -.380000   -0.0000009682826519
-.460000  -.380000   -0.0000012200452400
-.420000  -.380000   -0.0000014476576400
-.380000  -.380000   -0.0000016472186054
-.340000  -.380000   -0.0000018135614405
-.300000  -.380000   -0.0000019410365267
-.260000  -.380000   -0.0000016853220215
-.220000  -.380000   -0.0000017647066511
-.180000  -.380000   -0.0000014625348490
-.140000  -.380000   -0.0000015193399297
-.100000  -.380000   -0.0000011950360901
-.060000  -.380000   -0.0000008617828209
-.020000  -.380000   -0.0000005327735363
0.020000  -.380000   -0.0000002218383922
0.060000  -.380000    0.0000000553224963
0.100000  -.380000    0.0000002909436465
0.140000  -.380000    0.0000004734596780
0.180000  -.380000    0.0000011628361100
0.220000  -.380000    0.0000012541833865
0.260000  -.380000    0.0000018628233802
0.300000  -.380000    0.0000018426412212
0.340000  -.380000    0.0000023597043396
0.380000  -.380000    0.0000028119739680
0.420000  -.380000    0.0000031930069378
0.460000  -.380000    0.0000034999005647
0.500000  -.380000    0.0000037253624464
0.540000  -.380000    0.0000038641575409
0.580000  -.380000    0.0000039044500915
0.620000  -.380000    0.0000038323316127
0.660000  -.380000    0.0000036313798142
0.700000  -.380000    0.0000036282083567
0.740000  -.380000    0.0000030913416946
0.780000  -.380000    0.0000026231359433
0.820000  -.380000    0.0000018475558550
0.860000  -.380000    0.0000009133362439
0.900000  -.380000   -0.0000001537685376
-.820000  -.340000    0.0000002474148711
-.780000  -.340000    0.0000003471977133
-.740000  -.340000    0.0000002121344577
-.700000  -.340000    0.0000001996166167
-.660000  -.340000   -0.0000002575973682
-.620000  -.340000   -0.0000004404412538
-.580000  -.340000   -0.0000006557826746
-.540000  -.340000   -0.0000008876536703
-.500000  -.340000   -0.0000011172904525
-.460000  -.340000   -0.0000013323976864
-.420000  -.340000   -0.0000015238007243
-.380000  -.340000   -0.0000016812908589
-.340000  -.340000   -0.0000018070880379
-.300000  -.340000   -0.0000015898450397
-.260000  -.340000   -0.0000016575784256
-.220000  -.340000   -0.0000017023356337
-.180000  -.340000   -0.0000014162783745
-.140000  -.340000   -0.0000014412191535
-.100000  -.340000   -0.0000011328838520
-.060000  -.340000   -0.0000008140622098
-.020000  -.340000   -0.0000004991155788
0.020000  -.340000   -0.0000002068912110
0.060000  -.340000    0.0000000469085251
0.100000  -.340000    0.0000002551347943
0.140000  -.340000    0.0000004059273098
0.180000  -.340000    0.0000010385211046
0.220000  -.340000    0.0000010951887302
0.260000  -.340000    0.0000016510484366
0.300000  -.340000    0.0000021506210241
0.340000  -.340000    0.0000020732424405
0.380000  -.340000    0.0000024905686631
0.420000  -.340000    0.0000028465573187
0.460000  -.340000    0.0000031385485121
0.500000  -.340000    0.0000033611402413
0.540000  -.340000    0.0000035060574830
0.580000  -.340000    0.0000035671185710
0.620000  -.340000    0.0000035328531860
0.660000  -.340000    0.0000033870538551
0.700000  -.340000    0.0000034617306792
0.740000  -.340000    0.0000030257294566
0.780000  -.340000    0.0000026852290790
0.820000  -.340000    0.0000020752881764
0.860000  -.340000    0.0000013476222410
0.900000  -.340000    0.0000003853005752
0.940000  -.340000   -0.0000007372904504
-.860000  -.300000    0.0000000952402972
-.820000  -.300000    0.0000002370838242
-.780000  -.300000    0.0000002480230958
-.740000  -.300000    0.0000003207059349
-.700000  -.300000    0.0000000020749992
-.660000  -.300000   -0.0000001165286184
-.620000  -.300000   -0.0000006168434028
-.580000  -.300000   -0.0000008166054429
-.540000  -.300000   -0.0000010204199705
-.500000  -.300000   -0.0000012165665232
-.460000  -.300000   -0.0000013939290004
-.420000  -.300000   -0.0000015468045366
-.380000  -.300000   -0.0000016674511799
-.340000  -.300000   -0.0000014915763211
-.300000  -.300000   -0.0000015565505001
-.260000  -.300000   -0.0000015958621789
-.220000  -.300000   -0.0000016102733957
-.180000  -.300000   -0.0000013457437095
-.140000  -.300000   -0.0000013471971192
-.100000  -.300000   -0.0000010573226866
-.060000  -.300000   -0.0000007559725592
-.020000  -.300000   -0.0000004602703177
0.020000  -.300000   -0.0000001911817582
0.060000  -.300000    0.0000000349677048
0.100000  -.300000    0.0000002088846174
0.140000  -.300000    0.0000003205615600
0.180000  -.300000    0.0000008891364041
0.220000  -.300000    0.0000009046346258
0.260000  -.300000    0.0000014021895782
0.300000  -.300000    0.0000018515754860
0.340000  -.300000    0.0000022470219402
0.380000  -.300000    0.0000021145330922
0.420000  -.300000    0.0000024391088883
0.460000  -.300000    0.0000027090482738
0.500000  -.300000    0.0000029194089148
0.540000  -.300000    0.0000030645317047
0.580000  -.300000    0.0000031378301038
0.620000  -.300000    0.0000031298659055
0.660000  -.300000    0.0000033905073936
0.700000  -.300000    0.0000031683011824
0.740000  -.300000    0.0000030949263161
0.780000  -.300000    0.0000025893095318
0.820000  -.300000    0.0000021189913204
0.860000  -.300000    0.0000015587294972
0.900000  -.300000    0.0000006410812599
0.940000  -.300000   -0.0000003557617929
-.860000  -.260000    0.0000001400699188
-.820000  -.260000    0.0000003229782276
-.780000  -.260000    0.0000003231687919
-.740000  -.260000    0.0000001432625594
-.700000  -.260000    0.0000000896963956
-.660000  -.260000   -0.0000003015798031
-.620000  -.260000   -0.0000004594211392
-.580000  -.260000   -0.0000006360739849
-.540000  -.260000   -0.0000008176335023
-.500000  -.260000   -0.0000009902777132
-.460000  -.260000   -0.0000011432330168
-.420000  -.260000   -0.0000012733022387
-.380000  -.260000   -0.0000013732658183
-.340000  -.260000   -0.0000014427702267
-.300000  -.260000   -0.0000014826145412
-.260000  -.260000   -0.0000014958012706
-.220000  -.260000   -0.0000012717646847
-.180000  -.260000   -0.0000012522388205
-.140000  -.260000   -0.0000009766378257
-.100000  -.260000   -0.0000009692467469
-.060000  -.260000   -0.0000006886148417
-.020000  -.260000   -0.0000004135245675
0.020000  -.260000   -0.0000001707820491
0.060000  -.260000    0.0000000212137521
0.100000  -.260000    0.0000001534110865
0.140000  -.260000    0.0000006786408151
0.180000  -.260000    0.0000007192135072
0.220000  -.260000    0.0000011721428212
0.260000  -.260000    0.0000011206160490
0.300000  -.260000    0.0000015122654276
0.340000  -.260000    0.0000018608555520
0.380000  -.260000    0.0000021689622529
0.420000  -.260000    0.0000024350290640
0.460000  -.260000    0.0000026589052723
0.500000  -.260000    0.0000028356474003
0.540000  -.260000    0.0000029615157627
0.580000  -.260000    0.0000030252632416
0.620000  -.260000    0.0000030224665452
0.660000  -.260000    0.0000029415511784
0.700000  -.260000    0.0000030537912262
0.740000  -.260000    0.0000027731388048
0.780000  -.260000    0.0000025800320475
0.820000  -.260000    0.0000021938705437
0.860000  -.260000    0.0000015962324775
0.900000  -.260000    0.0000008740243924
0.940000  -.260000    0.0000000464275809
-.860000  -.220000    0.0000001343100956
-.820000  -.220000    0.0000002325332974
-.780000  -.220000    0.0000001770225222
-.740000  -.220000    0.0000001895580030
-.700000  -.220000   -0.0000000884139707
-.660000  -.220000   -0.0000001989150911
-.620000  -.220000   -0.0000005818986713
-.580000  -.220000   -0.0000007321872418
-.540000  -.220000   -0.0000008800350069
-.500000  -.220000   -0.0000010156760381
-.460000  -.220000   -0.0000011333112876
-.420000  -.220000   -0.0000012310058753
-.380000  -.220000   -0.0000013021260416
-.340000  -.220000   -0.0000013455683034
-.300000  -.220000   -0.0000013649669050
-.260000  -.220000   -0.0000011884633498
-.220000  -.220000   -0.0000011663229093
-.180000  -.220000   -0.0000011353428627
-.140000  -.220000   -0.0000008874560192
-.100000  -.220000   -0.0000008689272520
-.060000  -.220000   -0.0000006101286708
-.020000  -.220000   -0.0000003594986486
0.020000  -.220000   -0.0000001469447088
0.060000  -.220000    0.0000000055549881
0.100000  -.220000    0.0000000887039510
0.140000  -.220000    0.0000005429954668
0.180000  -.220000    0.0000005287329400
0.220000  -.220000    0.0000009125668695
0.260000  -.220000    0.0000012531292585
0.300000  -.220000    0.0000011445952821
0.340000  -.220000    0.0000014420674731
0.380000  -.220000    0.0000017082991691
0.420000  -.220000    0.0000019422384863
0.460000  -.220000    0.0000021391656645
0.500000  -.220000    0.0000022895560813
0.540000  -.220000    0.0000024013242060
0.580000  -.220000    0.0000024688502468
0.620000  -.220000    0.0000024770620560
0.660000  -.220000    0.0000027130466269
0.700000  -.220000    0.0000025778371522
0.740000  -.220000    0.0000025747295264
0.780000  -.220000    0.0000022466011561
0.820000  -.220000    0.0000019644414859
0.860000  -.220000    0.0000014982320400
0.900000  -.220000    0.0000009383420896
0.940000  -.220000    0.0000001864684302
-.860000  -.180000    0.0000001657208348
-.820000  -.180000    0.0000002471144908
-.780000  -.180000    0.0000001954042954
-.740000  -.180000    0.0000000285155083
-.700000  -.180000   -0.0000000316150020
-.660000  -.180000   -0.0000003247279978
-.620000  -.180000   -0.0000004415352506
-.580000  -.180000   -0.0000005652672215
-.540000  -.180000   -0.0000006885612839
-.500000  -.180000   -0.0000008021867064
-.460000  -.180000   -0.0000008992229711
-.420000  -.180000   -0.0000009776403789
-.380000  -.180000   -0.0000010322841323
-.340000  -.180000   -0.0000010626053331
-.300000  -.180000   -0.0000010722818213
-.260000  -.180000   -0.0000010592579357
-.220000  -.180000   -0.0000010320867412
-.180000  -.180000   -0.0000008321793302
-.140000  -.180000   -0.0000007809934109
-.100000  -.180000   -0.0000007586479447
-.060000  -.180000   -0.0000005234030228
-.020000  -.180000   -0.0000002967222236
0.020000  -.180000   -0.0000001183702019
0.060000  -.180000   -0.0000000129673994
0.100000  -.180000    0.0000000185068823
0.140000  -.180000    0.0000003905618681
0.180000  -.180000    0.0000007068596116
0.220000  -.180000    0.0000006293426370
0.260000  -.180000    0.0000009120913061
0.300000  -.180000    0.0000011589259248
0.340000  -.180000    0.0000013863931927
0.380000  -.180000    0.0000015824879857
0.420000  -.180000    0.0000017519819680
0.460000  -.180000    0.0000019015629608
0.500000  -.180000    0.0000020390564208
0.540000  -.180000    0.0000021291427262
0.580000  -.180000    0.0000021761132827
0.620000  -.180000    0.0000021869179036
0.660000  -.180000    0.0000021451859291
0.700000  -.180000    0.0000022615662061
0.740000  -.180000    0.0000020906175592
0.780000  -.180000    0.0000020021368673
0.820000  -.180000    0.0000017771308367
0.860000  -.180000    0.0000014123248511
0.900000  -.180000    0.0000008798919249
0.940000  -.180000    0.0000003119232046
0.980000  -.180000   -0.0000003139878351
-.900000  -.140000    0.0000000176166992
-.860000  -.140000    0.0000001070760453
-.820000  -.140000    0.0000001337711439
-.780000  -.140000    0.0000000622936949
-.740000  -.140000    0.0000000496665090
-.700000  -.140000   -0.0000001490716697
-.660000  -.140000   -0.0000002296431005
-.620000  -.140000   -0.0000003231571078
-.580000  -.140000   -0.0000004223281820
-.540000  -.140000   -0.0000006608766322
-.500000  -.140000   -0.0000007417344560
-.460000  -.140000   -0.0000008083360757
-.420000  -.140000   -0.0000008604640517
-.380000  -.140000   -0.0000008953304964
-.340000  -.140000   -0.0000009104442423
-.300000  -.140000   -0.0000009100340798
-.260000  -.140000   -0.0000007931956519
-.220000  -.140000   -0.0000007550349830
-.180000  -.140000   -0.0000007077081067
-.140000  -.140000   -0.0000006621498682
-.100000  -.140000   -0.0000004396110571
-.060000  -.140000   -0.0000004328572505
-.020000  -.140000   -0.0000002279110083
0.020000  -.140000   -0.0000000848427168
0.060000  -.140000   -0.0000000345906495
0.100000  -.140000    0.0000002843580185
0.140000  -.140000    0.0000002237663645
0.180000  -.140000    0.0000004547245018
0.220000  -.140000    0.0000006918029950
0.260000  -.140000    0.0000008634575409
0.300000  -.140000    0.0000007379098240
0.340000  -.140000    0.0000009211859334
0.380000  -.140000    0.0000010722649011
0.420000  -.140000    0.0000012328824326
0.460000  -.140000    0.0000013654483882
0.500000  -.140000    0.0000014349529320
0.540000  -.140000    0.0000015252172735
0.580000  -.140000    0.0000017915724645
0.620000  -.140000    0.0000017979843461
0.660000  -.140000    0.0000017675617398
0.700000  -.140000    0.0000016935435170
0.740000  -.140000    0.0000017238555142
0.780000  -.140000    0.0000015309924459
0.820000  -.140000    0.0000013876103435
0.860000  -.140000    0.0000011291840797
0.900000  -.140000    0.0000008128929680
0.940000  -.140000    0.0000003213418385
0.980000  -.140000   -0.0000001761158325
-.900000  -.100000    0.0000000180696951
-.860000  -.100000    0.0000000949122132
-.820000  -.100000    0.0000001132971449
-.780000  -.100000    0.0000000607669165
-.740000  -.100000    0.0000000492480762
-.700000  -.100000   -0.0000000935707319
-.660000  -.100000   -0.0000001517706020
-.620000  -.100000   -0.0000002212637446
-.580000  -.100000   -0.0000003975500074
-.540000  -.100000   -0.0000004623691406
-.500000  -.100000   -0.0000005200186592
-.460000  -.100000   -0.0000005665617538
-.420000  -.100000   -0.0000006033583901
-.380000  -.100000   -0.0000006276124518
-.340000  -.100000   -0.0000006370368361
-.300000  -.100000   -0.0000006343131353
-.260000  -.100000   -0.0000006175319284
-.220000  -.100000   -0.0000005911946262
-.180000  -.100000   -0.0000005560557897
-.140000  -.100000   -0.0000004068662411
-.100000  -.100000   -0.0000003514648128
-.060000  -.100000   -0.0000003413838771
-.020000  -.100000   -0.0000001550099486
0.020000  -.100000   -0.0000000505279139
0.060000  -.100000   -0.0000000635275722
0.100000  -.100000    0.0000001594374469
0.140000  -.100000    0.0000003199352542
0.180000  -.100000    0.0000002101113921
0.220000  -.100000    0.0000004121614476
0.260000  -.100000    0.0000004139948495
0.300000  -.100000    0.0000006712459529
0.340000  -.100000    0.0000007418891848
0.380000  -.100000    0.0000008883433284
0.420000  -.100000    0.0000009454955979
0.460000  -.100000    0.0000010183304373
0.500000  -.100000    0.0000011225109507
0.540000  -.100000    0.0000011355614147
0.580000  -.100000    0.0000011826197107
0.620000  -.100000    0.0000013339503292
0.660000  -.100000    0.0000013146384136
0.700000  -.100000    0.0000012629606281
0.740000  -.100000    0.0000012827753258
0.780000  -.100000    0.0000011492209034
0.820000  -.100000    0.0000010497460963
0.860000  -.100000    0.0000008676760912
0.900000  -.100000    0.0000005921671463
0.940000  -.100000    0.0000003095748051
0.980000  -.100000   -0.0000000546725209
-.900000  -.060000    0.0000000161463232
-.860000  -.060000    0.0000000646602461
-.820000  -.060000    0.0000000753191980
-.780000  -.060000    0.0000000433921302
-.740000  -.060000   -0.0000000248910577
-.700000  -.060000   -0.0000000506936663
-.660000  -.060000   -0.0000000865236809
-.620000  -.060000   -0.0000001946036731
-.580000  -.060000   -0.0000002337899668
-.540000  -.060000   -0.0000002737652230
-.500000  -.060000   -0.0000003078136025
-.460000  -.060000   -0.0000003355443327
-.420000  -.060000   -0.0000003574881569
-.380000  -.060000   -0.0000003719811413
-.340000  -.060000   -0.0000003773125998
-.300000  -.060000   -0.0000003735985738
-.260000  -.060000   -0.0000003616381111
-.220000  -.060000   -0.0000003419176313
-.180000  -.060000   -0.0000003148225085
-.140000  -.060000   -0.0000002825148740
-.100000  -.060000   -0.0000002535823627
-.060000  -.060000   -0.0000000722097210
-.020000  -.060000   -0.0000000819594868
0.020000  -.060000   -0.0000000178376743
0.060000  -.060000    0.0000001388386092
0.100000  -.060000    0.0000000181457693
0.140000  -.060000    0.0000001144125223
0.180000  -.060000    0.0000002132466518
0.220000  -.060000    0.0000002523997080
0.260000  -.060000    0.0000003299320932
0.300000  -.060000    0.0000004460480414
0.340000  -.060000    0.0000005002211126
0.380000  -.060000    0.0000004765281388
0.420000  -.060000    0.0000005739556104
0.460000  -.060000    0.0000006197570512
0.500000  -.060000    0.0000006818866794
0.540000  -.060000    0.0000007116354187
0.580000  -.060000    0.0000007304004928
0.620000  -.060000    0.0000007340851732
0.660000  -.060000    0.0000008099631561
0.700000  -.060000    0.0000007797984871
0.740000  -.060000    0.0000007290411695
0.780000  -.060000    0.0000007114152598
0.820000  -.060000    0.0000006529824915
0.860000  -.060000    0.0000005440373745
0.900000  -.060000    0.0000003811817441
0.940000  -.060000    0.0000001835690684
0.980000  -.060000   -0.0000000236792913
-.900000  -.020000    0.0000000063918407
-.860000  -.020000    0.0000000228940758
-.820000  -.020000    0.0000000263503886
-.780000  -.020000    0.0000000156267923
-.740000  -.020000   -0.0000000074291704
-.700000  -.020000   -0.0000000159292892
-.660000  -.020000   -0.0000000281786192
-.620000  -.020000   -0.0000000643509898
-.580000  -.020000   -0.0000000771548844
-.540000  -.020000   -0.0000000906966375
-.500000  -.020000   -0.0000001018190760
-.460000  -.020000   -0.0000001110987055
-.420000  -.020000   -0.0000001184513360
-.380000  -.020000   -0.0000001232924565
-.340000  -.020000   -0.0000001251474390
-.300000  -.020000   -0.0000001233827042
-.260000  -.020000   -0.0000001190566192
-.220000  -.020000   -0.0000001111573025
-.180000  -.020000   -0.0000001014948303
-.140000  -.020000   -0.0000000874006953
-.100000  -.020000   -0.0000000688781828
-.060000  -.020000   -0.0000000472463974
-.020000  -.020000   -0.0000000320876625
0.020000  -.020000   -0.0000000112716851
0.060000  -.020000    0.0000000187298163
0.100000  -.020000    0.0000000326956758
0.140000  -.020000    0.0000000544364032
0.180000  -.020000    0.0000000908806927
0.220000  -.020000    0.0000000713352921
0.260000  -.020000    0.0000001542928827
0.300000  -.020000    0.0000001293736277
0.340000  -.020000    0.0000001608803761
0.380000  -.020000    0.0000001774537719
0.420000  -.020000    0.0000002162093267
0.460000  -.020000    0.0000002371953509
0.500000  -.020000    0.0000002174236072
0.540000  -.020000    0.0000002444510599
0.580000  -.020000    0.0000002462859156
0.620000  -.020000    0.0000002482964492
0.660000  -.020000    0.0000002736458201
0.700000  -.020000    0.0000002638023700
0.740000  -.020000    0.0000002472802026
0.780000  -.020000    0.0000002406424573
0.820000  -.020000    0.0000002213464408
0.860000  -.020000    0.0000001852177507
0.900000  -.020000    0.0000001310484474
0.940000  -.020000    0.0000000665417062
0.980000  -.020000   -0.0000000136030017
-.900000  0.020000   -0.0000000063918407
-.860000  0.020000   -0.0000000228940758
-.820000  0.020000   -0.0000000263503886
-.780000  0.020000   -0.0000000156267923
-.740000  0.020000    0.0000000074291704
-.700000  0.020000    0.0000000159292892
-.660000  0.020000    0.0000000281786192
-.620000  0.020000    0.0000000643509898
-.580000  0.020000    0.0000000771548844
-.540000  0.020000    0.0000000906966375
-.500000  0.020000    0.0000001018190760
-.460000  0.020000    0.0000001110987055
-.420000  0.020000    0.0000001184513360
-.380000  0.020000    0.0000001232924565
-.340000  0.020000    0.0000001251474390
-.300000  0.020000    0.0000001233827042
-.260000  0.020000    0.0000001190566192
-.220000  0.020000    0.0000001111573025
-.180000  0.020000    0.0000001014948303
-.140000  0.020000    0.0000000874006953
-.100000  0.020000    0.0000000688781828
-.060000  0.020000    0.0000000472463974
-.020000  0.020000    0.0000000320876625
0.020000  0.020000    0.0000000112716851
0.060000  0.020000   -0.0000000187298163
0.100000  0.020000   -0.0000000326956758
0.140000  0.020000   -0.0000000544364032
0.180000  0.020000   -0.0000000908806927
0.220000  0.020000   -0.0000000713352921
0.260000  0.020000   -0.0000001542928827
0.300000  0.020000   -0.0000001293736277
0.340000  0.020000   -0.0000001608803761
0.380000  0.020000   -0.0000001774537719
0.420000  0.020000   -0.0000002162093267
0.460000  0.020000   -0.0000002371953509
0.500000  0.020000   -0.0000002174236072
0.540000  0.020000   -0.0000002444510599
0.580000  0.020000   -0.0000002462859156
0.620000  0.020000   -0.0000002482964492
0.660000  0.020000   -0.0000002736458201
0.700000  0.020000   -0.0000002638023700
0.740000  0.020000   -0.0000002472802026
0.780000  0.020000   -0.0000002406424573
0.820000  0.020000   -0.0000002213464408
0.860000  0.020000   -0.0000001852177507
0.900000  0.020000   -0.0000001310484474
0.940000  0.020000   -0.0000000665417062
0.980000  0.020000    0.0000000136030017
-.900000  0.060000   -0.0000000161463232
-.860000  0.060000   -0.0000000646602461
-.820000  0.060000   -0.0000000753191980
-.780000  0.060000   -0.0000000433921302
-.740000  0.060000    0.0000000248910577
-.700000  0.060000    0.0000000506936663
-.660000  0.060000    0.0000000865236809
-.620000  0.060000    0.0000001946036731
-.580000  0.060000    0.0000002337899668
-.540000  0.060000    0.0000002737652230
-.500000  0.060000    0.0000003078136025
-.460000  0.060000    0.0000003355443327
-.420000  0.060000    0.0000003574881569
-.380000  0.060000    0.0000003719811413
-.340000  0.060000    0.0000003773125998
-.300000  0.060000    0.0000003735985738
-.260000  0.060000    0.0000003616381111
-.220000  0.060000    0.0000003419176313
-.180000  0.060000    0.0000003148225085
-.140000  0.060000    0.0000002825148740
-.100000  0.060000    0.0000002535823627
-.060000  0.060000    0.0000000722097210
-.020000  0.060000    0.0000000819594868
0.020000  0.060000    0.0000000178376743
0.060000  0.060000   -0.0000001388386092
0.100000  0.060000   -0.0000000181457693
0.140000  0.060000   -0.0000001144125223
0.180000  0.060000   -0.0000002132466518
0.220000  0.060000   -0.0000002523997080
0.260000  0.060000   -0.0000003299320932
0.300000  0.060000   -0.0000004460480414
0.340000  0.060000   -0.0000005002211126
0.380000  0.060000   -0.0000004765281388
0.420000  0.060000   -0.0000005739556104
0.460000  0.060000   -0.0000006197570512
0.500000  0.060000   -0.0000006818866794
0.540000  0.060000   -0.0000007116354187
0.580000  0.060000   -0.0000007304004928
0.620000  0.060000   -0.0000007340851732
0.660000  0.060000   -0.0000008099631561
0.700000  0.060000   -0.0000007797984871
0.740000  0.060000   -0.0000007290411695
0.780000  0.060000   -0.0000007114152598
0.820000  0.060000   -0.0000006529824915
0.860000  0.060000   -0.0000005440373745
0.900000  0.060000   -0.0000003811817441
0.940000  0.060000   -0.0000001835690684
0.980000  0.060000    0.0000000236792913
-.900000  0.100000   -0.0000000180696951
-.860000  0.100000   -0.0000000949122132
-.820000  0.100000   -0.0000001132971449
-.780000  0.100000   -0.0000000607669165
-.740000  0.100000   -0.0000000492480762
-.700000  0.100000    0.0000000935707319
-.660000  0.100000    0.0000001517706020
-.620000  0.100000    0.0000002212637446
-.580000  0.100000    0.0000003975500074
-.540000  0.100000    0.0000004623691406
-.500000  0.100000    0.0000005200186592
-.460000  0.100000    0.0000005665617538
-.420000  0.100000    0.0000006033583901
-.380000  0.100000    0.0000006276124518
-.340000  0.100000    0.0000006370368361
-.300000  0.100000    0.0000006343131353
-.260000  0.100000    0.0000006175319284
-.220000  0.100000    0.0000005911946262
-.180000  0.100000    0.0000005560557897
-.140000  0.100000    0.0000004068662411
-.100000  0.100000    0.0000003514648128
-.060000  0.100000    0.0000003413838771
-.020000  0.100000    0.0000001550099486
0.020000  0.100000    0.0000000505279139
0.060000  0.100000    0.0000000635275722
0.100000  0.100000   -0.0000001594374469
0.140000  0.100000   -0.0000003199352542
0.180000  0.100000   -0.0000002101113921
0.220000  0.100000   -0.0000004121614476
0.260000  0.100000   -0.0000004139948495
0.300000  0.100000   -0.0000006712459529
0.340000  0.100000   -0.0000007418891848
0.380000  0.100000   -0.0000008883433284
0.420000  0.100000   -0.0000009454955979
0.460000  0.100000   -0.0000010183304373
0.500000  0.100000   -0.0000011225109507
0.540000  0.100000   -0.0000011355614147
0.580000  0.100000   -0.0000011826197107
0.620000  0.100000   -0.0000013339503292
0.660000  0.100000   -0.0000013146384136
0.700000  0.100000   -0.0000012629606281
0.740000  0.100000   -0.0000012827753258
0.780000  0.100000   -0.0000011492209034
0.820000  0.100000   -0.0000010497460963
0.860000  0.100000   -0.0000008676760912
0.900000  0.100000   -0.0000005921671463
0.940000  0.100000   -0.0000003095748051
0.980000  0.100000    0.0000000546725209
-.900000  0.140000   -0.0000000176166992
-.860000  0.140000   -0.0000001070760453
-.820000  0.140000   -0.0000001337711439
-.780000  0.140000   -0.0000000622936949
-.740000  0.140000   -0.0000000496665090
-.700000  0.140000    0.0000001490716697
-.660000  0.140000    0.0000002296431005
-.620000  0.140000    0.0000003231571078
-.580000  0.140000    0.0000004223281820
-.540000  0.140000    0.0000006608766322
-.500000  0.140000    0.0000007417344560
-.460000  0.140000    0.0000008083360757
-.420000  0.140000    0.0000008604640517
-.380000  0.140000    0.0000008953304964
-.340000  0.140000    0.0000009104442423
-.300000  0.140000    0.0000009100340798
-.260000  0.140000    0.0000007931956519
-.220000  0.140000    0.0000007550349830
-.180000  0.140000    0.0000007077081067
-.140000  0.140000    0.0000006621498682
-.100000  0.140000    0.0000004396110571
-.060000  0.140000    0.0000004328572505
-.020000  0.140000    0.0000002279110083
0.020000  0.140000    0.0000000848427168
0.060000  0.140000    0.0000000345906495
0.100000  0.140000   -0.0000002843580185
0.140000  0.140000   -0.0000002237663645
0.180000  0.140000   -0.0000004547245018
0.220000  0.140000   -0.0000006918029950
0.260000  0.140000   -0.0000008634575409
0.300000  0.140000   -0.0000007379098240
0.340000  0.140000   -0.0000009211859334
0.380000  0.140000   -0.0000010722649011
0.420000  0.140000   -0.0000012328824326
0.460000  0.140000   -0.0000013654483882
0.500000  0.140000   -0.0000014349529320
0.540000  0.140000   -0.0000015252172735
0.580000  0.140000   -0.0000017915724645
0.620000  0.140000   -0.0000017979843461
0.660000  0.140000   -0.0000017675617398
0.700000  0.140000   -0.0000016935435170
0.740000  0.140000   -0.0000017238555142
0.780000  0.140000   -0.0000015309924459
0.820000  0.140000   -0.0000013876103435
0.860000  0.140000   -0.0000011291840797
0.900000  0.140000   -0.0000008128929680
0.940000  0.140000   -0.0000003213418385
0.980000  0.140000    0.0000001761158325
-.860000  0.180000   -0.0000001657208348
-.820000  0.180000   -0.0000002471144908
-.780000  0.180000   -0.0000001954042954
-.740000  0.180000   -0.0000000285155083
-.700000  0.180000    0.0000000316150020
-.660000  0.180000    0.0000003247279978
-.620000  0.180000    0.0000004415352506
-.580000  0.180000    0.0000005652672215
-.540000  0.180000    0.0000006885612839
-.500000  0.180000    0.0000008021867064
-.460000  0.180000    0.0000008992229711
-.420000  0.180000    0.0000009776403789
-.380000  0.180000    0.0000010322841323
-.340000  0.180000    0.0000010626053331
-.300000  0.180000    0.0000010722818213
-.260000  0.180000    0.0000010592579357
-.220000  0.180000    0.0000010320867412
-.180000  0.180000    0.0000008321793302
-.140000  0.180000    0.0000007809934109
-.100000  0.180000    0.0000007586479447
-.060000  0.180000    0.0000005234030228
-.020000  0.180000    0.0000002967222236
0.020000  0.180000    0.0000001183702019
0.060000  0.180000    0.0000000129673994
0.100000  0.180000   -0.0000000185068823
0.140000  0.180000   -0.0000003905618681
0.180000  0.180000   -0.0000007068596116
0.220000  0.180000   -0.0000006293426370
0.260000  0.180000   -0.0000009120913061
0.300000  0.180000   -0.0000011589259248
0.340000  0.180000   -0.0000013863931927
0.380000  0.180000   -0.0000015824879857
0.420000  0.180000   -0.0000017519819680
0.460000  0.180000   -0.0000019015629608
0.500000  0.180000   -0.0000020390564208
0.540000  0.180000   -0.0000021291427262
0.580000  0.180000   -0.0000021761132827
0.620000  0.180000   -0.0000021869179036
0.660000  0.180000   -0.0000021451859291
0.700000  0.180000   -0.0000022615662061
0.740000  0.180000   -0.0000020906175592
0.780000  0.180000   -0.0000020021368673
0.820000  0.180000   -0.0000017771308367
0.860000  0.180000   -0.0000014123248511
0.900000  0.180000   -0.0000008798919249
0.940000  0.180000   -0.0000003119232046
0.980000  0.180000    0.0000003139878351
-.860000  0.220000   -0.0000001343100956
-.820000  0.220000   -0.0000002325332974
-.780000  0.220000   -0.0000001770225222
-.740000  0.220000   -0.0000001895580030
-.700000  0.220000    0.0000000884139707
-.660000  0.220000    0.0000001989150911
-.620000  0.220000    0.0000005818986713
-.580000  0.220000    0.0000007321872418
-.540000  0.220000    0.0000008800350069
-.500000  0.220000    0.0000010156760381
-.460000  0.220000    0.0000011333112876
-.420000  0.220000    0.0000012310058753
-.380000  0.220000    0.0000013021260416
-.340000  0.220000    0.0000013455683034
-.300000  0.220000    0.0000013649669050
-.260000  0.220000    0.0000011884633498
-.220000  0.220000    0.0000011663229093
-.180000  0.220000    0.0000011353428627
-.140000  0.220000    0.0000008874560192
-.100000  0.220000    0.0000008689272520
-.060000  0.220000    0.0000006101286708
-.020000  0.220000    0.0000003594986486
0.020000  0.220000    0.0000001469447088
0.060000  0.220000   -0.0000000055549881
0.100000  0.220000   -0.0000000887039510
0.140000  0.220000   -0.0000005429954668
0.180000  0.220000   -0.0000005287329400
0.220000  0.220000   -0.0000009125668695
0.260000  0.220000   -0.0000012531292585
0.300000  0.220000   -0.0000011445952821
0.340000  0.220000   -0.0000014420674731
0.380000  0.220000   -0.0000017082991691
0.420000  0.220000   -0.0000019422384863
0.460000  0.220000   -0.0000021391656645
0.500000  0.220000   -0.0000022895560813
0.540000  0.220000   -0.0000024013242060
0.580000  0.220000   -0.0000024688502468
0.620000  0.220000   -0.0000024770620560
0.660000  0.220000   -0.0000027130466269
0.700000  0.220000   -0.0000025778371522
0.740000  0.220000   -0.0000025747295264
0.780000  0.220000   -0.0000022466011561
0.820000  0.220000   -0.0000019644414859
0.860000  0.220000   -0.0000014982320400
0.900000  0.220000   -0.0000009383420896
0.940000  0.220000   -0.0000001864684302
-.860000  0.260000   -0.0000001400699188
-.820000  0.260000   -0.0000003229782276
-.780000  0.260000   -0.0000003231687919
-.740000  0.260000   -0.0000001432625594
-.700000  0.260000   -0.0000000896963956
-.660000  0.260000    0.0000003015798031
-.620000  0.260000    0.0000004594211392
-.580000  0.260000    0.0000006360739849
-.540000  0.260000    0.0000008176335023
-.500000  0.260000    0.0000009902777132
-.460000  0.260000    0.0000011432330168
-.420000  0.260000    0.0000012733022387
-.380000  0.260000    0.0000013732658183
-.340000  0.260000    0.0000014427702267
-.300000  0.260000    0.0000014826145412
-.260000  0.260000    0.0000014958012706
-.220000  0.260000    0.0000012717646847
-.180000  0.260000    0.0000012522388205
-.140000  0.260000    0.0000009766378257
-.100000  0.260000    0.0000009692467469
-.060000  0.260000    0.0000006886148417
-.020000  0.260000    0.0000004135245675
0.020000  0.260000    0.0000001707820491
0.060000  0.260000   -0.0000000212137521
0.100000  0.260000   -0.0000001534110865
0.140000  0.260000   -0.0000006786408151
0.180000  0.260000   -0.0000007192135072
0.220000  0.260000   -0.0000011721428212
0.260000  0.260000   -0.0000011206160490
0.300000  0.260000   -0.0000015122654276
0.340000  0.260000   -0.0000018608555520
0.380000  0.260000   -0.0000021689622529
0.420000  0.260000   -0.0000024350290640
0.460000  0.260000   -0.0000026589052723
0.500000  0.260000   -0.0000028356474003
0.540000  0.260000   -0.0000029615157627
0.580000  0.260000   -0.0000030252632416
0.620000  0.260000   -0.0000030224665452
0.660000  0.260000   -0.0000029415511784
0.700000  0.260000   -0.0000030537912262
0.740000  0.260000   -0.0000027731388048
0.780000  0.260000   -0.0000025800320475
0.820000  0.260000   -0.0000021938705437
0.860000  0.260000   -0.0000015962324775
0.900000  0.260000   -0.0000008740243924
0.940000  0.260000   -0.0000000464275809
-.860000  0.300000   -0.0000000952402972
-.820000  0.300000   -0.0000002370838242
-.780000  0.300000   -0.0000002480230958
-.740000  0.300000   -0.0000003207059349
-.700000  0.300000   -0.0000000020749992
-.660000  0.300000    0.0000001165286184
-.620000  0.300000    0.0000006168434028
-.580000  0.300000    0.0000008166054429
-.540000  0.300000    0.0000010204199705
-.500000  0.300000    0.0000012165665232
-.460000  0.300000    0.0000013939290004
-.420000  0.300000    0.0000015468045366
-.380000  0.300000    0.0000016674511799
-.340000  0.300000    0.0000014915763211
-.300000  0.300000    0.0000015565505001
-.260000  0.300000    0.0000015958621789
-.220000  0.300000    0.0000016102733957
-.180000  0.300000    0.0000013457437095
-.140000  0.300000    0.0000013471971192
-.100000  0.300000    0.0000010573226866
-.060000  0.300000    0.0000007559725592
-.020000  0.300000    0.0000004602703177
0.020000  0.300000    0.0000001911817582
0.060000  0.300000   -0.0000000349677048
0.100000  0.300000   -0.0000002088846174
0.140000  0.300000   -0.0000003205615600
0.180000  0.300000   -0.0000008891364041
0.220000  0.300000   -0.0000009046346258
0.260000  0.300000   -0.0000014021895782
0.300000  0.300000   -0.0000018515754860
0.340000  0.300000   -0.0000022470219402
0.380000  0.300000   -0.0000021145330922
0.420000  0.300000   -0.0000024391088883
0.460000  0.300000   -0.0000027090482738
0.500000  0.300000   -0.0000029194089148
0.540000  0.300000   -0.0000030645317047
0.580000  0.300000   -0.0000031378301038
0.620000  0.300000   -0.0000031298659055
0.660000  0.300000   -0.0000033905073936
0.700000  0.300000   -0.0000031683011824
0.740000  0.300000   -0.0000030949263161
0.780000  0.300000   -0.0000025893095318
0.820000  0.300000   -0.0000021189913204
0.860000  0.300000   -0.0000015587294972
0.900000  0.300000   -0.0000006410812599
0.940000  0.300000    0.0000003557617929
-.820000  0.340000   -0.0000002474148711
-.780000  0.340000   -0.0000003471977133
-.740000  0.340000   -0.0000002121344577
-.700000  0.340000   -0.0000001996166167
-.660000  0.340000    0.0000002575973682
-.620000  0.340000    0.0000004404412538
-.580000  0.340000    0.0000006557826746
-.540000  0.340000    0.0000008876536703
-.500000  0.340000    0.0000011172904525
-.460000  0.340000    0.0000013323976864
-.420000  0.340000    0.0000015238007243
-.380000  0.340000    0.0000016812908589
-.340000  0.340000    0.0000018070880379
-.300000  0.340000    0.0000015898450397
-.260000  0.340000    0.0000016575784256
-.220000  0.340000    0.0000017023356337
-.180000  0.340000    0.0000014162783745
-.140000  0.340000    0.0000014412191535
-.100000  0.340000    0.0000011328838520
-.060000  0.340000    0.0000008140622098
-.020000  0.340000    0.0000004991155788
0.020000  0.340000    0.0000002068912110
0.060000  0.340000   -0.0000000469085251
0.100000  0.340000   -0.0000002551347943
0.140000  0.340000   -0.0000004059273098
0.180000  0.340000   -0.0000010385211046
0.220000  0.340000   -0.0000010951887302
0.260000  0.340000   -0.0000016510484366
0.300000  0.340000   -0.0000021506210241
0.340000  0.340000   -0.0000020732424405
0.380000  0.340000   -0.0000024905686631
0.420000  0.340000   -0.0000028465573187
0.460000  0.340000   -0.0000031385485121
0.500000  0.340000   -0.0000033611402413
0.540000  0.340000   -0.0000035060574830
0.580000  0.340000   -0.0000035671185710
0.620000  0.340000   -0.0000035328531860
0.660000  0.340000   -0.0000033870538551
0.700000  0.340000   -0.0000034617306792
0.740000  0.340000   -0.0000030257294566
0.780000  0.340000   -0.0000026852290790
0.820000  0.340000   -0.0000020752881764
0.860000  0.340000   -0.0000013476222410
0.900000  0.340000   -0.0000003853005752
0.940000  0.340000    0.0000007372904504
-.820000  0.380000   -0.0000001937892222
-.780000  0.380000   -0.0000003984363402
-.740000  0.380000   -0.0000003456080875
-.700000  0.380000   -0.0000003930166484
-.660000  0.380000    0.0000000554348237
-.620000  0.380000    0.0000002290146030
-.580000  0.380000    0.0000004549261229
-.540000  0.380000    0.0000007077751383
-.500000  0.380000    0.0000009682826519
-.460000  0.380000    0.0000012200452400
-.420000  0.380000    0.0000014476576400
-.380000  0.380000    0.0000016472186054
-.340000  0.380000    0.0000018135614405
-.300000  0.380000    0.0000019410365267
-.260000  0.380000    0.0000016853220215
-.220000  0.380000    0.0000017647066511
-.180000  0.380000    0.0000014625348490
-.140000  0.380000    0.0000015193399297
-.100000  0.380000    0.0000011950360901
-.060000  0.380000    0.0000008617828209
-.020000  0.380000    0.0000005327735363
0.020000  0.380000    0.0000002218383922
0.060000  0.380000   -0.0000000553224963
0.100000  0.380000   -0.0000002909436465
0.140000  0.380000   -0.0000004734596780
0.180000  0.380000   -0.0000011628361100
0.220000  0.380000   -0.0000012541833865
0.260000  0.380000   -0.0000018628233802
0.300000  0.380000   -0.0000018426412212
0.340000  0.380000   -0.0000023597043396
0.380000  0.380000   -0.0000028119739680
0.420000  0.380000   -0.0000031930069378
0.460000  0.380000   -0.0000034999005647
0.500000  0.380000   -0.0000037253624464
0.540000  0.380000   -0.0000038641575409
0.580000  0.380000   -0.0000039044500915
0.620000  0.380000   -0.0000038323316127
0.660000  0.380000   -0.0000036313798142
0.700000  0.380000   -0.0000036282083567
0.740000  0.380000   -0.0000030913416946
0.780000  0.380000   -0.0000026231359433
0.820000  0.380000   -0.0000018475558550
0.860000  0.380000   -0.0000009133362439
0.900000  0.380000    0.0000001537685376
-.820000  0.420000   -0.0000001185229417
-.780000  0.420000   -0.0000003759360563
-.740000  0.420000   -0.0000004317572485
-.700000  0.420000   -0.0000002011277409
-.660000  0.420000   -0.0000001467512180
-.620000  0.420000    0.0000000022927751
-.580000  0.420000    0.0000006861242995
-.540000  0.420000    0.0000009583681215
-.500000  0.420000    0.0000012409326643
-.460000  0.420000    0.0000015183417187
-.420000  0.420000    0.0000017735498584
-.380000  0.420000    0.0000015675547179
-.340000  0.420000    0.0000017763476189
-.300000  0.420000    0.0000019504146378
-.260000  0.420000    0.0000016798650365
-.220000  0.420000    0.0000018012348668
-.180000  0.420000    0.0000014862290377
-.140000  0.420000    0.0000015798906676
-.100000  0.420000    0.0000012459009370
-.060000  0.420000    0.0000009020327385
-.020000  0.420000    0.0000005611031175
0.020000  0.420000    0.0000002387281324
0.060000  0.420000   -0.0000000572172123
0.100000  0.420000   -0.0000003133072557
0.140000  0.420000   -0.0000005197793609
0.180000  0.420000   -0.0000012603786054
0.220000  0.420000   -0.0000013771986857
0.260000  0.420000   -0.0000020318133633
0.300000  0.420000   -0.0000020354923891
0.340000  0.420000   -0.0000025888876080
0.380000  0.420000   -0.0000030666802893
0.420000  0.420000   -0.0000028856904071
0.460000  0.420000   -0.0000032294727482
0.500000  0.420000   -0.0000034787188988
0.540000  0.420000   -0.0000036243917394
0.580000  0.420000   -0.0000036542319781
0.620000  0.420000   -0.0000040087328803
0.660000  0.420000   -0.0000037384501124
0.700000  0.420000   -0.0000032924119473
0.740000  0.420000   -0.0000029854765497
0.780000  0.420000   -0.0000023638064726
0.820000  0.420000   -0.0000016383609568
0.860000  0.420000   -0.0000004368144586
0.900000  0.420000    0.0000008168780024
-.780000  0.460000   -0.0000002644926244
-.740000  0.460000   -0.0000004427286248
-.700000  0.460000   -0.0000006731755932
-.660000  0.460000   -0.0000003253118351
-.620000  0.460000   -0.0000002182513837
-.580000  0.460000    0.0000004797835985
-.540000  0.460000    0.0000007587543994
-.500000  0.460000    0.0000010631423361
-.460000  0.460000    0.0000013726517113
-.420000  0.460000    0.0000016681348688
-.380000  0.460000    0.0000014491170692
-.340000  0.460000    0.0000017034584924
-.300000  0.460000    0.0000019244697022
-.260000  0.460000    0.0000016444001671
-.220000  0.460000    0.0000018139214725
-.180000  0.460000    0.0000014910968078
-.140000  0.460000    0.0000016264910890
-.100000  0.460000    0.0000012865399234
-.060000  0.460000    0.0000009368270614
-.020000  0.460000    0.0000005897390159
0.020000  0.460000    0.0000002593932717
0.060000  0.460000   -0.0000000473505015
0.100000  0.460000   -0.0000003171156322
0.140000  0.460000   -0.0000005403905338
0.180000  0.460000   -0.0000013253719000
0.220000  0.460000   -0.0000014584464616
0.260000  0.460000   -0.0000021514061391
0.300000  0.460000   -0.0000021692582018
0.340000  0.460000   -0.0000027500094800
0.380000  0.460000   -0.0000032452239990
0.420000  0.460000   -0.0000030648703929
0.460000  0.460000   -0.0000034079074252
0.500000  0.460000   -0.0000036448905525
0.540000  0.460000   -0.0000037621097632
0.580000  0.460000   -0.0000037470787622
0.620000  0.460000   -0.0000040388242350
0.660000  0.460000   -0.0000036819854423
0.700000  0.460000   -0.0000034830380331
0.740000  0.460000   -0.0000026740751990
0.780000  0.460000   -0.0000018691107743
0.820000  0.460000   -0.0000009162564362
0.860000  0.460000    0.0000001188518479
-.780000  0.500000   -0.0000001473044930
-.740000  0.500000   -0.0000005920832422
-.700000  0.500000   -0.0000006974931608
-.660000  0.500000   -0.0000004500473944
-.620000  0.500000   -0.0000004083717160
-.580000  0.500000    0.0000002774145773
-.540000  0.500000    0.0000005493217312
-.500000  0.500000    0.0000008651782936
-.460000  0.500000    0.0000011998789714
-.420000  0.500000    0.0000015333511676
-.380000  0.500000    0.0000012984706657
-.340000  0.500000    0.0000016013855750
-.300000  0.500000    0.0000018722390291
-.260000  0.500000    0.0000015849866423
-.220000  0.500000    0.0000018065284252
-.180000  0.500000    0.0000014806255828
-.140000  0.500000    0.0000016644377536
-.100000  0.500000    0.0000013226235552
-.060000  0.500000    0.0000009711615886
-.020000  0.500000    0.0000006232815022
0.020000  0.500000    0.0000002901473909
0.060000  0.500000   -0.0000000210421465
0.100000  0.500000   -0.0000002977795290
0.140000  0.500000   -0.0000005296090293
0.180000  0.500000   -0.0000013502102594
0.220000  0.500000   -0.0000014907282633
0.260000  0.500000   -0.0000022148180372
0.300000  0.500000   -0.0000022354054645
0.340000  0.500000   -0.0000028339911791
0.380000  0.500000   -0.0000033383068805
0.420000  0.500000   -0.0000031437766721
0.460000  0.500000   -0.0000034753122427
0.500000  0.500000   -0.0000036854282954
0.540000  0.500000   -0.0000037609559156
0.580000  0.500000   -0.0000036852078870
0.620000  0.500000   -0.0000039021297761
0.660000  0.500000   -0.0000034345111733
0.700000  0.500000   -0.0000031100509521
0.740000  0.500000   -0.0000024443550738
0.780000  0.500000   -0.0000013905722628
0.820000  0.500000   -0.0000000965926600
0.860000  0.500000    0.0000009767955764
-.740000  0.540000   -0.0000003362360164
-.700000  0.540000   -0.0000005993071480
-.660000  0.540000   -0.0000004912969980
-.620000  0.540000   -0.0000005380138065
-.580000  0.540000    0.0000001024748328
-.540000  0.540000    0.0000003516904275
-.500000  0.540000    0.0000006665722521
-.460000  0.540000    0.0000010162835232
-.420000  0.540000    0.0000013786572259
-.380000  0.540000    0.0000011312346317
-.340000  0.540000    0.0000014788209425
-.300000  0.540000    0.0000018003430963
-.260000  0.540000    0.0000015108079739
-.220000  0.540000    0.0000017855157612
-.180000  0.540000    0.0000014611286930
-.140000  0.540000    0.0000016963479476
-.100000  0.540000    0.0000013576096726
-.060000  0.540000    0.0000010101831387
-.020000  0.540000    0.0000006676251004
0.020000  0.540000    0.0000003372844905
0.060000  0.540000    0.0000000289394443
0.100000  0.540000   -0.0000002465831757
0.140000  0.540000   -0.0000004792588492
0.180000  0.540000   -0.0000013267070579
0.220000  0.540000   -0.0000014647217831
0.260000  0.540000   -0.0000022100377351
0.300000  0.540000   -0.0000022218876152
0.340000  0.540000   -0.0000028277387629
0.380000  0.540000   -0.0000033303609314
0.420000  0.540000   -0.0000031067783538
0.460000  0.540000   -0.0000034132448253
0.500000  0.540000   -0.0000035826850838
0.540000  0.540000   -0.0000035984018880
0.580000  0.540000   -0.0000034422633119
0.620000  0.540000   -0.0000035653482635
0.660000  0.540000   -0.0000029611661416
0.700000  0.540000   -0.0000024770650677
0.740000  0.540000   -0.0000016000287551
0.780000  0.540000   -0.0000005748599685
0.820000  0.540000    0.0000005964728334
-.740000  0.580000   -0.0000000612523050
-.700000  0.580000   -0.0000006130616932
-.660000  0.580000   -0.0000007948423031
-.620000  0.580000   -0.0000005691427545
-.580000  0.580000   -0.0000005559938474
-.540000  0.580000    0.0000001930286833
-.500000  0.580000    0.0000004880871570
-.460000  0.580000    0.0000008415932336
-.420000  0.580000    0.0000012231949898
-.380000  0.580000    0.0000009624443492
-.340000  0.580000    0.0000013500782912
-.300000  0.580000    0.0000017192304163
-.260000  0.580000    0.0000014300957612
-.220000  0.580000    0.0000017597800835
-.180000  0.580000    0.0000014416577057
-.140000  0.580000    0.0000011067122282
-.100000  0.580000    0.0000014006013963
-.060000  0.580000    0.0000010631824660
-.020000  0.580000    0.0000007305567919
0.020000  0.580000    0.0000004104812672
0.060000  0.580000    0.0000001118495232
0.100000  0.580000   -0.0000001551546183
0.140000  0.580000   -0.0000010584475937
0.180000  0.580000   -0.0000012438179755
0.220000  0.580000   -0.0000013696443591
0.260000  0.580000   -0.0000021241233565
0.300000  0.580000   -0.0000021157343750
0.340000  0.580000   -0.0000027152172939
0.380000  0.580000   -0.0000032043895275
0.420000  0.580000   -0.0000029352133395
0.460000  0.580000   -0.0000031981455041
0.500000  0.580000   -0.0000033083634272
0.540000  0.580000   -0.0000032455452646
0.580000  0.580000   -0.0000034995758336
0.620000  0.580000   -0.0000029906295457
0.660000  0.580000   -0.0000026425129508
0.700000  0.580000   -0.0000019152182338
0.740000  0.580000   -0.0000007346444017
0.780000  0.580000    0.0000003881260668
-.700000  0.620000   -0.0000003043382137
-.660000  0.620000   -0.0000005196293230
-.620000  0.620000   -0.0000009064032125
-.580000  0.620000   -0.0000005624397770
-.540000  0.620000   -0.0000004887559392
-.500000  0.620000   -0.0000002795643465
-.460000  0.620000    0.0000000287480598
-.420000  0.620000    0.0000004017842693
-.380000  0.620000    0.0000008114028104
-.340000  0.620000    0.0000012328339429
-.300000  0.620000    0.0000016412891479
-.260000  0.620000    0.0000013582295609
-.220000  0.620000    0.0000017387292168
-.180000  0.620000    0.0000014330175578
-.140000  0.620000    0.0000011111440275
-.100000  0.620000    0.0000007800165701
-.060000  0.620000    0.0000011389470012
-.020000  0.620000    0.0000008222990391
0.020000  0.620000    0.0000005190988888
0.060000  0.620000    0.0000002383509680
0.100000  0.620000   -0.0000007127487271
0.140000  0.620000   -0.0000009247531495
0.180000  0.620000   -0.0000010875402225
0.220000  0.620000   -0.0000011907408529
0.260000  0.620000   -0.0000019402836164
0.300000  0.620000   -0.0000018993214131
0.340000  0.620000   -0.0000024761259472
0.380000  0.620000   -0.0000029356669545
0.420000  0.620000   -0.0000032559203406
0.460000  0.620000   -0.0000034241475248
0.500000  0.620000   -0.0000034232030543
0.540000  0.620000   -0.0000032269748595
0.580000  0.620000   -0.0000028076523463
0.620000  0.620000   -0.0000025945289851
0.660000  0.620000   -0.0000015810615368
0.700000  0.620000   -0.0000009948841743
0.740000  0.620000    0.0000002391422173
0.780000  0.620000    0.0000012974991881
-.660000  0.660000   -0.0000005024434031
-.620000  0.660000   -0.0000005833668804
-.580000  0.660000   -0.0000009102192833
-.540000  0.660000   -0.0000004566310579
-.500000  0.660000   -0.0000003223340724
-.460000  0.660000   -0.0000000605675821
-.420000  0.660000    0.0000002927691934
-.380000  0.660000    0.0000007040562921
-.340000  0.660000    0.0000011438208174
-.300000  0.660000    0.0000008589481275
-.260000  0.660000    0.0000013102280567
-.220000  0.660000    0.0000010154300338
-.180000  0.660000    0.0000014485421440
-.140000  0.660000    0.0000011455972450
-.100000  0.660000    0.0000008344604201
-.060000  0.660000    0.0000005269181176
-.020000  0.660000    0.0000002280163303
0.020000  0.660000   -0.0000000536699880
0.060000  0.660000   -0.0000003091208478
0.100000  0.660000   -0.0000005312823642
0.140000  0.660000   -0.0000007122687228
0.180000  0.660000   -0.0000008425478915
0.220000  0.660000   -0.0000016441228810
0.260000  0.660000   -0.0000016403917649
0.300000  0.660000   -0.0000022711085148
0.340000  0.660000   -0.0000020909131937
0.380000  0.660000   -0.0000024994902118
0.420000  0.660000   -0.0000027553639240
0.460000  0.660000   -0.0000028405600087
0.500000  0.660000   -0.0000027325624260
0.540000  0.660000   -0.0000024007826271
0.580000  0.660000   -0.0000023218762487
0.620000  0.660000   -0.0000013998351516
0.660000  0.660000   -0.0000009980381353
0.700000  0.660000    0.0000000163035147
0.740000  0.660000    0.0000015351111178
-.620000  0.700000   -0.0000005864519085
-.580000  0.700000   -0.0000009336541374
-.540000  0.700000   -0.0000007864004993
-.500000  0.700000   -0.0000008403183787
-.460000  0.700000   -0.0000007152156913
-.420000  0.700000    0.0000002667277156
-.380000  0.700000   -0.0000000826649735
-.340000  0.700000    0.0000003524409561
-.300000  0.700000    0.0000008245784942
-.260000  0.700000    0.0000005286816083
-.220000  0.700000    0.0000010260580711
-.180000  0.700000    0.0000007355531926
-.140000  0.700000    0.0000012251275917
-.100000  0.700000    0.0000009405278168
-.060000  0.700000    0.0000006606745375
-.020000  0.700000    0.0000003928494403
0.020000  0.700000    0.0000001440658354
0.060000  0.700000   -0.0000000769044731
0.100000  0.700000   -0.0000002622741389
0.140000  0.700000   -0.0000004032790316
0.180000  0.700000   -0.0000012443965234
0.220000  0.700000   -0.0000012604515423
0.260000  0.700000   -0.0000019377986190
0.300000  0.700000   -0.0000017852637496
0.340000  0.700000   -0.0000022409391132
0.380000  0.700000   -0.0000025443230442
0.420000  0.700000   -0.0000020334939220
0.460000  0.700000   -0.0000026178885637
0.500000  0.700000   -0.0000023409166836
0.540000  0.700000   -0.0000018074265261
0.580000  0.700000   -0.0000014836305534
0.620000  0.700000   -0.0000007317671537
0.660000  0.700000    0.0000001144303236
0.700000  0.700000    0.0000012937870299
-.580000  0.740000   -0.0000005225567617
-.540000  0.740000   -0.0000007629956812
-.500000  0.740000   -0.0000010689937670
-.460000  0.740000   -0.0000005092046946
-.420000  0.740000   -0.0000003257703688
-.380000  0.740000   -0.0000000103562454
-.340000  0.740000    0.0000003988802248
-.300000  0.740000    0.0000000789644787
-.260000  0.740000    0.0000005828503232
-.220000  0.740000    0.0000002920475004
-.180000  0.740000    0.0000008345731114
-.140000  0.740000    0.0000005675207165
-.100000  0.740000    0.0000003051024039
-.060000  0.740000    0.0000008703376350
-.020000  0.740000    0.0000006404819294
0.020000  0.740000    0.0000004328795249
0.060000  0.740000    0.0000002551839907
0.100000  0.740000   -0.0000006730505797
0.140000  0.740000   -0.0000007515168443
0.180000  0.740000   -0.0000007721693975
0.220000  0.740000   -0.0000014876562381
0.260000  0.740000   -0.0000013458201787
0.300000  0.740000   -0.0000018419753087
0.340000  0.740000   -0.0000014828724703
0.380000  0.740000   -0.0000016889086032
0.420000  0.740000   -0.0000017026037986
0.460000  0.740000   -0.0000014949978725
0.500000  0.740000   -0.0000016151278606
0.540000  0.740000   -0.0000008231353742
0.580000  0.740000   -0.0000001700193718
0.620000  0.740000    0.0000005636259192
0.660000  0.740000    0.0000016989867968
-.540000  0.780000   -0.0000005570373794
-.500000  0.780000   -0.0000008638925136
-.460000  0.780000   -0.0000006549598510
-.420000  0.780000   -0.0000006647782663
-.380000  0.780000   -0.0000004904366013
-.340000  0.780000   -0.0000001711532849
-.300000  0.780000    0.0000002516605651
-.260000  0.780000   -0.0000000644374650
-.220000  0.780000    0.0000004716705329
-.180000  0.780000    0.0000002045815448
-.140000  0.780000    0.0000007958286537
-.100000  0.780000    0.0000005699304324
-.060000  0.780000    0.0000003599270182
-.020000  0.780000    0.0000001736903778
0.020000  0.780000    0.0000000190444553
0.060000  0.780000   -0.0000000972278616
0.100000  0.780000   -0.0000001675894566
0.140000  0.780000   -0.0000001831137158
0.180000  0.780000   -0.0000009195859467
0.220000  0.780000   -0.0000007764843188
0.260000  0.780000   -0.0000013008506634
0.300000  0.780000   -0.0000009447546507
0.340000  0.780000   -0.0000011794640597
0.380000  0.780000   -0.0000012218406793
0.420000  0.780000   -0.0000010457912800
0.460000  0.780000   -0.0000006111987649
0.500000  0.780000   -0.0000004578718013
0.540000  0.780000    0.0000001474657762
0.580000  0.780000    0.0000008630581785
0.620000  0.780000    0.0000015434602457
-.500000  0.820000   -0.0000003872810459
-.460000  0.820000   -0.0000007612582961
-.420000  0.820000   -0.0000011541409823
-.380000  0.820000   -0.0000006417112083
-.340000  0.820000   -0.0000004783173944
-.300000  0.820000   -0.0000001610804376
-.260000  0.820000   -0.0000005204901247
-.220000  0.820000   -0.0000000171333298
-.180000  0.820000   -0.0000002891074278
-.140000  0.820000    0.0000003271772136
-.100000  0.820000    0.0000001270900658
-.060000  0.820000   -0.0000000447359182
-.020000  0.820000   -0.0000001795735177
0.020000  0.820000   -0.0000002716786938
0.060000  0.820000   -0.0000003154731247
0.100000  0.820000   -0.0000003022865400
0.140000  0.820000   -0.0000002242813141
0.180000  0.820000   -0.0000008698387669
0.220000  0.820000   -0.0000006078353919
0.260000  0.820000   -0.0000010025405182
0.300000  0.820000   -0.0000004945695043
0.340000  0.820000   -0.0000005525966336
0.380000  0.820000   -0.0000003876288090
0.420000  0.820000   -0.0000006090470672
0.460000  0.820000    0.0000001727582822
0.500000  0.820000    0.0000007982434740
0.540000  0.820000    0.0000010912967054
-.460000  0.860000   -0.0000001812236806
-.420000  0.860000   -0.0000007527352138
-.380000  0.860000   -0.0000008134513070
-.340000  0.860000   -0.0000009793732328
-.300000  0.860000   -0.0000009090083394
-.260000  0.860000   -0.0000006460101977
-.220000  0.860000   -0.0000002350847836
-.180000  0.860000   -0.0000005227215771
-.140000  0.860000    0.0000000721741837
-.100000  0.860000   -0.0000001055247731
-.060000  0.860000   -0.0000002392416332
-.020000  0.860000   -0.0000003211036940
0.020000  0.860000   -0.0000003467496303
0.060000  0.860000   -0.0000003098383301
0.100000  0.860000   -0.0000002025589055
0.140000  0.860000   -0.0000000167569600
0.180000  0.860000   -0.0000005345154322
0.220000  0.860000   -0.0000001304526462
0.260000  0.860000   -0.0000003540877826
0.300000  0.860000   -0.0000003810673030
0.340000  0.860000   -0.0000001753318133
0.380000  0.860000    0.0000003094185007
0.420000  0.860000    0.0000005157967838
0.460000  0.860000    0.0000007168839580
0.500000  0.860000    0.0000014363075686
-.380000  0.900000   -0.0000004295981072
-.340000  0.900000   -0.0000009760094949
-.300000  0.900000   -0.0000008666596410
-.260000  0.900000   -0.0000009099416895
-.220000  0.900000   -0.0000007206723009
-.180000  0.900000   -0.0000003491133379
-.140000  0.900000   -0.0000006042798513
-.100000  0.900000    0.0000000035648198
-.060000  0.900000   -0.0000000940944190
-.020000  0.900000   -0.0000001246969716
0.020000  0.900000   -0.0000000824507712
0.060000  0.900000    0.0000000396604569
0.100000  0.900000    0.0000002496423327
0.140000  0.900000   -0.0000002256368029
0.180000  0.900000    0.0000002180999989
0.220000  0.900000    0.0000000481439963
0.260000  0.900000    0.0000000853598824
0.300000  0.900000    0.0000003768814466
0.340000  0.900000    0.0000003259800639
0.380000  0.900000    0.0000008261288983
0.420000  0.900000    0.0000013646961208
-.300000  0.940000   -0.0000002711991239
-.260000  0.940000   -0.0000008745341354
-.220000  0.940000   -0.0000007699686873
-.180000  0.940000   -0.0000007621415643
-.140000  0.940000   -0.0000005065406516
-.100000  0.940000   -0.0000007434743931
-.060000  0.940000   -0.0000001524507303
-.020000  0.940000   -0.0000001514705975
0.020000  0.940000   -0.0000000453846842
0.060000  0.940000    0.0000001728280927
0.100000  0.940000   -0.0000002204316657
0.140000  0.940000    0.0000002730723914
0.180000  0.940000    0.0000002267920411
0.220000  0.940000    0.0000004286827476
0.260000  0.940000    0.0000003168899894
0.300000  0.940000    0.0000008315824510
0.340000  0.940000    0.0000010056228821
-.180000  0.980000   -0.0000000539888504
-.140000  0.980000   -0.0000004870612737
-.100000  0.980000   -0.0000007143084687
-.060000  0.980000   -0.0000005549282288
-.020000  0.980000   -0.0000000992394247
0.020000  0.980000    0.0000000376895859
0.060000  0.980000   -0.0000001948168810
0.100000  0.980000   -0.0000001828568406
0.140000  0.980000    0.0000001944902171
0.180000  0.980000    0.0000003311429098
